5.0 0.22474786951272291 -0.20537 -0.11418 -0.16418 0.03025 -.05000
6.0 0.24633708657984518 -0.20457 -0.13704 -0.15939 0.00430 -.02235
7.0 0.26625119958804888 -0.20231 -0.15444 -0.15338 -0.01874 .00106
8.0 0.28485310431016619 -0.19849 -0.16865 -0.14592 -0.04027 .02273
9.0 0.30239593556098865 -0.19310 -0.18110 -0.13681 -0.06112 .04429
10.0 0.31906493487798943 -0.19333 -0.18558 -0.12589 -0.08179 .05969
11.0 0.33500078657648524 -0.20498 -0.17700 -0.11360 -0.10202 .06340
12.0 0.35031356184872481 -0.21717 -0.16682 -0.12468 -0.09715 .04214
13.0 0.36509151747647400 -0.22997 -0.15541 -0.14613 -0.08020 .00928
14.0 0.37940689731182314 -0.24333 -0.14318 -0.16797 -0.06116 -.02479
15.0 0.39331989892118169 -0.25695 -0.13087 -0.18970 -0.04059 -.05883
16.0 0.40688146985598445 -0.26980 -0.12058 -0.21048 -0.01983 -.08990
17.0 0.42013533111630319 -0.27822 -0.12133 -0.22719 -0.00390 -.10586
18.0 0.43311947504735931 -0.28317 -0.13340 -0.22882 0.01234 -.09542
19.0 0.44586729660476643 -0.29121 -0.12946 -0.22052 0.04157 -.09106
20.0 0.45840846314364242 -0.29972 -0.11907 -0.20994 0.07516 -.09087
21.0 0.47076959408630886 -0.30806 -0.10643 -0.19878 0.11050 -.09235
22.0 0.48297479998608267 -0.31595 -0.09288 -0.18755 0.14659 -.09467
23.0 0.49504611604806875 -0.32290 -0.07926 -0.17642 0.18247 -.09716
24.0 0.50700385538738835 -0.32739 -0.06701 -0.16548 0.20973 -.09847
25.0 0.51886690055881535 -0.32416 -0.06053 -0.15456 0.19129 -.09403
26.0 0.53065294715660993 -0.31082 -0.06377 -0.14227 0.18175 -.07850
27.0 0.54237870990772830 -0.30070 -0.07305 -0.12635 0.17921 -.05330
28.0 0.55406009924157285 -0.30607 -0.08873 -0.10917 0.18931 -.02044
29.0 0.56571237453403433 -0.31732 -0.10873 -0.09653 0.20903 .01220
30.0 0.57735027890326807 -0.32819 -0.12847 -0.08545 0.21923 .04302
31.0 0.58898815944976501 -0.33849 -0.14708 -0.07463 0.21504 .07245
32.0 0.60064007609376124 -0.34832 -0.16438 -0.06376 0.21105 .10062
33.0 0.61231990160563299 -0.35778 -0.18036 -0.05274 0.20731 .12762
34.0 0.62404141500474464 -0.36691 -0.19502 -0.04155 0.20386 .15347
35.0 0.63581839018712483 -0.37577 -0.20836 -0.03018 0.20070 .17818
36.0 0.64766468140925815 -0.38440 -0.22039 -0.01866 0.19783 .20173
37.0 0.65959430708758449 -0.39284 -0.23112 -0.00703 0.19527 .22409
38.0 0.67162153325915808 -0.40112 -0.24056 0.00464 0.19301 .24520
39.0 0.68376095798003989 -0.40925 -0.24871 0.01622 0.19104 .26493
40.0 0.69602759790885060 -0.41725 -0.25558 0.02754 0.18936 .28312
41.0 0.70843697833015451 -0.42510 -0.26119 0.03831 0.18795 .29950
42.0 0.72100522791448773 -0.43279 -0.26553 0.04807 0.18677 .31360
43.0 0.73374917958905994 -0.44025 -0.26863 0.05615 0.18564 .32478
44.0 0.74668647900714824 -0.44720 -0.27048 0.06164 0.18382 .33212
45.0 0.75983570225832975
46.0 0.77321648466098036 -0.44720 -0.27048 0.06164 0.18382 .33212
47.0 0.78684966272995749 -0.44025 -0.26863 0.05615 0.18564 .32478
48.0 0.80075743172543956 -0.43279 -0.26553 0.04807 0.18677 .31360
49.0 0.81496352157574936 -0.42510 -0.26119 0.03831 0.18795 .29950
50.0 0.82949339444344139 -0.41725 -0.25558 0.02754 0.18936 .28312
51.0 0.84437446779034697 -0.40925 -0.24871 0.01622 0.19104 .26493
52.0 0.85963636751982619 -0.40112 -0.24056 0.00464 0.19301 .24520
53.0 0.87531121666696521 -0.39284 -0.23112 -0.00703 0.19527 .22409
54.0 0.89143396621364279 -0.38440 -0.22039 -0.01866 0.19783 .20173
55.0 0.90804277598219907 -0.37577 -0.20836 -0.03018 0.20070 .17818
56.0 0.92517945528340284 -0.36691 -0.19502 -0.04155 0.20386 .15347
57.0 0.94288997515969897 -0.35778 -0.18036 -0.05274 0.20731 .12762
58.0 0.96122506680355879 -0.34832 -0.16438 -0.06376 0.21105 .10062
59.0 0.98024092421724396 -0.33849 -0.14708 -0.07463 0.21504 .07245
60.0 1.0000000336490449 -0.32819 -0.12847 -0.08545 0.21923 .04302
61.0 1.0205721581109972 -0.31732 -0.10873 -0.09653 0.20903 .01220
62.0 1.0420355127918348 -0.30607 -0.08873 -0.10917 0.18931 -.02044
63.0 1.0644781770328475 -0.30070 -0.07305 -0.12635 0.17921 -.05330
64.0 1.0879998015825072 -0.31082 -0.06377 -0.14227 0.18175 -.07850
65.0 1.1127136872907215 -0.32416 -0.06053 -0.15456 0.19129 -.09403
66.0 1.1387493349689228 -0.32739 -0.06701 -0.16548 0.20973 -.09847
67.0 1.1662555983306084 -0.32290 -0.07926 -0.17642 0.18247 -.09716
68.0 1.1954046164231349 -0.31595 -0.09288 -0.18755 0.14659 -.09467
69.0 1.2263967642726714 -0.30806 -0.10643 -0.19878 0.11050 -.09235
70.0 1.2594669489559134 -0.29972 -0.11907 -0.20994 0.07516 -.09087
71.0 1.2948927059181552 -0.29121 -0.12946 -0.22052 0.04157 -.09106
72.0 1.3330047374615932 -0.28317 -0.13340 -0.22882 0.01234 -.09542
73.0 1.3742008147382716 -0.27822 -0.12133 -0.22719 -0.00390 -.10586
74.0 1.4189643903365978 -0.26980 -0.12058 -0.21048 -0.01983 -.08990
75.0 1.4678899319530556 -0.25695 -0.13087 -0.18970 -0.04059 -.05883
76.0 1.5217180473945009 -0.24333 -0.14318 -0.16797 -0.06116 -.02479
77.0 1.5813852119866876 -0.22997 -0.15541 -0.14613 -0.08020 .00928
78.0 1.6480958607190197 -0.21717 -0.16682 -0.12468 -0.09716 .04214
79.0 1.7234297938777567 -0.20498 -0.17700 -0.11360 -0.10202 .06340
80.0 1.8095073443210954 -0.19333 -0.18558 -0.12589 -0.08179 .05969
81.0 1.9092530122354845 -0.19310 -0.18110 -0.13681 -0.06112 .04429
82.0 2.0268354180156947 -0.19849 -0.16865 -0.14592 -0.04027 .02273
83.0 2.1684423371644423 -0.20231 -0.15444 -0.15338 -0.01874 .00106
84.0 2.3437412473608381 -0.20457 -0.13704 -0.15939 0.00430 -.02235
85.0 2.5688804782633659 -0.20537 -0.11418 -0.16418 0.03025 -.05000
