45.0 0.75983570225832975 0.1768477 0.1783197 -0.0058977
44.0 0.74668647900714824 0.1642486 0.1640102 -0.0151298
43.0 0.73374917958905994 0.1508334 0.1492792 -0.0245867
42.0 0.72100522791448773 0.1368823 0.1343124 -0.034224
41.0 0.70843697833015451 0.1225726 0.1192056 -0.0440154
40.0 0.69602759790885060 0.1080142 0.1040083 -0.0539495
39.0 0.68376095798003989 0.0932751 0.0887449 -0.0640295
38.0 0.67162153325915808 0.0783966 0.0734253 -0.0742799
37.0 0.65959430708758449 0.0634045 0.0580511 -0.0847638
36.0 0.64766468140925815 0.0483173 0.0426204 -0.0956319
35.0 0.63581839018712483 0.0331529 0.0271322 -0.1072663
34.0 0.62404141500474464 0.017937 0.0061209 -0.1207212
33.0 0.61231990160563299 0.0027145 -0.0341039 -0.1387785
32.0 0.60064007609376124 -0.0310884 -0.0748992 -0.1652677
31.0 0.58898815944976501 -0.073361 -0.1162023 -0.1994033
30.0 0.57735027890326807 -0.1165472 -0.1579127 -0.2378974
29.0 0.56571237453403433 -0.1605693 -0.1997921 -0.2793386
28.0 0.55406009924157285 -0.204896 -0.2411512 -0.3240741
27.0 0.54237870990772830 -0.2457771 -0.279406 -0.3743146
26.0 0.53065294715660993 -0.2622812 -0.3042092 -0.4282756
25.0 0.51886690055881535 -0.2444114 -0.3078698 -0.4627125
24.0 0.50700385538738835 -0.2244502 -0.3016163 -0.475734
23.0 0.49504611604806875 -0.2078103 -0.291159 -0.4775538
22.0 0.48297479998608267 -0.1928892 -0.2786444 -0.4736873
21.0 0.47076959408630886 -0.1790258 -0.2651508 -0.4668195
20.0 0.45840846314364242 -0.16615 -0.2512827 -0.4583228
19.0 0.44586729660476643 -0.1543949 -0.2374147 -0.4489436
18.0 0.43311947504735931 -0.1580577 -0.2238085 -0.4391112
17.0 0.42013533111630319 -0.1893984 -0.229315 -0.4290813
16.0 0.40688146985598445 -0.2216952 -0.2620365 -0.419008
15.0 0.39331989892118169 -0.2549534 -0.2959843 -0.4089831
14.0 0.37940689731182314 -0.2891508 -0.3311785 -0.3990654
13.0 0.36509151747647400 -0.3242208 -0.3676255 -0.4351264
12.0 0.35031356184872481 -0.3600439 -0.4053027 -0.473088
11.0 0.33500078657648524 -0.3964681 -0.4441599 -0.5129073
10.0 0.31906493487798943 -0.4333951 -0.4841616 -0.5545983
9.0 0.30239593556098865 -0.4709636 -0.5254067 -0.5981871
8.0 0.28485310431016619 -0.5098045 -0.5683326 -0.6438637
7.0 0.26625119958804888 -0.5512839 -0.6139639 -0.6922442
6.0 0.24633708657984518 -0.5976993 -0.6641641 -0.7446927
