45.0 0.75983570225832975 -0.37765 -0.35997 0.11111 0.11111 .47108
44.0 0.74668647900714824 -0.38445 -0.35279 0.10770 0.11504 .46049
43.0 0.73374917958905994 -0.39578 -0.34033 0.10482 0.11948 .44515
42.0 0.72100522791448773 -0.40756 -0.32666 0.10246 0.12439 .42912
41.0 0.70843697833015451 -0.41926 -0.31231 0.10062 0.12971 .41293
40.0 0.69602759790885060 -0.43075 -0.29739 0.09932 0.13529 .39671
39.0 0.68376095798003989 -0.44201 -0.28192 0.09854 0.14065 .38046
38.0 0.67162153325915808 -0.44495 -0.26589 0.09830 0.14413 .36419
37.0 0.65959430708758449 -0.44290 -0.24927 0.09859 0.14012 .34786
36.0 0.64766468140925815 -0.44056 -0.23206 0.09941 0.12480 .33147
35.0 0.63581839018712483 -0.43794 -0.21422 0.10078 0.10452 .31500
34.0 0.62404141500474464 -0.43503 -0.19575 0.08289 0.10269 .27864
33.0 0.61231990160563299 -0.43184 -0.17664 0.06083 0.10515 .23747
32.0 0.60064007609376124 -0.42838 -0.15691 0.03859 0.10819 .19550
31.0 0.58898815944976501 -0.42466 -0.13661 0.01612 0.11183 .15273
30.0 0.57735027890326807 -0.42073 -0.11589 -0.00674 0.11614 .10915
29.0 0.56571237453403433 -0.41666 -0.09506 -0.03041 0.12132 .06465
28.0 0.55406009924157285 -0.41259 -0.07488 -0.05579 0.12797 .01909
27.0 0.54237870990772830 -0.40858 -0.05747 -0.08467 0.13844 -.02720
26.0 0.53065294715660993 -0.40343 -0.04957 -0.11635 0.15962 -.06678
25.0 0.51886690055881535 -0.39564 -0.05823 -0.14050 0.18484 -.08227
24.0 0.50700385538738835 -0.38742 -0.07882 -0.16033 0.20263 -.08151
23.0 0.49504611604806875 -0.37943 -0.10588 -0.18040 0.21599 -.07452
22.0 0.48297479998608267 -0.37148 -0.13633 -0.20137 0.22768 -.06504
21.0 0.47076959408630886 -0.36334 -0.16861 -0.22314 0.23893 -.05453
20.0 0.45840846314364242 -0.35487 -0.20188 -0.24557 0.25025 -.04369
19.0 0.44586729660476643 -0.34594 -0.23570 -0.26854 0.26187 -.03284
18.0 0.43311947504735931 -0.33649 -0.26983 -0.29202 0.27391 -.02219
17.0 0.42013533111630319 -0.32643 -0.30411 -0.31597 0.28644 -.01186
16.0 0.40688146985598445 -0.33844 -0.31574 -0.34041 0.29948 -.02467
15.0 0.39331989892118169 -0.34791 -0.30441 -0.36533 0.31308 -.06092
14.0 0.37940689731182314 -0.33073 -0.29244 -0.39075 0.32733 -.09831
13.0 0.36509151747647400 -0.31315 -0.27991 -0.41669 0.34238 -.13678
12.0 0.35031356184872481 -0.29530 -0.26698 -0.44315 0.35856 -.17617
11.0 0.33500078657648524 -0.27744 -0.25386 -0.47016 0.37639 -.21630
10.0 0.31906493487798943 -0.25984 -0.24082 -0.49778 0.39661 -.25696
9.0 0.30239593556098865 -0.24271 -0.22801 -0.52618 0.42017 -.29817
8.0 0.28485310431016619 -0.22602 -0.21529 -0.55566 0.44812 -.34037
7.0 0.26625119958804888 -0.20916 -0.20191 -0.58670 0.48140 -.38479
6.0 0.24633708657984518 -0.19062 -0.18619 -0.61994 0.52086 -.43375
