45.0 0.75983570225832975 -5.91767473520
44.0 0.74668647900714824 -5.91648092850
43.0 0.73374917958905994 -5.91288925164
42.0 0.72100522791448773 -5.90686891671
41.0 0.70843697833015451 -5.89836857551
40.0 0.69602759790885060 -5.88731629699
39.0 0.68376095798003989 -5.87361960554
38.0 0.67162153325915808 -5.85716567550
37.0 0.65959430708758449 -5.83782185358
36.0 0.64766468140925815 -5.81543681846
35.0 0.63581839018712483 -5.78984295155
34.0 0.62404141500474464 -5.76086102073
33.0 0.61231990160563299 -5.72830939878
32.0 0.60064007609376124 -5.69202257860
31.0 0.58898815944976501 -5.65189001236
30.0 0.57735027890326807 -5.60794344940
29.0 0.56571237453403433 -5.56057444012
28.0 0.55406009924157285 -5.51115990280
27.0 0.54237870990772830 -5.46420255267
26.0 0.53065294715660993 -5.43362060309
25.0 0.51886690055881535 -5.43457599419
24.0 0.50700385538738835 -5.45581049202
23.0 0.49504611604806875 -5.48306964661
22.0 0.48297479998608267 -5.50922658212
21.0 0.47076959408630886 -5.53067913713
20.0 0.45840846314364242 -5.54519704441
19.0 0.44586729660476643 -5.55105014972
18.0 0.43311947504735931 -5.54663149300
17.0 0.42013533111630319 -5.53026191874
16.0 0.40688146985598445 -5.50005910096
15.0 0.39331989892118169 -5.45382163155
14.0 0.37940689731182314 -5.38890109407
13.0 0.36509151747647400 -5.30203920427
12.0 0.35031356184872481 -5.18914001702
11.0 0.33500078657648524 -5.04492670395
10.0 0.31906493487798943 -4.86239000747
9.0 0.30239593556098865 -4.63185717301
8.0 0.28485310431016619 -4.33937053689
7.0 0.26625119958804888 -3.96378294412
6.0 0.24633708657984518 -3.47127960973
