#HF isntabilities: hessian eigenvalues
#y,rrhf,crhf,ruhf
0.25 0.4082255 0.0000298 -0.5838106
.26 0.3952144 0.0000562 -0.5824123
.27 0.3820122 0.0001012 -0.58078
.28 0.3688704 0.0001748 -0.5788126
.29 0.3561083 0.0002911 -0.5763929
.30 0.3440903 0.0004685 -0.5733862
.31 0.3332118 0.0007299 -0.5696431
.32 0.3238833 0.0011012 -0.5650045
.33 0.3165004 0.0016081 -0.5593135
.34 0.3113925 0.002269 -0.5524338
.35 0.3008647 0.0030825 -0.5442758
.36 0.2680063 0.0040067 -0.5348241
.37 0.2348623 0.0049239 -0.5241627
.38 0.2016046 0.0055782 -0.5124886
.39 0.1684892 0.0054618 -0.5001193
.40 0.1358395 0.0036224 -0.4874913
.41 0.1040414 -0.0015216 -0.4751639
.42 0.1477105 -0.0056276 -0.4237235
.43 0.1251503 -0.0001197 -0.371303
.44 0.1098915 0.010437 -0.3168056
.45 0.106768 0.0265066 -0.2684837
.46 0.1139821 0.0465886 -0.229042
.47 0.1265496 0.0687714 -0.1972246
.48 0.1342743 0.0915579 -0.1710906
.49 0.1252518 0.0906746 -0.1491371
.50 0.1116257 0.0804 -0.1303993
.51 0.0970944 0.0690818 -0.1143565
.52 0.0823521 0.0569782 -0.1008758
.53 0.0676696 0.0443443 -0.0901789
.54 0.053189 0.0313982 -0.0827421
.55 0.0389972 0.018312 -0.0790059
.56 0.0251548 0.005218 -0.0790153
.57 0.0117094 -0.0077827 -0.082348
.58 0.0025434 -0.019315 -0.0897463
.59 0.0218563 -0.0192442 -0.1079409
.60 0.0314822 -0.0191133 -0.1194158
.61 0.0320862 -0.018929 -0.1219712
.62 0.0233084 -0.0187594 -0.1143824
.63 0.0051802 -0.0186945 -0.0957866
.64 0.0092687 -0.0092925 -0.0838741
.65 0.0210628 0.0025989 -0.0763739
.66 0.0326755 0.0142146 -0.070077
.67 0.0440867 0.0255345 -0.0648318
.68 0.0552796 0.0365394 -0.0604562
.69 0.0662419 0.0472124 -0.056773
.70 0.0769615 0.0575355 -0.0536308
.71 0.0874282 0.0674918 -0.0509066
.72 0.0976305 0.0770625 -0.0485024
.73 0.1075566 0.0862296 -0.0463369
.74 0.1171917 0.0949732 -0.0443387
.75 0.1265206 0.1032761 -0.0424363
.76 0.1355222 0.1111205 -0.0405528
.77 0.1441725 0.110684 -0.0385928
.78 0.1296548 0.0979039 -0.0364278
.79 0.1139263 0.0853559 -0.0338726
.80 0.0983923 0.0732478 -0.0306484
.81 0.0836585 0.0619733 -0.0263491
.82 0.0711461 0.0522928 -0.0204873
.83 0.0636141 0.0455198 -0.0129792
.84 0.0639043 0.0429837 -0.0054891
.85 0.0713232 0.044582 -0.017377
.86 0.0823256 0.048963 -0.0263291
.87 0.094219 0.0549508 -0.0314854
.88 0.1058399 0.061903 -0.0331082
.89 0.1168382 0.0695002 -0.0317558
.90 0.1271925 0.0775796 -0.0279953
.91 0.136982 0.0860427 -0.0223332
.92 0.1462978 0.0948141 -0.0152127
.93 0.1552046 0.1038187 -0.007024
.94 0.1637189 0.1129621 0.0018765
.95 0.1718074 0.1221187 0.0111527
.96 0.1794082 0.1311217 0.0204763
.97 0.1864864 0.1397693 0.0295247
.98 0.1930974 0.14787 0.0380056
.99 0.1993784 0.1553126 0.0456994
1.00 0.2054914 0.1621243 0.0525169
1.01 0.2115628 0.1684374 0.0585074
1.02 0.2176706 0.1744164 0.0638172
1.03 0.2238556 0.1802045 0.0686254
1.04 0.2249146 0.1859043 0.0654037
1.05 0.216328 0.1915797 0.058975
1.06 0.2066874 0.1929736 0.0515416
1.07 0.1960864 0.1788918 0.0432166
1.08 0.1846918 0.1646042 0.0341128
1.09 0.172695 0.1502203 0.0243415
1.10 0.1602743 0.1358171 0.0140096
1.11 0.147582 0.1214543 0.0032199
1.12 0.1347338 0.1071714 -0.0079356
1.13 0.1218186 0.0929997 -0.0193742
1.14 0.1089025 0.0789622 -0.0310241
1.15 0.0960343 0.065076 -0.0428244
1.16 0.0832504 0.0513542 -0.0547243
1.17 0.0705777 0.0378064 -0.0666821
1.18 0.0580368 0.0244399 -0.0786643
1.19 0.0456445 0.0112613 -0.090643
1.20 0.0334119 -0.0017265 -0.1025987
1.21 0.02135 -0.0145195 -0.1145156
1.22 -0.0083753 -0.0420055 -0.1161073
1.23 -0.0022285 -0.0395113 -0.1381968
1.24 -0.0137269 -0.0517034 -0.1499523
1.25 0.0432641 -0.0005111 -0.0964513
1.26 0.0552599 0.0112265 -0.0854262
1.27 0.0670345 0.0227016 -0.074931
1.28 0.0785908 0.0339098 -0.0652575
1.29 0.0899291 0.0448417 -0.0570349
1.30 0.101054 0.0554899 -0.0512745
1.31 0.111966 0.0658395 -0.0484614
1.32 0.1226684 0.0758739 -0.0477924
1.33 0.1331631 0.0855699 -0.0482904
1.34 0.1434508 0.0948955 -0.0494149
1.35 0.1535363 0.1038139 -0.0509101
1.36 0.1634186 0.1122718 -0.0526498
1.37 0.1731025 0.1202084 -0.054565
1.38 0.1825882 0.1275466 -0.0566146
1.39 0.1918772 0.1342011 -0.058772
1.40 0.2009694 0.140086 -0.061019
1.41 0.209869 0.1451338 -0.0633418
1.42 0.2185752 0.1493078 -0.0657302
1.43 0.227087 0.1526192 -0.0681761
1.44 0.2354058 0.1551285 -0.0706726
1.45 0.2435294 0.1569293 -0.0732141
1.46 0.2514568 0.1581305 -0.0757958
1.47 0.2591858 0.1588389 -0.0784132
1.48 0.2667134 0.1591495 -0.0810628
1.49 0.274034 0.1591411 -0.0837411
1.50 0.281142 0.1588773 -0.0864452
1.51 0.2880304 0.1584087 -0.0891722
1.52 0.2946902 0.1577747 -0.0919196
1.53 0.3011073 0.1570058 -0.094685
1.54 0.3072715 0.1561271 -0.0974665
1.55 0.3131627 0.1551573 -0.1002618
1.56 0.3187659 0.1541122 -0.1030693
1.57 0.3240589 0.1530041 -0.1058871
1.58 0.329023 0.1518434 -0.1087136
1.59 0.3336365 0.1506382 -0.1115473
1.60 0.3378852 0.1493957 -0.1143867
1.61 0.3417569 0.1481215 -0.1172305
1.62 0.3452503 0.1468206 -0.1200775
1.63 0.3483742 0.1454976 -0.1229264
1.64 0.3511441 0.1441557 -0.1257761
1.65 0.3535847 0.1427982 -0.1286255
1.66 0.3557278 0.1414279 -0.1314737
1.67 0.3576061 0.1400472 -0.1343197
1.68 0.3592526 0.1386581 -0.1371625
1.69 0.3606984 0.1372626 -0.1400013
1.70 0.3619736 0.1358625 -0.1428354
1.71 0.3631024 0.1344592 -0.145664
1.72 0.3641072 0.133054 -0.1484863
1.73 0.3650064 0.1316481 -0.1513016
1.74 0.3658164 0.1302429 -0.1541095
1.75 0.3665502 0.1288391 -0.1569091
1.76 0.3672195 0.1274378 -0.1597
1.77 0.3678328 0.1260397 -0.1624816
1.78 0.3683987 0.1246457 -0.1652534
1.79 0.368924 0.1232564 -0.1680149
1.80 0.3694144 0.1218726 -0.1707657
1.81 0.3698745 0.1204946 -0.1735054
1.82 0.3703088 0.1191232 -0.1762336
1.83 0.3707207 0.1177589 -0.1789499
1.84 0.3711127 0.1164019 -0.1816537
1.85 0.3714883 0.1150527 -0.184345
1.86 0.3718495 0.1137119 -0.1870234
1.87 0.3721983 0.1123796 -0.1896886
1.88 0.3725363 0.1110562 -0.1923403
1.89 0.3728654 0.1097421 -0.1949783
1.90 0.3731868 0.1084374 -0.1976023
1.91 0.3735016 0.1071424 -0.2002121
1.92 0.3738107 0.1058573 -0.2028074
1.93 0.3741155 0.1045823 -0.2053882
1.94 0.3744167 0.1033177 -0.2079543
1.95 0.3747149 0.1020634 -0.2105053
1.96 0.3750111 0.1008199 -0.2130415
1.97 0.3753055 0.099587 -0.2155622
1.98 0.3755987 0.098365 -0.2180676
1.99 0.3758918 0.0971539 -0.2205578
2.00 0.3761841 0.0959538 -0.2230321
2.01 0.3764774 0.094765 -0.2254911
2.02 0.3767708 0.0935872 -0.2279342
2.03 0.3770647 0.0924206 -0.2303613
2.04 0.3773606 0.0912654 -0.2327728
2.05 0.3776574 0.0901214 -0.2351682
2.06 0.377956 0.0889887 -0.2375477
2.07 0.3782565 0.0878674 -0.2399112
2.08 0.3785592 0.0867575 -0.2422586
2.09 0.378864 0.0856589 -0.24459
2.10 0.3791715 0.0845717 -0.2469054
2.11 0.3794812 0.0834958 -0.2492046
2.12 0.3797933 0.0824312 -0.2514875
2.13 0.3801086 0.0813779 -0.2537546
2.14 0.3804267 0.0803359 -0.2560055
2.15 0.3807471 0.0793051 -0.2582401
2.16 0.3810712 0.0782856 -0.260459
2.17 0.3813976 0.0772771 -0.2626615
2.18 0.3817276 0.0762798 -0.2648483
2.19 0.3820604 0.0752935 -0.2670189
2.20 0.3823967 0.0743183 -0.2691737
2.21 0.3827357 0.073354 -0.2713124
2.22 0.3830781 0.0724006 -0.2734353
2.23 0.3834235 0.071458 -0.2755424
2.24 0.3837723 0.0705262 -0.2776337
2.25 0.384124 0.069605 -0.2797091
2.26 0.3844793 0.0686946 -0.2817692
2.27 0.3848374 0.0677946 -0.2838134
2.28 0.385199 0.0669052 -0.2858423
2.29 0.3855632 0.0660261 -0.2878553
2.30 0.3859313 0.0651574 -0.2898534
2.31 0.3863017 0.0642989 -0.2918357
2.32 0.3866759 0.0634507 -0.2938032
2.33 0.3870528 0.0626124 -0.2957552
2.34 0.3874328 0.0617842 -0.2976922
2.35 0.3878157 0.060966 -0.2996141
2.36 0.3882016 0.0601575 -0.301521
2.37 0.3885903 0.0593588 -0.303413
2.38 0.3889817 0.0585697 -0.3052901
2.39 0.3893762 0.0577903 -0.3071527
2.40 0.3897737 0.0570204 -0.3090008
2.41 0.3901737 0.0562598 -0.3108341
2.42 0.3905766 0.0555086 -0.3126531
2.43 0.3909821 0.0547666 -0.3144578
2.44 0.3913904 0.0540338 -0.3162483
2.45 0.3918007 0.05331 -0.3180242
2.46 0.3922139 0.0525951 -0.3197864
2.47 0.3926296 0.0518892 -0.3215345
2.48 0.393048 0.051192 -0.3232689
2.49 0.3934686 0.0505036 -0.3249894
