   85.000000000000000        2.5688804782633659      -0.65255359999999996      -0.72195319999999996      -0.80369510000000000     
   84.000000000000000        2.3437412473608381      -0.59769919999999999      -0.66416399999999998      -0.74469260000000004     
   83.000000000000000        2.1684423371644423      -0.55128379999999999      -0.61396379999999995      -0.69224419999999998     
   82.000000000000000        2.0268354180156947      -0.50980449999999999      -0.56833250000000002      -0.64386370000000004     
   81.000000000000000        1.9092530122354845      -0.47096349999999998      -0.52540659999999995      -0.59818709999999997     
   80.000000000000000        1.8095073443210954      -0.43339509999999998      -0.48416160000000003      -0.55459820000000004     
   79.000000000000000        1.7234297938777567      -0.39646809999999999      -0.44415990000000000      -0.51290729999999995     
   78.000000000000000        1.6480958607190197      -0.36004389999999997      -0.40530270000000002      -0.47308800000000001     
   77.000000000000000        1.5813852119866876      -0.32422079999999998      -0.36762539999999999      -0.43512640000000002     
   76.000000000000000        1.5217180473945009      -0.28915079999999999      -0.33117849999999999      -0.39906540000000001     
   75.000000000000000        1.4678899319530556      -0.25495340000000000      -0.29598429999999998      -0.40898309999999999     
   74.000000000000000        1.4189643903365978      -0.22169510000000001      -0.26203650000000001      -0.41900799999999999     
   73.000000000000000        1.3742008147382716      -0.18939829999999999      -0.22931499999999999      -0.42908130000000000     
   72.000000000000000        1.3330047374615932      -0.15805759999999999      -0.22380849999999999      -0.43911109999999998     
   71.000000000000000        1.2948927059181552      -0.15439490000000000      -0.23741470000000001      -0.44894360000000000     
   70.000000000000000        1.2594669489559134      -0.16614999999999999      -0.25128270000000003      -0.45832270000000003     
   69.000000000000000        1.2263967642726714      -0.17902580000000001      -0.26515080000000002      -0.46681950000000000     
   68.000000000000000        1.1954046164231349      -0.19288920000000001      -0.27864440000000001      -0.47368719999999997     
   67.000000000000000        1.1662555983306084      -0.20781030000000000      -0.29115900000000000      -0.47755379999999997     
   66.000000000000000        1.1387493349689228      -0.22445019999999999      -0.30161620000000000      -0.47573399999999999     
   65.000000000000000        1.1127136872907215      -0.24441140000000000      -0.30786980000000003      -0.46271250000000003     
   64.000000000000000        1.0879998015825072      -0.26228119999999999      -0.30420920000000001      -0.42827559999999998     
   63.000000000000000        1.0644781770328475      -0.24577700000000000      -0.27940599999999999      -0.37431460000000000     
   62.000000000000000        1.0420355127918348      -0.20489599999999999      -0.24115120000000001      -0.32407409999999998     
   61.000000000000000        1.0205721581109972      -0.16056930000000000      -0.19979210000000000      -0.27933859999999999     
   60.000000000000000        1.0000000336490449      -0.11654720000000000      -0.15791269999999999      -0.23789740000000001     
   59.000000000000000       0.98024092421724396      -7.33609999999999957E-002 -0.11620229999999999      -0.19940330000000001     
   58.000000000000000       0.96122506680355879      -3.10883999999999987E-002 -7.48991999999999991E-002 -0.16526769999999999     
   57.000000000000000       0.94288997515969897       2.71449999999999990E-003 -3.41038999999999995E-002 -0.13877850000000000     
   56.000000000000000       0.92517945528340284       1.79370000000000016E-002  6.12090000000000030E-003 -0.12072120000000000     
   55.000000000000000       0.90804277598219907       3.31528999999999990E-002  2.71321999999999987E-002 -0.10726629999999999     
   54.000000000000000       0.89143396621364279       4.83173000000000005E-002  4.26204000000000027E-002 -9.56319000000000058E-002
   53.000000000000000       0.87531121666696521       6.34045000000000025E-002  5.80511000000000013E-002 -8.47638000000000003E-002
   52.000000000000000       0.85963636751982619       7.83965999999999968E-002  7.34252999999999989E-002 -7.42799999999999988E-002
   51.000000000000000       0.84437446779034697       9.32750999999999997E-002  8.87449000000000016E-002 -6.40295000000000031E-002
   50.000000000000000       0.82949339444344139       0.10801420000000000       0.10400830000000000      -5.39494999999999975E-002
   49.000000000000000       0.81496352157574936       0.12257260000000000       0.11920559999999999      -4.40154000000000031E-002
   48.000000000000000       0.80075743172543956       0.13688230000000001       0.13431240000000000      -3.42239999999999975E-002
   47.000000000000000       0.78684966272995749       0.15083340000000001       0.14927920000000000      -2.45866999999999995E-002
   46.000000000000000       0.77321648466098036       0.16424859999999999       0.16401019999999999      -1.51298000000000005E-002
   45.000000000000000       0.75983570225832975       0.17684770000000000       0.17831970000000000      -5.89769999999999964E-003
   45.000000000000000       0.75983570225832975       0.17684770000000000       0.17831970000000000      -5.89769999999999964E-003
   44.000000000000000       0.74668647900714824       0.16424859999999999       0.16401019999999999      -1.51298000000000005E-002
   43.000000000000000       0.73374917958905994       0.15083340000000001       0.14927920000000000      -2.45866999999999995E-002
   42.000000000000000       0.72100522791448773       0.13688230000000001       0.13431240000000000      -3.42239999999999975E-002
   41.000000000000000       0.70843697833015451       0.12257260000000000       0.11920559999999999      -4.40154000000000031E-002
   40.000000000000000       0.69602759790885060       0.10801420000000000       0.10400830000000000      -5.39494999999999975E-002
   39.000000000000000       0.68376095798003989       9.32750999999999997E-002  8.87449000000000016E-002 -6.40295000000000031E-002
   38.000000000000000       0.67162153325915808       7.83965999999999968E-002  7.34252999999999989E-002 -7.42798999999999959E-002
   37.000000000000000       0.65959430708758449       6.34045000000000025E-002  5.80511000000000013E-002 -8.47638000000000003E-002
   36.000000000000000       0.64766468140925815       4.83173000000000005E-002  4.26204000000000027E-002 -9.56319000000000058E-002
   35.000000000000000       0.63581839018712483       3.31528999999999990E-002  2.71321999999999987E-002 -0.10726629999999999     
   34.000000000000000       0.62404141500474464       1.79370000000000016E-002  6.12090000000000030E-003 -0.12072120000000000     
   33.000000000000000       0.61231990160563299       2.71449999999999990E-003 -3.41038999999999995E-002 -0.13877850000000000     
   32.000000000000000       0.60064007609376124      -3.10883999999999987E-002 -7.48991999999999991E-002 -0.16526769999999999     
   31.000000000000000       0.58898815944976501      -7.33609999999999957E-002 -0.11620229999999999      -0.19940330000000001     
   30.000000000000000       0.57735027890326807      -0.11654720000000000      -0.15791269999999999      -0.23789740000000001     
   29.000000000000000       0.56571237453403433      -0.16056930000000000      -0.19979210000000000      -0.27933859999999999     
   28.000000000000000       0.55406009924157285      -0.20489599999999999      -0.24115120000000001      -0.32407409999999998     
   27.000000000000000       0.54237870990772830      -0.24577710000000000      -0.27940599999999999      -0.37431460000000000     
   26.000000000000000       0.53065294715660993      -0.26228119999999999      -0.30420920000000001      -0.42827559999999998     
   25.000000000000000       0.51886690055881535      -0.24441140000000000      -0.30786980000000003      -0.46271250000000003     
   24.000000000000000       0.50700385538738835      -0.22445019999999999      -0.30161630000000000      -0.47573399999999999     
   23.000000000000000       0.49504611604806875      -0.20781030000000000      -0.29115900000000000      -0.47755379999999997     
   22.000000000000000       0.48297479998608267      -0.19288920000000001      -0.27864440000000001      -0.47368729999999998     
   21.000000000000000       0.47076959408630886      -0.17902580000000001      -0.26515080000000002      -0.46681950000000000     
   20.000000000000000       0.45840846314364242      -0.16614999999999999      -0.25128270000000003      -0.45832279999999997     
   19.000000000000000       0.44586729660476643      -0.15439490000000000      -0.23741470000000001      -0.44894360000000000     
   18.000000000000000       0.43311947504735931      -0.15805770000000000      -0.22380849999999999      -0.43911119999999998     
   17.000000000000000       0.42013533111630319      -0.18939839999999999      -0.22931499999999999      -0.42908130000000000     
   16.000000000000000       0.40688146985598445      -0.22169520000000001      -0.26203650000000001      -0.41900799999999999     
   15.000000000000000       0.39331989892118169      -0.25495340000000000      -0.29598429999999998      -0.40898309999999999     
   14.000000000000000       0.37940689731182314      -0.28915079999999999      -0.33117849999999999      -0.39906540000000001     
   13.000000000000000       0.36509151747647400      -0.32422079999999998      -0.36762549999999999      -0.43512640000000002     
   12.000000000000000       0.35031356184872481      -0.36004389999999997      -0.40530270000000002      -0.47308800000000001     
   11.000000000000000       0.33500078657648524      -0.39646809999999999      -0.44415990000000000      -0.51290729999999995     
   10.000000000000000       0.31906493487798943      -0.43339509999999998      -0.48416160000000003      -0.55459829999999999     
   9.0000000000000000       0.30239593556098865      -0.47096359999999998      -0.52540670000000000      -0.59818709999999997     
   8.0000000000000000       0.28485310431016619      -0.50980449999999999      -0.56833259999999997      -0.64386370000000004     
   7.0000000000000000       0.26625119958804888      -0.55128390000000005      -0.61396390000000001      -0.69224419999999998     
   6.0000000000000000       0.24633708657984518      -0.59769930000000004      -0.66416410000000003      -0.74469269999999999     
