   85.000000000000000        2.5688804782633659      -0.16739999999999999      -0.16500999999999999      -0.65603000000000000       0.56718000000000002      -0.49102000000000001     
   84.000000000000000        2.3437412473608381      -0.19062000000000001      -0.18618999999999999      -0.61994000000000005       0.52085999999999999      -0.43375000000000002     
   83.000000000000000        2.1684423371644423      -0.20916000000000001      -0.20191000000000001      -0.58670000000000000       0.48139999999999999      -0.38479000000000002     
   82.000000000000000        2.0268354180156947      -0.22602000000000000      -0.21529000000000001      -0.55566000000000004       0.44812000000000002      -0.34037000000000001     
   81.000000000000000        1.9092530122354845      -0.24271999999999999      -0.22800999999999999      -0.52617999999999998       0.42016999999999999      -0.29816999999999999     
   80.000000000000000        1.8095073443210954      -0.25984000000000002      -0.24082000000000001      -0.49778000000000000       0.39661000000000002      -0.25696000000000002     
   79.000000000000000        1.7234297938777567      -0.27744000000000002      -0.25385999999999997      -0.47016000000000002       0.37639000000000000      -0.21629999999999999     
   78.000000000000000        1.6480958607190197      -0.29530000000000001      -0.26698000000000000      -0.44314999999999999       0.35855999999999999      -0.17616999999999999     
   77.000000000000000        1.5813852119866876      -0.31314999999999998      -0.27990999999999999      -0.41669000000000000       0.34238000000000002      -0.13678000000000001     
   76.000000000000000        1.5217180473945009      -0.33073000000000002      -0.29243999999999998      -0.39074999999999999       0.32733000000000001      -9.83099999999999946E-002
   75.000000000000000        1.4678899319530556      -0.34791000000000000      -0.30441000000000001      -0.36532999999999999       0.31308000000000002      -6.09200000000000019E-002
   74.000000000000000        1.4189643903365978      -0.33844000000000002      -0.31574000000000002      -0.34040999999999999       0.29948000000000002      -2.46700000000000010E-002
   73.000000000000000        1.3742008147382716      -0.32643000000000000      -0.30410999999999999      -0.31596999999999997       0.28643999999999997      -1.18600000000000007E-002
   72.000000000000000        1.3330047374615932      -0.33649000000000001      -0.26983000000000001      -0.29202000000000000       0.27390999999999999      -2.21900000000000014E-002
   71.000000000000000        1.2948927059181552      -0.34594000000000003      -0.23569999999999999      -0.26854000000000000       0.26186999999999999      -3.28400000000000011E-002
   70.000000000000000        1.2594669489559134      -0.35487000000000002      -0.20188000000000000      -0.24557000000000001       0.25024999999999997      -4.36899999999999997E-002
   69.000000000000000        1.2263967642726714      -0.36334000000000000      -0.16861000000000001      -0.22314000000000001       0.23893000000000000      -5.45300000000000021E-002
   68.000000000000000        1.1954046164231349      -0.37147999999999998      -0.13633000000000001      -0.20136999999999999       0.22767999999999999      -6.50400000000000006E-002
   67.000000000000000        1.1662555983306084      -0.37942999999999999      -0.10588000000000000      -0.18040000000000000       0.21598999999999999      -7.45200000000000029E-002
   66.000000000000000        1.1387493349689228      -0.38741999999999999      -7.88200000000000012E-002 -0.16033000000000000       0.20263000000000000      -8.15099999999999991E-002
   65.000000000000000        1.1127136872907215      -0.39563999999999999      -5.82299999999999970E-002 -0.14050000000000001       0.18484000000000000      -8.22699999999999959E-002
   64.000000000000000        1.0879998015825072      -0.40343000000000001      -4.95700000000000029E-002 -0.11635000000000000       0.15962000000000001      -6.67800000000000060E-002
   63.000000000000000        1.0644781770328475      -0.40858000000000000      -5.74700000000000003E-002 -8.46699999999999953E-002  0.13844000000000001      -2.71999999999999985E-002
   62.000000000000000        1.0420355127918348      -0.41259000000000001      -7.48800000000000021E-002 -5.57899999999999993E-002  0.12797000000000000       1.90899999999999993E-002
   61.000000000000000        1.0205721581109972      -0.41665999999999997      -9.50600000000000056E-002 -3.04099999999999995E-002  0.12132000000000000       6.46499999999999991E-002
   60.000000000000000        1.0000000336490449      -0.42072999999999999      -0.11589000000000001      -6.74000000000000033E-003  0.11613999999999999       0.10915000000000000     
   59.000000000000000       0.98024092421724396      -0.42465999999999998      -0.13661000000000001       1.61199999999999989E-002  0.11183000000000000       0.15273000000000000     
   58.000000000000000       0.96122506680355879      -0.42837999999999998      -0.15690999999999999       3.85899999999999993E-002  0.10818999999999999       0.19550000000000001     
   57.000000000000000       0.94288997515969897      -0.43184000000000000      -0.17663999999999999       6.08300000000000021E-002  0.10514999999999999       0.23746999999999999     
   56.000000000000000       0.92517945528340284      -0.43502999999999997      -0.19575000000000001       8.28900000000000053E-002  0.10269000000000000       0.27864000000000000     
   55.000000000000000       0.90804277598219907      -0.43794000000000000      -0.21421999999999999       0.10077999999999999       0.10452000000000000       0.31500000000000000     
   54.000000000000000       0.89143396621364279      -0.44056000000000001      -0.23205999999999999       9.94099999999999984E-002  0.12479999999999999       0.33146999999999999     
   53.000000000000000       0.87531121666696521      -0.44290000000000002      -0.24926999999999999       9.85899999999999971E-002  0.14011999999999999       0.34786000000000000     
   52.000000000000000       0.85963636751982619      -0.44495000000000001      -0.26589000000000002       9.82999999999999985E-002  0.14413000000000001       0.36419000000000001     
   51.000000000000000       0.84437446779034697      -0.44201000000000001      -0.28192000000000000       9.85400000000000026E-002  0.14065000000000000       0.38046000000000002     
   50.000000000000000       0.82949339444344139      -0.43075000000000002      -0.29738999999999999       9.93200000000000055E-002  0.13528999999999999       0.39671000000000001     
   49.000000000000000       0.81496352157574936      -0.41926000000000002      -0.31230999999999998       0.10062000000000000       0.12970999999999999       0.41293000000000002     
   48.000000000000000       0.80075743172543956      -0.40755999999999998      -0.32666000000000001       0.10246000000000000       0.12439000000000000       0.42912000000000000     
   47.000000000000000       0.78684966272995749      -0.39578000000000002      -0.34033000000000002       0.10482000000000000       0.11948000000000000       0.44514999999999999     
   46.000000000000000       0.77321648466098036      -0.38445000000000001      -0.35278999999999999       0.10770000000000000       0.11504000000000000       0.46049000000000001     
   45.000000000000000       0.75983570225832975      -0.37764999999999999      -0.35997000000000001       0.11111000000000000       0.11111000000000000       0.47108000000000000     
   45.000000000000000       0.75983570225832975      -0.37764999999999999      -0.35997000000000001       0.11111000000000000       0.11111000000000000       0.47108000000000000     
   44.000000000000000       0.74668647900714824      -0.38445000000000001      -0.35278999999999999       0.10770000000000000       0.11504000000000000       0.46049000000000001     
   43.000000000000000       0.73374917958905994      -0.39578000000000002      -0.34033000000000002       0.10482000000000000       0.11948000000000000       0.44514999999999999     
   42.000000000000000       0.72100522791448773      -0.40755999999999998      -0.32666000000000001       0.10246000000000000       0.12439000000000000       0.42912000000000000     
   41.000000000000000       0.70843697833015451      -0.41926000000000002      -0.31230999999999998       0.10062000000000000       0.12970999999999999       0.41293000000000002     
   40.000000000000000       0.69602759790885060      -0.43075000000000002      -0.29738999999999999       9.93200000000000055E-002  0.13528999999999999       0.39671000000000001     
   39.000000000000000       0.68376095798003989      -0.44201000000000001      -0.28192000000000000       9.85400000000000026E-002  0.14065000000000000       0.38046000000000002     
   38.000000000000000       0.67162153325915808      -0.44495000000000001      -0.26589000000000002       9.82999999999999985E-002  0.14413000000000001       0.36419000000000001     
   37.000000000000000       0.65959430708758449      -0.44290000000000002      -0.24926999999999999       9.85899999999999971E-002  0.14011999999999999       0.34786000000000000     
   36.000000000000000       0.64766468140925815      -0.44056000000000001      -0.23205999999999999       9.94099999999999984E-002  0.12479999999999999       0.33146999999999999     
   35.000000000000000       0.63581839018712483      -0.43794000000000000      -0.21421999999999999       0.10077999999999999       0.10452000000000000       0.31500000000000000     
   34.000000000000000       0.62404141500474464      -0.43502999999999997      -0.19575000000000001       8.28900000000000053E-002  0.10269000000000000       0.27864000000000000     
   33.000000000000000       0.61231990160563299      -0.43184000000000000      -0.17663999999999999       6.08300000000000021E-002  0.10514999999999999       0.23746999999999999     
   32.000000000000000       0.60064007609376124      -0.42837999999999998      -0.15690999999999999       3.85899999999999993E-002  0.10818999999999999       0.19550000000000001     
   31.000000000000000       0.58898815944976501      -0.42465999999999998      -0.13661000000000001       1.61199999999999989E-002  0.11183000000000000       0.15273000000000000     
   30.000000000000000       0.57735027890326807      -0.42072999999999999      -0.11589000000000001      -6.74000000000000033E-003  0.11613999999999999       0.10915000000000000     
   29.000000000000000       0.56571237453403433      -0.41665999999999997      -9.50600000000000056E-002 -3.04099999999999995E-002  0.12132000000000000       6.46499999999999991E-002
   28.000000000000000       0.55406009924157285      -0.41259000000000001      -7.48800000000000021E-002 -5.57899999999999993E-002  0.12797000000000000       1.90899999999999993E-002
   27.000000000000000       0.54237870990772830      -0.40858000000000000      -5.74700000000000003E-002 -8.46699999999999953E-002  0.13844000000000001      -2.71999999999999985E-002
   26.000000000000000       0.53065294715660993      -0.40343000000000001      -4.95700000000000029E-002 -0.11635000000000000       0.15962000000000001      -6.67800000000000060E-002
   25.000000000000000       0.51886690055881535      -0.39563999999999999      -5.82299999999999970E-002 -0.14050000000000001       0.18484000000000000      -8.22699999999999959E-002
   24.000000000000000       0.50700385538738835      -0.38741999999999999      -7.88200000000000012E-002 -0.16033000000000000       0.20263000000000000      -8.15099999999999991E-002
   23.000000000000000       0.49504611604806875      -0.37942999999999999      -0.10588000000000000      -0.18040000000000000       0.21598999999999999      -7.45200000000000029E-002
   22.000000000000000       0.48297479998608267      -0.37147999999999998      -0.13633000000000001      -0.20136999999999999       0.22767999999999999      -6.50400000000000006E-002
   21.000000000000000       0.47076959408630886      -0.36334000000000000      -0.16861000000000001      -0.22314000000000001       0.23893000000000000      -5.45300000000000021E-002
   20.000000000000000       0.45840846314364242      -0.35487000000000002      -0.20188000000000000      -0.24557000000000001       0.25024999999999997      -4.36899999999999997E-002
   19.000000000000000       0.44586729660476643      -0.34594000000000003      -0.23569999999999999      -0.26854000000000000       0.26186999999999999      -3.28400000000000011E-002
   18.000000000000000       0.43311947504735931      -0.33649000000000001      -0.26983000000000001      -0.29202000000000000       0.27390999999999999      -2.21900000000000014E-002
   17.000000000000000       0.42013533111630319      -0.32643000000000000      -0.30410999999999999      -0.31596999999999997       0.28643999999999997      -1.18600000000000007E-002
   16.000000000000000       0.40688146985598445      -0.33844000000000002      -0.31574000000000002      -0.34040999999999999       0.29948000000000002      -2.46700000000000010E-002
   15.000000000000000       0.39331989892118169      -0.34791000000000000      -0.30441000000000001      -0.36532999999999999       0.31308000000000002      -6.09200000000000019E-002
   14.000000000000000       0.37940689731182314      -0.33073000000000002      -0.29243999999999998      -0.39074999999999999       0.32733000000000001      -9.83099999999999946E-002
   13.000000000000000       0.36509151747647400      -0.31314999999999998      -0.27990999999999999      -0.41669000000000000       0.34238000000000002      -0.13678000000000001     
   12.000000000000000       0.35031356184872481      -0.29530000000000001      -0.26698000000000000      -0.44314999999999999       0.35855999999999999      -0.17616999999999999     
   11.000000000000000       0.33500078657648524      -0.27744000000000002      -0.25385999999999997      -0.47016000000000002       0.37639000000000000      -0.21629999999999999     
   10.000000000000000       0.31906493487798943      -0.25984000000000002      -0.24082000000000001      -0.49778000000000000       0.39661000000000002      -0.25696000000000002     
   9.0000000000000000       0.30239593556098865      -0.24271000000000001      -0.22800999999999999      -0.52617999999999998       0.42016999999999999      -0.29816999999999999     
   8.0000000000000000       0.28485310431016619      -0.22602000000000000      -0.21529000000000001      -0.55566000000000004       0.44812000000000002      -0.34037000000000001     
   7.0000000000000000       0.26625119958804888      -0.20916000000000001      -0.20191000000000001      -0.58670000000000000       0.48139999999999999      -0.38479000000000002     
   6.0000000000000000       0.24633708657984518      -0.19062000000000001      -0.18618999999999999      -0.61994000000000005       0.52085999999999999      -0.43375000000000002     
