   85.000000000000000        2.5688804782633659       -2.8041077015000000     
   84.000000000000000        2.3437412473608381       -3.4712808518500000     
   83.000000000000000        2.1684423371644423       -3.9637838378799999     
   82.000000000000000        2.0268354180156947       -4.3393711986500003     
   81.000000000000000        1.9092530122354845       -4.6318576750800000     
   80.000000000000000        1.8095073443210954       -4.8623903972000004     
   79.000000000000000        1.7234297938777567       -5.0449270134099997     
   78.000000000000000        1.6480958607190197       -5.1891402683900001     
   77.000000000000000        1.5813852119866876       -5.3020394131300002     
   76.000000000000000        1.5217180473945009       -5.3889012714700000     
   75.000000000000000        1.4678899319530556       -5.4538217854399997     
   74.000000000000000        1.4189643903365978       -5.5000592370900003     
   73.000000000000000        1.3742008147382716       -5.5302620413400003     
   72.000000000000000        1.3330047374615932       -5.5466316051500000     
   71.000000000000000        1.2948927059181552       -5.5510502536799997     
   70.000000000000000        1.2594669489559134       -5.5451971418200001     
   69.000000000000000        1.2263967642726714       -5.5306792291100004     
   68.000000000000000        1.1954046164231349       -5.5092266693200003     
   67.000000000000000        1.1662555983306084       -5.4830697291600003     
   66.000000000000000        1.1387493349689228       -5.4558105692499996     
   65.000000000000000        1.1127136872907215       -5.4345760639699998     
   64.000000000000000        1.0879998015825072       -5.4336206617100000     
   63.000000000000000        1.0644781770328475       -5.4642026009500002     
   62.000000000000000        1.0420355127918348       -5.5111599445600001     
   61.000000000000000        1.0205721581109972       -5.5605744769600003     
   60.000000000000000        1.0000000336490449       -5.6079434820999996     
   59.000000000000000       0.98024092421724396       -5.6518900414399997     
   58.000000000000000       0.96122506680355879       -5.6920226044600000     
   57.000000000000000       0.94288997515969897       -5.7283094217599997     
   56.000000000000000       0.92517945528340284       -5.7608610410900001     
   55.000000000000000       0.90804277598219907       -5.7898429695100004     
   54.000000000000000       0.89143396621364279       -5.8154368341999998     
   53.000000000000000       0.87531121666696521       -5.8378218672499997     
   52.000000000000000       0.85963636751982619       -5.8571656872400002     
   51.000000000000000       0.84437446779034697       -5.8736196154300000     
   50.000000000000000       0.82949339444344139       -5.8873163051199997     
   49.000000000000000       0.81496352157574936       -5.8983685819399998     
   48.000000000000000       0.80075743172543956       -5.9068689215000001     
   47.000000000000000       0.78684966272995749       -5.9128892548099996     
   46.000000000000000       0.77321648466098036       -5.9164809300799996     
   45.000000000000000       0.75983570225832975       -5.9176747352000003     
   45.000000000000000       0.75983570225832975       -5.9176747352000003     
   44.000000000000000       0.74668647900714824       -5.9164809285000004     
   43.000000000000000       0.73374917958905994       -5.9128892516400002     
   42.000000000000000       0.72100522791448773       -5.9068689167099997     
   41.000000000000000       0.70843697833015451       -5.8983685755100002     
   40.000000000000000       0.69602759790885060       -5.8873162969899999     
   39.000000000000000       0.68376095798003989       -5.8736196055400001     
   38.000000000000000       0.67162153325915808       -5.8571656755000001     
   37.000000000000000       0.65959430708758449       -5.8378218535800004     
   36.000000000000000       0.64766468140925815       -5.8154368184600003     
   35.000000000000000       0.63581839018712483       -5.7898429515499998     
   34.000000000000000       0.62404141500474464       -5.7608610207300002     
   33.000000000000000       0.61231990160563299       -5.7283093987799996     
   32.000000000000000       0.60064007609376124       -5.6920225785999996     
   31.000000000000000       0.58898815944976501       -5.6518900123600000     
   30.000000000000000       0.57735027890326807       -5.6079434493999996     
   29.000000000000000       0.56571237453403433       -5.5605744401199999     
   28.000000000000000       0.55406009924157285       -5.5111599028000002     
   27.000000000000000       0.54237870990772830       -5.4642025526699998     
   26.000000000000000       0.53065294715660993       -5.4336206030899996     
   25.000000000000000       0.51886690055881535       -5.4345759941900003     
   24.000000000000000       0.50700385538738835       -5.4558104920200003     
   23.000000000000000       0.49504611604806875       -5.4830696466099997     
   22.000000000000000       0.48297479998608267       -5.5092265821200002     
   21.000000000000000       0.47076959408630886       -5.5306791371299999     
   20.000000000000000       0.45840846314364242       -5.5451970444100001     
   19.000000000000000       0.44586729660476643       -5.5510501497200000     
   18.000000000000000       0.43311947504735931       -5.5466314929999996     
   17.000000000000000       0.42013533111630319       -5.5302619187399999     
   16.000000000000000       0.40688146985598445       -5.5000591009599997     
   15.000000000000000       0.39331989892118169       -5.4538216315500003     
   14.000000000000000       0.37940689731182314       -5.3889010940700004     
   13.000000000000000       0.36509151747647400       -5.3020392042699998     
   12.000000000000000       0.35031356184872481       -5.1891400170199997     
   11.000000000000000       0.33500078657648524       -5.0449267039499999     
   10.000000000000000       0.31906493487798943       -4.8623900074700002     
   9.0000000000000000       0.30239593556098865       -4.6318571730100002     
   8.0000000000000000       0.28485310431016619       -4.3393705368899997     
   7.0000000000000000       0.26625119958804888       -3.9637829441200001     
   6.0000000000000000       0.24633708657984518       -3.4712796097299998     
