   84.750000000000000        2.5066432657105051       0.43135000000000001      -7.60000000000000008E-006 -0.58627010000000002     
   84.500000000000000        2.4486760461856742       0.42432550000000002      -1.15000000000000000E-005 -0.58565219999999996     
   84.250000000000000        2.3945089138952178       0.41731980000000002      -1.69999999999999999E-005 -0.58503859999999996     
   84.000000000000000        2.3437412473608381       0.41031630000000002      -2.44999999999999992E-005 -0.58442150000000004     
   83.750000000000000        2.2960291063410230       0.40330739999999998      -3.46000000000000008E-005 -0.58379349999999997     
   83.500000000000000        2.2510753219802888       0.39629370000000003      -4.78999999999999988E-005 -0.58314770000000005     
   83.250000000000000        2.2086216254199424       0.38928150000000000      -6.51999999999999992E-005 -0.58247789999999999     
   83.000000000000000        2.1684423371644423       0.38228060000000003      -8.73999999999999967E-005 -0.58177809999999996     
   82.750000000000000        2.1303392641794385       0.37530310000000000      -1.15400000000000000E-004 -0.58104330000000004     
   82.500000000000000        2.0941375407372735       0.36836110000000000      -1.50499999999999999E-004 -0.58026869999999997     
   82.250000000000000        2.0596822134404817       0.36146669999999997      -1.93999999999999999E-004 -0.57945020000000003     
   82.000000000000000        2.0268354180156947       0.35463099999999997      -2.47299999999999994E-004 -0.57858449999999995     
   81.750000000000000        1.9954740303864316       0.34786360000000000      -3.12099999999999997E-004 -0.57766870000000003     
   81.500000000000000        1.9654877006520655       0.34117310000000001      -3.90300000000000000E-004 -0.57670030000000005     
   81.250000000000000        1.9367771983277440       0.33456649999999999      -4.83699999999999994E-004 -0.57567789999999996     
   81.000000000000000        1.9092530122354845       0.32804960000000000      -5.94600000000000033E-004 -0.57460009999999995     
   80.750000000000000        1.8828341599932619       0.32162700000000000      -7.25500000000000016E-004 -0.57346649999999999     
   80.500000000000000        1.8574471710024862       0.31530200000000003      -8.78800000000000002E-004 -0.57227709999999998     
   80.250000000000000        1.8330252138232914       0.30907689999999999      -1.05719999999999989E-003 -0.57103230000000005     
   80.000000000000000        1.8095073443210954       0.30295299999999997      -1.26390000000000009E-003 -0.56973309999999999     
   79.750000000000000        1.7868378553155890       0.29693059999999999      -1.50169999999999991E-003 -0.56838089999999997     
   79.500000000000000        1.7649657119256603       0.29100930000000003      -1.77410000000000003E-003 -0.56697739999999996     
   79.250000000000000        1.7438440595774944       0.28518779999999999      -2.08440000000000014E-003 -0.56552469999999999     
   79.000000000000000        1.7234297938777567       0.27946399999999999      -2.43619999999999991E-003 -0.56402509999999995     
   78.750000000000000        1.7036831833639368       0.27383540000000001      -2.83309999999999985E-003 -0.56248120000000001     
   78.500000000000000        1.6845675376176648       0.26829880000000000      -3.27899999999999980E-003 -0.56089540000000004     
   78.250000000000000        1.6660489144325314       0.26285019999999998      -3.77750000000000004E-003 -0.55927039999999995     
   78.000000000000000        1.6480958607190197       0.25748539999999998      -4.33259999999999982E-003 -0.55760860000000001     
   77.750000000000000        1.6306791826473761       0.25219960000000002      -4.94819999999999982E-003 -0.55591219999999997     
   77.500000000000000        1.6137717412076256       0.24698750000000000      -5.62800000000000019E-003 -0.55418279999999998     
   77.250000000000000        1.5973482699307082       0.24184320000000001      -6.37580000000000004E-003 -0.55242159999999996     
   77.000000000000000        1.5813852119866876       0.23676050000000001      -7.19529999999999996E-003 -0.55062869999999997     
   76.750000000000000        1.5658605742718710       0.23173250000000001      -8.08999999999999997E-003 -0.54880329999999999     
   76.500000000000000        1.5507537964299845       0.22527369999999999      -9.06320000000000042E-003 -0.54694270000000000     
   76.250000000000000        1.5360456330340897       0.21340210000000001      -1.01179000000000009E-002 -0.54504209999999997     
   76.000000000000000        1.5217180473945009       0.20160629999999999      -1.12571000000000008E-002 -0.54309370000000001     
   75.750000000000000        1.5077541156608558       0.18989909999999999      -1.24832999999999993E-002 -0.54108550000000000     
   75.500000000000000        1.4941379400594756       0.17829809999999999      -1.37987000000000005E-002 -0.53900020000000004     
   75.250000000000000        1.4808545702551064       0.16682710000000001      -1.52054000000000009E-002 -0.53681230000000002     
   75.000000000000000        1.4678899319530556       0.15551789999999999      -1.67052999999999993E-002 -0.53448499999999999     
   74.750000000000000        1.4552307619668963       0.14441309999999999      -1.83002999999999985E-002 -0.53196569999999999     
   74.500000000000000        1.4428645490710084       0.13356930000000000      -1.99930999999999998E-002 -0.52917789999999998     
   74.250000000000000        1.4307794800386300       0.12306120000000000      -2.17872999999999990E-002 -0.52601070000000005     
   74.000000000000000        1.4189643903365978       0.11298550000000000      -2.36896000000000016E-002 -0.52230220000000005     
   73.750000000000000        1.4074087190092159       0.10346160000000000      -2.57117999999999999E-002 -0.51781600000000005     
   73.500000000000000        1.3961024673370386       9.46232000000000045E-002 -2.78756999999999998E-002 -0.51220900000000003     
   73.250000000000000        1.3850361609029067       8.65873000000000059E-002 -3.02196999999999986E-002 -0.50499289999999997     
   73.000000000000000        1.3742008147382716       7.93825999999999976E-002 -3.28096000000000013E-002 -0.49549510000000002     
   72.750000000000000        1.3635879012585173       7.28247000000000061E-002 -3.57514999999999986E-002 -0.48282700000000001     
   72.500000000000000        1.3531893207273342       6.63722000000000062E-002 -3.92054000000000014E-002 -0.46584540000000002     
   72.250000000000000        1.3429973740177321       5.90762999999999983E-002 -4.33979999999999991E-002 -0.44301269999999998     
   72.000000000000000        1.3330047374615932       4.98356999999999967E-002 -4.86207999999999987E-002 -0.41193210000000002     
   71.750000000000000        1.3232044396011293       3.86075999999999989E-002 -5.50608000000000000E-002 -0.36834299999999998     
   71.500000000000000        1.3135898396745678       1.62173999999999999E-002 -6.12759000000000012E-002 -0.30871009999999999     
   71.250000000000000        1.3041546076852373      -6.42039999999999972E-003 -6.22042000000000012E-002 -0.25151790000000002     
   71.000000000000000        1.2948927059181552      -1.29961000000000000E-002 -5.79884000000000024E-002 -0.21419779999999999     
   70.750000000000000        1.2857983717814927      -1.21778000000000008E-002 -5.16835000000000003E-002 -0.19024400000000000     
   70.500000000000000        1.2768661018621295      -8.18389999999999916E-003 -4.45875000000000021E-002 -0.17377280000000001     
   70.250000000000000        1.2680906370950717      -2.66110000000000001E-003 -3.71937999999999991E-002 -0.16186080000000000     
   70.000000000000000        1.2594669489559134       3.65409999999999997E-003 -2.97259999999999990E-002 -0.15293000000000001     
   69.750000000000000        1.2509902265939778       1.03856999999999994E-002 -2.23031999999999987E-002 -0.14601610000000001     
   69.500000000000000        1.2426558648313226       1.73204999999999991E-002 -1.49978000000000004E-002 -0.14048350000000001     
   69.250000000000000        1.2344594529595776       2.43270000000000014E-002 -7.85910000000000081E-003 -0.13590410000000000     
   69.000000000000000        1.2263967642726714       3.13179999999999986E-002 -9.24299999999999970E-004 -0.13199010000000000     
   68.750000000000000        1.2184637462790018       3.82320000000000021E-002  5.77640000000000011E-003 -0.12854920000000000     
   68.500000000000000        1.2106565115415191       4.50221999999999983E-002  1.22170000000000004E-002 -0.12545260000000000     
   68.250000000000000        1.2029713290986654       5.16512999999999972E-002  1.83735000000000009E-002 -0.12261340000000000     
   68.000000000000000        1.1954046164231349       5.80876999999999991E-002  2.42240999999999984E-002 -0.11997210000000000     
   67.750000000000000        1.1879529318790409       6.43028999999999962E-002  2.97482999999999984E-002 -0.11748720000000000     
   67.500000000000000        1.1806129676413906       7.02703999999999968E-002  3.49269999999999997E-002 -0.11512930000000000     
   67.250000000000000        1.1733815430447392       7.59646999999999961E-002  3.97428999999999977E-002 -0.11287730000000000     
   67.000000000000000        1.1662555983306084       8.13601000000000046E-002  4.41804999999999976E-002 -0.11071560000000000     
   66.750000000000000        1.1592321887657087       8.64301999999999987E-002  4.82262999999999997E-002 -0.10863230000000000     
   66.500000000000000        1.1523084791052536       9.11465999999999943E-002  5.18691000000000013E-002 -0.10661859999999999     
   66.250000000000000        1.1454817383776770       9.54784000000000049E-002  5.50997000000000015E-002 -0.10466750000000000     
   66.000000000000000        1.1387493349689228       9.93895999999999946E-002  5.79112000000000030E-002 -0.10277360000000001     
   65.750000000000000        1.1321087319861824       0.10283770000000000       6.02991000000000013E-002 -0.10093249999999999     
   65.500000000000000        1.1255574828824770       0.10577159999999999       6.22612000000000027E-002 -9.91405999999999954E-002
   65.250000000000000        1.1190932273249123       0.10813310000000000       6.37984999999999941E-002 -9.73949999999999955E-002
   65.000000000000000        1.1127136872907215       0.10986380000000000       6.49160000000000015E-002 -9.56932999999999950E-002
   64.750000000000000        1.1064166633763877       0.11092410000000000       6.56236999999999931E-002 -9.40334000000000031E-002
   64.500000000000000        1.1002000313062268       0.11131630000000001       6.59373999999999932E-002 -9.24138000000000043E-002
   64.250000000000000        1.0940617386278098       0.11109740000000000       6.58790999999999960E-002 -9.08329999999999971E-002
   64.000000000000000        1.0879998015825072       0.11036670000000000       6.54764000000000040E-002 -8.92899000000000054E-002
   63.750000000000000        1.0820123021402799       0.10923800000000000       6.47617000000000054E-002 -8.77835000000000004E-002
   63.500000000000000        1.0760973851886237       0.10781499999999999       6.37699000000000044E-002 -8.63132999999999956E-002
   63.250000000000000        1.0702532558662603       0.10618150000000000       6.25369000000000064E-002 -8.48788999999999932E-002
   63.000000000000000        1.0644781770328475       0.10440040000000000       6.10976999999999978E-002 -8.34802000000000044E-002
   62.750000000000000        1.0587704668665670       0.10251820000000000       5.94850999999999991E-002 -8.21175999999999989E-002
   62.500000000000000        1.0531284965820111       0.10056870000000000       5.77287999999999968E-002 -8.07920000000000027E-002
   62.250000000000000        1.0475506882612993       9.85767000000000032E-002  5.58552999999999966E-002 -7.95051999999999981E-002
   62.000000000000000        1.0420355127918348       9.65605999999999964E-002  5.38876000000000008E-002 -7.82599999999999962E-002
   61.750000000000000        1.0365814879045478       9.45341999999999988E-002  5.18455000000000027E-002 -7.70614000000000021E-002
   61.500000000000000        1.0311871763068714       9.25080999999999959E-002  4.97459000000000026E-002 -7.59177999999999936E-002
   61.250000000000000        1.0258511839050852       9.04905000000000015E-002  4.76033999999999971E-002 -7.48439000000000049E-002
   61.000000000000000        1.0205721581109972       8.84878999999999943E-002  4.54299999999999982E-002 -7.38665000000000016E-002
   60.750000000000000        1.0153487862282633       8.65052000000000043E-002  4.32359999999999967E-002 -7.30380000000000057E-002
   60.500000000000000        1.0101797939139427       8.45465999999999995E-002  4.10302999999999987E-002 -7.24638999999999978E-002
   60.250000000000000        1.0050639437111659       8.26153000000000026E-002  3.88201000000000032E-002 -7.23430999999999935E-002
   60.000000000000000        1.0000000336490449       8.07139000000000051E-002  3.66117999999999999E-002 -7.29288000000000020E-002
   59.750000000000000       0.99498689590620693       7.88444999999999979E-002  3.44107000000000024E-002 -7.42772000000000016E-002
   59.500000000000000       0.99002339553454166       7.70089000000000051E-002  3.22213999999999973E-002 -7.61692999999999953E-002
   59.250000000000000       0.98510842923997155       7.52084999999999976E-002  3.00477000000000001E-002 -7.83708999999999933E-002
   59.000000000000000       0.98024092421724396       7.34442000000000011E-002  2.78931000000000005E-002 -8.07439999999999963E-002
   58.750000000000000       0.97541983703592194       7.17171000000000058E-002  2.57602999999999999E-002 -8.32167999999999936E-002
   58.500000000000000       0.97064415257492132       7.00278000000000012E-002  2.36519000000000000E-002 -8.57504000000000044E-002
   58.250000000000000       0.96591288300310196       6.83768000000000015E-002  2.15699999999999989E-002 -8.83213000000000054E-002
   58.000000000000000       0.96122506680355879       6.67645000000000044E-002  1.95163999999999997E-002 -9.09147000000000011E-002
   57.750000000000000       0.95657976783940157       6.51912000000000047E-002  1.74927999999999993E-002 -9.35196999999999973E-002
   57.500000000000000       0.95197607445894206       6.36570999999999942E-002  1.55005999999999998E-002 -9.61284000000000027E-002
   57.250000000000000       0.94741309863831702       6.21620999999999979E-002  1.35408999999999998E-002 -9.87345000000000028E-002
   57.000000000000000       0.94288997515969897       6.07064999999999966E-002  1.16148999999999992E-002 -0.10133259999999999     
   56.750000000000000       0.93840586082334254       5.92898999999999995E-002  9.72349999999999950E-003 -0.10391850000000000     
   56.500000000000000       0.93395993369181618       5.79124000000000028E-002  7.86740000000000009E-003 -0.10648810000000000     
   56.250000000000000       0.92955139236486140       5.65738000000000005E-002  6.04749999999999992E-003 -0.10903800000000000     
   56.000000000000000       0.92517945528340284       5.52737000000000020E-002  4.26430000000000038E-003 -0.11156520000000000     
   55.750000000000000       0.92084336006132139       5.40119999999999975E-002  2.51829999999999979E-003 -0.11406680000000000     
   55.500000000000000       0.91654236284366797       5.27883000000000033E-002  8.10100000000000013E-004 -0.11654030000000000     
   55.250000000000000       0.91227573769007742       5.16023999999999997E-002 -8.59900000000000031E-004 -0.11898309999999999     
   55.000000000000000       0.90804277598219907       5.04536999999999972E-002 -2.49139999999999995E-003 -0.12139310000000000     
   54.750000000000000       0.90384278585403033       4.93419999999999970E-002 -4.08410000000000023E-003 -0.12376810000000001     
   54.500000000000000       0.89967509164409376       4.82669000000000015E-002 -5.63769999999999983E-003 -0.12610620000000000     
   54.250000000000000       0.89553903336845653       4.72278000000000003E-002 -7.15190000000000010E-003 -0.12840550000000001     
   54.000000000000000       0.89143396621364279       4.62243000000000029E-002 -8.62650000000000049E-003 -0.13066410000000001     
   53.750000000000000       0.88735926004853483       4.52561000000000005E-002 -1.00613999999999999E-002 -0.13288040000000001     
   53.500000000000000       0.88331429895441260       4.43225000000000008E-002 -1.14563000000000009E-002 -0.13505259999999999     
   53.250000000000000       0.87929848077231665       4.34230999999999992E-002 -1.28112999999999994E-002 -0.13717930000000000     
   53.000000000000000       0.87531121666696521       4.25574999999999981E-002 -1.41259999999999997E-002 -0.13925889999999999     
   52.750000000000000       0.87135193070649397       4.17251000000000011E-002 -1.54006000000000004E-002 -0.14128990000000000     
   52.500000000000000       0.86742005945732381       4.09254000000000007E-002 -1.66348000000000017E-002 -0.14327090000000001     
   52.250000000000000       0.86351505159349251       4.01579000000000033E-002 -1.78286000000000000E-002 -0.14520050000000001     
   52.000000000000000       0.85963636751982619       3.94221000000000016E-002 -1.89819999999999989E-002 -0.14707750000000000     
   51.750000000000000       0.85578347900834917       3.87175000000000019E-002 -2.00948999999999989E-002 -0.14890049999999999     
   51.500000000000000       0.85195586884736429       3.80435999999999969E-002 -2.11672000000000006E-002 -0.15066840000000001     
   51.250000000000000       0.84815303050266300       3.74000000000000027E-002 -2.21990999999999994E-002 -0.15237990000000001     
   51.000000000000000       0.84437446779034697       3.67859999999999993E-002 -2.31903000000000005E-002 -0.15403390000000000     
   50.750000000000000       0.84061969456077290       3.62012999999999988E-002 -2.41409999999999993E-002 -0.15562920000000000     
   50.500000000000000       0.83688823439314863       3.56454000000000007E-002 -2.50510999999999998E-002 -0.15716490000000000     
   50.250000000000000       0.83317962030033754       3.51177000000000017E-002 -2.59205999999999985E-002 -0.15863980000000000     
   50.000000000000000       0.82949339444344139       3.46179000000000001E-002 -2.67495999999999984E-002 -0.16005300000000000     
   49.750000000000000       0.82582910785575958       3.41455000000000022E-002 -2.75380000000000000E-002 -0.16140350000000001     
   49.500000000000000       0.82218632017573356       3.37000000000000008E-002 -2.82857999999999998E-002 -0.16269040000000001     
   49.250000000000000       0.81856459938850701       3.32811999999999969E-002 -2.89931000000000008E-002 -0.16391290000000000     
   49.000000000000000       0.81496352157574936       3.28885000000000011E-002 -2.96598000000000001E-002 -0.16507010000000000     
   48.750000000000000       0.81138267067340353       3.25215000000000018E-002 -3.02860999999999998E-002 -0.16616120000000001     
   48.500000000000000       0.80782163823703412       3.21801000000000031E-002 -3.08718000000000013E-002 -0.16718559999999999     
   48.250000000000000       0.80428002321446923       3.18637000000000017E-002 -3.14170000000000005E-002 -0.16814229999999999     
   48.000000000000000       0.80075743172543956       3.15720999999999988E-002 -3.19218000000000002E-002 -0.16903090000000001     
   47.750000000000000       0.79725347684792980       3.13048999999999966E-002 -3.23861000000000010E-002 -0.16985069999999999     
   47.500000000000000       0.79376777841097601       3.10619999999999993E-002 -3.28099999999999989E-002 -0.17060120000000001     
   47.250000000000000       0.79029996279364645       3.08428999999999995E-002 -3.31935000000000008E-002 -0.17128180000000001     
   47.000000000000000       0.78684966272995749       3.06476000000000005E-002 -3.35364999999999969E-002 -0.17189199999999999     
   46.750000000000000       0.78341651711948912       3.04758000000000008E-002 -3.38391999999999998E-002 -0.17243140000000001     
   46.500000000000000       0.78000017084346973       3.03271999999999986E-002 -3.41014999999999999E-002 -0.17289969999999999     
   46.250000000000000       0.77660027458611014       3.02018000000000009E-002 -3.43233999999999970E-002 -0.17329649999999999     
   46.000000000000000       0.77321648466098036       3.00993999999999984E-002 -3.45048999999999981E-002 -0.17362150000000001     
   45.750000000000000       0.76984846284222430       3.00197999999999993E-002 -3.46460999999999991E-002 -0.17387459999999999     
   45.500000000000000       0.76649587620041937       2.99630999999999995E-002 -3.47470000000000001E-002 -0.17405540000000000     
   45.250000000000000       0.76315839694289456       2.99290000000000007E-002 -3.48074999999999982E-002 -0.17416400000000001     
   45.000000000000000       0.75983570225832975       2.99176999999999985E-002 -3.48276000000000002E-002 -0.17420020000000000     
   44.750000000000000       0.75652747416546084       2.99290000000000007E-002 -3.48074999999999982E-002 -0.17416400000000001     
   44.500000000000000       0.75323339936572720       2.99630999999999995E-002 -3.47470000000000001E-002 -0.17405540000000000     
   44.250000000000000       0.74995316909970178       3.00197999999999993E-002 -3.46460999999999991E-002 -0.17387459999999999     
   44.000000000000000       0.74668647900714824       3.00993999999999984E-002 -3.45048999999999981E-002 -0.17362150000000001     
   43.750000000000000       0.74343302899055930       3.02018000000000009E-002 -3.43233999999999970E-002 -0.17329649999999999     
   43.500000000000000       0.74019252308203054       3.03271999999999986E-002 -3.41014999999999999E-002 -0.17289969999999999     
   43.250000000000000       0.73696466931333482       3.04758000000000008E-002 -3.38391999999999998E-002 -0.17243140000000001     
   43.000000000000000       0.73374917958905994       3.06476000000000005E-002 -3.35364999999999969E-002 -0.17189199999999999     
   42.750000000000000       0.73054576956268569       3.08428999999999995E-002 -3.31935000000000008E-002 -0.17128180000000001     
   42.500000000000000       0.72735415851547003       3.10619999999999993E-002 -3.28099999999999989E-002 -0.17060120000000001     
   42.250000000000000       0.72417406923802852       3.13048999999999966E-002 -3.23861000000000010E-002 -0.16985069999999999     
   42.000000000000000       0.72100522791448773       3.15720999999999988E-002 -3.19218000000000002E-002 -0.16903090000000001     
   41.750000000000000       0.71784736400909988       3.18637000000000017E-002 -3.14170000000000005E-002 -0.16814229999999999     
   41.500000000000000       0.71470021015520846       3.21801000000000031E-002 -3.08718000000000013E-002 -0.16718559999999999     
   41.250000000000000       0.71156350204645979       3.25215000000000018E-002 -3.02860999999999998E-002 -0.16616120000000001     
   41.000000000000000       0.70843697833015451       3.28885000000000011E-002 -2.96598000000000001E-002 -0.16507010000000000     
   40.750000000000000       0.70532038050263912       3.32811999999999969E-002 -2.89931000000000008E-002 -0.16391290000000000     
   40.500000000000000       0.70221345280664171       3.37000000000000008E-002 -2.82857999999999998E-002 -0.16269040000000001     
   40.250000000000000       0.69911594213045092       3.41455000000000022E-002 -2.75380000000000000E-002 -0.16140350000000001     
   40.000000000000000       0.69602759790885060       3.46179000000000001E-002 -2.67495999999999984E-002 -0.16005300000000000     
   39.750000000000000       0.69294817202571524       3.51177000000000017E-002 -2.59205999999999985E-002 -0.15863980000000000     
   39.500000000000000       0.68987741871817743       3.56454000000000007E-002 -2.50510999999999998E-002 -0.15716490000000000     
   39.250000000000000       0.68681509448228206       3.62012999999999988E-002 -2.41409999999999993E-002 -0.15562920000000000     
   39.000000000000000       0.68376095798003989       3.67859999999999993E-002 -2.31903000000000005E-002 -0.15403390000000000     
   38.750000000000000       0.68071476994779589       3.74000000000000027E-002 -2.21990999999999994E-002 -0.15237990000000001     
   38.500000000000000       0.67767629310583211       3.80435999999999969E-002 -2.11672000000000006E-002 -0.15066840000000001     
   38.250000000000000       0.67464529206912238       3.87175000000000019E-002 -2.00948999999999989E-002 -0.14890049999999999     
   38.000000000000000       0.67162153325915808       3.94221000000000016E-002 -1.89819999999999989E-002 -0.14707750000000000     
   37.750000000000000       0.66860478481676788       4.01579000000000033E-002 -1.78286000000000000E-002 -0.14520050000000001     
   37.500000000000000       0.66559481651585173       4.09254000000000007E-002 -1.66348000000000017E-002 -0.14327090000000001     
   37.250000000000000       0.66259139967795155       4.17251000000000011E-002 -1.54006000000000004E-002 -0.14128990000000000     
   37.000000000000000       0.65959430708758449       4.25574999999999981E-002 -1.41259999999999997E-002 -0.13925889999999999     
   36.750000000000000       0.65660331290825846       4.34230999999999992E-002 -1.28112999999999994E-002 -0.13717930000000000     
   36.500000000000000       0.65361819259909770       4.43225000000000008E-002 -1.14563000000000009E-002 -0.13505259999999999     
   36.250000000000000       0.65063872283200119       4.52561000000000005E-002 -1.00613999999999999E-002 -0.13288040000000001     
   36.000000000000000       0.64766468140925815       4.62243000000000029E-002 -8.62650000000000049E-003 -0.13066410000000001     
   35.750000000000000       0.64469584718154593       4.72278000000000003E-002 -7.15190000000000010E-003 -0.12840550000000001     
   35.500000000000000       0.64173199996623487       4.82669000000000015E-002 -5.63769999999999983E-003 -0.12610620000000000     
   35.250000000000000       0.63877292046592293       4.93419999999999970E-002 -4.08410000000000023E-003 -0.12376810000000001     
   35.000000000000000       0.63581839018712483       5.04536999999999972E-002 -2.49139999999999995E-003 -0.12139310000000000     
   34.750000000000000       0.63286819135903882       5.16023999999999997E-002 -8.59900000000000031E-004 -0.11898309999999999     
   34.500000000000000       0.62992210685231265       5.27883000000000033E-002  8.10100000000000013E-004 -0.11654030000000000     
   34.250000000000000       0.62697992009773107       5.40119999999999975E-002  2.51829999999999979E-003 -0.11406680000000000     
   34.000000000000000       0.62404141500474464       5.52737000000000020E-002  4.26430000000000038E-003 -0.11156520000000000     
   33.750000000000000       0.62110637587975959       5.65738000000000005E-002  6.04749999999999992E-003 -0.10903800000000000     
   33.500000000000000       0.61817458734410646       5.79124000000000028E-002  7.86740000000000009E-003 -0.10648810000000000     
   33.250000000000000       0.61524583425160395       5.92898999999999995E-002  9.72349999999999950E-003 -0.10391850000000000     
   33.000000000000000       0.61231990160563299       6.07064999999999966E-002  1.16148999999999992E-002 -0.10133259999999999     
   32.750000000000000       0.60939657447563289       6.21620999999999979E-002  1.35408999999999998E-002 -9.87345000000000028E-002
   32.500000000000000       0.60647563791293169       6.36570999999999942E-002  1.55005999999999998E-002 -9.61284000000000027E-002
   32.250000000000000       0.60355687686581816       6.51912000000000047E-002  1.74927999999999993E-002 -9.35196999999999973E-002
   32.000000000000000       0.60064007609376124       6.67645000000000044E-002  1.95163999999999997E-002 -9.09147000000000011E-002
   31.750000000000000       0.59772502008068074       6.83768000000000015E-002  2.15699999999999989E-002 -8.83213000000000054E-002
   31.500000000000000       0.59481149294717062       7.00278000000000012E-002  2.36519000000000000E-002 -8.57504000000000044E-002
   31.250000000000000       0.59189927836156764       7.17171000000000058E-002  2.57602999999999999E-002 -8.32167999999999936E-002
   31.000000000000000       0.58898815944976501       7.34442000000000011E-002  2.78931000000000005E-002 -8.07439999999999963E-002
   30.750000000000000       0.58607791870365555       7.52084999999999976E-002  3.00477000000000001E-002 -7.83708999999999933E-002
   30.500000000000000       0.58316833788809341       7.70089000000000051E-002  3.22213999999999973E-002 -7.61692999999999953E-002
   30.250000000000000       0.58025919794625369       7.88444999999999979E-002  3.44107000000000024E-002 -7.42772000000000016E-002
   30.000000000000000       0.57735027890326807       8.07139000000000051E-002  3.66117999999999999E-002 -7.29288000000000020E-002
   29.750000000000000       0.57444135976800692       8.26153000000000026E-002  3.88201000000000032E-002 -7.23430999999999935E-002
   29.500000000000000       0.57153221843287527       8.45465999999999995E-002  4.10302999999999987E-002 -7.24638999999999978E-002
   29.250000000000000       0.56862263157148163       8.65052000000000043E-002  4.32359999999999967E-002 -7.30380000000000057E-002
   29.000000000000000       0.56571237453403433       8.84878999999999943E-002  4.54299999999999982E-002 -7.38665000000000016E-002
   28.750000000000000       0.56280122124031395       9.04905000000000015E-002  4.76033999999999971E-002 -7.48439000000000049E-002
   28.500000000000000       0.55988894407005929       9.25080999999999959E-002  4.97459000000000026E-002 -7.59177999999999936E-002
   28.250000000000000       0.55697531375060216       9.45341999999999988E-002  5.18455000000000027E-002 -7.70614000000000021E-002
   28.000000000000000       0.55406009924157285       9.65605999999999964E-002  5.38876000000000008E-002 -7.82599999999999962E-002
   27.750000000000000       0.55114306761649301       9.85767000000000032E-002  5.58552999999999966E-002 -7.95050999999999952E-002
   27.500000000000000       0.54822398394106098       0.10056870000000000       5.77287999999999968E-002 -8.07920000000000027E-002
   27.250000000000000       0.54530261114792489       0.10251820000000000       5.94850999999999991E-002 -8.21175999999999989E-002
   27.000000000000000       0.54237870990772830       0.10440040000000000       6.10976999999999978E-002 -8.34802000000000044E-002
   26.750000000000000       0.53945203849620049       0.10618150000000000       6.25369000000000064E-002 -8.48788999999999932E-002
   26.500000000000000       0.53652235265705239       0.10781510000000000       6.37699000000000044E-002 -8.63132999999999956E-002
   26.250000000000000       0.53358940546042311       0.10923800000000000       6.47617000000000054E-002 -8.77835000000000004E-002
   26.000000000000000       0.53065294715660993       0.11036680000000000       6.54764000000000040E-002 -8.92899000000000054E-002
   25.750000000000000       0.52771272502479782       0.11109740000000000       6.58790999999999960E-002 -9.08329999999999971E-002
   25.500000000000000       0.52476848321648584       0.11131630000000001       6.59373999999999932E-002 -9.24138000000000043E-002
   25.250000000000000       0.52181996259329522       0.11092410000000000       6.56237999999999960E-002 -9.40334000000000031E-002
   25.000000000000000       0.51886690055881535       0.10986380000000000       6.49160000000000015E-002 -9.56932999999999950E-002
   25.000000000000000       0.51886690055881535       0.10986380000000000       6.49160000000000015E-002 -9.56932999999999950E-002
   24.750000000000000       0.51590903088413309       0.10813310000000000       6.37984999999999941E-002 -9.73949999999999955E-002
   24.500000000000000       0.51294608352666027       0.10577159999999999       6.22612000000000027E-002 -9.91405999999999954E-002
   24.250000000000000       0.50997778444185260       0.10283770000000000       6.02991000000000013E-002 -0.10093249999999999     
   24.000000000000000       0.50700385538738835       9.93895999999999946E-002  5.79112000000000030E-002 -0.10277360000000001     
   23.750000000000000       0.50402401371934424       9.54784000000000049E-002  5.50997000000000015E-002 -0.10466750000000000     
   23.500000000000000       0.50103797217987622       9.11466999999999972E-002  5.18691000000000013E-002 -0.10661859999999999     
   23.250000000000000       0.49804543867587991       8.64301999999999987E-002  4.82262999999999997E-002 -0.10863230000000000     
   23.000000000000000       0.49504611604806875       8.13601999999999936E-002  4.41804999999999976E-002 -0.11071560000000000     
   22.750000000000000       0.49203970182987000       7.59647999999999990E-002  3.97428999999999977E-002 -0.11287730000000000     
   22.500000000000000       0.48902588799549546       7.02703999999999968E-002  3.49269999999999997E-002 -0.11512930000000000     
   22.250000000000000       0.48600436069649899       6.43028999999999962E-002  2.97482999999999984E-002 -0.11748720000000000     
   22.000000000000000       0.48297479998608267       5.80876999999999991E-002  2.42240999999999984E-002 -0.11997210000000000     
   21.750000000000000       0.47993687953036013       5.16512999999999972E-002  1.83735000000000009E-002 -0.12261340000000000     
   21.500000000000000       0.47689026630572684       4.50221999999999983E-002  1.22170000000000004E-002 -0.12545260000000000     
   21.250000000000000       0.47383462028142359       3.82320000000000021E-002  5.77650000000000038E-003 -0.12854920000000000     
   21.000000000000000       0.47076959408630886       3.13181000000000015E-002 -9.24299999999999970E-004 -0.13199010000000000     
   20.750000000000000       0.46769483265878409       2.43270000000000014E-002 -7.85910000000000081E-003 -0.13590410000000000     
   20.500000000000000       0.46460997287872730       1.73204999999999991E-002 -1.49976999999999992E-002 -0.14048350000000001     
   20.250000000000000       0.46151464318020630       1.03858000000000006E-002 -2.23030999999999993E-002 -0.14601610000000001     
   20.000000000000000       0.45840846314364242       3.65409999999999997E-003 -2.97259999999999990E-002 -0.15293000000000001     
   19.750000000000000       0.45529104306598517      -2.66110000000000001E-003 -3.71937999999999991E-002 -0.16186070000000000     
   19.500000000000000       0.45216198350734593      -8.18389999999999916E-003 -4.45875000000000021E-002 -0.17377280000000001     
   19.250000000000000       0.44902087481240505      -1.21778000000000008E-002 -5.16833999999999974E-002 -0.19024389999999999     
   19.000000000000000       0.44586729660476643      -1.29961000000000000E-002 -5.79884000000000024E-002 -0.21419779999999999     
   18.750000000000000       0.44270081725227745      -6.42039999999999972E-003 -6.22042000000000012E-002 -0.25151780000000001     
   18.500000000000000       0.43952099330116196       1.62173999999999999E-002 -6.12759000000000012E-002 -0.30870989999999998     
   18.250000000000000       0.43632736887662232       3.86075000000000029E-002 -5.50608000000000000E-002 -0.36834289999999997     
   18.000000000000000       0.43311947504735931       4.98356999999999967E-002 -4.86207999999999987E-002 -0.41193200000000002     
   17.750000000000000       0.42989682915123001       5.90762999999999983E-002 -4.33979999999999991E-002 -0.44301259999999998     
   17.500000000000000       0.42665893407900496       6.63722000000000062E-002 -3.92054000000000014E-002 -0.46584530000000002     
   17.250000000000000       0.42340527751290741       7.28247000000000061E-002 -3.57514999999999986E-002 -0.48282700000000001     
   17.000000000000000       0.42013533111630319       7.93825999999999976E-002 -3.28096000000000013E-002 -0.49549500000000002     
   16.750000000000000       0.41684854967056112       8.65873000000000059E-002 -3.02196999999999986E-002 -0.50499289999999997     
   16.500000000000000       0.41354437015471773       9.46232000000000045E-002 -2.78756999999999998E-002 -0.51220900000000003     
   16.250000000000000       0.41022221076315113       0.10346160000000000      -2.57117999999999999E-002 -0.51781600000000005     
   16.000000000000000       0.40688146985598445       0.11298550000000000      -2.36896000000000016E-002 -0.52230220000000005     
   15.750000000000000       0.40352152483640419       0.12306110000000001      -2.17872999999999990E-002 -0.52601070000000005     
   15.500000000000000       0.40014173094847860       0.13356920000000000      -1.99930999999999998E-002 -0.52917789999999998     
   15.250000000000000       0.39674141998838264       0.14441309999999999      -1.83002999999999985E-002 -0.53196569999999999     
   15.000000000000000       0.39331989892118169       0.15551789999999999      -1.67052999999999993E-002 -0.53448499999999999     
   14.750000000000000       0.38987644839447261       0.16682710000000001      -1.52054000000000009E-002 -0.53681230000000002     
   14.500000000000000       0.38641032113921558       0.17829809999999999      -1.37987000000000005E-002 -0.53900020000000004     
   14.250000000000000       0.38292074024700901       0.18989909999999999      -1.24832999999999993E-002 -0.54108550000000000     
   14.000000000000000       0.37940689731182314       0.20160629999999999      -1.12571000000000008E-002 -0.54309359999999995     
   13.750000000000000       0.37586795042281695       0.21340210000000001      -1.01179000000000009E-002 -0.54504209999999997     
   13.500000000000000       0.37230302199327187       0.22527359999999999      -9.06320000000000042E-003 -0.54694270000000000     
   13.250000000000000       0.36871119640886968       0.23173250000000001      -8.08999999999999997E-003 -0.54880329999999999     
   13.000000000000000       0.36509151747647400       0.23676050000000001      -7.19529999999999996E-003 -0.55062869999999997     
   12.750000000000000       0.36144298565221100       0.24184320000000001      -6.37580000000000004E-003 -0.55242159999999996     
   12.500000000000000       0.35776455502492738       0.24698750000000000      -5.62800000000000019E-003 -0.55418279999999998     
   12.250000000000000       0.35405513002798283       0.25219960000000002      -4.94819999999999982E-003 -0.55591219999999997     
   12.000000000000000       0.35031356184872481       0.25748539999999998      -4.33259999999999982E-003 -0.55760860000000001     
   11.750000000000000       0.34653864450082428       0.26285019999999998      -3.77750000000000004E-003 -0.55927039999999995     
   11.500000000000000       0.34272911051981081       0.26829880000000000      -3.27899999999999980E-003 -0.56089540000000004     
   11.250000000000000       0.33888362623650670       0.27383540000000001      -2.83309999999999985E-003 -0.56248120000000001     
   11.000000000000000       0.33500078657648524       0.27946399999999999      -2.43619999999999991E-003 -0.56402509999999995     
   10.750000000000000       0.33107910932596624       0.28518779999999999      -2.08440000000000014E-003 -0.56552469999999999     
   10.500000000000000       0.32711702879550453       0.29100930000000003      -1.77410000000000003E-003 -0.56697739999999996     
   10.250000000000000       0.32311288880213562       0.29693069999999999      -1.50169999999999991E-003 -0.56838089999999997     
   10.000000000000000       0.31906493487798943       0.30295299999999997      -1.26390000000000009E-003 -0.56973309999999999     
   9.7500000000000000       0.31497130559833353       0.30907689999999999      -1.05719999999999989E-003 -0.57103230000000005     
   9.5000000000000000       0.31083002290405076       0.31530200000000003      -8.78800000000000002E-004 -0.57227709999999998     
   9.2500000000000000       0.30663898127202549       0.32162700000000000      -7.25500000000000016E-004 -0.57346649999999999     
   9.0000000000000000       0.30239593556098865       0.32804960000000000      -5.94600000000000033E-004 -0.57460009999999995     
   8.7500000000000000       0.29809848732900202       0.33456649999999999      -4.83699999999999994E-004 -0.57567780000000002     
   8.5000000000000000       0.29374406938062309       0.34117310000000001      -3.90300000000000000E-004 -0.57670030000000005     
   8.2500000000000000       0.28932992825516618       0.34786360000000000      -3.12099999999999997E-004 -0.57766859999999998     
   8.0000000000000000       0.28485310431016619       0.35463099999999997      -2.47299999999999994E-004 -0.57858449999999995     
   7.7500000000000000       0.28031040898329512       0.36146679999999998      -1.93999999999999999E-004 -0.57945020000000003     
   7.5000000000000000       0.27569839872782342       0.36836110000000000      -1.50499999999999999E-004 -0.58026860000000002     
   7.2500000000000000       0.27101334500631991       0.37530310000000000      -1.15400000000000000E-004 -0.58104330000000004     
   7.0000000000000000       0.26625119958804888       0.38228069999999997      -8.73999999999999967E-005 -0.58177809999999996     
   6.7500000000000000       0.26140755421862366       0.38928150000000000      -6.51999999999999992E-005 -0.58247789999999999     
   6.5000000000000000       0.25647759350390792       0.39629370000000003      -4.78999999999999988E-005 -0.58314770000000005     
   6.2500000000000000       0.25145603955751983       0.40330739999999998      -3.46000000000000008E-005 -0.58379349999999997     
   6.0000000000000000       0.24633708657984518       0.41031630000000002      -2.44999999999999992E-005 -0.58442150000000004     
