5.0 0.22474786951272291 0.4418801 0. -0.5986706
5.25 0.23032811073355966 0.4352917 0.0000001 -0.5983324
5.50 0.23578063841929153 0.4288803 0.0000001 -0.5979997
5.75 0.24111432303437602 0.422631 0.0000002 -0.5976644
6.00 0.24633708657984518 0.4165326 0.0000004 -0.5973184
6.25 0.25145603955751983 0.4105771 0.0000007 -0.596954
6.50 0.25647759350390792 0.4047593 0.000001 -0.5965638
6.75 0.26140755421862366 0.3990769 0.0000016 -0.5961407
7.00 0.26625119958804888 0.39353 0.0000024 -0.5956778
7.25 0.27101334500631991 0.3881206 0.0000035 -0.5951683
7.50 0.27569839872782342 0.3828524 0.0000051 -0.5946058
7.75 0.28031040898329512 0.3771819 0.0000072 -0.5939841
8.00 0.28485310431016619 0.371026 0.0000102 -0.5932969
8.25 0.28932992825516618 0.3648207 0.0000141 -0.5925384
8.50 0.29374406938062309 0.358593 0.0000192 -0.5917026
8.75 0.29809848732900202 0.3523727 0.0000259 -0.5907839
9.00 0.30239593556098865 0.3461894 0.0000346 -0.5897764
9.25 0.30663898127202549 0.3400717 0.0000457 -0.5886746
9.50 0.31083002290405076 0.3340465 0.0000597 -0.5874727
9.75 0.31497130559833353 0.328139 0.0000774 -0.5861649
10.00 0.31906493487798943 0.3223728 0.0000993 -0.5847455
10.25 0.32311288880213562 0.31677 0.0001265 -0.5832086
10.50 0.32711702879550453 0.3113518 0.0001597 -0.5815481
10.75 0.33107910932596624 0.3061382 0.0002003 -0.5797579
11.00 0.33500078657648524 0.3011483 0.0002492 -0.5778318
11.25 0.33888362623650670 0.2964002 0.000308 -0.5757632
11.50 0.34272911051981081 0.291911 0.0003781 -0.5735456
11.75 0.34653864450082428 0.2876957 0.0004611 -0.5711722
12.00 0.35031356184872481 0.283767 0.0005589 -0.568636
12.25 0.35405513002798283 0.2801323 0.0006732 -0.5659302
12.50 0.35776455502492738 0.2767901 0.0008063 -0.5630476
12.75 0.36144298565221100 0.2737168 0.0009601 -0.5599812
13.00 0.36509151747647400 0.2631802 0.0011368 -0.5567236
13.25 0.36871119640886968 0.250971 0.0013389 -0.5532678
13.50 0.37230302199327187 0.2387514 0.0015685 -0.5496064
13.75 0.37586795042281695 0.2265199 0.001828 -0.5457319
14.00 0.37940689731182314 0.2142767 0.0021198 -0.5416366
14.25 0.38292074024700901 0.2020243 0.002446 -0.5373119
14.50 0.38641032113921558 0.1897672 0.0028089 -0.5327486
14.75 0.38987644839447261 0.1775126 0.0032104 -0.5279357
15.00 0.39331989892118169 0.1652709 0.0036523 -0.52286
15.25 0.39674141998838264 0.1530559 0.0041359 -0.5175046
15.50 0.40014173094847860 0.1408859 0.0046622 -0.511848
15.75 0.40352152483640419 0.1287842 0.0052308 -0.5058613
16.00 0.40688146985598445 0.1167811 0.0058399 -0.4995061
16.25 0.41022221076315113 0.1049151 0.0064845 -0.4927304
16.50 0.41354437015471773 0.0932356 0.0071534 -0.4854638
16.75 0.41684854967056112 0.0818057 0.0078233 -0.4776116
17.00 0.42013533111630319 0.0707061 0.0084439 -0.4690484
17.25 0.42340527751290741 0.0600374 0.0089022 -0.4596118
17.50 0.42665893407900496 0.0499219 0.0089287 -0.4491027
17.75 0.42989682915123001 0.0404981 0.0078858 -0.4372977
18.00 0.43311947504735931 0.0319068 0.0047017 -0.423988
18.25 0.43632736887662232 0.0242628 -0.0009254 -0.4090556
18.50 0.43952099330116196 0.0176196 -0.0078354 -0.392583
18.75 0.44270081725227745 0.0119451 -0.0149666 -0.3749584
19.00 0.44586729660476643 0.0071307 -0.0218382 -0.3569128
19.25 0.44902087481240505 0.0030383 -0.0282714 -0.3394382
19.50 0.45216198350734593 -0.0004436 -0.0342061 -0.3235949
19.75 0.45529104306598517 -0.0033815 -0.0396281 -0.3102721
20.00 0.45840846314364242 -0.0058408 -0.0445568 -0.2999599
20.25 0.46151464318020630 -0.0079563 -0.049059 -0.292571
20.50 0.46460997287872730 -0.0099714 -0.0532665 -0.2873709
20.75 0.46769483265878409 -0.0122281 -0.057392 -0.2830415
21.00 0.47076959408630886 -0.0151723 -0.0617659 -0.2776189
21.25 0.47383462028142359 -0.019482 -0.0669309 -0.2674706
21.50 0.47689026630572684 -0.026283 -0.0733843 -0.2437538
21.75 0.47993687953036013 -0.0347381 -0.0780317 -0.2040553
22.00 0.48297479998608267 -0.0402524 -0.0776348 -0.1741421
22.25 0.48600436069649899 -0.0417914 -0.0742893 -0.1565741
22.50 0.48902588799549546 -0.0404814 -0.0695991 -0.1450917
22.75 0.49203970182987000 -0.0374693 -0.064312 -0.1365223
23.00 0.49504611604806875 -0.0334853 -0.0587689 -0.1295216
23.25 0.49804543867587991 -0.0289463 -0.0531314 -0.1234788
23.50 0.50103797217987622 -0.0240912 -0.0474817 -0.118089
23.75 0.50402401371934424 -0.019062 -0.0418647 -0.1131865
24.00 0.50700385538738835 -0.013947 -0.0363069 -0.1086738
24.25 0.50997778444185260 -0.0088035 -0.0308251 -0.1044899
24.50 0.51294608352666027 -0.0036707 -0.0254307 -0.1005934
24.75 0.51590903088413309 0.0014239 -0.0201316 -0.0969544
25.00 0.51886690055881535 0.0064601 -0.0149341 -0.0935496
25.25 0.52181996259329522 0.0114224 -0.009843 -0.0903597
25.50 0.52476848321648584 0.0162988 -0.0048625 -0.087368
25.75 0.52771272502479782 0.0210793 0.0000037 -0.0845591
26.00 0.53065294715660993 0.0257556 0.0047523 -0.0819192
26.25 0.53358940546042311 0.0303205 0.0093802 -0.0794348
26.50 0.53652235265705239 0.0347676 0.0138842 -0.0770938
26.75 0.53945203849620049 0.0390911 0.0182614 -0.0748847
27.00 0.54237870990772830 0.0432857 0.0225089 -0.0727968
27.25 0.54530261114792489 0.0473463 0.0266236 -0.0708204
27.50 0.54822398394106098 0.0512685 0.0306027 -0.0689466
27.75 0.55114306761649301 0.0550478 0.0344431 -0.0671674
28.00 0.55406009924157285 0.0586804 0.0381422 -0.0654757
28.25 0.55697531375060216 0.0621627 0.0416969 -0.0638652
28.50 0.55988894407005929 0.0654915 0.0451046 -0.0623301
28.75 0.56280122124031395 0.0686644 0.0483626 -0.0608657
29.00 0.56571237453403433 0.0716794 0.0514686 -0.0594677
29.25 0.56862263157148163 0.0745353 0.0544202 -0.0581328
29.50 0.57153221843287527 0.0772315 0.0572156 -0.056858
29.75 0.57444135976800692 0.0797687 0.0598531 -0.0556413
30.00 0.57735027890326807 0.0821483 0.0623314 -0.0544814
30.25 0.58025919794625369 0.0843726 0.0646497 -0.0533782
30.50 0.58316833788809341 0.0864451 0.0668076 -0.0523329
30.75 0.58607791870365555 0.0883701 0.0688053 -0.0513494
31.00 0.58898815944976501 0.0901528 0.0706435 -0.050435
31.25 0.59189927836156764 0.0917993 0.0723236 -0.0496042
31.50 0.59481149294717062 0.0933163 0.0738475 -0.048884
31.75 0.59772502008068074 0.0947108 0.0752178 -0.0483234
32.00 0.60064007609376124 0.0959904 0.0764379 -0.0480015
32.25 0.60355687686581816 0.0971626 0.0775117 -0.0480051
32.50 0.60647563791293169 0.0982353 0.0784439 -0.0483584
32.75 0.60939657447563289 0.0992158 0.0792398 -0.048997
33.00 0.61231990160563299 0.1001116 0.0799052 -0.0498325
33.25 0.61524583425160395 0.1009297 0.0804464 -0.0507998
33.50 0.61817458734410646 0.1016767 0.0808703 -0.0518588
33.75 0.62110637587975959 0.102359 0.0811841 -0.0529847
34.00 0.62404141500474464 0.1029824 0.0813952 -0.0541614
34.25 0.62697992009773107 0.1035524 0.0815112 -0.0553777
34.50 0.62992210685231265 0.1040738 0.0815398 -0.0566249
34.75 0.63286819135903882 0.1045513 0.0814886 -0.0578962
35.00 0.63581839018712483 0.1049892 0.0813651 -0.0591857
35.25 0.63877292046592293 0.1053913 0.0811766 -0.0604883
35.50 0.64173199996623487 0.105761 0.0809303 -0.0617995
35.75 0.64469584718154593 0.1061016 0.0806329 -0.0631152
36.00 0.64766468140925815 0.1064161 0.0802908 -0.0644315
36.25 0.65063872283200119 0.106707 0.0799101 -0.065745
36.50 0.65361819259909770 0.1069769 0.0794965 -0.0670523
36.75 0.65660331290825846 0.1072279 0.0790553 -0.0683504
37.00 0.65959430708758449 0.1074622 0.0785915 -0.0696363
37.25 0.66259139967795155 0.1076815 0.0781096 -0.0709073
37.50 0.66559481651585173 0.1078876 0.0776139 -0.0721608
37.75 0.66860478481676788 0.1080821 0.0771082 -0.0733944
38.00 0.67162153325915808 0.1082664 0.0765961 -0.0746057
38.25 0.67464529206912238 0.1084418 0.0760809 -0.0757926
38.50 0.67767629310583211 0.1086097 0.0755656 -0.0769529
38.75 0.68071476994779589 0.108771 0.0750529 -0.0780847
39.00 0.68376095798003989 0.1089269 0.0745453 -0.0791861
39.25 0.68681509448228206 0.1090784 0.0740451 -0.0802554
39.50 0.68987741871817743 0.1092263 0.0735543 -0.0812908
39.75 0.69294817202571524 0.1093714 0.0730749 -0.0822908
40.00 0.69602759790885060 0.1095145 0.0726086 -0.0832539
40.25 0.69911594213045092 0.1096562 0.072157 -0.0841786
40.50 0.70221345280664171 0.1097973 0.0717214 -0.0850637
40.75 0.70532038050263912 0.1099381 0.0713031 -0.0859078
41.00 0.70843697833015451 0.1100793 0.0709034 -0.0867099
41.25 0.71156350204645979 0.1102212 0.0705233 -0.0874687
41.50 0.71470021015520846 0.1103642 0.0701638 -0.0881833
41.75 0.71784736400909988 0.1105085 0.0698257 -0.0888527
42.00 0.72100522791448773 0.1106543 0.0695098 -0.089476
42.25 0.72417406923802852 0.1108015 0.0692168 -0.0900525
42.50 0.72735415851547003 0.11095 0.0689473 -0.0905813
42.75 0.73054576956268569 0.1110995 0.0687019 -0.0910618
43.00 0.73374917958905994 0.1112493 0.0684811 -0.0914933
43.25 0.73696466931333482 0.1113982 0.0682853 -0.0918753
43.50 0.74019252308203054 0.1115447 0.0681149 -0.0922074
43.75 0.74343302899055930 0.1116859 0.0679701 -0.0924891
44.00 0.74668647900714824 0.1118179 0.0678514 -0.0927201
44.25 0.74995316909970178 0.111935 0.0677588 -0.0929
44.50 0.75323339936572720 0.1120293 0.0676925 -0.0930287
44.75 0.75652747416546084 0.1120915 0.0676527 -0.093106
45.00 0.75983570225832975 0.1121134 0.0676395 -0.0931317
45.25 0.76315839694289456 0.1120915 0.0676527 -0.093106
45.50 0.76649587620041937 0.1120293 0.0676925 -0.0930287
45.75 0.76984846284222430 0.111935 0.0677588 -0.0929
46.00 0.77321648466098036 0.1118179 0.0678514 -0.0927201
46.25 0.77660027458611014 0.1116859 0.0679701 -0.0924891
46.50 0.78000017084346973 0.1115447 0.0681149 -0.0922074
46.75 0.78341651711948912 0.1113982 0.0682853 -0.0918753
47.00 0.78684966272995749 0.1112493 0.0684811 -0.0914933
47.25 0.79029996279364645 0.1110995 0.0687019 -0.0910618
47.50 0.79376777841097601 0.11095 0.0689473 -0.0905813
47.75 0.79725347684792980 0.1108015 0.0692168 -0.0900525
48.00 0.80075743172543956 0.1106543 0.0695098 -0.089476
48.25 0.80428002321446923 0.1105085 0.0698257 -0.0888527
48.50 0.80782163823703412 0.1103642 0.0701638 -0.0881833
48.75 0.81138267067340353 0.1102212 0.0705233 -0.0874687
49.00 0.81496352157574936 0.1100793 0.0709034 -0.0867099
49.25 0.81856459938850701 0.1099381 0.0713031 -0.0859078
49.50 0.82218632017573356 0.1097972 0.0717214 -0.0850637
49.75 0.82582910785575958 0.1096562 0.072157 -0.0841786
50.00 0.82949339444344139 0.1095145 0.0726086 -0.0832539
50.25 0.83317962030033754 0.1093714 0.0730749 -0.0822908
50.50 0.83688823439314863 0.1092263 0.0735543 -0.0812908
50.75 0.84061969456077290 0.1090784 0.0740451 -0.0802554
51.00 0.84437446779034697 0.1089269 0.0745453 -0.0791861
51.25 0.84815303050266300 0.108771 0.0750529 -0.0780847
51.50 0.85195586884736429 0.1086097 0.0755656 -0.0769529
51.75 0.85578347900834917 0.1084418 0.0760809 -0.0757926
52.00 0.85963636751982619 0.1082664 0.0765961 -0.0746057
52.25 0.86351505159349251 0.1080821 0.0771082 -0.0733944
52.50 0.86742005945732381 0.1078876 0.0776138 -0.0721608
52.75 0.87135193070649397 0.1076815 0.0781096 -0.0709073
53.00 0.87531121666696521 0.1074622 0.0785915 -0.0696363
53.25 0.87929848077231665 0.1072279 0.0790553 -0.0683504
53.50 0.88331429895441260 0.1069769 0.0794965 -0.0670523
53.75 0.88735926004853483 0.106707 0.0799101 -0.065745
54.00 0.89143396621364279 0.1064161 0.0802908 -0.0644316
54.25 0.89553903336845653 0.1061016 0.0806329 -0.0631152
54.50 0.89967509164409376 0.105761 0.0809303 -0.0617995
54.75 0.90384278585403033 0.1053913 0.0811766 -0.0604883
55.00 0.90804277598219907 0.1049892 0.0813651 -0.0591857
55.25 0.91227573769007742 0.1045513 0.0814886 -0.0578962
55.50 0.91654236284366797 0.1040738 0.0815398 -0.0566249
55.75 0.92084336006132139 0.1035523 0.0815112 -0.0553777
56.00 0.92517945528340284 0.1029824 0.0813952 -0.0541614
56.25 0.92955139236486140 0.102359 0.0811841 -0.0529847
56.50 0.93395993369181618 0.1016767 0.0808703 -0.0518588
56.75 0.93840586082334254 0.1009297 0.0804464 -0.0507998
57.00 0.94288997515969897 0.1001116 0.0799051 -0.0498325
57.25 0.94741309863831702 0.0992158 0.0792398 -0.048997
57.50 0.95197607445894206 0.0982353 0.0784439 -0.0483584
57.75 0.95657976783940157 0.0971626 0.0775117 -0.0480051
58.00 0.96122506680355879 0.0959904 0.0764379 -0.0480015
58.25 0.96591288300310196 0.0947108 0.0752178 -0.0483234
58.50 0.97064415257492132 0.0933163 0.0738474 -0.048884
58.75 0.97541983703592194 0.0917993 0.0723236 -0.0496042
59.00 0.98024092421724396 0.0901528 0.0706435 -0.050435
59.25 0.98510842923997155 0.0883701 0.0688053 -0.0513494
59.50 0.99002339553454166 0.0864451 0.0668076 -0.0523329
59.75 0.99498689590620693 0.0843726 0.0646497 -0.0533782
60.00 1.0000000336490449 0.0821483 0.0623314 -0.0544814
60.25 1.0050639437111659 0.0797687 0.0598531 -0.0556413
60.50 1.0101797939139427 0.0772315 0.0572156 -0.056858
60.75 1.0153487862282633 0.0745352 0.0544202 -0.0581328
61.00 1.0205721581109972 0.0716794 0.0514686 -0.0594678
61.25 1.0258511839050852 0.0686644 0.0483626 -0.0608657
61.50 1.0311871763068714 0.0654915 0.0451046 -0.0623301
61.75 1.0365814879045478 0.0621627 0.0416969 -0.0638652
62.00 1.0420355127918348 0.0586804 0.0381422 -0.0654757
62.25 1.0475506882612993 0.0550478 0.0344431 -0.0671674
62.50 1.0531284965820111 0.0512685 0.0306027 -0.0689466
62.75 1.0587704668665670 0.0473463 0.0266236 -0.0708204
63.00 1.0644781770328475 0.0432857 0.0225089 -0.0727968
63.25 1.0702532558662603 0.0390911 0.0182614 -0.0748847
63.50 1.0760973851886237 0.0347676 0.0138842 -0.0770938
63.75 1.0820123021402799 0.0303205 0.0093802 -0.0794348
64.00 1.0879998015825072 0.0257556 0.0047523 -0.0819192
64.25 1.0940617386278098 0.0210793 0.0000037 -0.0845592
64.50 1.1002000313062268 0.0162988 -0.0048625 -0.087368
64.75 1.1064166633763877 0.0114224 -0.009843 -0.0903597
65.00 1.1127136872907215 0.0064601 -0.0149341 -0.0935496
65.25 1.1190932273249123 0.0014239 -0.0201316 -0.0969544
65.50 1.1255574828824770 -0.0036707 -0.0254307 -0.1005934
65.75 1.1321087319861824 -0.0088035 -0.0308251 -0.1044899
66.00 1.1387493349689228 -0.013947 -0.0363069 -0.1086739
66.25 1.1454817383776770 -0.019062 -0.0418647 -0.1131865
66.50 1.1523084791052536 -0.0240913 -0.0474817 -0.118089
66.75 1.1592321887657087 -0.0289463 -0.0531315 -0.1234788
67.00 1.1662555983306084 -0.0334853 -0.0587689 -0.1295216
67.25 1.1733815430447392 -0.0374693 -0.064312 -0.1365223
67.50 1.1806129676413906 -0.0404814 -0.0695991 -0.1450918
67.75 1.1879529318790409 -0.0417914 -0.0742893 -0.1565742
68.00 1.1954046164231349 -0.0402524 -0.0776348 -0.1741421
68.25 1.2029713290986654 -0.0347381 -0.0780317 -0.2040554
68.50 1.2106565115415191 -0.026283 -0.0733843 -0.2437538
68.75 1.2184637462790018 -0.019482 -0.0669308 -0.2674706
69.00 1.2263967642726714 -0.0151723 -0.0617658 -0.2776189
69.25 1.2344594529595776 -0.0122281 -0.0573919 -0.2830415
69.50 1.2426558648313226 -0.0099714 -0.0532665 -0.2873709
69.75 1.2509902265939778 -0.0079563 -0.049059 -0.292571
70.00 1.2594669489559134 -0.0058407 -0.0445568 -0.2999599
70.25 1.2680906370950717 -0.0033815 -0.0396281 -0.3102721
70.50 1.2768661018621295 -0.0004435 -0.034206 -0.323595
70.75 1.2857983717814927 0.0030383 -0.0282714 -0.3394382
71.00 1.2948927059181552 0.0071307 -0.0218381 -0.3569129
71.25 1.3041546076852373 0.0119451 -0.0149666 -0.3749584
71.50 1.3135898396745678 0.0176196 -0.0078354 -0.3925831
71.75 1.3232044396011293 0.0242628 -0.0009254 -0.4090557
72.00 1.3330047374615932 0.0319069 0.0047017 -0.423988
72.25 1.3429973740177321 0.0404982 0.0078858 -0.4372977
72.50 1.3531893207273342 0.0499219 0.0089287 -0.4491028
72.75 1.3635879012585173 0.0600375 0.0089022 -0.4596118
73.00 1.3742008147382716 0.0707061 0.0084439 -0.4690484
73.25 1.3850361609029067 0.0818058 0.0078233 -0.4776117
73.50 1.3961024673370386 0.0932356 0.0071534 -0.4854638
73.75 1.4074087190092159 0.1049151 0.0064845 -0.4927304
74.00 1.4189643903365978 0.1167812 0.0058399 -0.4995062
74.25 1.4307794800386300 0.1287843 0.0052308 -0.5058613
74.50 1.4428645490710084 0.1408859 0.0046622 -0.511848
74.75 1.4552307619668963 0.1530559 0.0041359 -0.5175046
75.00 1.4678899319530556 0.1652709 0.0036523 -0.52286
75.25 1.4808545702551064 0.1775126 0.0032104 -0.5279358
75.50 1.4941379400594756 0.1897672 0.0028089 -0.5327487
75.75 1.5077541156608558 0.2020243 0.002446 -0.537312
76.00 1.5217180473945009 0.2142768 0.0021198 -0.5416366
76.25 1.5360456330340897 0.2265199 0.001828 -0.5457319
76.50 1.5507537964299845 0.2387514 0.0015685 -0.5496064
76.75 1.5658605742718710 0.250971 0.0013389 -0.5532678
77.00 1.5813852119866876 0.2631802 0.0011368 -0.5567236
77.25 1.5973482699307082 0.2737168 0.0009601 -0.5599812
77.50 1.6137717412076256 0.2767901 0.0008063 -0.5630476
77.75 1.6306791826473761 0.2801323 0.0006732 -0.5659302
78.00 1.6480958607190197 0.283767 0.0005589 -0.5686361
78.25 1.6660489144325314 0.2876957 0.0004611 -0.5711722
78.50 1.6845675376176648 0.291911 0.0003781 -0.5735456
78.75 1.7036831833639368 0.2964002 0.000308 -0.5757632
79.00 1.7234297938777567 0.3011483 0.0002492 -0.5778318
79.25 1.7438440595774944 0.3061382 0.0002002 -0.579758
79.50 1.7649657119256603 0.3113518 0.0001597 -0.5815481
79.75 1.7868378553155890 0.31677 0.0001265 -0.5832086
80.00 1.8095073443210954 0.3223728 0.0000993 -0.5847455
80.25 1.8330252138232914 0.328139 0.0000774 -0.5861649
80.50 1.8574471710024862 0.3340465 0.0000597 -0.5874727
80.75 1.8828341599932619 0.3400717 0.0000457 -0.5886746
81.00 1.9092530122354845 0.3461894 0.0000346 -0.5897764
81.25 1.9367771983277440 0.3523727 0.0000259 -0.5907839
81.50 1.9654877006520655 0.358593 0.0000192 -0.5917026
81.75 1.9954740303864316 0.3648206 0.0000141 -0.5925384
82.00 2.0268354180156947 0.371026 0.0000102 -0.5932969
