5.0 0.22474786951272291 -0.71620 -0.19948 -0.17012 0.59687 .02936
5.25 0.23032811073355966 -0.70874 -0.19931 -0.16922 0.57905 .03009
5.50 0.23578063841929153 -0.70119 -0.19907 -0.16827 0.56193 .03080
5.75 0.24111432303437602 -0.69356 -0.19875 -0.16726 0.54547 .03149
6.00 0.24633708657984518 -0.68587 -0.19835 -0.16618 0.52962 .03217
6.25 0.25145603955751983 -0.67810 -0.19787 -0.16504 0.51436 .03283
6.50 0.25647759350390792 -0.67028 -0.19731 -0.16382 0.49964 .03349
6.75 0.26140755421862366 -0.66240 -0.19666 -0.16253 0.48545 .03413
7.00 0.26625119958804888 -0.65447 -0.19592 -0.16117 0.47174 .03475
7.25 0.27101334500631991 -0.64649 -0.19510 -0.15972 0.45850 .03538
7.50 0.27569839872782342 -0.63848 -0.19418 -0.15819 0.44569 .03599
7.75 0.28031040898329512 -0.63043 -0.19318 -0.15657 0.43330 .03661
8.00 0.28485310431016619 -0.62236 -0.19207 -0.15487 0.42129 .03720
8.25 0.28932992825516618 -0.61426 -0.19087 -0.15307 0.40965 .03780
8.50 0.29374406938062309 -0.60615 -0.18958 -0.15119 0.39835 .03839
8.75 0.29809848732900202 -0.59804 -0.18818 -0.14920 0.38738 .03898
9.00 0.30239593556098865 -0.58991 -0.18668 -0.14712 0.37671 .03956
9.25 0.30663898127202549 -0.58180 -0.18508 -0.14494 0.36633 .04014
9.50 0.31083002290405076 -0.57369 -0.18338 -0.14265 0.35621 .04073
9.75 0.31497130559833353 -0.56559 -0.18158 -0.14026 0.34634 .04132
10.00 0.31906493487798943 -0.55752 -0.17966 -0.13776 0.33671 .04190
10.25 0.32311288880213562 -0.54948 -0.17765 -0.13515 0.32730 .04250
10.50 0.32711702879550453 -0.54147 -0.17553 -0.13243 0.31809 .04310
10.75 0.33107910932596624 -0.53351 -0.17330 -0.12959 0.30907 .04371
11.00 0.33500078657648524 -0.52559 -0.17096 -0.12664 0.30023 .04432
11.25 0.33888362623650670 -0.51772 -0.16852 -0.12357 0.29155 .04495
11.50 0.34272911051981081 -0.50992 -0.16597 -0.12038 0.28302 .04559
11.75 0.34653864450082428 -0.50218 -0.16332 -0.11706 0.27462 .04626
12.00 0.35031356184872481 -0.49451 -0.16056 -0.11362 0.26635 .04694
12.25 0.35405513002798283 -0.48692 -0.15769 -0.11005 0.25819 .04764
12.50 0.35776455502492738 -0.47941 -0.15472 -0.10636 0.25013 .04836
12.75 0.36144298565221100 -0.47199 -0.15166 -0.10253 0.24217 .04913
13.00 0.36509151747647400 -0.46467 -0.14849 -0.09857 0.23429 .04992
13.25 0.36871119640886968 -0.45744 -0.14523 -0.09449 0.22648 .05074
13.50 0.37230302199327187 -0.45032 -0.14189 -0.09027 0.21874 .05162
13.75 0.37586795042281695 -0.44330 -0.13845 -0.08592 0.21106 .05253
14.00 0.37940689731182314 -0.43638 -0.13494 -0.08145 0.20343 .05349
14.25 0.38292074024700901 -0.42958 -0.13135 -0.07685 0.19586 .05450
14.50 0.38641032113921558 -0.42288 -0.12770 -0.07213 0.18832 .05557
14.75 0.38987644839447261 -0.41630 -0.12400 -0.06730 0.18083 .05670
15.00 0.39331989892118169 -0.40982 -0.12024 -0.06235 0.17339 .05789
15.25 0.39674141998838264 -0.40344 -0.11646 -0.05731 0.16598 .05915
15.50 0.40014173094847860 -0.39717 -0.11266 -0.05217 0.15863 .06049
15.75 0.40352152483640419 -0.39099 -0.10887 -0.04695 0.15132 .06192
16.00 0.40688146985598445 -0.38489 -0.10510 -0.04167 0.14408 .06343
16.25 0.41022221076315113 -0.37887 -0.10138 -0.03635 0.13692 .06503
16.50 0.41354437015471773 -0.37291 -0.09775 -0.03101 0.12985 .06674
16.75 0.41684854967056112 -0.36699 -0.09424 -0.02568 0.12291 .06856
17.00 0.42013533111630319 -0.36109 -0.09093 -0.02041 0.11613 .07052
17.25 0.42340527751290741 -0.35518 -0.08787 -0.01526 0.10958 .07261
17.50 0.42665893407900496 -0.34923 -0.08515 -0.01030 0.10334 .07485
17.75 0.42989682915123001 -0.34318 -0.08290 -0.00564 0.09753 .07726
18.00 0.43311947504735931 -0.33701 -0.08123 -0.00143 0.09231 .07980
18.25 0.43632736887662232 -0.33068 -0.08028 0.00216 0.08790 .08244
18.50 0.43952099330116196 -0.32418 -0.08017 0.00490 0.08456 .08507
18.75 0.44270081725227745 -0.31757 -0.08101 0.00656 0.08257 .08757
19.00 0.44586729660476643 -0.31091 -0.08283 0.00693 0.08217 .08976
19.25 0.44902087481240505 -0.30435 -0.08563 0.00591 0.08342 .09154
19.50 0.45216198350734593 -0.29802 -0.08934 0.00357 0.08618 .09291
19.75 0.45529104306598517 -0.29207 -0.09383 0.00011 0.09006 .09394
20.00 0.45840846314364242 -0.28659 -0.09899 -0.00420 0.09451 .09479
20.25 0.46151464318020630 -0.28164 -0.10471 -0.00907 0.09889 .09564
20.50 0.46460997287872730 -0.27723 -0.11099 -0.01431 0.10258 .09668
20.75 0.46769483265878409 -0.27341 -0.11798 -0.01978 0.10508 .09820
21.00 0.47076959408630886 -0.27026 -0.12614 -0.02550 0.10596 .10064
21.25 0.47383462028142359 -0.26813 -0.13652 -0.03173 0.10489 .10479
21.50 0.47689026630572684 -0.26813 -0.15108 -0.03899 0.10230 .11209
21.75 0.47993687953036013 -0.27154 -0.16699 -0.04559 0.10152 .12140
22.00 0.48297479998608267 -0.27615 -0.17760 -0.04837 0.10224 .12923
22.25 0.48600436069649899 -0.28071 -0.18471 -0.04844 0.10232 .13627
22.50 0.48902588799549546 -0.28514 -0.19024 -0.04713 0.10171 .14311
22.75 0.49203970182987000 -0.28949 -0.19503 -0.04515 0.10067 .14988
23.00 0.49504611604806875 -0.29378 -0.19945 -0.04284 0.09938 .15661
23.25 0.49804543867587991 -0.29800 -0.20365 -0.04039 0.09795 .16326
23.50 0.50103797217987622 -0.30217 -0.20771 -0.03787 0.09645 .16984
23.75 0.50402401371934424 -0.30628 -0.21167 -0.03534 0.09491 .17633
24.00 0.50700385538738835 -0.31033 -0.21554 -0.03282 0.09337 .18272
24.25 0.50997778444185260 -0.31432 -0.21934 -0.03034 0.09185 .18900
24.50 0.51294608352666027 -0.31824 -0.22307 -0.02791 0.09037 .19516
24.75 0.51590903088413309 -0.32211 -0.22673 -0.02554 0.08894 .20119
25.00 0.51886690055881535 -0.32591 -0.23033 -0.02323 0.08757 .20710
25.25 0.52181996259329522 -0.32964 -0.23387 -0.02100 0.08627 .21287
25.50 0.52476848321648584 -0.33332 -0.23735 -0.01885 0.08505 .21850
25.75 0.52771272502479782 -0.33693 -0.24077 -0.01678 0.08392 .22399
26.00 0.53065294715660993 -0.34048 -0.24413 -0.01481 0.08289 .22932
26.25 0.53358940546042311 -0.34396 -0.24743 -0.01293 0.08196 .23450
26.50 0.53652235265705239 -0.34738 -0.25067 -0.01115 0.08114 .23952
26.75 0.53945203849620049 -0.35074 -0.25386 -0.00948 0.08043 .24438
27.00 0.54237870990772830 -0.35404 -0.25698 -0.00792 0.07984 .24906
27.25 0.54530261114792489 -0.35727 -0.26006 -0.00648 0.07938 .25358
27.50 0.54822398394106098 -0.36045 -0.26307 -0.00516 0.07905 .25791
27.75 0.55114306761649301 -0.36356 -0.26603 -0.00396 0.07884 .26207
28.00 0.55406009924157285 -0.36662 -0.26893 -0.00288 0.07878 .26605
28.25 0.55697531375060216 -0.36961 -0.27178 -0.00193 0.07884 .26985
28.50 0.55988894407005929 -0.37147 -0.27458 -0.00111 0.07903 .27347
28.75 0.56280122124031395 -0.37082 -0.27732 -0.00040 0.07936 .27692
29.00 0.56571237453403433 -0.37017 -0.28000 0.00019 0.07981 .28019
29.25 0.56862263157148163 -0.36952 -0.28263 0.00066 0.08039 .28329
29.50 0.57153221843287527 -0.36889 -0.28521 0.00103 0.08108 .28624
29.75 0.57444135976800692 -0.36826 -0.28774 0.00129 0.08188 .28903
30.00 0.57735027890326807 -0.36764 -0.29021 0.00145 0.08278 .29166
30.25 0.58025919794625369 -0.36702 -0.29264 0.00153 0.08378 .29417
30.50 0.58316833788809341 -0.36641 -0.29501 0.00152 0.08487 .29653
30.75 0.58607791870365555 -0.36581 -0.29733 0.00144 0.08603 .29877
31.00 0.58898815944976501 -0.36522 -0.29959 0.00129 0.08727 .30088
31.25 0.59189927836156764 -0.36464 -0.30181 0.00108 0.08857 .30289
31.50 0.59481149294717062 -0.36407 -0.30397 0.00081 0.08992 .30478
31.75 0.59772502008068074 -0.36350 -0.30609 0.00050 0.09132 .30659
32.00 0.60064007609376124 -0.36295 -0.30815 0.00015 0.09276 .30830
32.25 0.60355687686581816 -0.36241 -0.31016 -0.00023 0.09424 .30993
32.50 0.60647563791293169 -0.36188 -0.31213 -0.00065 0.09575 .31148
32.75 0.60939657447563289 -0.36136 -0.31404 -0.00109 0.09728 .31295
33.00 0.61231990160563299 -0.36085 -0.31589 -0.00155 0.09882 .31434
33.25 0.61524583425160395 -0.36036 -0.31770 -0.00202 0.10038 .31568
33.50 0.61817458734410646 -0.35989 -0.31946 -0.00252 0.10195 .31694
33.75 0.62110637587975959 -0.35943 -0.32116 -0.00302 0.10352 .31814
34.00 0.62404141500474464 -0.35898 -0.32280 -0.00352 0.10510 .31928
34.25 0.62697992009773107 -0.35856 -0.32440 -0.00403 0.10667 .32037
34.50 0.62992210685231265 -0.35816 -0.32593 -0.00455 0.10823 .32138
34.75 0.63286819135903882 -0.35778 -0.32741 -0.00506 0.10979 .32235
35.00 0.63581839018712483 -0.35743 -0.32883 -0.00557 0.11133 .32326
35.25 0.63877292046592293 -0.35710 -0.33019 -0.00608 0.11286 .32411
35.50 0.64173199996623487 -0.35681 -0.33149 -0.00658 0.11437 .32491
35.75 0.64469584718154593 -0.35655 -0.33272 -0.00708 0.11586 .32564
36.00 0.64766468140925815 -0.35632 -0.33388 -0.00757 0.11734 .32631
36.25 0.65063872283200119 -0.35614 -0.33497 -0.00805 0.11879 .32692
36.50 0.65361819259909770 -0.35600 -0.33598 -0.00852 0.12021 .32746
36.75 0.65660331290825846 -0.35591 -0.33691 -0.00899 0.12161 .32792
37.00 0.65959430708758449 -0.35587 -0.33776 -0.00944 0.12298 .32832
37.25 0.66259139967795155 -0.35589 -0.33853 -0.00988 0.12433 .32865
37.50 0.66559481651585173 -0.35596 -0.33921 -0.01030 0.12564 .32891
37.75 0.66860478481676788 -0.35610 -0.33980 -0.01072 0.12692 .32908
38.00 0.67162153325915808 -0.35629 -0.34030 -0.01112 0.12816 .32918
38.25 0.67464529206912238 -0.35653 -0.34072 -0.01151 0.12938 .32921
38.50 0.67767629310583211 -0.35683 -0.34107 -0.01189 0.13055 .32918
38.75 0.68071476994779589 -0.35717 -0.34134 -0.01225 0.13169 .32909
39.00 0.68376095798003989 -0.35755 -0.34155 -0.01260 0.13280 .32895
39.25 0.68681509448228206 -0.35795 -0.34170 -0.01293 0.13386 .32877
39.50 0.68987741871817743 -0.35838 -0.34181 -0.01325 0.13489 .32856
39.75 0.69294817202571524 -0.35882 -0.34187 -0.01356 0.13587 .32831
40.00 0.69602759790885060 -0.35928 -0.34190 -0.01385 0.13682 .32805
40.25 0.69911594213045092 -0.35973 -0.34190 -0.01413 0.13772 .32777
40.50 0.70221345280664171 -0.36018 -0.34188 -0.01439 0.13858 .32749
40.75 0.70532038050263912 -0.36063 -0.34184 -0.01464 0.13940 .32720
41.00 0.70843697833015451 -0.36106 -0.34179 -0.01487 0.14017 .32692
41.25 0.71156350204645979 -0.36147 -0.34173 -0.01509 0.14090 .32664
41.50 0.71470021015520846 -0.36187 -0.34166 -0.01530 0.14159 .32636
41.75 0.71784736400909988 -0.36225 -0.34159 -0.01549 0.14223 .32610
42.00 0.72100522791448773 -0.36261 -0.34152 -0.01567 0.14283 .32585
42.25 0.72417406923802852 -0.36294 -0.34145 -0.01583 0.14338 .32562
42.50 0.72735415851547003 -0.36325 -0.34138 -0.01598 0.14388 .32540
42.75 0.73054576956268569 -0.36353 -0.34131 -0.01611 0.14433 .32520
43.00 0.73374917958905994 -0.36379 -0.34125 -0.01623 0.14474 .32502
43.25 0.73696466931333482 -0.36401 -0.34119 -0.01634 0.14510 .32485
43.50 0.74019252308203054 -0.36421 -0.34114 -0.01643 0.14542 .32471
43.75 0.74343302899055930 -0.36438 -0.34110 -0.01651 0.14568 .32459
44.00 0.74668647900714824 -0.36451 -0.34106 -0.01657 0.14590 .32449
44.25 0.74995316909970178 -0.36462 -0.34103 -0.01662 0.14607 .32441
44.50 0.75323339936572720 -0.36470 -0.34101 -0.01665 0.14619 .32436
44.75 0.75652747416546084 -0.36474 -0.34100 -0.01668 0.14626 .32432
45.00 0.75983570225832975 -0.36476 -0.34100 -0.01668 0.14629 .32432
45.25 0.76315839694289456 -0.36474 -0.34100 -0.01668 0.14626 .32432
45.50 0.76649587620041937 -0.36470 -0.34101 -0.01665 0.14619 .32436
45.75 0.76984846284222430 -0.36462 -0.34103 -0.01662 0.14607 .32441
46.00 0.77321648466098036 -0.36451 -0.34106 -0.01657 0.14590 .32449
46.25 0.77660027458611014 -0.36438 -0.34110 -0.01651 0.14568 .32459
46.50 0.78000017084346973 -0.36421 -0.34114 -0.01643 0.14542 .32471
46.75 0.78341651711948912 -0.36401 -0.34119 -0.01634 0.14510 .32485
47.00 0.78684966272995749 -0.36379 -0.34125 -0.01623 0.14474 .32502
47.25 0.79029996279364645 -0.36353 -0.34131 -0.01611 0.14433 .32520
47.50 0.79376777841097601 -0.36325 -0.34138 -0.01598 0.14388 .32540
47.75 0.79725347684792980 -0.36294 -0.34145 -0.01583 0.14338 .32562
48.00 0.80075743172543956 -0.36261 -0.34152 -0.01567 0.14283 .32585
48.25 0.80428002321446923 -0.36225 -0.34159 -0.01549 0.14223 .32610
48.50 0.80782163823703412 -0.36187 -0.34166 -0.01530 0.14159 .32636
48.75 0.81138267067340353 -0.36147 -0.34173 -0.01509 0.14090 .32664
49.00 0.81496352157574936 -0.36106 -0.34179 -0.01487 0.14017 .32692
49.25 0.81856459938850701 -0.36063 -0.34184 -0.01464 0.13940 .32720
49.50 0.82218632017573356 -0.36018 -0.34188 -0.01439 0.13858 .32749
49.75 0.82582910785575958 -0.35973 -0.34190 -0.01413 0.13772 .32777
50.00 0.82949339444344139 -0.35928 -0.34190 -0.01385 0.13682 .32805
50.25 0.83317962030033754 -0.35882 -0.34187 -0.01356 0.13587 .32831
50.50 0.83688823439314863 -0.35838 -0.34181 -0.01325 0.13489 .32856
50.75 0.84061969456077290 -0.35795 -0.34170 -0.01293 0.13386 .32877
51.00 0.84437446779034697 -0.35755 -0.34155 -0.01260 0.13280 .32895
51.25 0.84815303050266300 -0.35717 -0.34134 -0.01225 0.13169 .32909
51.50 0.85195586884736429 -0.35683 -0.34107 -0.01189 0.13055 .32918
51.75 0.85578347900834917 -0.35653 -0.34072 -0.01151 0.12938 .32921
52.00 0.85963636751982619 -0.35629 -0.34030 -0.01112 0.12816 .32918
52.25 0.86351505159349251 -0.35610 -0.33980 -0.01072 0.12692 .32908
52.50 0.86742005945732381 -0.35596 -0.33921 -0.01030 0.12564 .32891
52.75 0.87135193070649397 -0.35589 -0.33853 -0.00988 0.12433 .32865
53.00 0.87531121666696521 -0.35587 -0.33776 -0.00944 0.12298 .32832
53.25 0.87929848077231665 -0.35591 -0.33691 -0.00899 0.12161 .32792
53.50 0.88331429895441260 -0.35600 -0.33598 -0.00852 0.12021 .32746
53.75 0.88735926004853483 -0.35614 -0.33497 -0.00805 0.11879 .32692
54.00 0.89143396621364279 -0.35632 -0.33388 -0.00757 0.11734 .32631
54.25 0.89553903336845653 -0.35655 -0.33272 -0.00708 0.11586 .32564
54.50 0.89967509164409376 -0.35681 -0.33149 -0.00658 0.11437 .32491
54.75 0.90384278585403033 -0.35710 -0.33019 -0.00608 0.11286 .32411
55.00 0.90804277598219907 -0.35743 -0.32883 -0.00557 0.11133 .32326
55.25 0.91227573769007742 -0.35778 -0.32741 -0.00506 0.10979 .32235
55.50 0.91654236284366797 -0.35816 -0.32593 -0.00455 0.10823 .32138
55.75 0.92084336006132139 -0.35856 -0.32440 -0.00403 0.10667 .32037
56.00 0.92517945528340284 -0.35898 -0.32280 -0.00352 0.10510 .31928
56.25 0.92955139236486140 -0.35943 -0.32116 -0.00302 0.10352 .31814
56.50 0.93395993369181618 -0.35989 -0.31946 -0.00252 0.10195 .31694
56.75 0.93840586082334254 -0.36036 -0.31770 -0.00202 0.10038 .31568
57.00 0.94288997515969897 -0.36085 -0.31589 -0.00155 0.09882 .31434
57.25 0.94741309863831702 -0.36136 -0.31404 -0.00109 0.09728 .31295
57.50 0.95197607445894206 -0.36188 -0.31213 -0.00065 0.09575 .31148
57.75 0.95657976783940157 -0.36241 -0.31016 -0.00023 0.09424 .30993
58.00 0.96122506680355879 -0.36295 -0.30815 0.00015 0.09276 .30830
58.25 0.96591288300310196 -0.36350 -0.30609 0.00050 0.09132 .30659
58.50 0.97064415257492132 -0.36407 -0.30397 0.00081 0.08992 .30478
58.75 0.97541983703592194 -0.36464 -0.30181 0.00108 0.08857 .30289
59.00 0.98024092421724396 -0.36522 -0.29959 0.00129 0.08727 .30088
59.25 0.98510842923997155 -0.36581 -0.29733 0.00144 0.08603 .29877
59.50 0.99002339553454166 -0.36641 -0.29501 0.00152 0.08487 .29653
59.75 0.99498689590620693 -0.36702 -0.29264 0.00153 0.08378 .29417
60.00 1.0000000336490449 -0.36764 -0.29021 0.00145 0.08278 .29166
60.25 1.0050639437111659 -0.36826 -0.28774 0.00129 0.08188 .28903
60.50 1.0101797939139427 -0.36889 -0.28521 0.00103 0.08108 .28624
60.75 1.0153487862282633 -0.36952 -0.28263 0.00066 0.08039 .28329
61.00 1.0205721581109972 -0.37017 -0.28000 0.00019 0.07981 .28019
61.25 1.0258511839050852 -0.37082 -0.27732 -0.00040 0.07936 .27692
61.50 1.0311871763068714 -0.37147 -0.27458 -0.00111 0.07903 .27347
61.75 1.0365814879045478 -0.36961 -0.27178 -0.00193 0.07884 .26985
62.00 1.0420355127918348 -0.36662 -0.26893 -0.00288 0.07878 .26605
62.25 1.0475506882612993 -0.36356 -0.26603 -0.00396 0.07884 .26207
62.50 1.0531284965820111 -0.36045 -0.26307 -0.00516 0.07905 .25791
62.75 1.0587704668665670 -0.35727 -0.26006 -0.00648 0.07938 .25358
63.00 1.0644781770328475 -0.35404 -0.25698 -0.00792 0.07984 .24906
63.25 1.0702532558662603 -0.35074 -0.25386 -0.00948 0.08043 .24438
63.50 1.0760973851886237 -0.34738 -0.25067 -0.01115 0.08114 .23952
63.75 1.0820123021402799 -0.34396 -0.24743 -0.01293 0.08196 .23450
64.00 1.0879998015825072 -0.34048 -0.24413 -0.01481 0.08289 .22932
64.25 1.0940617386278098 -0.33693 -0.24077 -0.01678 0.08392 .22399
64.50 1.1002000313062268 -0.33332 -0.23735 -0.01885 0.08505 .21850
64.75 1.1064166633763877 -0.32964 -0.23387 -0.02100 0.08627 .21287
65.00 1.1127136872907215 -0.32591 -0.23033 -0.02323 0.08757 .20710
65.25 1.1190932273249123 -0.32211 -0.22673 -0.02554 0.08894 .20119
65.50 1.1255574828824770 -0.31824 -0.22307 -0.02791 0.09037 .19516
65.75 1.1321087319861824 -0.31432 -0.21934 -0.03034 0.09185 .18900
66.00 1.1387493349689228 -0.31033 -0.21554 -0.03282 0.09337 .18272
66.25 1.1454817383776770 -0.30628 -0.21167 -0.03534 0.09491 .17633
66.50 1.1523084791052536 -0.30217 -0.20771 -0.03787 0.09645 .16984
66.75 1.1592321887657087 -0.29800 -0.20365 -0.04039 0.09795 .16326
67.00 1.1662555983306084 -0.29378 -0.19945 -0.04284 0.09938 .15661
67.25 1.1733815430447392 -0.28949 -0.19503 -0.04515 0.10067 .14988
67.50 1.1806129676413906 -0.28514 -0.19024 -0.04713 0.10171 .14311
67.75 1.1879529318790409 -0.28071 -0.18471 -0.04844 0.10232 .13627
68.00 1.1954046164231349 -0.27615 -0.17760 -0.04837 0.10224 .12923
68.25 1.2029713290986654 -0.27154 -0.16699 -0.04559 0.10152 .12140
68.50 1.2106565115415191 -0.26813 -0.15108 -0.03899 0.10230 .11209
68.75 1.2184637462790018 -0.26813 -0.13652 -0.03173 0.10489 .10479
69.00 1.2263967642726714 -0.27026 -0.12614 -0.02550 0.10596 .10064
69.25 1.2344594529595776 -0.27341 -0.11798 -0.01978 0.10508 .09820
69.50 1.2426558648313226 -0.27723 -0.11099 -0.01431 0.10258 .09668
69.75 1.2509902265939778 -0.28164 -0.10471 -0.00907 0.09889 .09564
70.00 1.2594669489559134 -0.28659 -0.09899 -0.00420 0.09451 .09479
70.25 1.2680906370950717 -0.29207 -0.09383 0.00011 0.09006 .09394
70.50 1.2768661018621295 -0.29802 -0.08934 0.00357 0.08618 .09291
70.75 1.2857983717814927 -0.30435 -0.08563 0.00591 0.08342 .09154
71.00 1.2948927059181552 -0.31091 -0.08283 0.00693 0.08217 .08976
71.25 1.3041546076852373 -0.31757 -0.08101 0.00656 0.08257 .08757
71.50 1.3135898396745678 -0.32418 -0.08017 0.00490 0.08456 .08507
71.75 1.3232044396011293 -0.33068 -0.08028 0.00216 0.08790 .08244
72.00 1.3330047374615932 -0.33701 -0.08123 -0.00143 0.09231 .07980
72.25 1.3429973740177321 -0.34318 -0.08290 -0.00564 0.09753 .07726
72.50 1.3531893207273342 -0.34923 -0.08515 -0.01030 0.10334 .07485
72.75 1.3635879012585173 -0.35518 -0.08787 -0.01526 0.10958 .07261
73.00 1.3742008147382716 -0.36109 -0.09093 -0.02041 0.11613 .07052
73.25 1.3850361609029067 -0.36699 -0.09424 -0.02568 0.12291 .06856
73.50 1.3961024673370386 -0.37291 -0.09775 -0.03101 0.12985 .06674
73.75 1.4074087190092159 -0.37887 -0.10138 -0.03635 0.13692 .06503
74.00 1.4189643903365978 -0.38489 -0.10510 -0.04167 0.14408 .06343
74.25 1.4307794800386300 -0.39099 -0.10887 -0.04695 0.15132 .06192
74.50 1.4428645490710084 -0.39717 -0.11266 -0.05217 0.15863 .06049
74.75 1.4552307619668963 -0.40344 -0.11646 -0.05731 0.16598 .05915
75.00 1.4678899319530556 -0.40982 -0.12024 -0.06235 0.17339 .05789
75.25 1.4808545702551064 -0.41630 -0.12400 -0.06730 0.18083 .05670
75.50 1.4941379400594756 -0.42288 -0.12770 -0.07213 0.18832 .05557
75.75 1.5077541156608558 -0.42958 -0.13135 -0.07685 0.19586 .05450
76.00 1.5217180473945009 -0.43638 -0.13494 -0.08145 0.20343 .05349
76.25 1.5360456330340897 -0.44330 -0.13845 -0.08592 0.21106 .05253
76.50 1.5507537964299845 -0.45032 -0.14189 -0.09027 0.21874 .05162
76.75 1.5658605742718710 -0.45744 -0.14523 -0.09449 0.22648 .05074
77.00 1.5813852119866876 -0.46467 -0.14849 -0.09857 0.23429 .04992
77.25 1.5973482699307082 -0.47199 -0.15166 -0.10253 0.24217 .04913
77.50 1.6137717412076256 -0.47941 -0.15472 -0.10636 0.25013 .04836
77.75 1.6306791826473761 -0.48692 -0.15769 -0.11005 0.25819 .04764
78.00 1.6480958607190197 -0.49451 -0.16056 -0.11362 0.26635 .04694
78.25 1.6660489144325314 -0.50218 -0.16332 -0.11706 0.27462 .04626
78.50 1.6845675376176648 -0.50992 -0.16597 -0.12038 0.28302 .04559
78.75 1.7036831833639368 -0.51772 -0.16852 -0.12357 0.29155 .04495
79.00 1.7234297938777567 -0.52559 -0.17096 -0.12664 0.30023 .04432
79.25 1.7438440595774944 -0.53351 -0.17330 -0.12959 0.30907 .04371
79.50 1.7649657119256603 -0.54147 -0.17553 -0.13243 0.31809 .04310
79.75 1.7868378553155890 -0.54948 -0.17765 -0.13515 0.32730 .04250
80.00 1.8095073443210954 -0.55752 -0.17966 -0.13776 0.33671 .04190
80.25 1.8330252138232914 -0.56559 -0.18158 -0.14026 0.34634 .04132
80.50 1.8574471710024862 -0.57369 -0.18338 -0.14265 0.35621 .04073
80.75 1.8828341599932619 -0.58180 -0.18508 -0.14494 0.36633 .04014
81.00 1.9092530122354845 -0.58991 -0.18668 -0.14712 0.37671 .03956
81.25 1.9367771983277440 -0.59804 -0.18818 -0.14920 0.38738 .03898
81.50 1.9654877006520655 -0.60615 -0.18958 -0.15119 0.39835 .03839
81.75 1.9954740303864316 -0.61426 -0.19087 -0.15307 0.40965 .03780
82.00 2.0268354180156947 -0.62236 -0.19207 -0.15487 0.42129 .03720
