0.5 -1.3347971472
.55 -1.3194247397
.60 -1.3046572333
.65 -1.3292094532
.70 -1.3457832612
.75 -1.3553986043
.80 -1.3590302642
.85 -1.3577320681
.90 -1.3526754630
.95 -1.3451129879
1.00 -1.3362878218
1.05 -1.3419790977
1.10 -1.3523293629
1.15 -1.3606010697
1.20 -1.3665852690
1.25 -1.3703088894
1.30 -1.3719145157
1.35 -1.3715949047
1.40 -1.3695629412
1.45 -1.3660412853
1.50 -1.3612619409
1.55 -1.3554701293
1.60 -1.3489285103
1.65 -1.3419179875
1.70 -1.3364329924
1.75 -1.3381437010
1.80 -1.3430215639
1.85 -1.3473709191
1.90 -1.3510969563
1.95 -1.3541382031
2.00 -1.3564615566
2.05 -1.3580570215
2.10 -1.3589325586
2.15 -1.3591094770
2.20 -1.3586184567
2.25 -1.3574962887
2.30 -1.3557832850
2.35 -1.3535212774
2.40 -1.3507521029
2.45 -1.3475166180
2.50 -1.3438538681
2.55 -1.3398006970
2.60 -1.3353914763
2.65 -1.3306579055
2.70 -1.3256291598
2.75 -1.3203317800
2.80 -1.3147898375
2.85 -1.3090251256
2.90 -1.3031351402
2.95 -1.3067121310
3.00 -1.3101314848
3.05 -1.3133959656
3.10 -1.3165084990
3.15 -1.3194719510
3.20 -1.3222763377
3.25 -1.3249519961
3.30 -1.3274848249
3.35 -1.3298760100
3.40 -1.3321253876
3.45 -1.3342303732
3.50 -1.3361837149
3.55 -1.3379675946
3.60 -1.3395365062
3.65 -1.3407578564
3.70 -1.3412147919
3.75 -1.3401963015
3.80 -1.3379546960
3.85 -1.3352013470
3.90 -1.3322237757
