#HF isntabilities: hessian eigenvalues
#y,rrhf,crhf,ruhf
0.25 0.050917 0.0120201 -0.5023156
.26 0.0562085 0.0153376 -0.493765
.27 0.0622278 0.0191694 -0.4840717
.28 0.0690317 0.023515 -0.4731459
.29 0.0766643 0.028364 -0.4609462
.30 0.085155 0.0336997 -0.447482
.31 0.0945178 0.0395012 -0.4328103
.32 0.1047521 0.0457462 -0.4170271
.33 0.1158432 0.0524113 -0.400257
.34 0.1277644 0.0594733 -0.3826411
.35 0.1404779 0.066909 -0.3643283
.36 0.1539367 0.0746943 -0.3454674
.37 0.1680857 0.0828043 -0.3262019
.38 0.1828648 0.0912138 -0.3066648
.39 0.1982078 0.0998952 -0.2869798
.40 0.2140466 0.1088204 -0.2672573
.41 0.2303093 0.117959 -0.2475971
.42 0.2274582 0.1272792 -0.228087
.43 0.2071867 0.1367471 -0.2088053
.44 0.1869725 0.1463276 -0.1898199
.45 0.1667643 0.1532986 -0.1711925
.46 0.1465174 0.1319103 -0.1529766
.47 0.1261949 0.1103756 -0.1352197
.48 0.1057689 0.0886718 -0.1179668
.49 0.0852171 0.0667838 -0.1012566
.50 0.0645262 0.0447075 -0.0851287
.51 0.0436877 0.0224433 -0.0696197
.52 0.0226987 -0.0000022 -0.0764922
.53 0.0015603 -0.0226195 -0.1008713
.54 0.0280086 -0.0285903 -0.123751
.55 0.0180581 -0.0355903 -0.1235011
.56 0.0119704 -0.0281912 -0.1566056
.57 0.0283441 -0.0088414 -0.1496857
.58 0.0400341 0.0076005 -0.1428972
.59 0.0462292 0.0198258 -0.136238
.60 0.0472943 0.0267856 -0.1297053
.61 0.0444499 0.0285018 -0.1232946
.62 0.038954 0.0260441 -0.1170021
.63 0.031717 0.0207113 -0.1108225
.64 0.0233152 0.0134973 -0.1047506
.65 0.0141023 0.0050416 -0.0987821
.66 0.0042963 -0.0042659 -0.0929115
.67 0.0114585 -0.0082378 -0.0821016
.68 0.0294437 -0.0079985 -0.0913321
.69 0.0445298 -0.0077972 -0.1135938
.70 0.0562484 -0.0076167 -0.1297388
.71 0.0642444 -0.0074459 -0.1400324
.72 0.0682613 -0.0072775 -0.1445182
.73 0.0681336 -0.0071062 -0.1431439
.74 0.0637777 -0.0069289 -0.1357804
.75 0.0551818 -0.0067433 -0.1221977
.76 0.0423945 -0.006548 -0.1020078
.77 0.0255086 -0.0063424 -0.074522
.78 0.0046463 -0.006126 -0.038375
.79 0.0094326 0.0035874 -0.0204218
.80 0.0212518 0.0157181 -0.0085997
.81 0.0330921 0.0278887 0.0032331
.82 0.0449524 0.0400997 0.0150724
.83 0.0568273 0.052347 0.0269087
.84 0.0687126 0.0646281 0.0325041
.85 0.0806024 0.0769391 0.0367352
.86 0.0924903 0.089276 0.0407912
.87 0.1043676 0.1016334 0.0446767
.88 0.1162271 0.1140071 0.0483976
.89 0.1280546 0.1263873 0.0519556
.90 0.1398396 0.1387685 0.0553542
.91 0.1515662 0.1511406 0.0585923
.92 0.1632147 0.163491 0.0616655
.93 0.1747645 0.1758076 0.0645674
.94 0.1861883 0.1880731 0.0672874
.95 0.1974556 0.2002686 0.0698119
.96 0.2085295 0.2123706 0.0721242
.97 0.2193638 0.2019914 0.0742031
.98 0.2299067 0.1885569 0.0760258
.99 0.2177092 0.1752673 0.0653155
1.00 0.205491 0.1621239 0.0525165
1.01 0.1934135 0.1491281 0.039774
1.02 0.1814906 0.1362817 0.0270858
1.03 0.1697364 0.1235834 0.0144416
1.04 0.1581692 0.1110318 0.0018237
1.05 0.1451671 0.0986273 -0.0107952
1.06 0.1259992 0.08637 -0.0234616
1.07 0.1067862 0.071781 -0.0362559
1.08 0.0874048 0.0533902 -0.0493195
1.09 0.0676298 0.035092 -0.0629423
1.10 0.0470483 0.0168596 -0.0778136
1.11 0.0255573 -0.0009388 -0.0959172
1.12 0.0237513 -0.0089118 -0.1110378
1.13 0.045923 -0.0024276 -0.1023284
1.14 0.0622854 0.0062822 -0.0943031
1.15 0.0586556 0.0101909 -0.0926781
1.16 -0.0112691 -0.0793851 -0.1787594
1.17 0.0487357 0.0116206 -0.0742226
1.18 0.0469521 0.0137835 -0.0616032
1.19 0.0465979 0.0165752 -0.0480914
1.20 0.0472928 0.0198193 -0.0353807
1.21 0.0487582 0.0233884 -0.0285554
1.22 0.0507944 0.0271928 -0.0220139
1.23 0.0532569 0.0311672 -0.0267902
1.24 0.0560427 0.0352665 -0.0323289
1.25 0.059077 0.039458 -0.0379973
1.26 0.062304 0.0437175 -0.0437754
1.27 0.0656824 0.048027 -0.0496442
1.28 0.0691813 0.0523737 -0.0555861
1.29 0.0727764 0.0567468 -0.0615853
1.30 0.0764502 0.06114 -0.0676279
1.31 0.0801879 0.0655468 -0.0737014
1.32 0.0839789 0.0699634 -0.0797951
1.33 0.0878143 0.0743864 -0.0858994
1.34 0.0916862 0.0788125 -0.0920053
1.35 0.0955906 0.0832412 -0.098106
1.36 0.0995214 0.0876695 -0.1041943
1.37 0.1034764 0.0920978 -0.110265
1.38 0.1074521 0.0965246 -0.1163126
1.39 0.111446 0.1009495 -0.1223324
1.40 0.1154556 0.1053711 -0.1283199
1.41 0.1194809 0.1097911 -0.1342724
1.42 0.12352 0.1142086 -0.1401861
1.43 0.127571 0.1186228 -0.1460578
1.44 0.131634 0.1230347 -0.1518853
1.45 0.1357078 0.1274437 -0.1576659
1.46 0.1397917 0.13185 -0.1633975
1.47 0.1438856 0.1307279 -0.1690782
1.48 0.1479892 0.1272302 -0.1747065
1.49 0.1521014 0.123804 -0.1802805
1.50 0.1562221 0.1204489 -0.1857987
1.51 0.1603513 0.1171646 -0.1912602
1.52 0.1644891 0.1139506 -0.1966639
1.53 0.1686335 0.1108067 -0.202008
1.54 0.1727865 0.1077318 -0.2072927
1.55 0.1769452 0.1047259 -0.2125157
1.56 0.1811117 0.1017879 -0.2176777
1.57 0.1852841 0.0989172 -0.2227771
1.58 0.1894636 0.096113 -0.227814
1.59 0.1936481 0.0933746 -0.2327872
1.60 0.1978388 0.090701 -0.2376969
1.61 0.2020337 0.0880915 -0.2425419
1.62 0.2062328 0.0855453 -0.2473222
1.63 0.2104375 0.0830612 -0.2520382
1.64 0.2146456 0.0806384 -0.256689
1.65 0.218856 0.0782761 -0.2612741
1.66 0.2230701 0.0759731 -0.2657943
1.67 0.2272869 0.0737285 -0.2702491
1.68 0.2315052 0.0715413 -0.2746384
1.69 0.2357239 0.0694107 -0.2789619
1.70 0.2399446 0.0673354 -0.2832204
1.71 0.2441648 0.0653145 -0.2874135
1.72 0.2483847 0.0633471 -0.2915414
1.73 0.2526032 0.0614321 -0.2956041
1.74 0.2568205 0.0595684 -0.2996022
1.75 0.2610356 0.0577551 -0.3035358
1.76 0.2652486 0.0559911 -0.3074054
1.77 0.269457 0.0542755 -0.3112106
1.78 0.2736612 0.0526073 -0.3149522
1.79 0.2778614 0.0509854 -0.3186308
1.80 0.2820566 0.0494087 -0.3222467
1.81 0.2862457 0.0478765 -0.3258002
1.82 0.2904291 0.0463875 -0.329292
1.83 0.2946057 0.044941 -0.3327226
1.84 0.2987729 0.0435359 -0.3360917
1.85 0.3029328 0.0421713 -0.3394008
1.86 0.3070844 0.0408462 -0.3426504
1.87 0.3112267 0.0395597 -0.3458409
1.88 0.3153586 0.038311 -0.3489727
1.89 0.3194808 0.0370989 -0.352047
1.90 0.3235925 0.0359227 -0.3550642
1.91 0.3276926 0.0347815 -0.3580249
1.92 0.3317803 0.0336744 -0.3609298
1.93 0.3358564 0.0326005 -0.3637798
1.94 0.3399202 0.031559 -0.3665757
1.95 0.3439706 0.0305491 -0.3693182
1.96 0.3453211 0.0295698 -0.3720083
1.97 0.3441522 0.0286206 -0.3746463
1.98 0.3430412 0.0277004 -0.3772333
1.99 0.3419884 0.0268086 -0.3797707
2.00 0.3409919 0.0259444 -0.382258
2.01 0.3400529 0.025107 -0.3846977
2.02 0.3391696 0.0242957 -0.3870893
2.03 0.3383413 0.0235098 -0.3894338
2.04 0.3375689 0.0227485 -0.3917333
2.05 0.33685 0.0220112 -0.3939871
2.06 0.3361849 0.0212972 -0.396197
2.07 0.3355727 0.0206058 -0.3983638
2.08 0.3350126 0.0199364 -0.4004883
2.09 0.3345036 0.0192883 -0.4025713
2.10 0.3340455 0.0186609 -0.404614
2.11 0.3336367 0.0180536 -0.4066168
2.12 0.3332761 0.0174658 -0.4085804
2.13 0.332964 0.0168969 -0.4105067
2.14 0.3326988 0.0163463 -0.4123958
2.15 0.3324787 0.0158136 -0.4142481
2.16 0.3323046 0.0152981 -0.4160658
2.17 0.3321735 0.0147994 -0.4178482
2.18 0.3320862 0.0143168 -0.4195976
2.19 0.3320404 0.01385 -0.4213136
2.20 0.3320363 0.0133984 -0.4229981
2.21 0.3320713 0.0129615 -0.4246507
2.22 0.3321459 0.0125389 -0.4262732
2.23 0.332258 0.0121302 -0.4278657
2.24 0.3324074 0.0117349 -0.4294295
2.25 0.3325921 0.0113526 -0.4309647
2.26 0.3328126 0.0109828 -0.432473
2.27 0.3330662 0.0106251 -0.4339541
2.28 0.3333534 0.0102793 -0.4354096
2.29 0.3336715 0.0099448 -0.436839
2.30 0.3340218 0.0096213 -0.4382446
2.31 0.3344008 0.0093086 -0.4396254
2.32 0.3348099 0.0090061 -0.4409835
2.33 0.3352464 0.0087136 -0.4423185
2.34 0.33571 0.0084308 -0.4436314
2.35 0.3361998 0.0081573 -0.4449228
2.36 0.3367147 0.0078928 -0.4461931
2.37 0.3372538 0.0076371 -0.447443
2.38 0.337816 0.0073898 -0.448673
2.39 0.3384013 0.0071507 -0.4498839
2.40 0.3390088 0.0069194 -0.4510762
2.41 0.3396365 0.0066958 -0.45225
2.42 0.3402846 0.0064796 -0.4534062
2.43 0.3409521 0.0062705 -0.4545452
2.44 0.3416382 0.0060683 -0.4556673
2.45 0.342341 0.0058728 -0.4567727
2.46 0.3430617 0.0056837 -0.4578625
2.47 0.3437984 0.0055009 -0.4589368
2.48 0.3445514 0.005324 -0.4599962
2.49 0.3453188 0.005153 -0.4610409
