# h6 energies for multiplicity =  1
# atoms arranged in pyramid structure of four isosceles triangles, definied by single parameter y = the height of the triangles 
# y, E(n=1), E(n=2), E(n=3), E(n=4), E(n=5), rrhf1, rrhf2, rrhf3
0.5 -3.1135259106  -3.1128666311  -2.8193755775  -2.8193549789  -2.8190065276 
.525 -3.1092522029  -3.1081575682  -2.8423271223  -2.8422810947  -2.8416904671 
.550 -3.1041969002  -3.1024729472  -2.8623572646  -2.8622659381  -2.8613157986 
.575 -3.0986234325  -3.0960306350  -2.8799098509  -2.8797452173  -2.8782857266 
.600 -3.0927437175  -3.0889988820  -2.8953617183  -2.8950874695  -2.8929354231 
.625 -3.0867291656  -3.0815105343  -2.9090340941  -2.9086065467  -2.9055463603 
.650 -3.0807188079  -3.0736741700  -2.9212009285  -2.9205711186  -2.9163576030 
.675 -3.0748251760  -3.0655826274  -2.9320949966  -2.9312118696  -2.9255746881 
.700 -3.0691384974  -3.0573191372  -2.9419125364  -2.9407269570  -2.9333765078 
.725 -3.0637296270  -3.0489615495  -2.9508169208  -2.9492860868  -2.9399206640 
.750 -3.0586521624  -3.0405847937  -2.9589419032  -2.9570336120  -2.9453475462 
.775 -3.0539441201  -3.0322617625  -2.9663948223  -2.9640910118  -2.9497833512 
.800 -3.0496293374  -3.0240633881  -2.9732597380  -2.9705588564  -2.9533424774 
.825 -3.0457189207  -3.0160576979  -2.9796008071  -2.9765186777  -2.9561292279 
.850 -3.0422127722  -3.0083085031  -2.9854657013  -2.9820347857  -2.9582391030 
.875 -3.0391011932  -3.0008743970  -2.9908888722  -2.9871558403  -2.9597598773 
.900 -3.0363666710  -2.9958947800  -2.9938189600  -2.9919052744  -2.9607722833 
.925 -3.0339855787  -3.0005005402  -2.9963561844  -2.9871372009  -2.9613508128 
.950 -3.0319300198  -3.0047184979  -3.0004682538  -2.9809200359  -2.9615640436 
.975 -3.0301693622  -3.0085579683  -3.0042746510  -2.9751695873  -2.9614753181 
1.000 -3.0286717608  -3.0120268500  -3.0077797124  -2.9699035950  -2.9611430144 
1.025 -3.0274053240  -3.0151325799  -3.0109857738  -2.9651310124  -2.9606210805 
1.050 -3.0263392269  -3.0178829924  -3.0138939941  -2.9608532103  -2.9599592143 
1.075 -3.0254447547  -3.0202867137  -3.0165049922  -2.9592032306  -2.9570650746 
1.100 -3.0246974225  -3.0223533420  -3.0188178921  -2.9583954102  -2.9537561034 
1.125 -3.0240934325  -3.0240867496  -3.0208211250  -2.9575749030  -2.9509115862 
1.150 -3.0255185747  -3.0237180774  -3.0223911496  -2.9567777649  -2.9485132298 
1.175 -3.0266412906  -3.0244080230  -3.0226970535  -2.9560370796  -2.9465398651 
1.200 -3.0274746164  -3.0255672228  -3.0223170185  -2.9553836641  -2.9449687918 
1.225 -3.0280321933  -3.0265770532  -3.0218618031  -2.9548456822  -2.9437755780 
1.250 -3.0283280336  -3.0274031927  -3.0213607014  -2.9544488002  -2.9429345448 
1.275 -3.0283761864  -3.0280625571  -3.0207937317  -2.9542167572  -2.9424197074 
1.300 -3.0285816997  -3.0281908622  -3.0201336374  -2.9541706117  -2.9422041618 
1.325 -3.0289891452  -3.0277860932  -3.0193525735  -2.9543294636  -2.9422613243 
1.350 -3.0293126114  -3.0271758427  -3.0184253982  -2.9547096195  -2.9425643971 
1.375 -3.0295761048  -3.0263738051  -3.0173318006  -2.9553251923  -2.9430875589 
1.400 -3.0297988919  -3.0253934947  -3.0160577966  -2.9561873849  -2.9438055911 
1.425 -3.0299948086  -3.0242482250  -3.0145961805  -2.9573045857  -2.9446943682 
1.450 -3.0301727219  -3.0229512006  -3.0129462043  -2.9586820951  -2.9457307824 
1.475 -3.0303373877  -3.0215156965  -3.0111128286  -2.9603219285  -2.9468926209 
1.500 -3.0304908027  -3.0199552922  -3.0091058148  -2.9622223399  -2.9481578911 
1.525 -3.0306330748  -3.0182843437  -3.0069392007  -2.9643775000  -2.9495042556 
1.550 -3.0307633996  -3.0165186966  -3.0046311498  -2.9667767389  -2.9509078086 
1.575 -3.0308804493  -3.0146770850  -3.0022046823  -2.9694033962  -2.9523416368 
1.600 -3.0309827100  -3.0127836170  -2.9996892913  -2.9722324894  -2.9537735060 
1.625 -3.0310689614  -3.0108723495  -2.9971235390  -2.9752262477  -2.9551623063 
1.650 -3.0311382809  -3.0089968558  -2.9945596193  -2.9783249043  -2.9564531772 
1.675 -3.0311897487  -3.0072506055  -2.9920702328  -2.9814266800  -2.9575708366 
1.700 -3.0312230267  -3.0058088159  -2.9897557076  -2.9843461401  -2.9584113243 
1.725 -3.0312376902  -3.0049984860  -2.9877486941  -2.9867445910  -2.9588381961 
1.750 -3.0312335749  -3.0053014269  -2.9881273173  -2.9862019562  -2.9586940427 
1.775 -3.0312106090  -3.0070259247  -2.9881722530  -2.9852469316  -2.9578421107 
1.800 -3.0311687506  -3.0099576872  -2.9870793202  -2.9849353615  -2.9562247363 
1.825 -3.0311079311  -3.0136653288  -2.9852651992  -2.9852158845  -2.9538868480 
1.850 -3.0310279019  -3.0178363977  -2.9859707140  -2.9830274734  -2.9509396716 
1.875 -3.0309285206  -3.0222949417  -2.9870704718  -2.9805273772  -2.9475052766 
1.900 -3.0308095062  -3.0269420221  -2.9884058474  -2.9778493802  -2.9436854876 
1.925 -3.0317171687  -3.0306703203  -2.9898943511  -2.9750397846  -2.9395555853 
1.950 -3.0365800530  -3.0305103717  -2.9914761541  -2.9721252572  -2.9351680308 
1.975 -3.0415018665  -3.0303291085  -2.9931079898  -2.9691216133  -2.9305582439 
2.000 -3.0464594663  -3.0301255358  -2.9947579140  -2.9660393783  -2.9257516555 
2.025 -3.0514349808  -3.0298989181  -2.9964018981  -2.9628846999  -2.9207647351 
2.050 -3.0564127696  -3.0296482280  -2.9980212196  -2.9596619860  -2.9156098167 
2.075 -3.0613795018  -3.0293724742  -2.9996009450  -2.9563740467  -2.9102955861 
2.100 -3.0663240651  -3.0290708136  -3.0011288961  -2.9530222539  -2.9048275859 
2.125 -3.0712365856  -3.0287424279  -3.0025948125  -2.9496073581  -2.8992098697 
2.150 -3.0761073851  -3.0283864785  -3.0039897205  -2.9461303955  -2.8934467829 
2.175 -3.0809294314  -3.0280026750  -3.0053058129  -2.9425906655  -2.8875393699 
2.200 -3.0856956009  -3.0275908869  -3.0065358084  -2.9389879835  -2.8814895345 
2.225 -3.0903992570  -3.0271514489  -3.0076727435  -2.9353222384  -2.8752992744 
2.250 -3.0950349777  -3.0266854225  -3.0087097560  -2.9315927276  -2.8689694960 
2.275 -3.0995981034  -3.0261947182  -3.0096397398  -2.9277985040  -2.8625006623 
2.300 -3.1040846740  -3.0256823114  -3.0104550278  -2.9239383866  -2.8558928245 
2.325 -3.1084900390  -3.0251524274  -3.0111470575  -2.9200123334  -2.8491481202 
2.350 -3.1128118658  -3.0246108827  -3.0117062226  -2.9160184084  -2.8422652820 
2.375 -3.1170461163  -3.0240649693  -3.0121217232  -2.9119568522  -2.8352470371 
2.400 -3.1211910108  -3.0235232403  -3.0123818649  -2.9078259223  -2.8280926252 
2.425 -3.1252438442  -3.0229945609  -3.0124749615  -2.9036252547  -2.8208040138 
2.450 -3.1292027538  -3.0224864954  -3.0123908956  -2.8993539225  -2.8133828041 
2.475 -3.1330662373  -3.0220031835  -3.0121231925  -2.8950109024  -2.8058327858 
2.500 -3.1368326541  -3.0215435420  -3.0116709009  -2.8905956771  -2.7981733955 
2.525 -3.1405011253  -3.0211006386  -3.0110389962  -2.8861070631  -2.7912924584 
2.550 -3.1440701106  -3.0206628844  -3.0102375604  -2.8815450708  -2.7910352208 
2.575 -3.1475387833  -3.0202161124  -3.0092793153  -2.8769090701  -2.7911118160 
2.600 -3.1509070046  -3.0197457580  -3.0081772683  -2.8721976463  -2.7911039427 
2.625 -3.1541739097  -3.0192385979  -3.0069435980  -2.8674106915  -2.7909974373 
2.650 -3.1573383695  -3.0186835031  -3.0055888742  -2.8625488875  -2.7907893271 
2.675 -3.1604012539  -3.0180710974  -3.0041208545  -2.8576098145  -2.7904795195 
2.700 -3.1633613080  -3.0173943934  -3.0025464941  -2.8525948654  -2.7900675744 
2.725 -3.1662192249  -3.0166475839  -3.0008703142  -2.8475021868  -2.7895540665 
2.750 -3.1689740429  -3.0158266477  -2.9990966232  -2.8423332254  -2.7889390523 
2.775 -3.1716262506  -3.0149281784  -2.9972280103  -2.8370868429  -2.7882231715 
2.800 -3.1741759920  -3.0139496532  -2.9952665792  -2.8317626691  -2.7874069585 
2.825 -3.1766230880  -3.0128893276  -2.9932142227  -2.8263612433  -2.7864909079 
2.850 -3.1789678720  -3.0117457275  -2.9910720946  -2.8208821177  -2.7854756855 
2.875 -3.1812107422  -3.0105176868  -2.9888409912  -2.8153247370  -2.7843619821 
2.900 -3.1833517650  -3.0092045237  -2.9865218503  -2.8096895148  -2.7831504802 
2.925 -3.1853907177  -3.0078060721  -2.9841159236  -2.8039779937  -2.7818419518 
2.950 -3.1873289346  -3.0063211909  -2.9816225106  -2.7981871983  -2.7804372817 
2.975 -3.1891659386  -3.0047502690  -2.9790430741  -2.7923196994  -2.7789373872 
3.000 -3.1909020759  -3.0030932632  -2.9763781387  -2.7863758551  -2.7773433384 
3.025 -3.1925383838  -3.0013494461  -2.9736270320  -2.7803534362  -2.7756561445 
3.050 -3.1940746074  -2.9995195583  -2.9707911912  -2.7742551077  -2.7738771781 
3.075 -3.1955115118  -2.9976032784  -2.9678703483  -2.7720077334  -2.7680797246 
3.100 -3.1968492790  -2.9956011027  -2.9648653789  -2.7700494718  -2.7618286949 
3.125 -3.1980886892  -2.9935126657  -2.9617758471  -2.7680039663  -2.7555006406 
3.150 -3.1992299856  -2.9913384912  -2.9586025720  -2.7658733168  -2.7490968725 
3.175 -3.2002737057  -2.9890786444  -2.9553456805  -2.7636597537  -2.7426172475 
3.200 -3.2012201784  -2.9867337111  -2.9520060113  -2.7613660928  -2.7360630656 
3.225 -3.2020697964  -2.9843043386  -2.9485844555  -2.7589956673  -2.7345267695 
3.250 -3.2028235123  -2.9817893651  -2.9450794051  -2.7565515191  -2.7349783192 
3.275 -3.2034813654  -2.9791905783  -2.9414933090  -2.7540388302  -2.7353401527 
3.300 -3.2040441073  -2.9765073169  -2.9378252523  -2.7514625211  -2.7356134393 
3.325 -3.2045120575  -2.9737408507  -2.9340769359  -2.7488296527  -2.7357987290 
3.350 -3.2048858266  -2.9708911124  -2.9302482499  -2.7461480332  -2.7358969577 
3.375 -3.2051659755  -2.9679579305  -2.9263389624  -2.7434271125  -2.7359089978 
3.400 -3.2053529701  -2.9649418325  -2.9223497737  -2.7406786490  -2.7358355494 
3.425 -3.2054472932  -2.9618442049  -2.9182824941  -2.7379168334  -2.7356772428 
3.450 -3.2054495094  -2.9586639344  -2.9141356712  -2.7354349814  -2.7351561082 
3.475 -3.2053601225  -2.9554023843  -2.9099110804  -2.7351093572  -2.7324128701 
3.500 -3.2051796891  -2.9520601039  -2.9056094271  -2.7347011127  -2.7297017838 
3.525 -3.2049086883  -2.9486366467  -2.9012301478  -2.7342109434  -2.7270333585 
3.550 -3.2045477381  -2.9451334635  -2.8967750984  -2.7336395285  -2.7244130232 
3.575 -3.2040972782  -2.9415500072  -2.8922435948  -2.7329875069  -2.7218379703 
3.600 -3.2035579866  -2.9378877673  -2.8876375236  -2.7322555878  -2.7192997015 
3.625 -3.2029302456  -2.9341460754  -2.8829560577  -2.7314443338  -2.7167840755 
3.650 -3.2022145471  -2.9303252600  -2.8781996289  -2.7305543291  -2.7142754018 
3.675 -3.2014116337  -2.9264268384  -2.8733701354  -2.7295863084  -2.7117587032 
3.700 -3.2005217660  -2.9224499198  -2.8684664912  -2.7285406921  -2.7092193774 
3.725 -3.1995460382  -2.9183973283  -2.8634921791  -2.7274184494  -2.7066467061 
3.750 -3.1984843445  -2.9142667747  -2.8584444033  -2.7262197165  -2.7040296725 
3.775 -3.1973374665  -2.9100597583  -2.8533250150  -2.7249452283  -2.7013610537 
3.800 -3.1961058610  -2.9057764554  -2.8481342429  -2.7235954835  -2.6986346464 
3.825 -3.1947904072  -2.9014184627  -2.8428740268  -2.7221712910  -2.6958463403 
3.850 -3.1933915903  -2.8969859628  -2.8375445872  -2.7206731619  -2.6929923941 
3.875 -3.1919093276  -2.8924774965  -2.8321441846  -2.7191011517  -2.6900690138 
3.900 -3.1903450370  -2.8878962046  -2.8266765854  -2.7174564742  -2.6870755512 
3.925 -3.1886985753  -2.8832405210  -2.8211399226  -2.7157391188  -2.6840093308 
3.950 -3.1869708727  -2.8785120373  -2.8155360932  -2.7139499126  -2.6808698221 
3.975 -3.1851629491  -2.8737124487  -2.8098670943  -2.7120897600  -2.6776569203 
