#RHF MO Energies
#y,E of SHOMO, E of HOMO, E of LUMO, E of SLUMO
0.25 -0.25110 -0.24051 -0.12275 -0.11160
.26 -0.25494 -0.24164 -0.11782 -0.10370
.27 -0.25899 -0.24260 -0.11226 -0.09470
.28 -0.26323 -0.24337 -0.10601 -0.08454
.29 -0.26767 -0.24395 -0.09902 -0.07315
.30 -0.27228 -0.24433 -0.09127 -0.06050
.31 -0.27706 -0.24451 -0.08275 -0.04656
.32 -0.28198 -0.24446 -0.07344 -0.03135
.33 -0.28699 -0.24418 -0.06337 -0.01487
.34 -0.29205 -0.24364 -0.05253 0.00285
.35 -0.29713 -0.24282 -0.04095 0.02177
.36 -0.30215 -0.24171 -0.02865 0.04185
.37 -0.30708 -0.24028 -0.01564 0.06305
.38 -0.31186 -0.23852 -0.00195 0.08532
.39 -0.31644 -0.23640 0.01240 0.10859
.40 -0.32077 -0.23391 0.02737 0.13280
.41 -0.32482 -0.23104 0.04295 0.15788
.42 -0.32854 -0.22777 0.05909 0.18377
.43 -0.33191 -0.22409 0.07578 0.21036
.44 -0.33489 -0.21998 0.09297 0.20221
.45 -0.33746 -0.21544 0.11064 0.18529
.46 -0.33960 -0.21046 0.12875 0.16881
.47 -0.34131 -0.20502 0.14726 0.15275
.48 -0.34257 -0.19913 0.13712 0.16612
.49 -0.34337 -0.19278 0.12191 0.17978
.50 -0.34371 -0.18597 0.10712 0.16922
.51 -0.34359 -0.17869 0.09274 0.15909
.52 -0.34300 -0.17095 0.07876 0.14937
.53 -0.34197 -0.16275 0.06518 0.14005
.54 -0.33827 -0.16676 0.05742 0.12630
.55 -0.32911 -0.17067 0.05126 0.10018
.56 -0.31600 -0.18157 0.05741 0.06225
.57 -0.31524 -0.19609 0.05380 0.07056
.58 -0.31404 -0.21020 0.04575 0.08398
.59 -0.31238 -0.22390 0.03806 0.09767
.60 -0.31026 -0.23721 0.03072 0.11160
.61 -0.30770 -0.25015 0.02373 0.12578
.62 -0.30469 -0.26273 0.01706 0.14016
.63 -0.30123 -0.27496 0.01071 0.15474
.64 -0.29733 -0.28686 0.00465 0.16950
.65 -0.29845 -0.29301 -0.00112 0.18440
.66 -0.30972 -0.28826 -0.00662 0.19942
.67 -0.32338 -0.28627 -0.00884 0.19337
.68 -0.33874 -0.28652 -0.00866 0.18792
.69 -0.35381 -0.28675 -0.00834 0.18367
.70 -0.36856 -0.28694 -0.00789 0.17990
.71 -0.38298 -0.28709 -0.00734 0.17644
.72 -0.39707 -0.28719 -0.00669 0.17324
.73 -0.41083 -0.28724 -0.00597 0.17027
.74 -0.42429 -0.28724 -0.00517 0.16751
.75 -0.43750 -0.28719 -0.00430 0.16495
.76 -0.45056 -0.28708 -0.00337 0.16259
.77 -0.46371 -0.28690 -0.00237 0.16040
.78 -0.47765 -0.28666 -0.00132 0.15839
.79 -0.48677 -0.29003 0.00576 0.16061
.80 -0.49414 -0.29411 0.01455 0.16406
.81 -0.49758 -0.29799 0.02356 0.16773
.82 -0.49305 -0.30166 0.03278 0.17161
.83 -0.48842 -0.30513 0.04220 0.17569
.84 -0.48371 -0.30841 0.05181 0.17997
.85 -0.47892 -0.31151 0.06160 0.18444
.86 -0.47405 -0.31444 0.07156 0.18909
.87 -0.46911 -0.31719 0.08168 0.19392
.88 -0.46410 -0.31977 0.09193 0.19892
.89 -0.45902 -0.32220 0.10232 0.20409
.90 -0.45387 -0.32447 0.11281 0.20942
.91 -0.44866 -0.32659 0.12340 0.21490
.92 -0.44339 -0.32857 0.13405 0.22053
.93 -0.43807 -0.33040 0.14475 0.20985
.94 -0.43269 -0.33210 0.15546 0.19412
.95 -0.42726 -0.33367 0.16615 0.17869
.96 -0.42178 -0.33511 0.16353 0.17677
.97 -0.41626 -0.33643 0.14866 0.18725
.98 -0.41069 -0.33763 0.13406 0.19753
.99 -0.40507 -0.33871 0.11972 0.20751
1.00 -0.39941 -0.33967 0.10565 0.21705
1.01 -0.39370 -0.34052 0.09183 0.22601
1.02 -0.38796 -0.34126 0.07825 0.23417
1.03 -0.38216 -0.34189 0.06492 0.24129
1.04 -0.37632 -0.34240 0.05183 0.24710
1.05 -0.37042 -0.34279 0.03896 0.25135
1.06 -0.36446 -0.34304 0.02633 0.25385
1.07 -0.35841 -0.34314 0.01394 0.25456
1.08 -0.35225 -0.34303 0.00178 0.25353
1.09 -0.34589 -0.34258 -0.01008 0.25086
1.10 -0.34148 -0.33916 -0.02154 0.24646
1.11 -0.33825 -0.33166 -0.03182 0.23906
1.12 -0.32750 -0.32722 -0.03542 0.22174
1.13 -0.33314 -0.32004 -0.03476 0.20677
1.14 -0.34122 -0.31650 -0.03395 0.19712
1.15 -0.34985 -0.31443 -0.03246 0.18980
1.16 -0.34644 -0.31237 -0.08899 0.22221
1.17 -0.36778 -0.31194 -0.02723 0.17801
1.18 -0.37691 -0.31098 -0.02368 0.17269
1.19 -0.38609 -0.31005 -0.01967 0.16754
1.20 -0.39528 -0.30911 -0.01531 0.16246
1.21 -0.40444 -0.30814 -0.01068 0.15744
1.22 -0.41355 -0.30712 -0.00585 0.15247
1.23 -0.42260 -0.30605 -0.00085 0.14754
1.24 -0.43157 -0.30493 0.00427 0.14266
1.25 -0.44045 -0.30377 0.00949 0.13783
1.26 -0.44924 -0.30255 0.01478 0.13305
1.27 -0.45792 -0.30129 0.02014 0.12834
1.28 -0.46650 -0.29999 0.02556 0.12370
1.29 -0.47497 -0.29864 0.03101 0.11912
1.30 -0.48333 -0.29726 0.03650 0.11462
1.31 -0.49158 -0.29583 0.04202 0.11020
1.32 -0.49972 -0.29438 0.04756 0.10586
1.33 -0.50775 -0.29289 0.05313 0.10160
1.34 -0.51566 -0.29137 0.05870 0.09743
1.35 -0.52347 -0.28982 0.06429 0.09334
1.36 -0.53116 -0.28825 0.06990 0.08933
1.37 -0.53875 -0.28665 0.07551 0.08542
1.38 -0.54622 -0.28503 0.08113 0.08158
1.39 -0.55359 -0.28339 0.07784 0.08675
1.40 -0.56084 -0.28172 0.07418 0.09238
1.41 -0.56800 -0.28004 0.07061 0.09801
1.42 -0.57504 -0.27834 0.06713 0.10364
1.43 -0.58198 -0.27663 0.06373 0.10927
1.44 -0.58882 -0.27490 0.06041 0.11491
1.45 -0.59556 -0.27316 0.05718 0.12054
1.46 -0.60219 -0.27140 0.05404 0.12617
1.47 -0.60873 -0.26964 0.05098 0.13180
1.48 -0.61517 -0.26787 0.04800 0.13742
1.49 -0.61697 -0.26609 0.04510 0.14304
1.50 -0.61530 -0.26430 0.04228 0.14866
1.51 -0.61364 -0.26250 0.03954 0.15427
1.52 -0.61199 -0.26070 0.03688 0.15988
1.53 -0.61036 -0.25890 0.03430 0.16548
1.54 -0.60875 -0.25709 0.03180 0.17107
1.55 -0.60716 -0.25528 0.02937 0.17666
1.56 -0.60558 -0.25347 0.02701 0.18224
1.57 -0.60402 -0.25165 0.02473 0.18781
1.58 -0.60247 -0.24984 0.02252 0.19337
1.59 -0.60095 -0.24803 0.02039 0.19893
1.60 -0.59944 -0.24621 0.01832 0.20447
1.61 -0.59795 -0.24440 0.01632 0.21001
1.62 -0.59648 -0.24259 0.01439 0.21553
1.63 -0.59502 -0.24079 0.01253 0.22105
1.64 -0.59359 -0.23898 0.01073 0.22655
1.65 -0.59217 -0.23718 0.00900 0.23204
1.66 -0.59077 -0.23539 0.00733 0.23752
1.67 -0.58940 -0.23360 0.00572 0.24298
1.68 -0.58804 -0.23181 0.00417 0.24843
1.69 -0.58670 -0.23003 0.00268 0.25387
1.70 -0.58538 -0.22826 0.00126 0.25929
1.71 -0.58408 -0.22649 -0.00011 0.26470
1.72 -0.58280 -0.22473 -0.00142 0.27009
1.73 -0.58154 -0.22297 -0.00268 0.27547
1.74 -0.58030 -0.22122 -0.00388 0.28083
1.75 -0.57908 -0.21948 -0.00503 0.28618
1.76 -0.57788 -0.21775 -0.00613 0.29150
1.77 -0.57670 -0.21602 -0.00717 0.29681
1.78 -0.57554 -0.21430 -0.00816 0.30210
1.79 -0.57440 -0.21259 -0.00911 0.30738
1.80 -0.57327 -0.21088 -0.01000 0.31263
1.81 -0.57217 -0.20919 -0.01085 0.31787
1.82 -0.57109 -0.20750 -0.01165 0.32308
1.83 -0.57003 -0.20582 -0.01240 0.32828
1.84 -0.56899 -0.20415 -0.01311 0.33345
1.85 -0.56797 -0.20248 -0.01378 0.33861
1.86 -0.56697 -0.20083 -0.01440 0.34374
1.87 -0.56599 -0.19918 -0.01498 0.34886
1.88 -0.56502 -0.19754 -0.01552 0.35395
1.89 -0.56408 -0.19591 -0.01602 0.35902
1.90 -0.56316 -0.19428 -0.01648 0.36407
1.91 -0.56225 -0.19267 -0.01690 0.36909
1.92 -0.56136 -0.19106 -0.01728 0.37410
1.93 -0.56050 -0.18946 -0.01763 0.37908
1.94 -0.55965 -0.18787 -0.01794 0.38404
1.95 -0.55882 -0.18628 -0.01822 0.38898
1.96 -0.55800 -0.18471 -0.01846 0.39389
1.97 -0.55721 -0.18314 -0.01867 0.39878
1.98 -0.55643 -0.18158 -0.01884 0.40365
1.99 -0.55567 -0.18002 -0.01898 0.40850
2.00 -0.55492 -0.17848 -0.01910 0.41332
2.01 -0.55420 -0.17694 -0.01918 0.41813
2.02 -0.55349 -0.17540 -0.01923 0.42291
2.03 -0.55279 -0.17388 -0.01925 0.42766
2.04 -0.55211 -0.17236 -0.01925 0.43240
2.05 -0.55145 -0.17085 -0.01921 0.43711
2.06 -0.55080 -0.16934 -0.01915 0.44180
2.07 -0.55017 -0.16785 -0.01907 0.44647
2.08 -0.54955 -0.16635 -0.01896 0.45112
2.09 -0.54894 -0.16487 -0.01882 0.45574
2.10 -0.54835 -0.16339 -0.01866 0.46035
2.11 -0.54777 -0.16191 -0.01848 0.46493
2.12 -0.54721 -0.16045 -0.01827 0.46949
2.13 -0.54666 -0.15898 -0.01804 0.47404
2.14 -0.54612 -0.15753 -0.01779 0.47856
2.15 -0.54559 -0.15608 -0.01752 0.48306
2.16 -0.54507 -0.15463 -0.01722 0.48755
2.17 -0.54457 -0.15319 -0.01691 0.49201
2.18 -0.54408 -0.15175 -0.01658 0.49646
2.19 -0.54359 -0.15032 -0.01623 0.50088
2.20 -0.54312 -0.14890 -0.01586 0.50529
2.21 -0.54266 -0.14748 -0.01548 0.50968
2.22 -0.54220 -0.14606 -0.01507 0.51405
2.23 -0.54176 -0.14465 -0.01465 0.51841
2.24 -0.54132 -0.14324 -0.01422 0.52275
2.25 -0.54089 -0.14184 -0.01376 0.52707
2.26 -0.54047 -0.14044 -0.01330 0.53138
2.27 -0.54006 -0.13905 -0.01281 0.53566
2.28 -0.53966 -0.13766 -0.01232 0.53994
2.29 -0.53926 -0.13628 -0.01181 0.54420
2.30 -0.53887 -0.13489 -0.01128 0.54844
2.31 -0.53849 -0.13352 -0.01074 0.55267
2.32 -0.53811 -0.13214 -0.01019 0.55689
2.33 -0.53774 -0.13077 -0.00963 0.56109
2.34 -0.53737 -0.12941 -0.00906 0.56528
2.35 -0.53701 -0.12804 -0.00847 0.56946
2.36 -0.53666 -0.12668 -0.00787 0.57362
2.37 -0.53631 -0.12533 -0.00727 0.57777
2.38 -0.53596 -0.12398 -0.00665 0.58190
2.39 -0.53562 -0.12263 -0.00602 0.58603
2.40 -0.53528 -0.12128 -0.00538 0.59015
2.41 -0.53495 -0.11994 -0.00473 0.59425
2.42 -0.53461 -0.11860 -0.00407 0.59834
2.43 -0.53429 -0.11727 -0.00341 0.60242
2.44 -0.53396 -0.11593 -0.00273 0.60650
2.45 -0.53364 -0.11461 -0.00205 0.61056
2.46 -0.53332 -0.11328 -0.00136 0.61461
2.47 -0.53301 -0.11196 -0.00066 0.61865
2.48 -0.53269 -0.11063 0.00005 0.62268
2.49 -0.53238 -0.10932 0.00076 0.62671
