#RHF Energy of H10
0.25 -4.36400513008
.26 -4.43829510834
.27 -4.50416188732
.28 -4.56264593920
.29 -4.61463249379
.30 -4.66086596109
.31 -4.70196311575
.32 -4.73842644051
.33 -4.77065830386
.34 -4.79897584995
.35 -4.82362533338
.36 -4.84479596383
.37 -4.86263242036
.38 -4.87724641916
.39 -4.88872524025
.40 -4.89714012312
.41 -4.90255188965
.42 -4.90501586579
.43 -4.90458544394
.44 -4.90131425562
.45 -4.89525871673
.46 -4.88647830877
.47 -4.87503610823
.48 -4.86100062910
.49 -4.84444221377
.50 -4.82543774351
.51 -4.80406534936
.52 -4.78040685514
.53 -4.75454538097
.54 -4.73158899685
.55 -4.72172213943
.56 -4.73542673629
.57 -4.75122923518
.58 -4.76521818330
.59 -4.77746830811
.60 -4.78805022551
.61 -4.79703020661
.62 -4.80446984075
.63 -4.81042608648
.64 -4.81495118207
.65 -4.81809350732
.66 -4.81989637533
.67 -4.82067174644
.68 -4.82175092704
.69 -4.82346418326
.70 -4.82596251979
.71 -4.82936473073
.72 -4.83376429852
.73 -4.83923221264
.74 -4.84582141966
.75 -4.85356817068
.76 -4.86249594637
.77 -4.87261653921
.78 -4.88393234528
.79 -4.89577161838
.80 -4.90675688470
.81 -4.91685020445
.82 -4.92605503544
.83 -4.93437397805
.84 -4.94180923536
.85 -4.94836273460
.86 -4.95403623516
.87 -4.95883166830
.88 -4.96275044620
.89 -4.96579570695
.90 -4.96796921052
.91 -4.96927402338
.92 -4.96971429626
.93 -4.96929356309
.94 -4.96801703908
.95 -4.96588982052
.96 -4.96291738319
.97 -4.95910758243
.98 -4.95446705155
.99 -4.94900632770
1.00 -4.94273213065
1.01 -4.93565530759
1.02 -4.92778939505
1.03 -4.91914652880
1.04 -4.90974026378
1.05 -4.89959002469
1.06 -4.88871793373
1.07 -4.87715151666
1.08 -4.86493927681
1.09 -4.85216054967
1.10 -4.83899163535
1.11 -4.82604269444
1.12 -4.81690907127
1.13 -4.81666751861
1.14 -4.82197084538
1.15 -4.83017228253
1.16 -4.73224865116
1.17 -4.85018728120
1.18 -4.86065619832
1.19 -4.87094672675
1.20 -4.88086162399
1.21 -4.89027738790
1.22 -4.89911630372
1.23 -4.90733104866
1.24 -4.91489253196
1.25 -4.92178435157
1.26 -4.92799905146
1.27 -4.93353517590
1.28 -4.93839465580
1.29 -4.94258385518
1.30 -4.94610857800
1.31 -4.94897874338
1.32 -4.95120326968
1.33 -4.95279277301
1.34 -4.95375990841
1.35 -4.95411325721
1.36 -4.95386766049
1.37 -4.95303149501
1.38 -4.95161817030
1.39 -4.94963938262
1.40 -4.94710897942
1.41 -4.94403388630
1.42 -4.94042738907
1.43 -4.93630305067
1.44 -4.93166899638
1.45 -4.92653843194
1.46 -4.92092163931
1.47 -4.91482851596
1.48 -4.90826855046
1.49 -4.90125439770
1.50 -4.89379512777
1.51 -4.88589934874
1.52 -4.87757518689
1.53 -4.86883873316
1.54 -4.85968928295
1.55 -4.85014710316
1.56 -4.84021027000
1.57 -4.82989456322
1.58 -4.81920134732
1.59 -4.80814645515
1.60 -4.79673026860
1.61 -4.78496865980
1.62 -4.77286676698
1.63 -4.76042316280
1.64 -4.74765348202
1.65 -4.73456786354
1.66 -4.72116352716
1.67 -4.70744969123
1.68 -4.69343566361
1.69 -4.67913084595
1.70 -4.66453018006
1.71 -4.64964956381
1.72 -4.63449042447
1.73 -4.61906136143
1.74 -4.60336298907
1.75 -4.58740348226
1.76 -4.57118261717
1.77 -4.55471682266
1.78 -4.53800564178
1.79 -4.52104787113
1.80 -4.50385087800
1.81 -4.48642211667
1.82 -4.46875936629
1.83 -4.45086960784
1.84 -4.43277011780
1.85 -4.41444786406
1.86 -4.39590943081
1.87 -4.37716148973
1.88 -4.35821080373
1.89 -4.33905288490
1.90 -4.31969398941
1.91 -4.30014046381
1.92 -4.28039874850
1.93 -4.26046309027
1.94 -4.24033940386
1.95 -4.22003369603
1.96 -4.19953904899
1.97 -4.17887418879
1.98 -4.15803189544
1.99 -4.13700405017
2.00 -4.11582367465
2.01 -4.09445454742
2.02 -4.07293012946
2.03 -4.05125645260
2.04 -4.02939450944
2.05 -4.00739411609
2.06 -3.98523046096
2.07 -3.96290839735
2.08 -3.94043286967
2.09 -3.91780891544
2.10 -3.89502501751
2.11 -3.87210250790
2.12 -3.84904670903
2.13 -3.82582809128
2.14 -3.80246825913
2.15 -3.77899002260
2.16 -3.75534413880
2.17 -3.73158967956
2.18 -3.70767588396
2.19 -3.68364453600
2.20 -3.65946193819
2.21 -3.63517120579
2.22 -3.61073765776
2.23 -3.58618540652
2.24 -3.56149853434
2.25 -3.53670191975
2.26 -3.51175797161
2.27 -3.48671299167
2.28 -3.46152834986
2.29 -3.43625173218
2.30 -3.41082097937
2.31 -3.38530703618
2.32 -3.35964605146
2.33 -3.33388758336
2.34 -3.30801258746
2.35 -3.28202488743
2.36 -3.25592838585
2.37 -3.22972706477
2.38 -3.20342498618
2.39 -3.17700094844
2.40 -3.15045819239
2.41 -3.12382603048
2.42 -3.09708250623
2.43 -3.07023107873
2.44 -3.04327527883
2.45 -3.01624604666
2.46 -2.98909272227
2.47 -2.96184605450
2.48 -2.93448150730
2.49 -2.90703064606
