5.0 0.22474786951272291 0.0764475 0.0000161 -0.4885652
6.0 0.24633708657984518 0.0730509 0.0000451 -0.5252103
7.0 0.26625119958804888 0.0351801 0.0001017 -0.5585982
8.0 0.28485310431016619 0.012604 0.0001906 -0.5776561
9.0 0.30239593556098865 0.0361084 0.0004386 -0.5740171
10.0 0.31906493487798943 0.0560973 0.0009311 -0.5682965
11.0 0.33500078657648524 0.0618145 0.0018021 -0.5605851
12.0 0.35031356184872481 0.0491855 0.003234 -0.5502233
13.0 0.36509151747647400 0.0320552 0.0055082 -0.5342715
14.0 0.37940689731182314 0.0388904 0.0088221 -0.4912478
15.0 0.39331989892118169 0.0236705 -0.0178134 -0.4376098
16.0 0.40688146985598445 0.0492886 -0.0180748 -0.3100819
17.0 0.42013533111630319 0.0242426 -0.0263827 -0.198892
18.0 0.43311947504735931 0.0425585 0.0104903 -0.1079793
19.0 0.44586729660476643 0.0599117 0.038074 -0.0417489
20.0 0.45840846314364242 0.0908238 0.0712997 -0.0139899
21.0 0.47076959408630886 0.1230067 0.1045184 -0.0032972
22.0 0.48297479998608267 0.1542219 0.1367449 0.0067586
23.0 0.49504611604806875 0.1836676 0.1676374 0.0166757
24.0 0.50700385538738835 0.2105157 0.1966982 0.0264405
25.0 0.51886690055881535 0.2332955 0.2222722 0.0359699
26.0 0.53065294715660993 0.2493362 0.2372249 0.0451359
27.0 0.54237870990772830 0.255418 0.2331688 0.0536755
28.0 0.55406009924157285 0.2442718 0.2031289 0.0607464
29.0 0.56571237453403433 0.2118427 0.1710096 0.0620661
30.0 0.57735027890326807 0.1805029 0.1400191 0.0470746
31.0 0.58898815944976501 0.1503932 0.1103397 0.0231939
32.0 0.60064007609376124 0.1215956 0.0820444 -0.001822
33.0 0.61231990160563299 0.0941782 0.0551825 -0.0263251
34.0 0.62404141500474464 0.0682158 0.0298048 -0.0498395
35.0 0.63581839018712483 0.0438011 0.0059724 -0.0721634
36.0 0.64766468140925815 0.0210483 -0.016242 -0.0931935
37.0 0.65959430708758449 0.0000884 -0.0367575 -0.1128767
38.0 0.67162153325915808 -0.0189485 -0.0554955 -0.1311903
39.0 0.68376095798003989 -0.0359655 -0.0723936 -0.1481214
40.0 0.69602759790885060 -0.0509457 -0.087424 -0.163632
41.0 0.70843697833015451 -0.0640101 -0.1006092 -0.1776027
42.0 0.72100522791448773 -0.0754861 -0.1120348 -0.189746
43.0 0.73374917958905994 -0.086022 -0.1218717 -0.1994715
44.0 0.74668647900714824 -0.0969111 -0.1304833 -0.2056645
45.0 0.75983570225832975
46.0 0.77321648466098036 -0.0969111 -0.1304833 -0.2056645
47.0 0.78684966272995749 -0.086022 -0.1218717 -0.1994715
48.0 0.80075743172543956 -0.0754861 -0.1120348 -0.189746
49.0 0.81496352157574936 -0.0640101 -0.1006092 -0.1776027
50.0 0.82949339444344139 -0.0509457 -0.087424 -0.163632
51.0 0.84437446779034697 -0.0359655 -0.0723936 -0.1481214
52.0 0.85963636751982619 -0.0189485 -0.0554955 -0.1311903
53.0 0.87531121666696521 0.0000884 -0.0367575 -0.1128767
54.0 0.89143396621364279 0.0210483 -0.016242 -0.0931935
55.0 0.90804277598219907 0.0438011 0.0059724 -0.0721634
56.0 0.92517945528340284 0.0682158 0.0298048 -0.0498395
57.0 0.94288997515969897 0.0941782 0.0551825 -0.0263251
58.0 0.96122506680355879 0.1215956 0.0820444 -0.001822
59.0 0.98024092421724396 0.1503932 0.1103397 0.0231939
60.0 1.0000000336490449 0.1805029 0.1400191 0.0470745
61.0 1.0205721581109972 0.2118426 0.1710096 0.062066
62.0 1.0420355127918348 0.2442718 0.2031289 0.0607464
63.0 1.0644781770328475 0.255418 0.2331688 0.0536755
64.0 1.0879998015825072 0.2493362 0.2372249 0.0451359
65.0 1.1127136872907215 0.2332955 0.2222722 0.0359699
66.0 1.1387493349689228 0.2105157 0.1966982 0.0264405
67.0 1.1662555983306084 0.1836676 0.1676373 0.0166757
68.0 1.1954046164231349 0.1542219 0.1367449 0.0067586
69.0 1.2263967642726714 0.1230067 0.1045184 -0.0032973
70.0 1.2594669489559134 0.0908238 0.0712997 -0.0139899
71.0 1.2948927059181552 0.0599117 0.038074 -0.041749
72.0 1.3330047374615932 0.0425585 0.0104903 -0.1079793
73.0 1.3742008147382716 -0.0218401 -0.0438212 -0.1317231
74.0 1.4189643903365978 0.0492886 -0.0180748 -0.3100819
75.0 1.4678899319530556 0.0236705 -0.0178134 -0.4376098
76.0 1.5217180473945009 0.0388904 0.0088221 -0.4912479
77.0 1.5813852119866876 0.0320552 0.0055082 -0.5342715
78.0 1.6480958607190197 0.0491855 0.003234 -0.5502233
