5.0 0.22474786951272291 -0.21172 -0.17320 -0.12349 0.00657 .04971
6.0 0.24633708657984518 -0.23305 -0.18720 -0.13656 0.02222 .05064
7.0 0.26625119958804888 -0.25107 -0.19733 -0.14611 0.03843 .05122
8.0 0.28485310431016619 -0.27138 -0.20102 -0.14837 0.04708 .05265
9.0 0.30239593556098865 -0.29787 -0.19683 -0.14059 0.04274 .05624
10.0 0.31906493487798943 -0.32243 -0.19103 -0.13094 0.03756 .06009
11.0 0.33500078657648524 -0.34545 -0.18382 -0.11946 0.03131 .06436
12.0 0.35031356184872481 -0.36725 -0.17538 -0.10603 0.02375 .06935
13.0 0.36509151747647400 -0.38688 -0.16670 -0.09090 0.01544 .07580
14.0 0.37940689731182314 -0.39621 -0.16408 -0.07571 0.01076 .08837
15.0 0.39331989892118169 -0.41030 -0.15693 -0.05226 -0.00171 .10467
16.0 0.40688146985598445 -0.39769 -0.17342 -0.02274 -0.00495 .15068
17.0 0.42013533111630319 -0.38524 -0.19251 -0.01670 0.02383 .17581
18.0 0.43311947504735931 -0.38751 -0.22315 -0.00051 0.05990 .22264
19.0 0.44586729660476643 -0.39450 -0.24217 0.01400 0.09989 .25617
20.0 0.45840846314364242 -0.39464 -0.26055 0.03322 0.13544 .29377
21.0 0.47076959408630886 -0.38985 -0.27783 0.05305 0.16973 .33088
22.0 0.48297479998608267 -0.38279 -0.29396 0.07283 0.20225 .36679
23.0 0.49504611604806875 -0.37463 -0.30898 0.09239 0.22928 .40137
24.0 0.50700385538738835 -0.36584 -0.32295 0.11159 0.24223 .43454
25.0 0.51886690055881535 -0.35668 -0.33597 0.13003 0.23017 .46600
26.0 0.53065294715660993 -0.34811 -0.34724 0.14623 0.20459 .49347
27.0 0.54237870990772830 -0.35944 -0.33761 0.15209 0.19114 .48970
28.0 0.55406009924157285 -0.37004 -0.32782 0.13779 0.19966 .46561
29.0 0.56571237453403433 -0.37997 -0.31792 0.11724 0.21513 .43516
30.0 0.57735027890326807 -0.38930 -0.30793 0.09680 0.20745 .40473
31.0 0.58898815944976501 -0.39808 -0.29788 0.07759 0.19957 .37547
32.0 0.60064007609376124 -0.40637 -0.28780 0.05992 0.19145 .34772
33.0 0.61231990160563299 -0.41422 -0.27772 0.04387 0.18304 .32159
34.0 0.62404141500474464 -0.42168 -0.26767 0.02951 0.17430 .29718
35.0 0.63581839018712483 -0.42878 -0.25769 0.01687 0.16522 .27456
36.0 0.64766468140925815 -0.43555 -0.24784 0.00598 0.15587 .25382
37.0 0.65959430708758449 -0.44199 -0.23817 -0.00316 0.14631 .23501
38.0 0.67162153325915808 -0.44809 -0.22873 -0.01057 0.13668 .21816
39.0 0.68376095798003989 -0.45384 -0.21962 -0.01637 0.12711 .20325
40.0 0.69602759790885060 -0.45921 -0.21089 -0.02079 0.11769 .19010
41.0 0.70843697833015451 -0.46415 -0.20267 -0.02424 0.10851 .17843
42.0 0.72100522791448773 -0.46865 -0.19513 -0.02747 0.09955 .16766
43.0 0.73374917958905994 -0.47277 -0.18857 -0.03173 0.09074 .15684
44.0 0.74668647900714824 -0.47668 -0.18345 -0.03914 0.08182 .14431
45.0 0.75983570225832975
46.0 0.77321648466098036 -0.47668 -0.18345 -0.03914 0.08182 .14431
47.0 0.78684966272995749 -0.47277 -0.18857 -0.03173 0.09074 .15684
48.0 0.80075743172543956 -0.46865 -0.19513 -0.02747 0.09955 .16766
49.0 0.81496352157574936 -0.46415 -0.20267 -0.02424 0.10851 .17843
50.0 0.82949339444344139 -0.45921 -0.21089 -0.02079 0.11769 .19010
51.0 0.84437446779034697 -0.45384 -0.21962 -0.01637 0.12711 .20325
52.0 0.85963636751982619 -0.44809 -0.22873 -0.01057 0.13668 .21816
53.0 0.87531121666696521 -0.44199 -0.23817 -0.00316 0.14631 .23501
54.0 0.89143396621364279 -0.43555 -0.24784 0.00598 0.15587 .25382
55.0 0.90804277598219907 -0.42878 -0.25769 0.01687 0.16522 .27456
56.0 0.92517945528340284 -0.42168 -0.26767 0.02951 0.17430 .29718
57.0 0.94288997515969897 -0.41422 -0.27772 0.04387 0.18304 .32159
58.0 0.96122506680355879 -0.40637 -0.28780 0.05992 0.19145 .34772
59.0 0.98024092421724396 -0.39808 -0.29788 0.07759 0.19957 .37547
60.0 1.0000000336490449 -0.38930 -0.30793 0.09680 0.20745 .40473
61.0 1.0205721581109972 -0.37997 -0.31792 0.11724 0.21513 .43516
62.0 1.0420355127918348 -0.37004 -0.32782 0.13779 0.19966 .46561
63.0 1.0644781770328475 -0.35944 -0.33761 0.15209 0.19114 .48970
64.0 1.0879998015825072 -0.34811 -0.34724 0.14623 0.20459 .49347
65.0 1.1127136872907215 -0.35668 -0.33597 0.13003 0.23017 .46600
66.0 1.1387493349689228 -0.36584 -0.32295 0.11159 0.24223 .43454
67.0 1.1662555983306084 -0.37463 -0.30898 0.09239 0.22928 .40137
68.0 1.1954046164231349 -0.38279 -0.29396 0.07283 0.20225 .36679
69.0 1.2263967642726714 -0.38985 -0.27783 0.05305 0.16973 .33088
70.0 1.2594669489559134 -0.39464 -0.26055 0.03322 0.13544 .29377
71.0 1.2948927059181552 -0.39450 -0.24217 0.01400 0.09989 .25617
72.0 1.3330047374615932 -0.38751 -0.22315 -0.00051 0.05990 .22264
73.0 1.3742008147382716 -0.37003 -0.19474 -0.03079 0.03479 .16395
74.0 1.4189643903365978 -0.39769 -0.17342 -0.02274 -0.00495 .15068
75.0 1.4678899319530556 -0.41030 -0.15693 -0.05226 -0.00171 .10467
76.0 1.5217180473945009 -0.39621 -0.16408 -0.07571 0.01076 .08837
77.0 1.5813852119866876 -0.38688 -0.16670 -0.09090 0.01544 .07580
78.0 1.6480958607190197 -0.36725 -0.17538 -0.10603 0.02375 .06935
