5.0 0.22474786951272291 -4.10558674911
6.0 0.24633708657984518 -4.59484187128
7.0 0.26625119958804888 -4.94571924253
8.0 0.28485310431016619 -5.20276149898
9.0 0.30239593556098865 -5.39084199411
10.0 0.31906493487798943 -5.52685004872
11.0 0.33500078657648524 -5.62288812134
12.0 0.35031356184872481 -5.68772712788
13.0 0.36509151747647400 -5.72810484582
14.0 0.37940689731182314 -5.75048908992
15.0 0.39331989892118169 -5.75244709507
16.0 0.40688146985598445 -5.75884414797
17.0 0.42013533111630319 -5.77676308936
18.0 0.43311947504735931 -5.83433855556
19.0 0.44586729660476643 -5.87088214936
20.0 0.45840846314364242 -5.90164563886
21.0 0.47076959408630886 -5.92564514832
22.0 0.48297479998608267 -5.94336772926
23.0 0.49504611604806875 -5.95544155856
24.0 0.50700385538738835 -5.96246718068
25.0 0.51886690055881535 -5.96499384950
26.0 0.53065294715660993 -5.96352101017
27.0 0.54237870990772830 -5.95850476566
28.0 0.55406009924157285 -5.95036484232
29.0 0.56571237453403433 -5.93949094053
30.0 0.57735027890326807 -5.92624821827
31.0 0.58898815944976501 -5.91098187612
32.0 0.60064007609376124 -5.89402084705
33.0 0.61231990160563299 -5.87568058048
34.0 0.62404141500474464 -5.85626490559
35.0 0.63581839018712483 -5.83606700102
36.0 0.64766468140925815 -5.81536962158
37.0 0.65959430708758449 -5.79444497439
38.0 0.67162153325915808 -5.77355507328
39.0 0.68376095798003989 -5.75295427003
40.0 0.69602759790885060 -5.73289762770
41.0 0.70843697833015451 -5.71366350615
42.0 0.72100522791448773 -5.69561048833
43.0 0.73374917958905994 -5.67932117160
44.0 0.74668647900714824 -5.66599589834
45.0 0.75983570225832975
46.0 0.77321648466098036 -5.66599590094
47.0 0.78684966272995749 -5.67932117676
48.0 0.80075743172543956 -5.69561049595
49.0 0.81496352157574936 -5.71366351609
50.0 0.82949339444344139 -5.73289763983
51.0 0.84437446779034697 -5.75295428421
52.0 0.85963636751982619 -5.77355508938
53.0 0.87531121666696521 -5.79444499230
54.0 0.89143396621364279 -5.81536964118
55.0 0.90804277598219907 -5.83606702220
56.0 0.92517945528340284 -5.85626492823
57.0 0.94288997515969897 -5.87568060448
58.0 0.96122506680355879 -5.89402087231
59.0 0.98024092421724396 -5.91098190257
60.0 1.0000000336490449 -5.92624824582
61.0 1.0205721581109972 -5.93949096914
62.0 1.0420355127918348 -5.95036487197
63.0 1.0644781770328475 -5.95850479636
64.0 1.0879998015825072 -5.96352104197
65.0 1.1127136872907215 -5.96499388251
66.0 1.1387493349689228 -5.96246721508
67.0 1.1662555983306084 -5.95544159464
68.0 1.1954046164231349 -5.94336776741
69.0 1.2263967642726714 -5.92564518909
70.0 1.2594669489559134 -5.90164568303
71.0 1.2948927059181552 -5.87088219808
72.0 1.3330047374615932 -5.83433861148
73.0 1.3742008147382716 -5.77506852314
74.0 1.4189643903365978 -5.75884424289
75.0 1.4678899319530556 -5.75244720807
76.0 1.5217180473945009 -5.75048921646
77.0 1.5813852119866876 -5.72810499342
78.0 1.6480958607190197 -5.68772730214
