5.0 0.22474786951272291 -0.714162 -0.9665281 -1.2197304
5.25 0.23032811073355966 -0.6980166 -0.9485678 -1.2000981
5.50 0.23578063841929153 -0.6826776 -0.9310565 -1.1805773
5.75 0.24111432303437602 -0.6681319 -0.9139201 -1.1610378
6.00 0.24633708657984518 -0.6543798 -0.897087 -1.1413441
6.25 0.25145603955751983 -0.6414303 -0.8804888 -1.1213603
6.50 0.25647759350390792 -0.6292954 -0.8640612 -1.1009592
6.75 0.26140755421862366 -0.6179819 -0.8477451 -1.0800329
7.00 0.26625119958804888 -0.6074824 -0.831489 -1.0585054
7.25 0.27101334500631991 -0.5977659 -0.8152504 -1.036344
7.50 0.27569839872782342 -0.5887694 -0.7989967 -1.0135677
7.75 0.28031040898329512 -0.5803912 -0.7827062 -0.9902516
8.00 0.28485310431016619 -0.5724885 -0.7663679 -0.966525
8.25 0.28932992825516618 -0.5648812 -0.7499806 -0.9425629
8.50 0.29374406938062309 -0.5573625 -0.7335518 -0.9185696
8.75 0.29809848732900202 -0.549718 -0.7170963 -0.8947573
9.00 0.30239593556098865 -0.5417502 -0.7006338 -0.8713218
9.25 0.30663898127202549 -0.5333016 -0.6841869 -0.8484208
9.50 0.31083002290405076 -0.5242708 -0.6677795 -0.8261623
9.75 0.31497130559833353 -0.5146159 -0.6514349 -0.8046026
10.00 0.31906493487798943 -0.5043472 -0.6351748 -0.783754
10.25 0.32311288880213562 -0.4935131 -0.6190186 -0.763597
10.50 0.32711702879550453 -0.4821847 -0.6029833 -0.7440931
10.75 0.33107910932596624 -0.4704427 -0.5870835 -0.7251951
11.00 0.33500078657648524 -0.4583685 -0.5713313 -0.7068538
11.25 0.33888362623650670 -0.4460387 -0.5557369 -0.6890228
11.50 0.34272911051981081 -0.4335223 -0.5403089 -0.6716601
11.75 0.34653864450082428 -0.4208802 -0.5250543 -0.6547294
12.00 0.35031356184872481 -0.4081652 -0.5099792 -0.6382004
12.25 0.35405513002798283 -0.3954227 -0.4950888 -0.62205
12.50 0.35776455502492738 -0.3826922 -0.4803874 -0.6062678
12.75 0.36144298565221100 -0.3700073 -0.4658792 -0.5908956
13.00 0.36509151747647400 -0.3573975 -0.4515677 -0.5772724
13.25 0.36871119640886968 -0.3448884 -0.4374566 -0.5748296
13.50 0.37230302199327187 -0.3325028 -0.4235491 -0.5741345
13.75 0.37586795042281695 -0.3202605 -0.4098486 -0.5735364
14.00 0.37940689731182314 -0.3081794 -0.3963583 -0.5729676
14.25 0.38292074024700901 -0.2962756 -0.3830818 -0.5724137
14.50 0.38641032113921558 -0.2845635 -0.3700226 -0.5718692
14.75 0.38987644839447261 -0.273056 -0.3571846 -0.571331
15.00 0.39331989892118169 -0.2617647 -0.3445717 -0.5707967
15.25 0.39674141998838264 -0.2506998 -0.3321885 -0.5702641
15.50 0.40014173094847860 -0.2398704 -0.3200398 -0.5697307
15.75 0.40352152483640419 -0.2292843 -0.3081309 -0.5691941
16.00 0.40688146985598445 -0.2189483 -0.2964683 -0.5686514
16.25 0.41022221076315113 -0.2088679 -0.2850592 -0.5680994
16.50 0.41354437015471773 -0.1990474 -0.2739126 -0.5675345
16.75 0.41684854967056112 -0.1894905 -0.2630399 -0.5669527
17.00 0.42013533111630319 -0.1801997 -0.2524558 -0.5663494
17.25 0.42340527751290741 -0.1711771 -0.2421806 -0.5657196
17.50 0.42665893407900496 -0.1624243 -0.2322433 -0.5650578
17.75 0.42989682915123001 -0.153943 -0.2226871 -0.5643577
18.00 0.43311947504735931 -0.1457355 -0.2135792 -0.5636125
18.25 0.43632736887662232 -0.1378054 -0.2050269 -0.5628144
18.50 0.43952099330116196 -0.1301596 -0.1972032 -0.5619554
18.75 0.44270081725227745 -0.1228108 -0.1903733 -0.5610262
19.00 0.44586729660476643 -0.1157837 -0.1848744 -0.560017
19.25 0.44902087481240505 -0.1091311 -0.1809634 -0.5589171
19.50 0.45216198350734593 -0.1029775 -0.1785961 -0.557715
19.75 0.45529104306598517 -0.0976435 -0.1774413 -0.5563986
20.00 0.45840846314364242 -0.093768 -0.1771142 -0.5549548
20.25 0.46151464318020630 -0.0915871 -0.1773238 -0.5533704
20.50 0.46460997287872730 -0.0904782 -0.1778832 -0.5516313
20.75 0.46769483265878409 -0.0899801 -0.1786775 -0.5497238
21.00 0.47076959408630886 -0.089944 -0.1796352 -0.5476341
21.25 0.47383462028142359 -0.0903502 -0.1807105 -0.5453488
21.50 0.47689026630572684 -0.0912276 -0.1818733 -0.542856
21.75 0.47993687953036013 -0.0926199 -0.1831034 -0.5401451
22.00 0.48297479998608267 -0.0945617 -0.1843869 -0.5372079
22.25 0.48600436069649899 -0.0970566 -0.1857142 -0.5340389
22.50 0.48902588799549546 -0.1000649 -0.1870789 -0.5306365
22.75 0.49203970182987000 -0.103508 -0.1884768 -0.5270033
23.00 0.49504611604806875 -0.1072856 -0.1899052 -0.5231467
23.25 0.49804543867587991 -0.1112956 -0.1913622 -0.5190799
23.50 0.50103797217987622 -0.1154471 -0.1928465 -0.5148219
23.75 0.50402401371934424 -0.1196652 -0.1943566 -0.5103981
24.00 0.50700385538738835 -0.1238907 -0.1958905 -0.5058401
24.25 0.50997778444185260 -0.1280779 -0.1974451 -0.5011859
24.50 0.51294608352666027 -0.1321915 -0.1990163 -0.4964794
24.75 0.51590903088413309 -0.1362036 -0.2005977 -0.4917695
25.00 0.51886690055881535 -0.1400917 -0.2021815 -0.4871092
25.25 0.52181996259329522 -0.1438372 -0.2037577 -0.4825544
25.50 0.52476848321648584 -0.1474241 -0.2053151 -0.478161
25.75 0.52771272502479782 -0.1508386 -0.2068409 -0.4739835
26.00 0.53065294715660993 -0.1540685 -0.2083223 -0.4700714
26.25 0.53358940546042311 -0.157104 -0.2097466 -0.4664664
26.50 0.53652235265705239 -0.1599375 -0.2111027 -0.4631999
26.75 0.53945203849620049 -0.1625643 -0.2123813 -0.4602905
27.00 0.54237870990772830 -0.164983 -0.2135758 -0.4577436
27.25 0.54530261114792489 -0.1671958 -0.2146827 -0.4555513
27.50 0.54822398394106098 -0.1692082 -0.215701 -0.4536947
27.75 0.55114306761649301 -0.171029 -0.2166327 -0.4521457
28.00 0.55406009924157285 -0.1726692 -0.2174815 -0.450871
28.25 0.55697531375060216 -0.174142 -0.2182528 -0.4498346
28.50 0.55988894407005929 -0.1754616 -0.2189527 -0.4490003
28.75 0.56280122124031395 -0.1766424 -0.2195881 -0.4483341
29.00 0.56571237453403433 -0.1776988 -0.2201654 -0.447805
29.25 0.56862263157148163 -0.1786446 -0.220691 -0.4473857
29.50 0.57153221843287527 -0.1794928 -0.2211707 -0.4470529
29.75 0.57444135976800692 -0.180255 -0.2216099 -0.4467868
30.00 0.57735027890326807 -0.180942 -0.2220132 -0.4465714
30.25 0.58025919794625369 -0.1815633 -0.2223847 -0.4463933
30.50 0.58316833788809341 -0.1821272 -0.2227278 -0.4462419
30.75 0.58607791870365555 -0.1826411 -0.2230456 -0.4461086
31.00 0.58898815944976501 -0.1831114 -0.2233406 -0.4459867
31.25 0.59189927836156764 -0.1835436 -0.223615 -0.4458709
31.50 0.59481149294717062 -0.1839425 -0.2238707 -0.445757
31.75 0.59772502008068074 -0.1843123 -0.2241092 -0.4456418
32.00 0.60064007609376124 -0.1846563 -0.2243318 -0.445523
32.25 0.60355687686581816 -0.1849778 -0.2245397 -0.4453988
32.50 0.60647563791293169 -0.1852793 -0.224734 -0.4452677
32.75 0.60939657447563289 -0.1855629 -0.2249153 -0.445129
33.00 0.61231990160563299 -0.1858307 -0.2250845 -0.444982
33.25 0.61524583425160395 -0.1860842 -0.2252423 -0.4448265
33.50 0.61817458734410646 -0.1863248 -0.2253892 -0.4446621
33.75 0.62110637587975959 -0.1865537 -0.2255257 -0.4444891
34.00 0.62404141500474464 -0.186772 -0.2256524 -0.4443075
34.25 0.62697992009773107 -0.1869806 -0.2257697 -0.4441177
34.50 0.62992210685231265 -0.18718 -0.225878 -0.4439199
34.75 0.63286819135903882 -0.1873712 -0.2259776 -0.4437145
35.00 0.63581839018712483 -0.1875545 -0.226069 -0.4435022
35.25 0.63877292046592293 -0.1877304 -0.2261525 -0.4432833
35.50 0.64173199996623487 -0.1878994 -0.2262285 -0.4430585
35.75 0.64469584718154593 -0.1880619 -0.2262972 -0.4428283
36.00 0.64766468140925815 -0.1882181 -0.2263591 -0.4425933
36.25 0.65063872283200119 -0.1883683 -0.2264144 -0.4423542
36.50 0.65361819259909770 -0.1885127 -0.2264635 -0.4421116
36.75 0.65660331290825846 -0.1886516 -0.2265066 -0.4418661
37.00 0.65959430708758449 -0.1887852 -0.2265441 -0.4416185
37.25 0.66259139967795155 -0.1889135 -0.2265763 -0.4413693
37.50 0.66559481651585173 -0.1890368 -0.2266034 -0.4411193
37.75 0.66860478481676788 -0.1891551 -0.2266259 -0.4408692
38.00 0.67162153325915808 -0.1892686 -0.226644 -0.4406195
38.25 0.67464529206912238 -0.1893774 -0.226658 -0.4403711
38.50 0.67767629310583211 -0.1894815 -0.2266682 -0.4401246
38.75 0.68071476994779589 -0.1895811 -0.226675 -0.4398805
39.00 0.68376095798003989 -0.1896763 -0.2266786 -0.4396397
39.25 0.68681509448228206 -0.1897671 -0.2266792 -0.4394028
39.50 0.68987741871817743 -0.1898535 -0.2266773 -0.4391704
39.75 0.69294817202571524 -0.1899357 -0.2266731 -0.4389431
40.00 0.69602759790885060 -0.1900136 -0.2266669 -0.4387217
40.25 0.69911594213045092 -0.1900875 -0.226659 -0.4385066
40.50 0.70221345280664171 -0.1901572 -0.2266495 -0.4382985
40.75 0.70532038050263912 -0.1902229 -0.2266389 -0.4380981
41.00 0.70843697833015451 -0.1902845 -0.2266274 -0.4379057
41.25 0.71156350204645979 -0.1903423 -0.2266152 -0.4377221
41.50 0.71470021015520846 -0.190396 -0.2266026 -0.4375477
41.75 0.71784736400909988 -0.190446 -0.2265897 -0.437383
42.00 0.72100522791448773 -0.190492 -0.2265768 -0.4372285
42.25 0.72417406923802852 -0.1905343 -0.2265642 -0.4370846
42.50 0.72735415851547003 -0.1905728 -0.226552 -0.4369518
42.75 0.73054576956268569 -0.1906075 -0.2265404 -0.4368304
43.00 0.73374917958905994 -0.1906385 -0.2265295 -0.4367208
43.25 0.73696466931333482 -0.1906658 -0.2265196 -0.4366234
43.50 0.74019252308203054 -0.1906894 -0.2265107 -0.4365383
43.75 0.74343302899055930 -0.1907094 -0.2265029 -0.4364659
44.00 0.74668647900714824 -0.1907257 -0.2264965 -0.4364064
44.25 0.74995316909970178 -0.1907383 -0.2264914 -0.4363599
44.50 0.75323339936572720 -0.1907474 -0.2264877 -0.4363266
44.75 0.75652747416546084 -0.1907528 -0.2264854 -0.4363065
45.00 0.75983570225832975 -0.1907546 -0.2264847 -0.4362999
45.25 0.76315839694289456 -0.1907528 -0.2264854 -0.4363065
45.50 0.76649587620041937 -0.1907474 -0.2264877 -0.4363266
45.75 0.76984846284222430 -0.1907383 -0.2264914 -0.4363599
46.00 0.77321648466098036 -0.1907257 -0.2264965 -0.4364064
46.25 0.77660027458611014 -0.1907094 -0.2265029 -0.4364659
46.50 0.78000017084346973 -0.1906894 -0.2265107 -0.4365383
46.75 0.78341651711948912 -0.1906658 -0.2265196 -0.4366234
47.00 0.78684966272995749 -0.1906385 -0.2265295 -0.4367208
47.25 0.79029996279364645 -0.1906075 -0.2265404 -0.4368304
47.50 0.79376777841097601 -0.1905728 -0.226552 -0.4369518
47.75 0.79725347684792980 -0.1905343 -0.2265642 -0.4370846
48.00 0.80075743172543956 -0.190492 -0.2265768 -0.4372285
48.25 0.80428002321446923 -0.190446 -0.2265897 -0.437383
48.50 0.80782163823703412 -0.190396 -0.2266025 -0.4375477
48.75 0.81138267067340353 -0.1903423 -0.2266152 -0.4377221
49.00 0.81496352157574936 -0.1902845 -0.2266274 -0.4379057
49.25 0.81856459938850701 -0.1902229 -0.2266389 -0.4380981
49.50 0.82218632017573356 -0.1901572 -0.2266495 -0.4382985
49.75 0.82582910785575958 -0.1900875 -0.226659 -0.4385066
50.00 0.82949339444344139 -0.1900136 -0.2266669 -0.4387217
50.25 0.83317962030033754 -0.1899357 -0.2266731 -0.4389431
50.50 0.83688823439314863 -0.1898535 -0.2266773 -0.4391704
50.75 0.84061969456077290 -0.1897671 -0.2266792 -0.4394028
51.00 0.84437446779034697 -0.1896763 -0.2266786 -0.4396397
51.25 0.84815303050266300 -0.1895811 -0.226675 -0.4398805
51.50 0.85195586884736429 -0.1894815 -0.2266682 -0.4401246
51.75 0.85578347900834917 -0.1893774 -0.226658 -0.4403711
52.00 0.85963636751982619 -0.1892686 -0.226644 -0.4406195
52.25 0.86351505159349251 -0.1891551 -0.2266259 -0.4408692
52.50 0.86742005945732381 -0.1890368 -0.2266034 -0.4411193
52.75 0.87135193070649397 -0.1889135 -0.2265763 -0.4413693
53.00 0.87531121666696521 -0.1887852 -0.2265441 -0.4416185
53.25 0.87929848077231665 -0.1886516 -0.2265066 -0.4418661
53.50 0.88331429895441260 -0.1885127 -0.2264635 -0.4421116
53.75 0.88735926004853483 -0.1883683 -0.2264144 -0.4423542
54.00 0.89143396621364279 -0.1882181 -0.2263591 -0.4425933
54.25 0.89553903336845653 -0.1880619 -0.2262972 -0.4428283
54.50 0.89967509164409376 -0.1878994 -0.2262285 -0.4430585
54.75 0.90384278585403033 -0.1877304 -0.2261525 -0.4432833
55.00 0.90804277598219907 -0.1875545 -0.226069 -0.4435022
55.25 0.91227573769007742 -0.1873712 -0.2259776 -0.4437145
55.50 0.91654236284366797 -0.18718 -0.2258779 -0.4439199
55.75 0.92084336006132139 -0.1869805 -0.2257697 -0.4441177
56.00 0.92517945528340284 -0.186772 -0.2256524 -0.4443075
56.25 0.92955139236486140 -0.1865537 -0.2255257 -0.4444891
56.50 0.93395993369181618 -0.1863248 -0.2253892 -0.4446621
56.75 0.93840586082334254 -0.1860842 -0.2252423 -0.4448265
57.00 0.94288997515969897 -0.1858307 -0.2250845 -0.444982
57.25 0.94741309863831702 -0.1855629 -0.2249153 -0.445129
57.50 0.95197607445894206 -0.1852793 -0.224734 -0.4452677
57.75 0.95657976783940157 -0.1849778 -0.2245397 -0.4453988
58.00 0.96122506680355879 -0.1846563 -0.2243318 -0.445523
58.25 0.96591288300310196 -0.1843123 -0.2241092 -0.4456418
58.50 0.97064415257492132 -0.1839425 -0.2238707 -0.445757
58.75 0.97541983703592194 -0.1835436 -0.223615 -0.4458709
59.00 0.98024092421724396 -0.1831114 -0.2233406 -0.4459867
59.25 0.98510842923997155 -0.1826411 -0.2230456 -0.4461086
59.50 0.99002339553454166 -0.1821272 -0.2227278 -0.4462419
59.75 0.99498689590620693 -0.1815633 -0.2223847 -0.4463933
60.00 1.0000000336490449 -0.180942 -0.2220132 -0.4465714
60.25 1.0050639437111659 -0.180255 -0.2216099 -0.4467868
60.50 1.0101797939139427 -0.1794928 -0.2211707 -0.4470528
60.75 1.0153487862282633 -0.1786446 -0.220691 -0.4473857
61.00 1.0205721581109972 -0.1776988 -0.2201654 -0.447805
61.25 1.0258511839050852 -0.1766424 -0.2195881 -0.4483341
61.50 1.0311871763068714 -0.1754616 -0.2189527 -0.4490003
61.75 1.0365814879045478 -0.174142 -0.2182527 -0.4498345
62.00 1.0420355127918348 -0.1726692 -0.2174815 -0.450871
62.25 1.0475506882612993 -0.171029 -0.2166327 -0.4521457
62.50 1.0531284965820111 -0.1692082 -0.215701 -0.4536947
62.75 1.0587704668665670 -0.1671958 -0.2146827 -0.4555513
63.00 1.0644781770328475 -0.164983 -0.2135758 -0.4577436
63.25 1.0702532558662603 -0.1625643 -0.2123813 -0.4602905
63.50 1.0760973851886237 -0.1599375 -0.2111027 -0.4631999
63.75 1.0820123021402799 -0.157104 -0.2097466 -0.4664664
64.00 1.0879998015825072 -0.1540685 -0.2083223 -0.4700714
64.25 1.0940617386278098 -0.1508386 -0.2068409 -0.4739835
64.50 1.1002000313062268 -0.1474241 -0.2053151 -0.478161
64.75 1.1064166633763877 -0.1438372 -0.2037577 -0.4825543
65.00 1.1127136872907215 -0.1400917 -0.2021815 -0.4871092
65.25 1.1190932273249123 -0.1362036 -0.2005977 -0.4917695
65.50 1.1255574828824770 -0.1321915 -0.1990162 -0.4964794
65.75 1.1321087319861824 -0.1280779 -0.1974451 -0.5011859
66.00 1.1387493349689228 -0.1238906 -0.1958904 -0.5058401
66.25 1.1454817383776770 -0.1196651 -0.1943566 -0.5103981
66.50 1.1523084791052536 -0.1154471 -0.1928465 -0.5148219
66.75 1.1592321887657087 -0.1112956 -0.1913622 -0.5190799
67.00 1.1662555983306084 -0.1072856 -0.1899052 -0.5231467
67.25 1.1733815430447392 -0.1035079 -0.1884768 -0.5270033
67.50 1.1806129676413906 -0.1000649 -0.1870789 -0.5306365
67.75 1.1879529318790409 -0.0970566 -0.1857142 -0.5340389
68.00 1.1954046164231349 -0.0945617 -0.1843868 -0.5372079
68.25 1.2029713290986654 -0.0926199 -0.1831034 -0.5401451
68.50 1.2106565115415191 -0.0912275 -0.1818733 -0.542856
68.75 1.2184637462790018 -0.0903502 -0.1807105 -0.5453488
69.00 1.2263967642726714 -0.089944 -0.1796352 -0.547634
69.25 1.2344594529595776 -0.0899801 -0.1786775 -0.5497238
69.50 1.2426558648313226 -0.0904782 -0.1778832 -0.5516313
69.75 1.2509902265939778 -0.0915871 -0.1773238 -0.5533704
70.00 1.2594669489559134 -0.093768 -0.1771142 -0.5549548
70.25 1.2680906370950717 -0.0976435 -0.1774413 -0.5563986
70.50 1.2768661018621295 -0.1029775 -0.1785961 -0.557715
70.75 1.2857983717814927 -0.1091311 -0.1809634 -0.5589171
71.00 1.2948927059181552 -0.1157837 -0.1848744 -0.560017
71.25 1.3041546076852373 -0.1228108 -0.1903733 -0.5610262
71.50 1.3135898396745678 -0.1301596 -0.1972032 -0.5619554
71.75 1.3232044396011293 -0.1378054 -0.2050269 -0.5628144
72.00 1.3330047374615932 -0.1457355 -0.2135792 -0.5636124
72.25 1.3429973740177321 -0.153943 -0.2226872 -0.5643577
72.50 1.3531893207273342 -0.1624243 -0.2322433 -0.5650578
72.75 1.3635879012585173 -0.1711771 -0.2421806 -0.5657196
73.00 1.3742008147382716 -0.1801997 -0.2524558 -0.5663494
73.25 1.3850361609029067 -0.1894905 -0.2630399 -0.5669527
73.50 1.3961024673370386 -0.1990474 -0.2739126 -0.5675345
73.75 1.4074087190092159 -0.2088679 -0.2850592 -0.5680994
74.00 1.4189643903365978 -0.2189483 -0.2964683 -0.5686514
74.25 1.4307794800386300 -0.2292843 -0.3081309 -0.5691941
74.50 1.4428645490710084 -0.2398704 -0.3200398 -0.5697307
74.75 1.4552307619668963 -0.2506998 -0.3321885 -0.5702641
75.00 1.4678899319530556 -0.2617647 -0.3445717 -0.5707967
75.25 1.4808545702551064 -0.273056 -0.3571846 -0.571331
75.50 1.4941379400594756 -0.2845635 -0.3700226 -0.5718692
75.75 1.5077541156608558 -0.2962756 -0.3830818 -0.5724137
76.00 1.5217180473945009 -0.3081794 -0.3963583 -0.5729676
76.25 1.5360456330340897 -0.3202604 -0.4098486 -0.5735364
76.50 1.5507537964299845 -0.3325027 -0.4235491 -0.5741345
76.75 1.5658605742718710 -0.3448884 -0.4374566 -0.5748296
77.00 1.5813852119866876 -0.3573975 -0.4515678 -0.5772724
77.25 1.5973482699307082 -0.3700073 -0.4658792 -0.5908956
77.50 1.6137717412076256 -0.3826922 -0.4803874 -0.6062678
77.75 1.6306791826473761 -0.3954227 -0.4950887 -0.62205
78.00 1.6480958607190197 -0.4081651 -0.5099792 -0.6382004
78.25 1.6660489144325314 -0.4208802 -0.5250543 -0.6547294
78.50 1.6845675376176648 -0.4335223 -0.5403089 -0.6716601
78.75 1.7036831833639368 -0.4460387 -0.5557369 -0.6890228
79.00 1.7234297938777567 -0.4583685 -0.5713313 -0.7068538
79.25 1.7438440595774944 -0.4704427 -0.5870835 -0.7251951
79.50 1.7649657119256603 -0.4821847 -0.6029833 -0.7440931
79.75 1.7868378553155890 -0.4935131 -0.6190186 -0.763597
80.00 1.8095073443210954 -0.5043472 -0.6351747 -0.783754
80.25 1.8330252138232914 -0.5146158 -0.6514349 -0.8046026
80.50 1.8574471710024862 -0.5242707 -0.6677795 -0.8261624
80.75 1.8828341599932619 -0.5333015 -0.6841869 -0.8484208
81.00 1.9092530122354845 -0.5417501 -0.7006337 -0.8713218
81.25 1.9367771983277440 -0.5497179 -0.7170963 -0.8947574
81.50 1.9654877006520655 -0.5573624 -0.7335518 -0.9185696
81.75 1.9954740303864316 -0.5648811 -0.7499805 -0.9425629
82.00 2.0268354180156947 -0.5724884 -0.7663678 -0.9665251
82.25 2.0596822134404817 -0.580391 -0.7827062 -0.9902516
82.50 2.0941375407372735 -0.5887693 -0.7989966 -1.0135677
82.75 2.1303392641794385 -0.5977658 -0.8152503 -1.036344
83.00 2.1684423371644423 -0.6074822 -0.831489 -1.0585054
83.25 2.2086216254199424 -0.6179817 -0.847745 -1.0800329
83.50 2.2510753219802888 -0.6292953 -0.8640611 -1.1009592
83.75 2.2960291063410230 -0.6414302 -0.8804887 -1.1213603
84.00 2.3437412473608381 -0.6543796 -0.8970868 -1.141344
84.25 2.3945089138952178 -0.6681317 -0.9139199 -1.1610377
84.50 2.4486760461856742 -0.6826774 -0.9310564 -1.1805772
84.75 2.5066432657105051 -0.6980164 -0.9485677 -1.2000979
