5 0.22474786951272291 -0.5868896 0.4349991 0.4360019 0.4393292 0.4396169 0.4745553
5.25 0.23032811073355966 -0.5862525 0.4273896 0.4289497 0.4328428 0.4328487 0.4682966
5.50 0.23578063841929153 -0.5856248 0.4198030 0.4220985 0.4261611 0.4266121 0.4623823
5.75 0.24111432303437602 -0.5849971 0.4122180 0.4154434 0.4195271 0.4206351 0.4568223
6.00 0.24633708657984518 -0.5843600 0.4046208 0.4089806 0.4129309 0.4149115 0.4516201
6.25 0.25145603955751983 -0.5837044 0.3970042 0.4027074 0.4063678 0.4094423 0.4467739
6.50 0.25647759350390792 -0.5830211 0.3893670 0.3966220 0.3998436 0.4042293 0.4422776
6.75 0.26140755421862366 -0.5823012 0.3817116 0.3907229 0.3933719 0.3992752 0.4381216
7.00 0.26625119958804888 -0.5815356 0.3740437 0.3850094 0.3869722 0.3945830 0.4342950
7.25 0.27101334500631991 -0.5807155 0.3663703 0.3794808 0.3806672 0.3901565 0.4307856
7.50 0.27569839872782342 -0.5798318 0.3586992 0.3741370 0.3744814 0.3859997 0.4275814
7.75 0.28031040898329512 -0.5788754 0.3510384 0.3684401 0.3689781 0.3821168 0.4246705
8.00 0.28485310431016619 -0.5778373 0.3433956 0.3625685 0.3640044 0.3785122 0.4220423
8.25 0.28932992825516618 -0.5767082 0.3357780 0.3568918 0.3592164 0.3751907 0.4196825
8.50 0.29374406938062309 -0.5754789 0.3281922 0.3514343 0.3546151 0.3721569 0.4175736
8.75 0.29809848732900202 -0.5741400 0.3206443 0.3462200 0.3502014 0.3694155 0.4156622
9.00 0.30239593556098865 -0.5726822 0.3131397 0.3412721 0.3459763 0.3669709 0.4105478
9.25 0.30663898127202549 -0.5710960 0.3056835 0.3366132 0.3419410 0.3648276 0.3967552
9.50 0.31083002290405076 -0.5693721 0.2982801 0.3322648 0.3380963 0.3629894 0.3831198
9.75 0.31497130559833353 -0.5675013 0.2909336 0.3282474 0.3344425 0.3614597 0.3696344
10.00 0.31906493487798943 -0.5654747 0.2836479 0.3245800 0.3309773 0.3562941
10.25 0.32311288880213562 -0.5632837 0.2764264 0.3212798 0.3276876 0.3431046
10.50 0.32711702879550453 -0.5609198 0.2692723 0.3183622 0.3244569 0.3301753
10.75 0.33107910932596624 -0.5583757 0.2621883 0.3158396 0.3166151 0.3221686
11.00 0.33500078657648524 -0.5556443 0.2551766 0.3039101 0.3137214 0.3137776
11.25 0.33888362623650670 -0.5527193
11.50 0.34272911051981081 -0.5495957
11.75 0.34653864450082428 -0.5462691
12.00 0.35031356184872481 -0.5427362
12.25 0.35405513002798283 -0.5389949
12.50 0.35776455502492738 -0.5350440
12.75 0.36144298565221100 -0.5308832
13.00 0.36509151747647400 -0.5265132
13.25 0.36871119640886968 -0.5219353
13.50 0.37230302199327187 -0.5171516
13.75 0.37586795042281695 -0.5121641
14.00 0.37940689731182314 -0.5069754
14.25 0.38292074024700901 -0.5015877
14.50 0.38641032113921558 -0.4960029
14.75 0.38987644839447261 -0.4902224
15.00 0.39331989892118169 -0.4842468
15.25 0.39674141998838264 -0.4780754
15.50 0.40014173094847860 -0.4717064
15.75 0.40352152483640419 -0.4651362
16.00 0.40688146985598445 -0.4583597
16.25 0.41022221076315113 -0.4513698
16.50 0.41354437015471773 -0.4441573
16.75 0.41684854967056112 -0.4367109
17.00 0.42013533111630319 -0.4290176
17.25 0.42340527751290741 -0.4210628
17.50 0.42665893407900496 -0.4128314
17.75 0.42989682915123001 -0.4043092
18.00 0.43311947504735931 -0.3954854
18.25 0.43632736887662232 -0.3863560
18.50 0.43952099330116196 -0.3769290
18.75 0.44270081725227745 -0.3672306
19.00 0.44586729660476643 -0.3573125
19.25 0.44902087481240505 -0.3472590
19.50 0.45216198350734593 -0.3371916
19.75 0.45529104306598517 -0.3272698
20.00 0.45840846314364242 -0.3176853
20.25 0.46151464318020630 -0.3086500
20.50 0.46460997287872730 -0.3003794
20.75 0.46769483265878409 -0.2930720
21.00 0.47076959408630886 -0.2868897
21.25 0.47383462028142359 -0.2819383
21.50 0.47689026630572684 -0.2782526 -0.1176903 -0.0759163 -0.0362064 0.1014553 0.1385889
21.75 0.47993687953036013 -0.2757901 -0.1186627 -0.0806494 -0.0364569 0.1003504
22.00 0.48297479998608267 -0.2744331 -0.1186658 -0.0845482 -0.0366923 0.0977303
22.25 0.48600436069649899 -0.2740046 -0.1178165 -0.0877216 -0.0369945 0.0933641
22.50 0.48902588799549546 -0.2742897 -0.1162706 -0.0903152 -0.0374347 0.0876084
22.75 0.49203970182987000 -0.2750574 -0.1142051 -0.0925037 -0.0380751 0.0810112
23.00 0.49504611604806875 -0.2760752 -0.1118028 -0.0944845 -0.0389697 0.0739815
23.25 0.49804543867587991 -0.2771145 -0.1092430 -0.0964709 -0.0401670 0.0667711
23.50 0.50103797217987622 -0.2779444 -0.1066970 -0.0986862 -0.0417114 0.0595486
23.75 0.50402401371934424 -0.2783157 -0.1043223 -0.1013561 -0.0436421 0.0524720
24.00 0.50700385538738835 -0.2779342 -0.1046929 -0.1022476 -0.0459839 0.0457677
24.25 0.50997778444185260 -0.2764387 -0.1088464 -0.1005270 -0.0487150
24.50 0.51294608352666027 -0.2734366 -0.1137687 -0.0990326 -0.0516930
24.75 0.51590903088413309 -0.2687273
25.00 0.51886690055881535 -0.2626631
25.25 0.52181996259329522 -0.2560466
25.50 0.52476848321648584 -0.2495346
25.75 0.52771272502479782 -0.2434104
26.00 0.53065294715660993 -0.2377332
26.25 0.53358940546042311 -0.2324824
26.50 0.53652235265705239 -0.2276197 -0.1239664 -0.0655637 -0.0603221 0.0608101
26.75 0.53945203849620049 -0.2231082 -0.1212119 -0.0604062 -0.0601485 0.0645744
27.00 0.54237870990772830 -0.2189157 -0.1180714 -0.0598195 -0.0554474 0.0680620
27.25 0.54530261114792489 -0.2150135 -0.1146347 -0.0593221 -0.0507244 0.0713446
27.50 0.54822398394106098 -0.2113759 -0.1109754 -0.0586461 -0.0462638 0.0744887
27.75 0.55114306761649301 -0.2079784 -0.1071545 -0.0577861 -0.0420834 0.0775490
28.00 0.55406009924157285 -0.2047981 -0.1032225 -0.0567413 -0.0381917 0.0805679
28.25 0.55697531375060216 -0.2018132
28.50 0.55988894407005929 -0.1990033
28.75 0.56280122124031395 -0.1963498
29.00 0.56571237453403433 -0.1938359
29.25 0.56862263157148163 -0.1914465
29.50 0.57153221843287527 -0.1891684
29.75 0.57444135976800692 -0.1869903 -0.0752368 -0.0449421 -0.0176995 0.1020326
30.00 0.57735027890326807 -0.1849023 -0.0713901 -0.0427613 -0.0153932 0.1051874
30.25 0.58025919794625369 -0.1828960 -0.0676088 -0.0404944 -0.0131677 0.1083546
30.50 0.58316833788809341 -0.1809643 -0.0638966 -0.0381525 -0.0110102 0.1115293
30.75 0.58607791870365555 -0.1791011 -0.0602560 -0.0357456 -0.0089123 0.1147062
31.00 0.58898815944976501 -0.1773012 -0.0566885 -0.0332830 -0.0068686 0.1178805
31.25 0.59189927836156764 -0.1755604 -0.0531951 -0.0307733 -0.0048759 0.1210478
31.50 0.59481149294717062 -0.1738750 -0.0497760 -0.0282239 -0.0029330 0.1242037
31.75 0.59772502008068074 -0.1722418 -0.0464312 -0.0256418 -0.0010395 0.1273444
32.00 0.60064007609376124 -0.1706582 -0.0431604 -0.0230332 0.0008044 0.1304664
32.25 0.60355687686581816 -0.1691218 -0.0399629 -0.0204039 0.0025981 0.1335665
32.50 0.60647563791293169 -0.1676308 -0.0368382 -0.0177587 0.0043407 0.1366416
32.75 0.60939657447563289 -0.1661834 -0.0337854 -0.0151024 0.0060316 0.1396892
33.00 0.61231990160563299 -0.1647781 -0.0308038 -0.0124392 0.0076701 0.1427067
33.25 0.61524583425160395 -0.1634136 -0.0278925 -0.0097729 0.0092558 0.1456920
33.50 0.61817458734410646 -0.1620887 -0.0250507 -0.0071069 0.0107885 0.1486429
33.75 0.62110637587975959 -0.1608024 -0.0222776 -0.0044445 0.0122681 0.1515575
34.00 0.62404141500474464 -0.1595538 -0.0195723 -0.0017886 0.0136950 0.1544341
34.25 0.62697992009773107 -0.1583419 -0.0169342 0.0008581 0.0150695 0.1572710
34.50 0.62992210685231265 -0.1571661 -0.0143624 0.0034930 0.0163924 0.1600666
34.75 0.63286819135903882 -0.1560256 -0.0118563 0.0061137 0.0176644 0.1628194
35.00 0.63581839018712483 -0.1549196 -0.0094152 0.0087181 0.0188865 0.1655281
35.25 0.63877292046592293 -0.1538477 -0.0070386 0.0113039 0.0200598 0.1681913
35.50 0.64173199996623487 -0.1528092 -0.0047258 0.0138691 0.0211855 0.1708077
35.75 0.64469584718154593 -0.1518036 -0.0024764 0.0164118 0.0222648 0.1733761
36.00 0.64766468140925815 -0.1508303 -0.0002899 0.0189301 0.0232989 0.1758953
36.25 0.65063872283200119 -0.1498889 0.0018343 0.0214221 0.0242893 0.1783640
36.50 0.65361819259909770 -0.1489789 0.0038965 0.0238860 0.0252372 0.1807811
36.75 0.65660331290825846 -0.1480998 0.0058970 0.0261439 0.0263201 0.1831455
37.00 0.65959430708758449 -0.1472512 0.0078362 0.0270107 0.0287224 0.1854560
37.25 0.66259139967795155 -0.1464327 0.0097144 0.0278388 0.0310913 0.1877115
37.50 0.66559481651585173 -0.1456439 0.0115318 0.0286295 0.0334248 0.1899109 0.1899229
37.75 0.66860478481676788 -0.1448845 0.0132888 0.0293840 0.0357211 0.1889732
38.00 0.67162153325915808 -0.1441540 0.0149855 0.0301034 0.0379783 0.1880222
38.25 0.67464529206912238 -0.1434522
38.50 0.67767629310583211 -0.1427787 0.0181988 0.0314411 0.0423674 0.1861218
38.75 0.68071476994779589 -0.1421331 0.0197156 0.0320615 0.0444952 0.1851754
39.00 0.68376095798003989 -0.1415153 0.0211728 0.0326509 0.0465756 0.1842338
39.25 0.68681509448228206 -0.1409248 0.0225704 0.0332100 0.0486062 0.1832987
39.50 0.68987741871817743 -0.1403614 0.0239085 0.0337398 0.0505848 0.1823721
39.75 0.69294817202571524 -0.1398249 0.0251872 0.0342411 0.0525087 0.1814561
40.00 0.69602759790885060 -0.1393151 0.0264064 0.0347146 0.0543753 0.1805529
40.25 0.69911594213045092 -0.1388315 0.0275664 0.0351609 0.0561820 0.1796649
40.50 0.70221345280664171 -0.1383742 0.0286669 0.0355808 0.0579257 0.1787947
40.75 0.70532038050263912 -0.1379427 0.0297082 0.0359748 0.0596035 0.1779449
41.00 0.70843697833015451 -0.1375370 0.0306901 0.0363435 0.0612122 0.1771184
41.25 0.71156350204645979 -0.1371568 0.0316127 0.0366874 0.0627485 0.1763182
41.50 0.71470021015520846 -0.1368019 0.0324760 0.0370069 0.0642091 0.1755475
41.75 0.71784736400909988 -0.1364723 0.0332799 0.0373026 0.0655905 0.1748093
42.00 0.72100522791448773 -0.1361676 0.0340244 0.0375749 0.0668892 0.1741072
42.25 0.72417406923802852 -0.1358879 0.0347095 0.0378240 0.0681015 0.1734444
42.50 0.72735415851547003 -0.1356330 0.0353351 0.0380504 0.0692238 0.1728244
42.75 0.73054576956268569 -0.1354026 0.0359013 0.0382544 0.0702525 0.1722506
43.00 0.73374917958905994 -0.1351968
43.25 0.73696466931333482 -0.1350155
43.50 0.74019252308203054 -0.1348585 0.0372427 0.0387340 0.0727432 0.1708393
43.75 0.74343302899055930 -0.1347258 0.0375708 0.0388506 0.0733644 0.1704824
44.00 0.74668647900714824 -0.1346173 0.0378392 0.0389457 0.0738764 0.1701867
44.25 0.74995316909970178 -0.1345329 0.0380479 0.0390196 0.0742771 0.1699543
44.50 0.75323339936572720 -0.1344727 0.0381971 0.0390723 0.0745646 0.1697870
44.75 0.75652747416546084 -0.1344366 0.0382866 0.0391039 0.0747377 0.1696861
45.00 0.75983570225832975
45.25 0.76315839694289456 -0.1344366 0.0382866 0.0391039 0.0747377 0.1696861
45.50 0.76649587620041937 -0.1344727 0.0381971 0.0390723 0.0745646 0.1697870
45.75 0.76984846284222430 -0.1345329 0.0380479 0.0390196 0.0742771 0.1699543
46.00 0.77321648466098036 -0.1346173 0.0378392 0.0389457 0.0738764 0.1701867
46.25 0.77660027458611014 -0.1347258 0.0375708 0.0388506 0.0733644 0.1704824
46.50 0.78000017084346973 -0.1348585 0.0372427 0.0387340 0.0727432 0.1708393
46.75 0.78341651711948912 -0.1350155
47.00 0.78684966272995749 -0.1351968
47.25 0.79029996279364645 -0.1354026 0.0359013 0.0382544 0.0702525 0.1722506
47.50 0.79376777841097601 -0.1356330 0.0353351 0.0380504 0.0692238 0.1728244
47.75 0.79725347684792980 -0.1358879 0.0347095 0.0378240 0.0681015 0.1734444
48.00 0.80075743172543956 -0.1361676 0.0340244 0.0375749 0.0668892 0.1741071
48.25 0.80428002321446923 -0.1364723 0.0332799 0.0373026 0.0655905 0.1748093
48.50 0.80782163823703412 -0.1368019 0.0324760 0.0370069 0.0642091 0.1755475
48.75 0.81138267067340353 -0.1371568 0.0316127 0.0366874 0.0627485 0.1763182
49.00 0.81496352157574936 -0.1375370 0.0306901 0.0363435 0.0612122 0.1771184
49.25 0.81856459938850701 -0.1379427 0.0297082 0.0359748 0.0596035 0.1779449
49.50 0.82218632017573356 -0.1383742 0.0286669 0.0355808 0.0579257 0.1787947
49.75 0.82582910785575958 -0.1388315 0.0275663 0.0351609 0.0561820 0.1796649
50.00 0.82949339444344139 -0.1393151 0.0264064 0.0347146 0.0543753 0.1805529
50.25 0.83317962030033754 -0.1398250 0.0251872 0.0342411 0.0525087 0.1814561
50.50 0.83688823439314863 -0.1403614 0.0239085 0.0337398 0.0505848 0.1823721
50.75 0.84061969456077290 -0.1409248 0.0225704 0.0332100 0.0486062 0.1832987
51.00 0.84437446779034697 -0.1415153 0.0211728 0.0326509 0.0465756 0.1842338
51.25 0.84815303050266300 -0.1421331 0.0197156 0.0320615 0.0444952 0.1851754
51.50 0.85195586884736429 -0.1427787 0.0181987 0.0314411 0.0423674 0.1861218
51.75 0.85578347900834917 -0.1434522
52.00 0.85963636751982619 -0.1441540 0.0149855 0.0301034 0.0379783 0.1880222
52.25 0.86351505159349251 -0.1448845 0.0132888 0.0293840 0.0357211 0.1889732
52.50 0.86742005945732381 -0.1456439 0.0115318 0.0286295 0.0334248 0.1899109 0.1899229
52.75 0.87135193070649397 -0.1464327 0.0097144 0.0278388 0.0310913 0.1877115
53.00 0.87531121666696521 -0.1472512 0.0078362 0.0270107 0.0287224 0.1854560
53.25 0.87929848077231665 -0.1480998 0.0058970 0.0261439 0.0263201 0.1831455
53.50 0.88331429895441260 -0.1489789 0.0038964 0.0238860 0.0252372 0.1807811
53.75 0.88735926004853483 -0.1498889 0.0018343 0.0214221 0.0242893 0.1783640
54.00 0.89143396621364279 -0.1508303 -0.0002899 0.0189301 0.0232989 0.1758952
54.25 0.89553903336845653 -0.1518036 -0.0024764 0.0164118 0.0222648 0.1733761
54.50 0.89967509164409376 -0.1528092 -0.0047259 0.0138691 0.0211855 0.1708077
54.75 0.90384278585403033 -0.1538477 -0.0070386 0.0113039 0.0200598 0.1681913
55.00 0.90804277598219907 -0.1549197 -0.0094152 0.0087181 0.0188865 0.1655281
55.25 0.91227573769007742 -0.1560256 -0.0118563 0.0061137 0.0176644 0.1628194
55.50 0.91654236284366797 -0.1571661 -0.0143624 0.0034930 0.0163924 0.1600665
55.75 0.92084336006132139 -0.1583419 -0.0169342 0.0008581 0.0150695 0.1572709
56.00 0.92517945528340284 -0.1595538 -0.0195723 -0.0017886 0.0136950 0.1544341
56.25 0.92955139236486140 -0.1608024 -0.0222776 -0.0044445 0.0122681 0.1515575
56.50 0.93395993369181618 -0.1620887 -0.0250507 -0.0071069 0.0107885 0.1486429
56.75 0.93840586082334254 -0.1634136 -0.0278925 -0.0097729 0.0092558 0.1456920
57.00 0.94288997515969897 -0.1647781 -0.0308038 -0.0124392 0.0076701 0.1427067
57.25 0.94741309863831702 -0.1661834 -0.0337854 -0.0151024 0.0060316 0.1396892
57.50 0.95197607445894206 -0.1676308 -0.0368382 -0.0177587 0.0043407 0.1366416
57.75 0.95657976783940157 -0.1691218 -0.0399629 -0.0204039 0.0025981 0.1335665
58.00 0.96122506680355879 -0.1706582 -0.0431604 -0.0230332 0.0008044 0.1304664
58.25 0.96591288300310196 -0.1722418 -0.0464312 -0.0256418 -0.0010395 0.1273444
58.50 0.97064415257492132 -0.1738750 -0.0497760 -0.0282239 -0.0029331 0.1242037
58.75 0.97541983703592194 -0.1755604 -0.0531951 -0.0307733 -0.0048760 0.1210478
59.00 0.98024092421724396 -0.1773012 -0.0566885 -0.0332830 -0.0068686 0.1178805
59.25 0.98510842923997155 -0.1791011 -0.0602560 -0.0357456 -0.0089123 0.1147062
59.50 0.99002339553454166 -0.1809643 -0.0638966 -0.0381525 -0.0110103 0.1115293
59.75 0.99498689590620693 -0.1828960 -0.0676088 -0.0404944 -0.0131677 0.1083546
60.00 1.0000000336490449 -0.1849023 -0.0713901 -0.0427613 -0.0153932 0.1051873
60.25 1.0050639437111659 -0.1869903 -0.0752368 -0.0449421 -0.0176995 0.1020326
60.50 1.0101797939139427 -0.1891684
60.75 1.0153487862282633 -0.1914465
61.00 1.0205721581109972 -0.1938359
61.25 1.0258511839050852 -0.1963498
61.50 1.0311871763068714 -0.1990033
61.75 1.0365814879045478 -0.2018132
62.00 1.0420355127918348 -0.2047981 -0.1032225 -0.0567413 -0.0381917 0.0805679
62.25 1.0475506882612993 -0.2079784 -0.1071545 -0.0577861 -0.0420834 0.0775490
62.50 1.0531284965820111 -0.2113759 -0.1109754 -0.0586461 -0.0462638 0.0744887
62.75 1.0587704668665670 -0.2150135 -0.1146347 -0.0593221 -0.0507244 0.0713446
63.00 1.0644781770328475 -0.2189157 -0.1180714 -0.0598195 -0.0554474 0.0680619
63.25 1.0702532558662603 -0.2231082 -0.1212119 -0.0604062 -0.0601485 0.0645744
63.50 1.0760973851886237 -0.2276197 -0.1239664 -0.0655637 -0.0603221 0.0608101
63.75 1.0820123021402799 -0.2324824
64.00 1.0879998015825072 -0.2377332
64.25 1.0940617386278098 -0.2434104
64.50 1.1002000313062268 -0.2495346
64.75 1.1064166633763877 -0.2560466
65.00 1.1127136872907215 -0.2626631
65.25 1.1190932273249123 -0.2687273
65.50 1.1255574828824770 -0.2734366 -0.1137687 -0.0990326 -0.0516930
65.75 1.1321087319861824 -0.2764387 -0.1088464 -0.1005270 -0.0487150
66.00 1.1387493349689228 -0.2779342 -0.1046929 -0.1022476 -0.0459839 0.0457677
66.25 1.1454817383776770 -0.2783157 -0.1043223 -0.1013561 -0.0436421 0.0524720
66.50 1.1523084791052536 -0.2779444 -0.1066970 -0.0986862 -0.0417114 0.0595486
66.75 1.1592321887657087 -0.2771145 -0.1092430 -0.0964709 -0.0401670 0.0667711
67.00 1.1662555983306084 -0.2760752 -0.1118028 -0.0944845 -0.0389697 0.0739815
67.25 1.1733815430447392 -0.2750574 -0.1142051 -0.0925037 -0.0380751 0.0810112
67.50 1.1806129676413906 -0.2742897 -0.1162706 -0.0903152 -0.0374347 0.0876085
67.75 1.1879529318790409 -0.2740046 -0.1178165 -0.0877216 -0.0369945 0.0933641
68.00 1.1954046164231349 -0.2744331 -0.1186658 -0.0845482 -0.0366923 0.0977303
68.25 1.2029713290986654 -0.2757901 -0.1186627 -0.0806494 -0.0364569 0.1003504
68.50 1.2106565115415191 -0.2782526 -0.1176903 -0.0759163 -0.0362064 0.1014553 0.1385889
68.75 1.2184637462790018 -0.2819383
69.00 1.2263967642726714 -0.2868897
69.25 1.2344594529595776 -0.2930721
69.50 1.2426558648313226 -0.3003794
69.75 1.2509902265939778 -0.3086501
70.00 1.2594669489559134 -0.3176853
70.25 1.2680906370950717 -0.3272698
70.50 1.2768661018621295 -0.3371916
70.75 1.2857983717814927 -0.3472590
71.00 1.2948927059181552 -0.3573125
71.25 1.3041546076852373 -0.3672306
71.50 1.3135898396745678 -0.3769290
71.75 1.3232044396011293 -0.3863561
72.00 1.3330047374615932 -0.3954854
72.25 1.3429973740177321 -0.4043093
72.50 1.3531893207273342 -0.4128314
72.75 1.3635879012585173 -0.4210628
73.00 1.3742008147382716 -0.4290176
73.25 1.3850361609029067 -0.4367109
73.50 1.3961024673370386 -0.4441573
73.75 1.4074087190092159 -0.4513698
74.00 1.4189643903365978 -0.4583598
74.25 1.4307794800386300 -0.4651362
74.50 1.4428645490710084 -0.4717064
74.75 1.4552307619668963 -0.4780754
75.00 1.4678899319530556 -0.4842468
75.25 1.4808545702551064 -0.4902225
75.50 1.4941379400594756 -0.4960029
75.75 1.5077541156608558 -0.5015877
76.00 1.5217180473945009 -0.5069754
76.25 1.5360456330340897 -0.5121641
76.50 1.5507537964299845 -0.5171516
76.75 1.5658605742718710 -0.5219354
77.00 1.5813852119866876 -0.5265132
77.25 1.5973482699307082 -0.5308832
77.50 1.6137717412076256 -0.5350440
77.75 1.6306791826473761 -0.5389949
78.00 1.6480958607190197 -0.5427362
78.25 1.6660489144325314 -0.5462691
78.50 1.6845675376176648 -0.5495957
78.75 1.7036831833639368 -0.5527194
79.00 1.7234297938777567 -0.5556443 0.2551766 0.3039100 0.3137214 0.3137776
79.25 1.7438440595774944 -0.5583757 0.2621883 0.3158396 0.3166151 0.3221686
79.50 1.7649657119256603 -0.5609199 0.2692723 0.3183622 0.3244569 0.3301753
79.75 1.7868378553155890 -0.5632837 0.2764264 0.3212798 0.3276876 0.3431046
80.00 1.8095073443210954 -0.5654748 0.2836479 0.3245800 0.3309772 0.3562941
80.25 1.8330252138232914 -0.5675014 0.2909336 0.3282474 0.3344425 0.3614596 0.3696344
80.50 1.8574471710024862 -0.5693721 0.2982801 0.3322648 0.3380963 0.3629893 0.3831198
80.75 1.8828341599932619 -0.5710960 0.3056835 0.3366132 0.3419409 0.3648275 0.3967552
81.00 1.9092530122354845 -0.5726822 0.3131397 0.3412721 0.3459762 0.3669709 0.4105477
81.25 1.9367771983277440 -0.5741400 0.3206443 0.3462199 0.3502013 0.3694154 0.4156622
81.50 1.9654877006520655 -0.5754789 0.3281922 0.3514342 0.3546151 0.3721569 0.4175736
81.75 1.9954740303864316 -0.5767082 0.3357780 0.3568917 0.3592164 0.3751907 0.4196825
82.00 2.0268354180156947 -0.5778373 0.3433956 0.3625685 0.3640043 0.3785122 0.4220423
82.25 2.0596822134404817 -0.5788754 0.3510384 0.3684401 0.3689781 0.3821167 0.4246705
82.50 2.0941375407372735 -0.5798318 0.3586992 0.3741370 0.3744814 0.3859997 0.4275814
82.75 2.1303392641794385 -0.5807155 0.3663703 0.3794808 0.3806672 0.3901565 0.4307856
83.00 2.1684423371644423 -0.5815356 0.3740437 0.3850093 0.3869722 0.3945830 0.4342950
83.25 2.2086216254199424 -0.5823012 0.3817116 0.3907229 0.3933719 0.3992751 0.4381216
83.50 2.2510753219802888 -0.5830211 0.3893670 0.3966219 0.3998435 0.4042293 0.4422775
83.75 2.2960291063410230 -0.5837044 0.3970042 0.4027074 0.4063678 0.4094423 0.4467739
84.00 2.3437412473608381 -0.5843600 0.4046207 0.4089805 0.4129308 0.4149115 0.4516201
84.25 2.3945089138952178 -0.5849971 0.4122180 0.4154434 0.4195271 0.4206350 0.4568223
84.50 2.4486760461856742 -0.5856248 0.4198030 0.4220985 0.4261611 0.4266120 0.4623823
84.75 2.5066432657105051 -0.5862525 0.4273896 0.4289497 0.4328427 0.4328487 0.4682965
