5 0.22474786951272291 -0.74292 -0.73571 -0.72622 -0.71807 -0.20540 -0.16425 0.60323 0.64138 0.69280 0.73822 .04115
5.25 0.23032811073355966 -0.74094 -0.73241 -0.72102 -0.71104 -0.20538 -0.16322 0.58581 0.62679 0.68241 0.73186 .04216
5.50 0.23578063841929153 -0.73923 -0.72934 -0.71593 -0.70397 -0.20529 -0.16212 0.56906 0.61282 0.67259 0.72609 .04317
5.75 0.24111432303437602 -0.73778 -0.72648 -0.71096 -0.69688 -0.20512 -0.16097 0.55294 0.59940 0.66328 0.72083 .04415
6.00 0.24633708657984518 -0.73655 -0.72383 -0.70611 -0.68977 -0.20487 -0.15976 0.53741 0.58651 0.65444 0.71603 .04511
6.25 0.25145603955751983 -0.73554 -0.72136 -0.70137 -0.68264 -0.20454 -0.15848 0.52243 0.57409 0.64601 0.71163 .04606
6.50 0.25647759350390792 -0.73473 -0.71908 -0.69675 -0.67550 -0.20413 -0.15713 0.50797 0.56212 0.63795 0.70757 .04700
6.75 0.26140755421862366 -0.73411 -0.71697 -0.69225 -0.66836 -0.20363 -0.15571 0.49400 0.55055 0.63024 0.70382 .04792
7.00 0.26625119958804888 -0.73366 -0.71503 -0.68787 -0.66122 -0.20305 -0.15420 0.48048 0.53937 0.62283 0.70034 .04885
7.25 0.27101334500631991 -0.73338 -0.71326 -0.68360 -0.65409 -0.20238 -0.15262 0.46740 0.52854 0.61569 0.69708 .04976
7.50 0.27569839872782342 -0.73326 -0.71163 -0.67945 -0.64698 -0.20162 -0.15095 0.45471 0.51804 0.60880 0.69402 .05067
7.75 0.28031040898329512 -0.73329 -0.71016 -0.67542 -0.63990 -0.20077 -0.14918 0.44240 0.50785 0.60214 0.69113 .05159
8.00 0.28485310431016619 -0.73346 -0.70883 -0.67151 -0.63284 -0.19983 -0.14733 0.43043 0.49794 0.59568 0.68838 .05250
8.25 0.28932992825516618 -0.73377 -0.70764 -0.66771 -0.62583 -0.19880 -0.14537 0.41880 0.48829 0.58940 0.68574 .05343
8.50 0.29374406938062309 -0.73421 -0.70658 -0.66404 -0.61885 -0.19768 -0.14332 0.40747 0.47889 0.58329 0.68320 .05436
8.75 0.29809848732900202 -0.73478 -0.70566 -0.66049 -0.61194 -0.19646 -0.14116 0.39642 0.46971 0.57732 0.68073 .05530
9.00 0.30239593556098865 -0.73548 -0.70487 -0.65706 -0.60508 -0.19515 -0.13888 0.38563 0.46075 0.57148 0.67831 .05627
9.25 0.30663898127202549 -0.73631 -0.70420 -0.65375 -0.59829 -0.19374 -0.13650 0.37509 0.45198 0.56576 0.67593 .05724
9.50 0.31083002290405076 -0.73727 -0.70366 -0.65056 -0.59158 -0.19224 -0.13400 0.36476 0.44339 0.56015 0.67356 .05824
9.75 0.31497130559833353 -0.73834 -0.70323 -0.64750 -0.58495 -0.19065 -0.13138 0.35465 0.43497 0.55462 0.67120 .05927
10.00 0.31906493487798943 -0.73954 -0.70293 -0.64455 -0.57841 -0.18897 -0.12863 0.34472 0.42671 0.54918 0.66882 .06034
10.25 0.32311288880213562 -0.74087 -0.70274 -0.64173 -0.57196 -0.18719 -0.12576 0.33496 0.41859 0.54380 0.66642 .06143
10.50 0.32711702879550453 -0.74231 -0.70267 -0.63903 -0.56562 -0.18533 -0.12275 0.32537 0.41061 0.53849 0.66399 .06258
10.75 0.33107910932596624 -0.74388 -0.70270 -0.63646 -0.55938 -0.18338 -0.11962 0.31591 0.40275 0.53324 0.66150 .06376
11.00 0.33500078657648524 -0.74557 -0.70285 -0.63400 -0.55326 -0.18134 -0.11635 0.30659 0.39501 0.52803 0.65896 .06499
11.25 0.33888362623650670 -0.74739 -0.70311 -0.63166 -0.54725 -0.17922 -0.11294 0.29738 0.38737 0.52286 0.65635 .06628
11.50 0.34272911051981081 -0.74932 -0.70347 -0.62944 -0.54136 -0.17702 -0.10940 0.28828 0.37984 0.51773 0.65368 .06762
11.75 0.34653864450082428 -0.75138 -0.70394 -0.62733 -0.53560 -0.17475 -0.10572 0.27929 0.37240 0.51264 0.65092 .06903
12.00 0.35031356184872481 -0.75356 -0.70450 -0.62533 -0.52996 -0.17241 -0.10190 0.27038 0.36506 0.50757 0.64808 .07051
12.25 0.35405513002798283 -0.75585 -0.70516 -0.62344 -0.52445 -0.17000 -0.09794 0.26156 0.35780 0.50253 0.64516 .07206
12.50 0.35776455502492738 -0.75826 -0.70591 -0.62165 -0.51906 -0.16753 -0.09386 0.25281 0.35062 0.49751 0.64214 .07367
12.75 0.36144298565221100 -0.76078 -0.70675 -0.61997 -0.51380 -0.16500 -0.08964 0.24414 0.34353 0.49252 0.63905 .07536
13.00 0.36509151747647400 -0.76340 -0.70767 -0.61837 -0.50867 -0.16243 -0.08529 0.23555 0.33652 0.48755 0.63586 .07714
13.25 0.36871119640886968 -0.76612 -0.70867 -0.61687 -0.50366 -0.15982 -0.08082 0.22703 0.32958 0.48262 0.63259 .07900
13.50 0.37230302199327187 -0.76894 -0.70974 -0.61546 -0.49877 -0.15717 -0.07622 0.21858 0.32273 0.47770 0.62925 .08095
13.75 0.37586795042281695 -0.77185 -0.71088 -0.61412 -0.49399 -0.15449 -0.07151 0.21020 0.31595 0.47282 0.62582 .08298
14.00 0.37940689731182314 -0.77483 -0.71209 -0.61285 -0.48933 -0.15180 -0.06669 0.20190 0.30926 0.46797 0.62232 .08511
14.25 0.38292074024700901 -0.77789 -0.71335 -0.61166 -0.48477 -0.14909 -0.06177 0.19368 0.30264 0.46316 0.61876 .08732
14.50 0.38641032113921558 -0.78102 -0.71466 -0.61053 -0.48032 -0.14637 -0.05675 0.18554 0.29611 0.45838 0.61513 .08962
14.75 0.38987644839447261 -0.78420 -0.71602 -0.60945 -0.47597 -0.14366 -0.05165 0.17750 0.28966 0.45365 0.61146 .09201
15.00 0.39331989892118169 -0.78743 -0.71743 -0.60843 -0.47170 -0.14097 -0.04646 0.16956 0.28330 0.44896 0.60774 .09451
15.25 0.39674141998838264 -0.79070 -0.71886 -0.60746 -0.46753 -0.13829 -0.04121 0.16172 0.27702 0.44432 0.60398 .09708
15.50 0.40014173094847860 -0.79399 -0.72033 -0.60652 -0.46343 -0.13565 -0.03590 0.15401 0.27085 0.43973 0.60019 .09975
15.75 0.40352152483640419 -0.79730 -0.72182 -0.60563 -0.45940 -0.13305 -0.03055 0.14644 0.26476 0.43520 0.59639 .10250
16.00 0.40688146985598445 -0.80062 -0.72333 -0.60476 -0.45544 -0.13050 -0.02517 0.13903 0.25878 0.43073 0.59257 .10533
16.25 0.41022221076315113 -0.80394 -0.72485 -0.60392 -0.45154 -0.12803 -0.01979 0.13180 0.25290 0.42633 0.58875 .10824
16.50 0.41354437015471773 -0.80724 -0.72637 -0.60310 -0.44769 -0.12563 -0.01445 0.12479 0.24713 0.42200 0.58494 .11118
16.75 0.41684854967056112 -0.81050 -0.72790 -0.60230 -0.44388 -0.12333 -0.00916 0.11804 0.24147 0.41775 0.58115 .11417
17.00 0.42013533111630319 -0.81373 -0.72942 -0.60150 -0.44011 -0.12115 -0.00400 0.11161 0.23593 0.41358 0.57740 .11715
17.25 0.42340527751290741 -0.81689 -0.73092 -0.60070 -0.43636 -0.11910 0.00096 0.10559 0.23052 0.40950 0.57368 .12006
17.50 0.42665893407900496 -0.81998 -0.73240 -0.59990 -0.43263 -0.11721 0.00563 0.10009 0.22524 0.40553 0.57004 .12284
17.75 0.42989682915123001 -0.82297 -0.73385 -0.59909 -0.42891 -0.11550 0.00985 0.09526 0.22011 0.40165 0.56646 .12535
18.00 0.43311947504735931 -0.82584 -0.73525 -0.59825 -0.42518 -0.11400 0.01343 0.09131 0.21513 0.39790 0.56298 .12743
18.25 0.43632736887662232 -0.82858 -0.73659 -0.59737 -0.42144 -0.11275 0.01614 0.08850 0.21031 0.39427 0.55962 .12889
18.50 0.43952099330116196 -0.83116 -0.73786 -0.59646 -0.41768 -0.11177 0.01775 0.08708 0.20568 0.39079 0.55639 .12952
18.75 0.44270081725227745 -0.83356 -0.73905 -0.59548 -0.41390 -0.11110 0.01810 0.08721 0.20124 0.38747 0.55333 .12920
19.00 0.44586729660476643 -0.83576 -0.74013 -0.59444 -0.41009 -0.11076 0.01719 0.08894 0.19702 0.38431 0.55044 .12795
19.25 0.44902087481240505 -0.83774 -0.74110 -0.59332 -0.40625 -0.11080 0.01518 0.09211 0.19303 0.38134 0.54776 .12598
19.50 0.45216198350734593 -0.83950 -0.74194 -0.59212 -0.40238 -0.11122 0.01231 0.09649 0.18930 0.37857 0.54529 .12353
19.75 0.45529104306598517 -0.84102 -0.74265 -0.59084 -0.39852 -0.11203 0.00884 0.10184 0.18583 0.37601 0.54306 .12087
20.00 0.45840846314364242 -0.84232 -0.74322 -0.58947 -0.39467 -0.11324 0.00497 0.10795 0.18266 0.37367 0.54107 .11821
20.25 0.46151464318020630 -0.84342 -0.74365 -0.58803 -0.39086 -0.11483 0.00087 0.11464 0.17978 0.37156 0.53931 .11570
20.50 0.46460997287872730 -0.84433 -0.74396 -0.58653 -0.38711 -0.11676 -0.00335 0.12176 0.17722 0.36967 0.53777 .11341
20.75 0.46769483265878409 -0.84509 -0.74415 -0.58499 -0.38347 -0.11902 -0.00763 0.12921 0.17499 0.36801 0.53645 .11139
21.00 0.47076959408630886 -0.84573 -0.74423 -0.58343 -0.37994 -0.12155 -0.01191 0.13687 0.17308 0.36658 0.53531 .10964
21.25 0.47383462028142359 -0.84628 -0.74423 -0.58186 -0.37655 -0.12431 -0.01616 0.14467 0.17151 0.36538 0.53434 .10815
21.50 0.47689026630572684 -0.84678 -0.74417 -0.58030 -0.37331 -0.12728 -0.02038 0.15251 0.17027 0.36442 0.53352 .10690
21.75 0.47993687953036013 -0.84725 -0.74404 -0.57877 -0.37024 -0.13042 -0.02455 0.16032 0.16935 0.36370 0.53281 .10587
22.00 0.48297479998608267 -0.84773 -0.74388 -0.57728 -0.36733 -0.13370 -0.02868 0.16803 0.16875 0.36324 0.53220 .10502
22.25 0.48600436069649899 -0.84823 -0.74369 -0.57585 -0.36458 -0.13712 -0.03275 0.16845 0.17555 0.36305 0.53168 .10437
22.50 0.48902588799549546 -0.84878 -0.74347 -0.57446 -0.36199 -0.14066 -0.03677 0.16844 0.18283 0.36315 0.53124 .10389
22.75 0.49203970182987000 -0.84938 -0.74323 -0.57314 -0.35956 -0.14433 -0.04074 0.16871 0.18979 0.36358 0.53086 .10359
23.00 0.49504611604806875 -0.85006 -0.74296 -0.57186 -0.35727 -0.14815 -0.04466 0.16925 0.19638 0.36436 0.53056 .10349
23.25 0.49804543867587991 -0.85080 -0.74266 -0.57062 -0.35514 -0.15214 -0.04853 0.17001 0.20252 0.36554 0.53036 .10361
23.50 0.50103797217987622 -0.85161 -0.74230 -0.56941 -0.35317 -0.15636 -0.05234 0.17100 0.20815 0.36716 0.53027 .10402
23.75 0.50402401371934424 -0.85247 -0.74186 -0.56818 -0.35138 -0.16085 -0.05609 0.17217 0.21324 0.36928 0.53036 .10476
24.00 0.50700385538738835 -0.85335 -0.74126 -0.56690 -0.34983 -0.16570 -0.05974 0.17350 0.21773 0.37200 0.53073 .10596
24.25 0.50997778444185260 -0.85416 -0.74045 -0.56548 -0.34860 -0.17099 -0.06325 0.17495 0.22159 0.37541 0.53152 .10774
24.50 0.51294608352666027 -0.85476 -0.73931 -0.56382 -0.34786 -0.17673 -0.06652 0.17646 0.22484 0.37970 0.53292 .11021
24.75 0.51590903088413309 -0.85493 -0.73780 -0.56187 -0.34780 -0.18272 -0.06937 0.17798 0.22755 0.38505 0.53510 .11335
25.00 0.51886690055881535 -0.85454 -0.73602 -0.55966 -0.34853 -0.18851 -0.07163 0.17951 0.22985 0.39151 0.53797 .11688
25.25 0.52181996259329522 -0.85367 -0.73419 -0.55738 -0.34990 -0.19369 -0.07328 0.18111 0.23182 0.39892 0.54118 .12041
25.50 0.52476848321648584 -0.85255 -0.73251 -0.55519 -0.35172 -0.19815 -0.07441 0.18282 0.23347 0.40700 0.54439 .12374
25.75 0.52771272502479782 -0.85135 -0.73104 -0.55317 -0.35379 -0.20201 -0.07516 0.18468 0.23479 0.41553 0.54739 .12685
26.00 0.53065294715660993 -0.85021 -0.72981 -0.55134 -0.35601 -0.20539 -0.07564 0.18671 0.23577 0.42435 0.55009 .12975
26.25 0.53358940546042311 -0.84919 -0.72880 -0.54969 -0.35833 -0.20845 -0.07590 0.18888 0.23642 0.43338 0.55247 .13255
26.50 0.53652235265705239 -0.84831 -0.72798 -0.54819 -0.36071 -0.21127 -0.07600 0.19121 0.23675 0.44254 0.55453 .13527
26.75 0.53945203849620049 -0.84759 -0.72734 -0.54685 -0.36314 -0.21392 -0.07595 0.19368 0.23681 0.45179 0.55629 .13797
27.00 0.54237870990772830 -0.84703 -0.72686 -0.54563 -0.36560 -0.21645 -0.07578 0.19627 0.23661 0.46108 0.55776 .14067
27.25 0.54530261114792489 -0.84662 -0.72652 -0.54453 -0.36809 -0.21889 -0.07549 0.19899 0.23619 0.47038 0.55896 .14340
27.50 0.54822398394106098 -0.84636 -0.72630 -0.54353 -0.37060 -0.22127 -0.07510 0.20182 0.23557 0.47968 0.55992 .14617
27.75 0.55114306761649301 -0.84623 -0.72618 -0.54262 -0.37312 -0.22361 -0.07462 0.20474 0.23478 0.48895 0.56064 .14899
28.00 0.55406009924157285 -0.84623 -0.72616 -0.54179 -0.37564 -0.22591 -0.07405 0.20774 0.23384 0.49818 0.56116 .15186
28.25 0.55697531375060216 -0.84634 -0.72622 -0.54104 -0.37816 -0.22818 -0.07340 0.21082 0.23277 0.50737 0.56148 .15478
28.50 0.55988894407005929 -0.84656 -0.72635 -0.54035 -0.38068 -0.23043 -0.07268 0.21396 0.23160 0.51650 0.56164 .15775
28.75 0.56280122124031395 -0.84686 -0.72654 -0.53971 -0.38318 -0.23265 -0.07189 0.21716 0.23034 0.52558 0.56166 .16076
29.00 0.56571237453403433 -0.84724 -0.72678 -0.53913 -0.38568 -0.23486 -0.07103 0.22039 0.22900 0.53460 0.56154 .16383
29.25 0.56862263157148163 -0.84769 -0.72706 -0.53858 -0.38815 -0.23705 -0.07013 0.22366 0.22759 0.54357 0.56130 .16692
29.50 0.57153221843287527 -0.84819 -0.72738 -0.53808 -0.39060 -0.23922 -0.06917 0.22613 0.22696 0.55248 0.56096 .17005
29.75 0.57444135976800692 -0.84875 -0.72773 -0.53761 -0.39303 -0.24137 -0.06818 0.22462 0.23028 0.56053 0.56134 .17319
30.00 0.57735027890326807 -0.84935 -0.72811 -0.53717 -0.39543 -0.24350 -0.06714 0.22308 0.23361 0.56002 0.57014 .17636
30.25 0.58025919794625369 -0.84998 -0.72851 -0.53676 -0.39780 -0.24560 -0.06607 0.22150 0.23695 0.55944 0.57888 .17953
30.50 0.58316833788809341 -0.85065 -0.72893 -0.53637 -0.40014 -0.24769 -0.06497 0.21990 0.24030 0.55880 0.58758 .18272
30.75 0.58607791870365555 -0.85133 -0.72936 -0.53600 -0.40245 -0.24975 -0.06384 0.21827 0.24365 0.55811 0.59622 .18591
31.00 0.58898815944976501 -0.85204 -0.72980 -0.53565 -0.40473 -0.25179 -0.06269 0.21663 0.24699 0.55737 0.60480 .18910
31.25 0.59189927836156764 -0.85276 -0.73024 -0.53531 -0.40697 -0.25380 -0.06152 0.21498 0.25033 0.55659 0.61333 .19228
31.50 0.59481149294717062 -0.85349 -0.73070 -0.53499 -0.40917 -0.25579 -0.06033 0.21332 0.25366 0.55577 0.62181 .19546
31.75 0.59772502008068074 -0.85423 -0.73116 -0.53468 -0.41134 -0.25775 -0.05913 0.21165 0.25697 0.55492 0.63023 .19862
32.00 0.60064007609376124 -0.85498 -0.73162 -0.53438 -0.41348 -0.25968 -0.05792 0.20998 0.26028 0.55404 0.63859 .20176
32.25 0.60355687686581816 -0.85573 -0.73208 -0.53410 -0.41557 -0.26159 -0.05669 0.20830 0.26356 0.55314 0.64690 .20490
32.50 0.60647563791293169 -0.85648 -0.73254 -0.53382 -0.41763 -0.26346 -0.05546 0.20663 0.26683 0.55221 0.65514 .20800
32.75 0.60939657447563289 -0.85723 -0.73300 -0.53355 -0.41965 -0.26531 -0.05422 0.20496 0.27007 0.55127 0.66332 .21109
33.00 0.61231990160563299 -0.85797 -0.73346 -0.53328 -0.42163 -0.26712 -0.05298 0.20329 0.27330 0.55031 0.67144 .21414
33.25 0.61524583425160395 -0.85871 -0.73392 -0.53303 -0.42357 -0.26891 -0.05173 0.20163 0.27650 0.54933 0.67949 .21718
33.50 0.61817458734410646 -0.85945 -0.73437 -0.53278 -0.42547 -0.27066 -0.05048 0.19998 0.27967 0.54834 0.68747 .22018
33.75 0.62110637587975959 -0.86018 -0.73481 -0.53253 -0.42733 -0.27238 -0.04924 0.19834 0.28282 0.54734 0.69537 .22314
34.00 0.62404141500474464 -0.86089 -0.73525 -0.53229 -0.42915 -0.27407 -0.04799 0.19671 0.28593 0.54633 0.70319 .22608
34.25 0.62697992009773107 -0.86160 -0.73568 -0.53205 -0.43093 -0.27573 -0.04675 0.19509 0.28902 0.54531 0.71094 .22898
34.50 0.62992210685231265 -0.86230 -0.73610 -0.53182 -0.43267 -0.27735 -0.04551 0.19348 0.29208 0.54429 0.71860 .23184
34.75 0.63286819135903882 -0.86299 -0.73652 -0.53160 -0.43437 -0.27894 -0.04428 0.19189 0.29510 0.54326 0.72617 .23466
35.00 0.63581839018712483 -0.86367 -0.73693 -0.53137 -0.43603 -0.28050 -0.04306 0.19031 0.29808 0.54223 0.73365 .23744
35.25 0.63877292046592293 -0.86433 -0.73733 -0.53116 -0.43764 -0.28202 -0.04184 0.18875 0.30103 0.54119 0.74103 .24018
35.50 0.64173199996623487 -0.86498 -0.73773 -0.53094 -0.43922 -0.28351 -0.04063 0.18721 0.30395 0.54015 0.74831 .24288
35.75 0.64469584718154593 -0.86562 -0.73811 -0.53073 -0.44076 -0.28496 -0.03943 0.18568 0.30682 0.53911 0.75548 .24553
36.00 0.64766468140925815 -0.86625 -0.73849 -0.53052 -0.44225 -0.28638 -0.03825 0.18418 0.30965 0.53807 0.76255 .24813
36.25 0.65063872283200119 -0.86686 -0.73886 -0.53032 -0.44371 -0.28777 -0.03707 0.18270 0.31244 0.53703 0.76950 .25070
36.50 0.65361819259909770 -0.86745 -0.73921 -0.53012 -0.44512 -0.28912 -0.03591 0.18124 0.31519 0.53600 0.77633 .25321
36.75 0.65660331290825846 -0.86803 -0.73956 -0.52993 -0.44649 -0.29043 -0.03477 0.17980 0.31789 0.53496 0.78303 .25566
37.00 0.65959430708758449 -0.86860 -0.73990 -0.52974 -0.44782 -0.29170 -0.03364 0.17839 0.32054 0.53394 0.78961 .25806
37.25 0.66259139967795155 -0.86915 -0.74023 -0.52955 -0.44911 -0.29294 -0.03253 0.17701 0.32314 0.53292 0.79605 .26041
37.50 0.66559481651585173 -0.86968 -0.74055 -0.52936 -0.45036 -0.29415 -0.03143 0.17565 0.32570 0.53190 0.80235 .26272
37.75 0.66860478481676788 -0.87020 -0.74086 -0.52918 -0.45157 -0.29531 -0.03036 0.17432 0.32820 0.53090 0.80851 .26495
38.00 0.67162153325915808 -0.87070 -0.74116 -0.52901 -0.45273 -0.29644 -0.02931 0.17302 0.33064 0.52990 0.81452 .26713
38.25 0.67464529206912238 -0.87118 -0.74145 -0.52884 -0.45386 -0.29753 -0.02827 0.17175 0.33303 0.52891 0.82037 .26926
38.50 0.67767629310583211 -0.87165 -0.74173 -0.52867 -0.45494 -0.29859 -0.02727 0.17051 0.33536 0.52794 0.82606 .27132
38.75 0.68071476994779589 -0.87210 -0.74200 -0.52851 -0.45599 -0.29961 -0.02628 0.16930 0.33764 0.52698 0.83159 .27333
39.00 0.68376095798003989 -0.87254 -0.74226 -0.52836 -0.45699 -0.30058 -0.02532 0.16813 0.33985 0.52604 0.83695 .27526
39.25 0.68681509448228206 -0.87296 -0.74251 -0.52820 -0.45795 -0.30152 -0.02439 0.16700 0.34199 0.52511 0.84214 .27713
39.50 0.68987741871817743 -0.87336 -0.74274 -0.52806 -0.45887 -0.30243 -0.02349 0.16590 0.34407 0.52420 0.84715 .27894
39.75 0.69294817202571524 -0.87374 -0.74297 -0.52792 -0.45975 -0.30329 -0.02261 0.16483 0.34608 0.52332 0.85197 .28068
40.00 0.69602759790885060 -0.87411 -0.74319 -0.52778 -0.46059 -0.30412 -0.02177 0.16381 0.34802 0.52245 0.85660 .28235
40.25 0.69911594213045092 -0.87446 -0.74340 -0.52765 -0.46139 -0.30490 -0.02095 0.16283 0.34989 0.52161 0.86104 .28395
40.50 0.70221345280664171 -0.87479 -0.74359 -0.52752 -0.46214 -0.30565 -0.02017 0.16189 0.35168 0.52080 0.86529 .28548
40.75 0.70532038050263912 -0.87510 -0.74378 -0.52740 -0.46286 -0.30636 -0.01943 0.16099 0.35339 0.52001 0.86933 .28693
41.00 0.70843697833015451 -0.87540 -0.74395 -0.52729 -0.46353 -0.30702 -0.01871 0.16013 0.35502 0.51925 0.87316 .28831
41.25 0.71156350204645979 -0.87568 -0.74412 -0.52718 -0.46417 -0.30765 -0.01804 0.15932 0.35657 0.51853 0.87678 .28961
41.50 0.71470021015520846 -0.87594 -0.74427 -0.52708 -0.46476 -0.30824 -0.01740 0.15856 0.35804 0.51784 0.88019 .29084
41.75 0.71784736400909988 -0.87618 -0.74441 -0.52699 -0.46531 -0.30879 -0.01680 0.15784 0.35941 0.51718 0.88338 .29199
42.00 0.72100522791448773 -0.87641 -0.74455 -0.52690 -0.46582 -0.30930 -0.01624 0.15717 0.36070 0.51656 0.88635 .29306
42.25 0.72417406923802852 -0.87661 -0.74467 -0.52682 -0.46629 -0.30977 -0.01572 0.15656 0.36189 0.51599 0.88910 .29405
42.50 0.72735415851547003 -0.87680 -0.74478 -0.52674 -0.46672 -0.31019 -0.01525 0.15599 0.36299 0.51545 0.89161 .29494
42.75 0.73054576956268569 -0.87697 -0.74488 -0.52668 -0.46711 -0.31058 -0.01481 0.15547 0.36399 0.51496 0.89390 .29577
43.00 0.73374917958905994 -0.87713 -0.74497 -0.52662 -0.46746 -0.31093 -0.01442 0.15500 0.36489 0.51452 0.89595 .29651
43.25 0.73696466931333482 -0.87726 -0.74505 -0.52656 -0.46776 -0.31124 -0.01407 0.15459 0.36570 0.51412 0.89777 .29717
43.50 0.74019252308203054 -0.87738 -0.74512 -0.52651 -0.46803 -0.31150 -0.01377 0.15423 0.36639 0.51378 0.89935 .29773
43.75 0.74343302899055930 -0.87748 -0.74518 -0.52647 -0.46825 -0.31173 -0.01351 0.15393 0.36699 0.51348 0.90068 .29822
44.00 0.74668647900714824 -0.87756 -0.74523 -0.52644 -0.46844 -0.31191 -0.01330 0.15368 0.36747 0.51324 0.90178 .29861
44.25 0.74995316909970178 -0.87762 -0.74527 -0.52642 -0.46858 -0.31205 -0.01314 0.15348 0.36786 0.51305 0.90264 .29891
44.50 0.75323339936572720 -0.87767 -0.74529 -0.52640 -0.46868 -0.31216 -0.01302 0.15334 0.36813 0.51291 0.90325 .29914
44.75 0.75652747416546084 -0.87770 -0.74531 -0.52639 -0.46874 -0.31222 -0.01295 0.15326 0.36829 0.51283 0.90362 .29927
45.00 0.75983570225832975
45.25 0.76315839694289456 -0.87770 -0.74531 -0.52639 -0.46874 -0.31222 -0.01295 0.15326 0.36829 0.51283 0.90362 .29927
45.50 0.76649587620041937 -0.87767 -0.74529 -0.52640 -0.46868 -0.31216 -0.01302 0.15334 0.36813 0.51291 0.90325 .29914
45.75 0.76984846284222430 -0.87762 -0.74527 -0.52642 -0.46858 -0.31205 -0.01314 0.15348 0.36786 0.51305 0.90264 .29891
46.00 0.77321648466098036 -0.87756 -0.74523 -0.52644 -0.46844 -0.31191 -0.01330 0.15368 0.36747 0.51324 0.90178 .29861
46.25 0.77660027458611014 -0.87748 -0.74518 -0.52647 -0.46825 -0.31173 -0.01351 0.15393 0.36699 0.51348 0.90068 .29822
46.50 0.78000017084346973 -0.87738 -0.74512 -0.52651 -0.46803 -0.31150 -0.01377 0.15423 0.36639 0.51378 0.89935 .29773
46.75 0.78341651711948912 -0.87726 -0.74505 -0.52656 -0.46776 -0.31124 -0.01407 0.15459 0.36570 0.51412 0.89777 .29717
47.00 0.78684966272995749 -0.87713 -0.74497 -0.52662 -0.46746 -0.31093 -0.01442 0.15500 0.36489 0.51452 0.89595 .29651
47.25 0.79029996279364645 -0.87697 -0.74488 -0.52668 -0.46711 -0.31058 -0.01481 0.15547 0.36399 0.51496 0.89390 .29577
47.50 0.79376777841097601 -0.87680 -0.74478 -0.52674 -0.46672 -0.31019 -0.01525 0.15599 0.36299 0.51545 0.89161 .29494
47.75 0.79725347684792980 -0.87661 -0.74467 -0.52682 -0.46629 -0.30977 -0.01572 0.15656 0.36189 0.51599 0.88910 .29405
48.00 0.80075743172543956 -0.87641 -0.74455 -0.52690 -0.46582 -0.30930 -0.01624 0.15717 0.36070 0.51656 0.88635 .29306
48.25 0.80428002321446923 -0.87618 -0.74441 -0.52699 -0.46531 -0.30879 -0.01680 0.15784 0.35941 0.51718 0.88338 .29199
48.50 0.80782163823703412 -0.87594 -0.74427 -0.52708 -0.46476 -0.30824 -0.01740 0.15856 0.35804 0.51784 0.88019 .29084
48.75 0.81138267067340353 -0.87568 -0.74412 -0.52718 -0.46417 -0.30765 -0.01804 0.15932 0.35657 0.51853 0.87678 .28961
49.00 0.81496352157574936 -0.87540 -0.74395 -0.52729 -0.46353 -0.30702 -0.01871 0.16013 0.35502 0.51925 0.87316 .28831
49.25 0.81856459938850701 -0.87510 -0.74378 -0.52740 -0.46286 -0.30636 -0.01943 0.16099 0.35339 0.52001 0.86933 .28693
49.50 0.82218632017573356 -0.87479 -0.74359 -0.52752 -0.46214 -0.30565 -0.02017 0.16189 0.35168 0.52080 0.86529 .28548
49.75 0.82582910785575958 -0.87446 -0.74340 -0.52765 -0.46139 -0.30490 -0.02095 0.16283 0.34989 0.52161 0.86104 .28395
50.00 0.82949339444344139 -0.87411 -0.74319 -0.52778 -0.46059 -0.30412 -0.02177 0.16381 0.34802 0.52245 0.85660 .28235
50.25 0.83317962030033754 -0.87374 -0.74297 -0.52792 -0.45975 -0.30329 -0.02261 0.16483 0.34608 0.52332 0.85197 .28068
50.50 0.83688823439314863 -0.87336 -0.74274 -0.52806 -0.45887 -0.30243 -0.02349 0.16590 0.34407 0.52420 0.84715 .27894
50.75 0.84061969456077290 -0.87296 -0.74251 -0.52820 -0.45795 -0.30152 -0.02439 0.16700 0.34199 0.52511 0.84214 .27713
51.00 0.84437446779034697 -0.87254 -0.74226 -0.52836 -0.45699 -0.30058 -0.02532 0.16813 0.33985 0.52604 0.83695 .27526
51.25 0.84815303050266300 -0.87210 -0.74200 -0.52851 -0.45599 -0.29961 -0.02628 0.16930 0.33764 0.52698 0.83159 .27333
51.50 0.85195586884736429 -0.87165 -0.74173 -0.52867 -0.45494 -0.29859 -0.02727 0.17051 0.33536 0.52794 0.82606 .27132
51.75 0.85578347900834917 -0.87118 -0.74145 -0.52884 -0.45386 -0.29753 -0.02827 0.17175 0.33303 0.52891 0.82037 .26926
52.00 0.85963636751982619 -0.87070 -0.74116 -0.52901 -0.45273 -0.29644 -0.02931 0.17302 0.33064 0.52990 0.81452 .26713
52.25 0.86351505159349251 -0.87020 -0.74086 -0.52918 -0.45157 -0.29531 -0.03036 0.17432 0.32820 0.53090 0.80851 .26495
52.50 0.86742005945732381 -0.86968 -0.74055 -0.52936 -0.45036 -0.29415 -0.03143 0.17565 0.32570 0.53190 0.80235 .26272
52.75 0.87135193070649397 -0.86915 -0.74023 -0.52955 -0.44911 -0.29294 -0.03253 0.17701 0.32314 0.53292 0.79605 .26041
53.00 0.87531121666696521 -0.86860 -0.73990 -0.52974 -0.44782 -0.29170 -0.03364 0.17839 0.32054 0.53394 0.78961 .25806
53.25 0.87929848077231665 -0.86803 -0.73956 -0.52993 -0.44649 -0.29043 -0.03477 0.17980 0.31789 0.53496 0.78303 .25566
53.50 0.88331429895441260 -0.86745 -0.73921 -0.53012 -0.44512 -0.28912 -0.03591 0.18124 0.31519 0.53600 0.77633 .25321
53.75 0.88735926004853483 -0.86686 -0.73886 -0.53032 -0.44371 -0.28777 -0.03707 0.18270 0.31244 0.53703 0.76950 .25070
54.00 0.89143396621364279 -0.86625 -0.73849 -0.53052 -0.44225 -0.28638 -0.03825 0.18418 0.30965 0.53807 0.76255 .24813
54.25 0.89553903336845653 -0.86562 -0.73811 -0.53073 -0.44076 -0.28496 -0.03943 0.18568 0.30682 0.53911 0.75548 .24553
54.50 0.89967509164409376 -0.86498 -0.73773 -0.53094 -0.43922 -0.28351 -0.04063 0.18721 0.30395 0.54015 0.74831 .24288
54.75 0.90384278585403033 -0.86433 -0.73733 -0.53116 -0.43764 -0.28202 -0.04184 0.18875 0.30103 0.54119 0.74103 .24018
55.00 0.90804277598219907 -0.86367 -0.73693 -0.53137 -0.43603 -0.28050 -0.04306 0.19031 0.29808 0.54223 0.73365 .23744
55.25 0.91227573769007742 -0.86299 -0.73652 -0.53160 -0.43437 -0.27894 -0.04428 0.19189 0.29510 0.54326 0.72617 .23466
55.50 0.91654236284366797 -0.86230 -0.73610 -0.53182 -0.43267 -0.27735 -0.04551 0.19348 0.29208 0.54429 0.71860 .23184
55.75 0.92084336006132139 -0.86160 -0.73568 -0.53205 -0.43093 -0.27573 -0.04675 0.19509 0.28902 0.54531 0.71094 .22898
56.00 0.92517945528340284 -0.86089 -0.73525 -0.53229 -0.42915 -0.27407 -0.04799 0.19671 0.28593 0.54633 0.70319 .22608
56.25 0.92955139236486140 -0.86018 -0.73481 -0.53253 -0.42733 -0.27238 -0.04924 0.19834 0.28282 0.54734 0.69537 .22314
56.50 0.93395993369181618 -0.85945 -0.73437 -0.53278 -0.42547 -0.27066 -0.05048 0.19998 0.27967 0.54834 0.68747 .22018
56.75 0.93840586082334254 -0.85871 -0.73392 -0.53303 -0.42357 -0.26891 -0.05173 0.20163 0.27650 0.54933 0.67949 .21718
57.00 0.94288997515969897 -0.85797 -0.73346 -0.53328 -0.42163 -0.26712 -0.05298 0.20329 0.27330 0.55031 0.67144 .21414
57.25 0.94741309863831702 -0.85723 -0.73300 -0.53355 -0.41965 -0.26531 -0.05422 0.20496 0.27007 0.55127 0.66332 .21109
57.50 0.95197607445894206 -0.85648 -0.73254 -0.53382 -0.41763 -0.26346 -0.05546 0.20663 0.26683 0.55221 0.65514 .20800
57.75 0.95657976783940157 -0.85573 -0.73208 -0.53410 -0.41557 -0.26159 -0.05669 0.20830 0.26356 0.55314 0.64690 .20490
58.00 0.96122506680355879 -0.85498 -0.73162 -0.53438 -0.41348 -0.25968 -0.05792 0.20998 0.26028 0.55404 0.63859 .20176
58.25 0.96591288300310196 -0.85423 -0.73116 -0.53468 -0.41134 -0.25775 -0.05913 0.21165 0.25697 0.55492 0.63023 .19862
58.50 0.97064415257492132 -0.85349 -0.73070 -0.53499 -0.40917 -0.25579 -0.06033 0.21332 0.25366 0.55577 0.62181 .19546
58.75 0.97541983703592194 -0.85276 -0.73024 -0.53531 -0.40697 -0.25380 -0.06152 0.21498 0.25033 0.55659 0.61333 .19228
59.00 0.98024092421724396 -0.85204 -0.72980 -0.53565 -0.40473 -0.25179 -0.06269 0.21663 0.24699 0.55737 0.60480 .18910
59.25 0.98510842923997155 -0.85133 -0.72936 -0.53600 -0.40245 -0.24975 -0.06384 0.21827 0.24365 0.55811 0.59622 .18591
59.50 0.99002339553454166 -0.85065 -0.72893 -0.53637 -0.40014 -0.24769 -0.06497 0.21990 0.24030 0.55880 0.58758 .18272
59.75 0.99498689590620693 -0.84998 -0.72851 -0.53676 -0.39780 -0.24560 -0.06607 0.22150 0.23695 0.55944 0.57888 .17953
60.00 1.0000000336490449 -0.84935 -0.72811 -0.53717 -0.39543 -0.24350 -0.06714 0.22308 0.23361 0.56002 0.57014 .17636
60.25 1.0050639437111659 -0.84875 -0.72773 -0.53761 -0.39303 -0.24137 -0.06818 0.22462 0.23028 0.56053 0.56134 .17319
60.50 1.0101797939139427 -0.84819 -0.72738 -0.53808 -0.39060 -0.23922 -0.06917 0.22613 0.22696 0.55248 0.56096 .17005
60.75 1.0153487862282633 -0.84769 -0.72706 -0.53858 -0.38815 -0.23705 -0.07013 0.22366 0.22759 0.54357 0.56130 .16692
61.00 1.0205721581109972 -0.84724 -0.72678 -0.53913 -0.38568 -0.23486 -0.07103 0.22039 0.22900 0.53460 0.56154 .16383
61.25 1.0258511839050852 -0.84686 -0.72654 -0.53971 -0.38318 -0.23265 -0.07189 0.21716 0.23034 0.52558 0.56166 .16076
61.50 1.0311871763068714 -0.84656 -0.72635 -0.54035 -0.38068 -0.23043 -0.07268 0.21396 0.23160 0.51650 0.56164 .15775
61.75 1.0365814879045478 -0.84634 -0.72622 -0.54104 -0.37816 -0.22818 -0.07340 0.21082 0.23277 0.50737 0.56148 .15478
62.00 1.0420355127918348 -0.84623 -0.72616 -0.54179 -0.37564 -0.22591 -0.07405 0.20774 0.23384 0.49818 0.56116 .15186
62.25 1.0475506882612993 -0.84623 -0.72618 -0.54262 -0.37312 -0.22361 -0.07462 0.20474 0.23478 0.48895 0.56064 .14899
62.50 1.0531284965820111 -0.84636 -0.72630 -0.54353 -0.37060 -0.22127 -0.07510 0.20182 0.23557 0.47968 0.55992 .14617
62.75 1.0587704668665670 -0.84662 -0.72652 -0.54453 -0.36809 -0.21889 -0.07549 0.19899 0.23619 0.47038 0.55896 .14340
63.00 1.0644781770328475 -0.84703 -0.72686 -0.54563 -0.36560 -0.21645 -0.07578 0.19627 0.23661 0.46108 0.55776 .14067
63.25 1.0702532558662603 -0.84759 -0.72734 -0.54685 -0.36314 -0.21392 -0.07595 0.19368 0.23681 0.45179 0.55629 .13797
63.50 1.0760973851886237 -0.84831 -0.72798 -0.54819 -0.36071 -0.21127 -0.07600 0.19121 0.23675 0.44254 0.55453 .13527
63.75 1.0820123021402799 -0.84919 -0.72880 -0.54969 -0.35833 -0.20845 -0.07590 0.18888 0.23642 0.43338 0.55247 .13255
64.00 1.0879998015825072 -0.85021 -0.72981 -0.55134 -0.35601 -0.20539 -0.07564 0.18671 0.23577 0.42435 0.55009 .12975
64.25 1.0940617386278098 -0.85135 -0.73104 -0.55317 -0.35379 -0.20201 -0.07516 0.18468 0.23479 0.41553 0.54739 .12685
64.50 1.1002000313062268 -0.85255 -0.73251 -0.55519 -0.35172 -0.19815 -0.07441 0.18282 0.23347 0.40700 0.54439 .12374
64.75 1.1064166633763877 -0.85367 -0.73419 -0.55738 -0.34990 -0.19369 -0.07328 0.18111 0.23182 0.39892 0.54118 .12041
65.00 1.1127136872907215 -0.85454 -0.73602 -0.55966 -0.34853 -0.18851 -0.07163 0.17951 0.22985 0.39151 0.53797 .11688
65.25 1.1190932273249123 -0.85493 -0.73780 -0.56187 -0.34780 -0.18272 -0.06937 0.17798 0.22755 0.38505 0.53510 .11335
65.50 1.1255574828824770 -0.85476 -0.73931 -0.56382 -0.34786 -0.17673 -0.06652 0.17646 0.22484 0.37970 0.53292 .11021
65.75 1.1321087319861824 -0.85416 -0.74045 -0.56547 -0.34860 -0.17099 -0.06325 0.17495 0.22159 0.37541 0.53152 .10774
66.00 1.1387493349689228 -0.85335 -0.74126 -0.56690 -0.34983 -0.16570 -0.05974 0.17350 0.21773 0.37200 0.53073 .10596
66.25 1.1454817383776770 -0.85247 -0.74186 -0.56818 -0.35138 -0.16085 -0.05609 0.17217 0.21324 0.36928 0.53036 .10476
66.50 1.1523084791052536 -0.85161 -0.74230 -0.56941 -0.35317 -0.15636 -0.05234 0.17100 0.20815 0.36716 0.53027 .10402
66.75 1.1592321887657087 -0.85080 -0.74266 -0.57062 -0.35514 -0.15214 -0.04853 0.17001 0.20252 0.36554 0.53036 .10361
67.00 1.1662555983306084 -0.85006 -0.74296 -0.57186 -0.35727 -0.14815 -0.04466 0.16925 0.19638 0.36436 0.53056 .10349
67.25 1.1733815430447392 -0.84938 -0.74323 -0.57314 -0.35956 -0.14433 -0.04074 0.16871 0.18979 0.36358 0.53086 .10359
67.50 1.1806129676413906 -0.84878 -0.74347 -0.57446 -0.36199 -0.14066 -0.03677 0.16844 0.18283 0.36315 0.53124 .10389
67.75 1.1879529318790409 -0.84823 -0.74369 -0.57585 -0.36458 -0.13712 -0.03275 0.16845 0.17555 0.36305 0.53168 .10437
68.00 1.1954046164231349 -0.84773 -0.74388 -0.57728 -0.36733 -0.13370 -0.02868 0.16803 0.16875 0.36324 0.53220 .10502
68.25 1.2029713290986654 -0.84725 -0.74404 -0.57877 -0.37024 -0.13042 -0.02455 0.16032 0.16935 0.36370 0.53281 .10587
68.50 1.2106565115415191 -0.84678 -0.74417 -0.58030 -0.37331 -0.12728 -0.02038 0.15251 0.17027 0.36442 0.53352 .10690
68.75 1.2184637462790018 -0.84628 -0.74423 -0.58186 -0.37655 -0.12431 -0.01616 0.14467 0.17151 0.36538 0.53434 .10815
69.00 1.2263967642726714 -0.84573 -0.74423 -0.58343 -0.37994 -0.12155 -0.01191 0.13687 0.17308 0.36658 0.53531 .10964
69.25 1.2344594529595776 -0.84509 -0.74415 -0.58499 -0.38347 -0.11902 -0.00763 0.12921 0.17499 0.36801 0.53645 .11139
69.50 1.2426558648313226 -0.84433 -0.74396 -0.58653 -0.38711 -0.11676 -0.00335 0.12176 0.17722 0.36967 0.53777 .11341
69.75 1.2509902265939778 -0.84342 -0.74365 -0.58803 -0.39086 -0.11483 0.00087 0.11464 0.17978 0.37156 0.53931 .11570
70.00 1.2594669489559134 -0.84232 -0.74322 -0.58947 -0.39467 -0.11324 0.00497 0.10795 0.18266 0.37367 0.54107 .11821
70.25 1.2680906370950717 -0.84102 -0.74265 -0.59084 -0.39852 -0.11203 0.00884 0.10184 0.18583 0.37601 0.54306 .12087
70.50 1.2768661018621295 -0.83950 -0.74194 -0.59212 -0.40238 -0.11122 0.01231 0.09649 0.18930 0.37857 0.54529 .12353
70.75 1.2857983717814927 -0.83774 -0.74110 -0.59332 -0.40625 -0.11080 0.01518 0.09211 0.19303 0.38134 0.54776 .12598
71.00 1.2948927059181552 -0.83576 -0.74013 -0.59444 -0.41009 -0.11076 0.01719 0.08894 0.19702 0.38431 0.55044 .12795
71.25 1.3041546076852373 -0.83356 -0.73905 -0.59548 -0.41390 -0.11110 0.01810 0.08721 0.20124 0.38747 0.55333 .12920
71.50 1.3135898396745678 -0.83116 -0.73786 -0.59646 -0.41768 -0.11177 0.01775 0.08708 0.20568 0.39079 0.55639 .12952
71.75 1.3232044396011293 -0.82858 -0.73659 -0.59737 -0.42144 -0.11275 0.01614 0.08850 0.21031 0.39427 0.55962 .12889
72.00 1.3330047374615932 -0.82584 -0.73525 -0.59825 -0.42518 -0.11400 0.01343 0.09131 0.21513 0.39790 0.56298 .12743
72.25 1.3429973740177321 -0.82297 -0.73385 -0.59909 -0.42891 -0.11550 0.00985 0.09526 0.22011 0.40165 0.56646 .12535
72.50 1.3531893207273342 -0.81998 -0.73240 -0.59990 -0.43263 -0.11721 0.00563 0.10009 0.22524 0.40553 0.57004 .12284
72.75 1.3635879012585173 -0.81689 -0.73092 -0.60070 -0.43636 -0.11910 0.00096 0.10559 0.23052 0.40950 0.57368 .12006
73.00 1.3742008147382716 -0.81373 -0.72942 -0.60150 -0.44011 -0.12115 -0.00400 0.11161 0.23593 0.41358 0.57740 .11715
73.25 1.3850361609029067 -0.81050 -0.72790 -0.60230 -0.44388 -0.12333 -0.00916 0.11804 0.24147 0.41775 0.58115 .11417
73.50 1.3961024673370386 -0.80724 -0.72637 -0.60310 -0.44769 -0.12563 -0.01445 0.12479 0.24713 0.42200 0.58494 .11118
73.75 1.4074087190092159 -0.80394 -0.72485 -0.60392 -0.45154 -0.12803 -0.01979 0.13180 0.25290 0.42633 0.58875 .10824
74.00 1.4189643903365978 -0.80062 -0.72333 -0.60476 -0.45544 -0.13050 -0.02517 0.13903 0.25878 0.43073 0.59257 .10533
74.25 1.4307794800386300 -0.79730 -0.72182 -0.60563 -0.45940 -0.13305 -0.03055 0.14644 0.26476 0.43520 0.59639 .10250
74.50 1.4428645490710084 -0.79399 -0.72033 -0.60652 -0.46343 -0.13565 -0.03590 0.15401 0.27085 0.43973 0.60019 .09975
74.75 1.4552307619668963 -0.79070 -0.71886 -0.60746 -0.46753 -0.13829 -0.04121 0.16172 0.27702 0.44432 0.60398 .09708
75.00 1.4678899319530556 -0.78743 -0.71743 -0.60843 -0.47170 -0.14097 -0.04646 0.16956 0.28330 0.44896 0.60774 .09451
75.25 1.4808545702551064 -0.78420 -0.71602 -0.60945 -0.47597 -0.14366 -0.05165 0.17750 0.28966 0.45365 0.61146 .09201
75.50 1.4941379400594756 -0.78102 -0.71466 -0.61053 -0.48032 -0.14637 -0.05675 0.18554 0.29611 0.45838 0.61513 .08962
75.75 1.5077541156608558 -0.77789 -0.71335 -0.61166 -0.48477 -0.14909 -0.06177 0.19368 0.30264 0.46316 0.61876 .08732
76.00 1.5217180473945009 -0.77483 -0.71209 -0.61285 -0.48933 -0.15180 -0.06669 0.20190 0.30926 0.46797 0.62232 .08511
76.25 1.5360456330340897 -0.77185 -0.71088 -0.61412 -0.49399 -0.15449 -0.07151 0.21020 0.31595 0.47282 0.62582 .08298
76.50 1.5507537964299845 -0.76894 -0.70974 -0.61546 -0.49877 -0.15717 -0.07622 0.21858 0.32273 0.47770 0.62925 .08095
76.75 1.5658605742718710 -0.76612 -0.70867 -0.61687 -0.50366 -0.15982 -0.08082 0.22703 0.32958 0.48262 0.63259 .07900
77.00 1.5813852119866876 -0.76340 -0.70767 -0.61837 -0.50867 -0.16243 -0.08529 0.23555 0.33652 0.48755 0.63586 .07714
77.25 1.5973482699307082 -0.76078 -0.70675 -0.61997 -0.51380 -0.16500 -0.08964 0.24414 0.34353 0.49252 0.63905 .07536
77.50 1.6137717412076256 -0.75826 -0.70591 -0.62165 -0.51906 -0.16753 -0.09386 0.25281 0.35062 0.49751 0.64214 .07367
77.75 1.6306791826473761 -0.75585 -0.70516 -0.62344 -0.52445 -0.17000 -0.09794 0.26156 0.35780 0.50253 0.64516 .07206
78.00 1.6480958607190197 -0.75356 -0.70450 -0.62533 -0.52996 -0.17241 -0.10190 0.27038 0.36506 0.50757 0.64808 .07051
78.25 1.6660489144325314 -0.75138 -0.70394 -0.62733 -0.53560 -0.17475 -0.10572 0.27929 0.37240 0.51264 0.65092 .06903
78.50 1.6845675376176648 -0.74932 -0.70347 -0.62944 -0.54136 -0.17702 -0.10940 0.28828 0.37984 0.51773 0.65368 .06762
78.75 1.7036831833639368 -0.74739 -0.70311 -0.63166 -0.54725 -0.17922 -0.11294 0.29738 0.38737 0.52286 0.65635 .06628
79.00 1.7234297938777567 -0.74557 -0.70285 -0.63400 -0.55326 -0.18134 -0.11635 0.30659 0.39501 0.52803 0.65896 .06499
79.25 1.7438440595774944 -0.74388 -0.70270 -0.63646 -0.55938 -0.18338 -0.11962 0.31591 0.40275 0.53324 0.66150 .06376
79.50 1.7649657119256603 -0.74231 -0.70267 -0.63903 -0.56562 -0.18533 -0.12275 0.32537 0.41061 0.53849 0.66399 .06258
79.75 1.7868378553155890 -0.74087 -0.70274 -0.64173 -0.57196 -0.18719 -0.12576 0.33496 0.41859 0.54380 0.66642 .06143
80.00 1.8095073443210954 -0.73954 -0.70293 -0.64455 -0.57841 -0.18897 -0.12863 0.34472 0.42671 0.54918 0.66882 .06034
80.25 1.8330252138232914 -0.73834 -0.70323 -0.64750 -0.58495 -0.19065 -0.13138 0.35465 0.43497 0.55462 0.67120 .05927
80.50 1.8574471710024862 -0.73727 -0.70365 -0.65056 -0.59158 -0.19224 -0.13400 0.36476 0.44339 0.56015 0.67356 .05824
80.75 1.8828341599932619 -0.73631 -0.70420 -0.65375 -0.59829 -0.19374 -0.13650 0.37509 0.45198 0.56576 0.67593 .05724
81.00 1.9092530122354845 -0.73548 -0.70487 -0.65706 -0.60508 -0.19515 -0.13888 0.38563 0.46075 0.57148 0.67831 .05627
81.25 1.9367771983277440 -0.73478 -0.70566 -0.66049 -0.61194 -0.19646 -0.14116 0.39642 0.46971 0.57732 0.68073 .05530
81.50 1.9654877006520655 -0.73421 -0.70658 -0.66404 -0.61885 -0.19768 -0.14332 0.40747 0.47889 0.58329 0.68320 .05436
81.75 1.9954740303864316 -0.73377 -0.70764 -0.66771 -0.62583 -0.19880 -0.14537 0.41880 0.48829 0.58940 0.68574 .05343
82.00 2.0268354180156947 -0.73346 -0.70883 -0.67151 -0.63284 -0.19983 -0.14733 0.43043 0.49794 0.59568 0.68838 .05250
82.25 2.0596822134404817 -0.73329 -0.71016 -0.67542 -0.63990 -0.20077 -0.14918 0.44240 0.50785 0.60214 0.69113 .05159
82.50 2.0941375407372735 -0.73326 -0.71163 -0.67945 -0.64698 -0.20162 -0.15095 0.45471 0.51804 0.60880 0.69402 .05067
82.75 2.1303392641794385 -0.73338 -0.71326 -0.68360 -0.65409 -0.20238 -0.15262 0.46740 0.52854 0.61569 0.69708 .04976
83.00 2.1684423371644423 -0.73366 -0.71503 -0.68787 -0.66122 -0.20305 -0.15420 0.48048 0.53937 0.62282 0.70034 .04885
83.25 2.2086216254199424 -0.73411 -0.71697 -0.69225 -0.66836 -0.20363 -0.15571 0.49400 0.55055 0.63024 0.70382 .04792
83.50 2.2510753219802888 -0.73473 -0.71908 -0.69675 -0.67550 -0.20413 -0.15713 0.50797 0.56212 0.63795 0.70757 .04700
83.75 2.2960291063410230 -0.73554 -0.72136 -0.70137 -0.68264 -0.20454 -0.15848 0.52243 0.57409 0.64601 0.71163 .04606
84.00 2.3437412473608381 -0.73655 -0.72383 -0.70611 -0.68977 -0.20487 -0.15976 0.53741 0.58651 0.65443 0.71603 .04511
84.25 2.3945089138952178 -0.73778 -0.72648 -0.71096 -0.69688 -0.20512 -0.16097 0.55294 0.59940 0.66328 0.72083 .04415
84.50 2.4486760461856742 -0.73923 -0.72934 -0.71593 -0.70397 -0.20529 -0.16212 0.56906 0.61282 0.67259 0.72609 .04317
84.75 2.5066432657105051 -0.74094 -0.73241 -0.72102 -0.71104 -0.20538 -0.16322 0.58581 0.62679 0.68241 0.73186 .04216
