5 0.22474786951272291 -4.24174255575
5.25 0.23032811073355966 -4.31503029578
5.50 0.23578063841929153 -4.38122150048
5.75 0.24111432303437602 -4.44109646184
6.00 0.24633708657984518 -4.49531725013
6.25 0.25145603955751983 -4.54445006873
6.50 0.25647759350390792 -4.58898272410
6.75 0.26140755421862366 -4.62933841098
7.00 0.26625119958804888 -4.66588668664
7.25 0.27101334500631991 -4.69895227861
7.50 0.27569839872782342 -4.72882220680
7.75 0.28031040898329512 -4.75575158273
8.00 0.28485310431016619 -4.77996836181
8.25 0.28932992825516618 -4.80167726123
8.50 0.29374406938062309 -4.82106300765
8.75 0.29809848732900202 -4.83829304324
9.00 0.30239593556098865 -4.85351979100
9.25 0.30663898127202549 -4.86688255914
9.50 0.31083002290405076 -4.87850914852
9.75 0.31497130559833353 -4.88851721386
10.00 0.31906493487798943 -4.89701542020
10.25 0.32311288880213562 -4.90410442814
10.50 0.32711702879550453 -4.90987773521
10.75 0.33107910932596624 -4.91442239635
11.00 0.33500078657648524 -4.91781964244
11.25 0.33888362623650670 -4.92014541315
11.50 0.34272911051981081 -4.92147081771
11.75 0.34653864450082428 -4.92186253576
12.00 0.35031356184872481 -4.92138316853
12.25 0.35405513002798283 -4.92009154941
12.50 0.35776455502492738 -4.91804302184
12.75 0.36144298565221100 -4.91528969139
13.00 0.36509151747647400 -4.91188065794
13.25 0.36871119640886968 -4.90786223284
13.50 0.37230302199327187 -4.90327814578
13.75 0.37586795042281695 -4.89816974381
14.00 0.37940689731182314 -4.89257618678
14.25 0.38292074024700901 -4.88653464067
14.50 0.38641032113921558 -4.88008047132
14.75 0.38987644839447261 -4.87324744064
15.00 0.39331989892118169 -4.86606790703
15.25 0.39674141998838264 -4.85857303237
15.50 0.40014173094847860 -4.85079299769
15.75 0.40352152483640419 -4.84275723047
16.00 0.40688146985598445 -4.83449464635
16.25 0.41022221076315113 -4.82603390876
16.50 0.41354437015471773 -4.81740371000
16.75 0.41684854967056112 -4.80863307672
17.00 0.42013533111630319 -4.79975170211
17.25 0.42340527751290741 -4.79079030423
17.50 0.42665893407900496 -4.78178100531
17.75 0.42989682915123001 -4.77275771924
18.00 0.43311947504735931 -4.76375652165
18.25 0.43632736887662232 -4.75481595952
18.50 0.43952099330116196 -4.74597723476
18.75 0.44270081725227745 -4.73728417263
19.00 0.44586729660476643 -4.72878286903
19.25 0.44902087481240505 -4.72052091582
19.50 0.45216198350734593 -4.71254614491
19.75 0.45529104306598517 -4.70490491879
20.00 0.45840846314364242 -4.69764011515
20.25 0.46151464318020630 -4.69078906610
20.50 0.46460997287872730 -4.68438176930
20.75 0.46769483265878409 -4.67843965514
21.00 0.47076959408630886 -4.67297508018
21.25 0.47383462028142359 -4.66799157155
21.50 0.47689026630572684 -4.66348472109
21.75 0.47993687953036013 -4.65944355974
22.00 0.48297479998608267 -4.65585223358
22.25 0.48600436069649899 -4.65269183965
22.50 0.48902588799549546 -4.64994234005
22.75 0.49203970182987000 -4.64758454473
23.00 0.49504611604806875 -4.64560222983
23.25 0.49804543867587991 -4.64398454603
23.50 0.50103797217987622 -4.64272897728
23.75 0.50402401371934424 -4.64184522195
24.00 0.50700385538738835 -4.64136036096
24.25 0.50997778444185260 -4.64132496341
24.50 0.51294608352666027 -4.64181644829
24.75 0.51590903088413309 -4.64292759779
25.00 0.51886690055881535 -4.64472618416
25.25 0.52181996259329522 -4.64721022537
25.50 0.52476848321648584 -4.65031224633
25.75 0.52771272502479782 -4.65393907401
26.00 0.53065294715660993 -4.65800035293
26.25 0.53358940546042311 -4.66241778908
26.50 0.53652235265705239 -4.66712539868
26.75 0.53945203849620049 -4.67206741061
27.00 0.54237870990772830 -4.67719612725
27.25 0.54530261114792489 -4.68247027230
27.50 0.54822398394106098 -4.68785381974
27.75 0.55114306761649301 -4.69331518036
28.00 0.55406009924157285 -4.69882662409
28.25 0.55697531375060216 -4.70436384621
28.50 0.55988894407005929 -4.70990561668
28.75 0.56280122124031395 -4.71543347586
29.00 0.56571237453403433 -4.72093145737
29.25 0.56862263157148163 -4.72638582962
29.50 0.57153221843287527 -4.73178485322
29.75 0.57444135976800692 -4.73711855458
30.00 0.57735027890326807 -4.74237851660
30.25 0.58025919794625369 -4.74755768741
30.50 0.58316833788809341 -4.75265020748
30.75 0.58607791870365555 -4.75765125477
31.00 0.58898815944976501 -4.76255690727
31.25 0.59189927836156764 -4.76736402172
31.50 0.59481149294717062 -4.77207012721
31.75 0.59772502008068074 -4.77667333215
32.00 0.60064007609376124 -4.78117224326
32.25 0.60355687686581816 -4.78556589509
32.50 0.60647563791293169 -4.78985368889
32.75 0.60939657447563289 -4.79403533952
33.00 0.61231990160563299 -4.79811082950
33.25 0.61524583425160395 -4.80208036904
33.50 0.61817458734410646 -4.80594436151
33.75 0.62110637587975959 -4.80970337340
34.00 0.62404141500474464 -4.81335810821
34.25 0.62697992009773107 -4.81690938384
34.50 0.62992210685231265 -4.82035811283
34.75 0.63286819135903882 -4.82370528521
35.00 0.63581839018712483 -4.82695195355
35.25 0.63877292046592293 -4.83009921986
35.50 0.64173199996623487 -4.83314822424
35.75 0.64469584718154593 -4.83610013485
36.00 0.64766468140925815 -4.83895613921
36.25 0.65063872283200119 -4.84171743654
36.50 0.65361819259909770 -4.84438523109
36.75 0.65660331290825846 -4.84696072620
37.00 0.65959430708758449 -4.84944511916
37.25 0.66259139967795155 -4.85183959668
37.50 0.66559481651585173 -4.85414533087
37.75 0.66860478481676788 -4.85636347575
38.00 0.67162153325915808 -4.85849516413
38.25 0.67464529206912238 -4.86054150492
38.50 0.67767629310583211 -4.86250358069
38.75 0.68071476994779589 -4.86438244558
39.00 0.68376095798003989 -4.86617912344
39.25 0.68681509448228206 -4.86789460616
39.50 0.68987741871817743 -4.86952985226
39.75 0.69294817202571524 -4.87108578557
40.00 0.69602759790885060 -4.87256329415
40.25 0.69911594213045092 -4.87396322927
40.50 0.70221345280664171 -4.87528640454
40.75 0.70532038050263912 -4.87653359516
41.00 0.70843697833015451 -4.87770553725
41.25 0.71156350204645979 -4.87880292720
41.50 0.71470021015520846 -4.87982642126
41.75 0.71784736400909988 -4.88077663495
42.00 0.72100522791448773 -4.88165414279
42.25 0.72417406923802852 -4.88245947784
42.50 0.72735415851547003 -4.88319313149
42.75 0.73054576956268569 -4.88385555315
43.00 0.73374917958905994 -4.88444715002
43.25 0.73696466931333482 -4.88496828691
43.50 0.74019252308203054 -4.88541928606
43.75 0.74343302899055930 -4.88580042703
44.00 0.74668647900714824 -4.88611194654
44.25 0.74995316909970178 -4.88635403841
44.50 0.75323339936572720 -4.88652685345
44.75 0.75652747416546084 -4.88663049942
45.00 0.75983570225832975
45.25 0.76315839694289456 -4.88663049979
45.50 0.76649587620041937 -4.88652685418
45.75 0.76984846284222430 -4.88635403951
46.00 0.77321648466098036 -4.88611194801
46.25 0.77660027458611014 -4.88580042886
46.50 0.78000017084346973 -4.88541928826
46.75 0.78341651711948912 -4.88496828947
47.00 0.78684966272995749 -4.88444715294
47.25 0.79029996279364645 -4.88385555644
47.50 0.79376777841097601 -4.88319313515
47.75 0.79725347684792980 -4.88245948185
48.00 0.80075743172543956 -4.88165414716
48.25 0.80428002321446923 -4.88077663970
48.50 0.80782163823703412 -4.87982642636
48.75 0.81138267067340353 -4.87880293267
49.00 0.81496352157574936 -4.87770554307
49.25 0.81856459938850701 -4.87653360135
49.50 0.82218632017573356 -4.87528641109
49.75 0.82582910785575958 -4.87396323618
50.00 0.82949339444344139 -4.87256330142
50.25 0.83317962030033754 -4.87108579320
50.50 0.83688823439314863 -4.86952986025
50.75 0.84061969456077290 -4.86789461451
51.00 0.84437446779034697 -4.86617913214
51.25 0.84815303050266300 -4.86438245464
51.50 0.85195586884736429 -4.86250359011
51.75 0.85578347900834917 -4.86054151469
52.00 0.85963636751982619 -4.85849517426
52.25 0.86351505159349251 -4.85636348623
52.50 0.86742005945732381 -4.85414534171
52.75 0.87135193070649397 -4.85183960787
53.00 0.87531121666696521 -4.84944513070
53.25 0.87929848077231665 -4.84696073809
53.50 0.88331429895441260 -4.84438524334
53.75 0.88735926004853483 -4.84171744914
54.00 0.89143396621364279 -4.83895615215
54.25 0.89553903336845653 -4.83610014815
54.50 0.89967509164409376 -4.83314823789
54.75 0.90384278585403033 -4.83009923386
55.00 0.90804277598219907 -4.82695196789
55.25 0.91227573769007742 -4.82370529991
55.50 0.91654236284366797 -4.82035812787
55.75 0.92084336006132139 -4.81690939924
56.00 0.92517945528340284 -4.81335812396
56.25 0.92955139236486140 -4.80970338949
56.50 0.93395993369181618 -4.80594437796
56.75 0.93840586082334254 -4.80208038583
57.00 0.94288997515969897 -4.79811084665
57.25 0.94741309863831702 -4.79403535702
57.50 0.95197607445894206 -4.78985370674
57.75 0.95657976783940157 -4.78556591330
58.00 0.96122506680355879 -4.78117226183
58.25 0.96591288300310196 -4.77667335108
58.50 0.97064415257492132 -4.77207014650
58.75 0.97541983703592194 -4.76736404137
59.00 0.98024092421724396 -4.76255692729
59.25 0.98510842923997155 -4.75765127516
59.50 0.99002339553454166 -4.75265022825
59.75 0.99498689590620693 -4.74755770856
60.00 1.0000000336490449 -4.74237853813
60.25 1.0050639437111659 -4.73711857651
60.50 1.0101797939139427 -4.73178487555
60.75 1.0153487862282633 -4.72638585236
61.00 1.0205721581109972 -4.72093148053
61.25 1.0258511839050852 -4.71543349945
61.50 1.0311871763068714 -4.70990564072
61.75 1.0365814879045478 -4.70436387070
62.00 1.0420355127918348 -4.69882664905
62.25 1.0475506882612993 -4.69331520582
62.50 1.0531284965820111 -4.68785384571
62.75 1.0587704668665670 -4.68247029881
63.00 1.0644781770328475 -4.67719615433
63.25 1.0702532558662603 -4.67206743828
63.50 1.0760973851886237 -4.66712542699
63.75 1.0820123021402799 -4.66241781806
64.00 1.0879998015825072 -4.65800038263
64.25 1.0940617386278098 -4.65393910450
64.50 1.1002000313062268 -4.65031227769
64.75 1.1064166633763877 -4.64721025769
65.00 1.1127136872907215 -4.64472621755
65.25 1.1190932273249123 -4.64292763233
65.50 1.1255574828824770 -4.64181648398
65.75 1.1321087319861824 -4.64132500021
66.00 1.1387493349689228 -4.64136039877
66.25 1.1454817383776770 -4.64184526073
66.50 1.1523084791052536 -4.64272901698
66.75 1.1592321887657087 -4.64398458664
67.00 1.1662555983306084 -4.64560227136
67.25 1.1733815430447392 -4.64758458720
67.50 1.1806129676413906 -4.64994238348
67.75 1.1879529318790409 -4.65269188409
68.00 1.1954046164231349 -4.65585227908
68.25 1.2029713290986654 -4.65944360634
68.50 1.2106565115415191 -4.66348476885
68.75 1.2184637462790018 -4.66799162052
69.00 1.2263967642726714 -4.67297513042
69.25 1.2344594529595776 -4.67843970669
69.50 1.2426558648313226 -4.68438182221
69.75 1.2509902265939778 -4.69078912039
70.00 1.2594669489559134 -4.69764017085
70.25 1.2680906370950717 -4.70490497590
70.50 1.2768661018621295 -4.71254620343
70.75 1.2857983717814927 -4.72052097576
71.00 1.2948927059181552 -4.72878293036
71.25 1.3041546076852373 -4.73728423535
71.50 1.3135898396745678 -4.74597729885
71.75 1.3232044396011293 -4.75481602498
72.00 1.3330047374615932 -4.76375658848
72.25 1.3429973740177321 -4.77275778744
72.50 1.3531893207273342 -4.78178107489
72.75 1.3635879012585173 -4.79079037521
73.00 1.3742008147382716 -4.79975177453
73.25 1.3850361609029067 -4.80863315060
73.50 1.3961024673370386 -4.81740378539
73.75 1.4074087190092159 -4.82603398571
74.00 1.4189643903365978 -4.83449472492
74.25 1.4307794800386300 -4.84275731073
74.50 1.4428645490710084 -4.85079307972
74.75 1.4552307619668963 -4.85857311624
75.00 1.4678899319530556 -4.86606799286
75.25 1.4808545702551064 -4.87324752851
75.50 1.4941379400594756 -4.88008056136
75.75 1.5077541156608558 -4.88653473300
76.00 1.5217180473945009 -4.89257628155
76.25 1.5360456330340897 -4.89816984116
76.50 1.5507537964299845 -4.90327824589
76.75 1.5658605742718710 -4.90786233590
77.00 1.5813852119866876 -4.91188076413
77.25 1.5973482699307082 -4.91528980095
77.50 1.6137717412076256 -4.91804313500
77.75 1.6306791826473761 -4.92009166645
78.00 1.6480958607190197 -4.92138328974
78.25 1.6660489144325314 -4.92186266147
78.50 1.6845675376176648 -4.92147094828
78.75 1.7036831833639368 -4.92014554898
79.00 1.7234297938777567 -4.91781978397
79.25 1.7438440595774944 -4.91442254407
79.50 1.7649657119256603 -4.90987788967
79.75 1.7868378553155890 -4.90410458995
80.00 1.8095073443210954 -4.89701559003
80.25 1.8330252138232914 -4.88851739246
80.50 1.8574471710024862 -4.87850933673
80.75 1.8828341599932619 -4.86688275792
81.00 1.9092530122354845 -4.85352000137
81.25 1.9367771983277440 -4.83829326640
81.50 1.9654877006520655 -4.82106324491
81.75 1.9954740303864316 -4.80167751409
82.00 2.0268354180156947 -4.77996863193
82.25 2.0596822134404817 -4.75575187201
82.50 2.0941375407372735 -4.72882251739
82.75 2.1303392641794385 -4.69895261292
83.00 2.1684423371644423 -4.66588704746
83.25 2.2086216254199424 -4.62933880147
83.50 2.2510753219802888 -4.58898314787
83.75 2.2960291063410230 -4.54445052994
84.00 2.3437412473608381 -4.49531775359
84.25 2.3945089138952178 -4.44109701315
84.50 2.4486760461856742 -4.38122210615
84.75 2.5066432657105051 -4.31503096345
