#N, delta, SCF E, MP2 E, MP3 E
    1     0.0000     -1.59207     -1.66364     -1.69296
    2     5.0000     -1.68119     -1.80487     -1.87393
    3    10.0000     -1.68285     -1.80606     -1.87500
    4    15.0000     -1.68556     -1.80793     -1.87665
    5    20.0000     -1.68923     -1.81031     -1.87870
    6    25.0000     -1.69371     -1.81308     -1.88098
    7    30.0000     -1.69880     -1.81609     -1.88335
    8    35.0000     -1.70427     -1.81925     -1.88572
    9    40.0000     -1.70987     -1.82247     -1.88807
   10    45.0000     -1.71540     -1.82569     -1.89036
   11    50.0000     -1.72069     -1.82885     -1.89257
   12    55.0000     -1.72562     -1.83188     -1.89470
   13    60.0000     -1.73011     -1.83474     -1.89671
   14    65.0000     -1.73415     -1.83740     -1.89858
   15    70.0000     -1.73772     -1.83984     -1.90032
   16    75.0000     -1.74085     -1.84204     -1.90190
   17    80.0000     -1.74357     -1.84402     -1.90332
   18    85.0000     -1.74593     -1.84578     -1.90460
