#HF isntabilities: hessian eigenvalues
#y,rrhf,crhf,ruhf
0.25 0.2139617 0.0776336 -0.3313182
.26 0.227053 0.0868304 -0.3157859
.27 0.2400628 0.0962493 -0.3002764
.28 0.2529266 0.1058351 -0.2848155
.29 0.2655875 0.11553 -0.2694274
.30 0.2779983 0.1252722 -0.2541371
.31 0.290123 0.1349963 -0.2389714
.32 0.3019373 0.1446327 -0.2239607
.33 0.3134288 0.1541094 -0.2091391
.34 0.3245962 0.1633544 -0.1945444
.35 0.3354464 0.1722979 -0.1802179
.36 0.3459922 0.1808756 -0.1662037
.37 0.3562486 0.1890317 -0.1525487
.38 0.3662307 0.1967226 -0.1392986
.39 0.3759469 0.2039168 -0.1265005
.40 0.3853905 0.2105973 -0.1141976
.41 0.3944997 0.2167592 -0.1024306
.42 0.4029081 0.2224095 -0.0912344
.43 0.4055162 0.2275636 -0.0806382
.44 0.3902436 0.232244 -0.0706624
.45 0.3718786 0.2364765 -0.0613203
.46 0.3533983 0.2402897 -0.0526151
.47 0.3350887 0.2437125 -0.0445402
.48 0.3170364 0.2467723 -0.0370805
.49 0.2992899 0.2440412 -0.0302095
.50 0.2818924 0.2262454 -0.0238933
.51 0.2648892 0.2087908 -0.0180882
.52 0.2483351 0.191762 -0.0127424
.53 0.2322984 0.1752237 -0.0077966
.54 0.2168674 0.1592429 -0.0031855
.55 0.2021558 0.1438981 -0.009671
.56 0.1883085 0.129287 -0.0230378
.57 0.1755047 0.1155311 -0.0358529
.58 0.1639548 0.1027798 -0.0480312
.59 0.1538877 0.0912109 -0.0594691
.60 0.145521 0.081022 -0.070039
.61 0.1390196 0.072414 -0.0795859
.62 0.1344595 0.0655659 -0.0879291
.63 0.131816 0.0606073 -0.094872
.64 0.1309888 0.0576004 -0.1002214
.65 0.1318426 0.0565339 -0.1038139
.66 0.134239 0.0573304 -0.1055456
.67 0.1380476 0.0598615 -0.1053935
.68 0.1431447 0.0639636 -0.1034232
.69 0.1494114 0.0694568 -0.0997749
.70 0.1567284 0.0761572 -0.0946403
.71 0.1649761 0.0838888 -0.0882328
.72 0.1740333 0.0924892 -0.0807661
.73 0.1837835 0.1018149 -0.0724372
.74 0.194116 0.1117404 -0.0634214
.75 0.2049341 0.1221618 -0.0538659
.76 0.2161514 0.1329904 -0.0438963
.77 0.2276961 0.1441535 -0.0336159
.78 0.239508 0.155591 -0.0231109
.79 0.2515373 0.1672529 -0.0124537
.80 0.2637458 0.1791002 -0.0017033
.81 0.2760985 0.1910965 0.0090859
.82 0.2885716 0.2032164 0.019871
.83 0.3011415 0.215434 0.0306092
.84 0.3137908 0.2277295 0.0412632
.85 0.3265039 0.2400848 0.0517967
.86 0.3392679 0.2524838 0.0621747
.87 0.3520701 0.2649108 0.072361
.88 0.3638871 0.277353 0.0823207
.89 0.3693302 0.2897911 0.0920119
.90 0.3746194 0.3022105 0.1013955
.91 0.3797401 0.3145894 0.1104261
.92 0.3846718 0.3268987 0.1190533
.93 0.3893889 0.3391013 0.1272237
.94 0.3938536 0.3511386 0.134875
.95 0.398014 0.3629185 0.1419352
.96 0.4017965 0.3742818 0.1483138
.97 0.4050935 0.3849303 0.1538807
.98 0.4077542 0.3942906 0.1584309
.99 0.4095643 0.4013184 0.1616007
1.00 0.4102418 0.4047708 0.1628067
1.01 0.4094469 0.401339 0.1614914
1.02 0.4068533 0.3941782 0.1578251
1.03 0.402275 0.3844831 0.1526436
1.04 0.3957661 0.3734129 0.1466844
1.05 0.3876008 0.3616371 0.1403654
1.06 0.3781518 0.3495033 0.1339006
1.07 0.3677737 0.3371966 0.1274026
1.08 0.3567525 0.3248238 0.1209344
1.09 0.3452994 0.312448 0.1145333
1.10 0.3335641 0.3001086 0.1082229
1.11 0.3216548 0.2878337 0.1020187
1.12 0.3096465 0.2756402 0.0959312
1.13 0.2975937 0.2635406 0.0899678
1.14 0.2855365 0.251544 0.0841337
1.15 0.2735041 0.2396564 0.0784328
1.16 0.2615185 0.2278825 0.0728677
1.17 0.2495959 0.216225 0.0674406
1.18 0.2377488 0.204686 0.0621527
1.19 0.2259874 0.1932675 0.057005
1.20 0.2143176 0.1819689 0.0519981
1.21 0.2027458 0.1707912 0.0471323
1.22 0.1912745 0.159733 0.0424076
1.23 0.1799095 0.1487962 0.0378238
1.24 0.1686516 0.1379788 0.0333807
1.25 0.1575018 0.1272795 0.0290778
1.26 0.1464616 0.1166977 0.0249145
1.27 0.135532 0.1062328 0.02089
1.28 0.1247126 0.0958828 0.0170037
1.29 0.1140048 0.085648 0.0132545
1.30 0.1034064 0.0755252 0.0096417
1.31 0.0929185 0.0655143 0.006164
1.32 0.0825393 0.0556131 0.0028204
1.33 0.0722686 0.0458204 -0.0023807
1.34 0.0621067 0.036136 -0.0107559
1.35 0.0520505 0.0265563 -0.0190662
1.36 0.0421015 0.0170823 -0.0273086
1.37 0.0322563 0.0077103 -0.0354844
1.38 0.0225152 -0.0015601 -0.043592
1.39 0.0128769 -0.0107301 -0.0516311
1.40 0.0033415 -0.0198002 -0.0596008
1.41 0.0121224 -0.0214749 -0.1238799
1.42 0.0301385 -0.0194567 -0.1700775
1.43 0.0470506 -0.0177127 -0.2009608
1.44 0.0628292 -0.0161778 -0.2246187
1.45 0.0775268 -0.0148113 -0.243914
1.46 0.0912241 -0.0135851 -0.2602433
1.47 0.1040064 -0.0124784 -0.2744012
1.48 0.1159558 -0.0114753 -0.2868865
1.49 0.1271462 -0.0105634 -0.2980335
1.50 0.1376469 -0.009732 -0.3080802
1.51 0.1475201 -0.0089727 -0.3172028
1.52 0.1568219 -0.0082779 -0.3255357
1.53 0.1655996 -0.0076415 -0.3331824
1.54 0.1739015 -0.0070576 -0.3402301
1.55 0.1817641 -0.0065217 -0.3467455
1.56 0.189227 -0.0060292 -0.3527885
1.57 0.1963206 -0.0055764 -0.3584065
1.58 0.2030763 -0.0051596 -0.3636422
1.59 0.2095188 -0.004776 -0.3685303
1.60 0.2156742 -0.0044225 -0.3731033
1.61 0.2215625 -0.0040968 -0.3773874
1.62 0.2272044 -0.0037965 -0.3814072
1.63 0.2326196 -0.0035193 -0.3851853
1.64 0.2378232 -0.0032636 -0.3887399
1.65 0.2428298 -0.0030275 -0.3920881
1.66 0.2476549 -0.0028094 -0.3952461
1.67 0.2523108 -0.0026079 -0.3982277
1.68 0.2568085 -0.0024216 -0.4010455
1.69 0.2611583 -0.0022494 -0.4037108
1.70 0.2653718 -0.00209 -0.4062349
1.71 0.2694565 -0.0019426 -0.4086267
1.72 0.2734213 -0.0018061 -0.4108953
1.73 0.2772734 -0.0016797 -0.4130487
1.74 0.2810207 -0.0015627 -0.4150945
1.75 0.2846693 -0.0014542 -0.4170393
1.76 0.2882257 -0.0013537 -0.4188897
1.77 0.2916943 -0.0012604 -0.420651
1.78 0.2950808 -0.001174 -0.4223289
1.79 0.2983907 -0.0010937 -0.4239283
1.80 0.3016281 -0.0010193 -0.4254539
1.81 0.3047967 -0.0009501 -0.4269098
1.82 0.307901 -0.0008859 -0.4283001
1.83 0.3109443 -0.0008263 -0.4296284
1.84 0.3139284 -0.0007708 -0.4308978
1.85 0.3168582 -0.0007193 -0.4321119
1.86 0.3197361 -0.0006714 -0.4332734
1.87 0.3225644 -0.0006268 -0.4343852
1.88 0.3253454 -0.0005854 -0.4354498
1.89 0.328082 -0.0005468 -0.4364696
1.90 0.3307759 -0.0005108 -0.4374469
1.91 0.333429 -0.0004774 -0.4383837
1.92 0.3360427 -0.0004462 -0.4392819
1.93 0.3386195 -0.0004172 -0.4401434
1.94 0.3411606 -0.0003901 -0.44097
1.95 0.3436673 -0.0003649 -0.4417631
1.96 0.3461416 -0.0003414 -0.4425245
1.97 0.3485835 -0.0003195 -0.4432553
1.98 0.350995 -0.000299 -0.443957
1.99 0.3533778 -0.0002799 -0.4446308
2.00 0.3557307 -0.0002621 -0.4452778
2.01 0.3580573 -0.0002454 -0.4458992
2.02 0.3603563 -0.0002299 -0.446496
2.03 0.3626281 -0.0002154 -0.4470692
2.04 0.3648762 -0.0002018 -0.4476197
2.05 0.3670979 -0.0001891 -0.4481483
2.06 0.3692956 -0.0001773 -0.4486559
2.07 0.3714695 -0.0001662 -0.4491432
2.08 0.3736198 -0.0001558 -0.4496109
2.09 0.3757466 -0.0001461 -0.4500598
2.10 0.377851 -0.0001371 -0.4504904
2.11 0.3799319 -0.0001286 -0.4509034
2.12 0.3819893 -0.0001206 -0.4512994
2.13 0.384025 -0.0001132 -0.4516789
2.14 0.3860379 -0.0001062 -0.4520423
2.15 0.3880266 -0.0000997 -0.4523904
2.16 0.3899937 -0.0000936 -0.4527233
2.17 0.3919359 -0.0000879 -0.4530418
2.18 0.3938555 -0.0000825 -0.4533459
2.19 0.39575 -0.0000775 -0.4536364
2.20 0.3976206 -0.0000728 -0.4539133
2.21 0.3994645 -0.0000684 -0.4541774
2.22 0.4012828 -0.0000643 -0.4544286
2.23 0.4030734 -0.0000604 -0.4546675
2.24 0.4048361 -0.0000567 -0.4548942
2.25 0.4065687 -0.0000533 -0.4551092
2.26 0.4082715 -0.0000501 -0.4553125
2.27 0.4099412 -0.0000471 -0.4555048
2.28 0.4115779 -0.0000443 -0.4556858
2.29 0.4131779 -0.0000416 -0.4558564
2.30 0.4147417 -0.0000392 -0.4560161
2.31 0.4162649 -0.0000368 -0.4561657
2.32 0.4177474 -0.0000346 -0.456305
2.33 0.4191856 -0.0000326 -0.4564345
2.34 0.4205779 -0.0000306 -0.4565542
2.35 0.4219218 -0.0000288 -0.4566644
2.36 0.4232151 -0.0000271 -0.4567652
2.37 0.4244557 -0.0000255 -0.4568569
2.38 0.4256417 -0.000024 -0.4569396
2.39 0.4267719 -0.0000226 -0.4570133
2.40 0.4278449 -0.0000212 -0.4570781
2.41 0.4288594 -0.00002 -0.4571345
2.42 0.4298151 -0.0000188 -0.4571823
2.43 0.4307122 -0.0000177 -0.4572218
2.44 0.431551 -0.0000167 -0.457253
2.45 0.4323323 -0.0000157 -0.4572765
2.46 0.4330578 -0.0000148 -0.4572917
2.47 0.4337291 -0.0000139 -0.4572991
2.48 0.4343482 -0.0000131 -0.4572986
2.49 0.4349173 -0.0000123 -0.4572905
2.50 0.4354391 -0.0000116 -0.4572751
2.51 0.4359158 -0.0000109 -0.457252
2.52 0.4363502 -0.0000103 -0.4572215
2.53 0.4367446 -0.0000097 -0.4571836
2.54 0.4371018 -0.0000091 -0.4571389
2.55 0.4374237 -0.0000086 -0.4570867
2.56 0.4377132 -0.0000081 -0.4570278
2.57 0.4379719 -0.0000076 -0.4569617
2.58 0.4382023 -0.0000072 -0.4568892
2.59 0.4384058 -0.0000068 -0.4568096
2.60 0.4385841 -0.0000064 -0.456723
2.61 0.4387395 -0.000006 -0.4566305
2.62 0.4388724 -0.0000056 -0.4565306
2.63 0.438985 -0.0000053 -0.4564245
2.64 0.4390785 -0.000005 -0.4563123
2.65 0.4391537 -0.0000047 -0.4561936
2.66 0.4392111 -0.0000044 -0.4560679
2.67 0.4392532 -0.0000042 -0.4559371
2.68 0.4392794 -0.0000039 -0.4557994
2.69 0.439291 -0.0000037 -0.4556555
2.70 0.4392888 -0.0000035 -0.4555057
2.71 0.4392734 -0.0000033 -0.4553499
2.72 0.4392456 -0.0000031 -0.4551882
2.73 0.4392053 -0.0000029 -0.4550202
2.74 0.4391537 -0.0000027 -0.4548465
2.75 0.4390913 -0.0000026 -0.4546673
2.76 0.4390179 -0.0000024 -0.4544819
2.77 0.4389346 -0.0000023 -0.4542911
2.78 0.4388412 -0.0000022 -0.4540944
2.79 0.4387387 -0.000002 -0.4538925
2.80 0.4386268 -0.0000019 -0.4536849
2.81 0.4385058 -0.0000018 -0.4534715
2.82 0.4383768 -0.0000017 -0.4532532
2.83 0.4382387 -0.0000016 -0.4530286
2.84 0.438093 -0.0000015 -0.4527994
2.85 0.4379394 -0.0000014 -0.4525647
2.86 0.4377774 -0.0000013 -0.452324
2.87 0.4376087 -0.0000013 -0.4520789
2.88 0.4374321 -0.0000012 -0.4518278
2.89 0.4372491 -0.0000011 -0.4515725
2.90 0.4370587 -0.0000011 -0.4513114
2.91 0.4368615 -0.000001 -0.4510455
2.92 0.4366572 -0.0000009 -0.4507739
2.93 0.4364466 -0.0000009 -0.4504976
2.94 0.4362299 -0.0000008 -0.4502166
2.95 0.4360065 -0.0000008 -0.4499303
2.96 0.4357773 -0.0000007 -0.4496395
2.97 0.4355425 -0.0000007 -0.4493443
2.98 0.4353005 -0.0000006 -0.449043
2.99 0.4350532 -0.0000006 -0.4487375
3.00 0.4348008 -0.0000006 -0.4484279
3.01 0.4345415 -0.0000005 -0.4481124
3.02 0.4342773 -0.0000005 -0.4477929
3.03 0.4340075 -0.0000005 -0.4474686
3.04 0.4337321 -0.0000005 -0.4471395
3.05 0.4334522 -0.0000004 -0.4468067
3.06 0.4331659 -0.0000004 -0.4464683
3.07 0.4328745 -0.0000004 -0.4461253
3.08 0.4325789 -0.0000004 -0.445779
3.09 0.4322773 -0.0000003 -0.4454272
3.10 0.4319717 -0.0000003 -0.4450721
3.11 0.4316604 -0.0000003 -0.4447118
3.12 0.4313443 -0.0000003 -0.4443472
3.13 0.4310226 -0.0000003 -0.4439775
3.14 0.4306974 -0.0000002 -0.4436048
3.15 0.4303667 -0.0000002 -0.4432271
3.16 0.4300317 -0.0000002 -0.4428456
3.17 0.4296924 -0.0000002 -0.4424602
3.18 0.4293479 -0.0000002 -0.44207
3.19 0.4289994 -0.0000002 -0.4416761
3.20 0.4286457 -0.0000002 -0.4412775
3.21 0.4282882 -0.0000002 -0.4408754
3.22 0.4279269 -0.0000002 -0.44047
3.23 0.4275608 -0.0000001 -0.4400599
3.24 0.4271899 -0.0000001 -0.4396454
3.25 0.4268155 -0.0000001 -0.4392277
3.26 0.4264364 -0.0000001 -0.4388057
3.27 0.4260528 -0.0000001 -0.4383793
3.28 0.425666 -0.0000001 -0.43795
3.29 0.4252747 -0.0000001 -0.4375166
3.30 0.4248791 -0.0000001 -0.437079
3.31 0.4244806 -0.0000001 -0.4366388
3.32 0.4240765 -0.0000001 -0.4361932
3.33 0.4236696 -0.0000001 -0.4357451
3.34 0.4232587 -0.0000001 -0.4352931
3.35 0.4228438 -0.0000001 -0.4348374
3.36 0.4224251 -0.0000001 -0.434378
3.37 0.4220024 -0.0000001 -0.433915
3.38 0.4215761 -0.0000001 -0.4334483
3.39 0.421146 -0.0000001 -0.4329782
3.40 0.4207123 0. -0.4325046
3.41 0.4202751 0. -0.4320277
3.42 0.4198343 0. -0.4315474
3.43 0.4193902 0. -0.4310639
3.44 0.4189428 0. -0.4305773
3.45 0.4184906 0. -0.430086
3.46 0.4180367 0. -0.4295932
3.47 0.4175782 0. -0.429096
3.48 0.4171166 0. -0.4285958
3.49 0.4166506 0. -0.4280912
