# h8 energies for multiplicity =  1
# atoms arranged in rhombic structure of 2 isosceles triangles, definied by single parameter y = the height of the triangles 
# y, E(n=1), E(n=2), E(n=3)
0.25 -3.8970388953  -3.3260804734  -3.3260802037 
.2505 -3.9006004176  -3.3297616200  -3.3297613304 
.2510 -3.9041348091  -3.3334165942  -3.3334162835 
.2515 -3.9076421955  -3.3370455635  -3.3370452305 
.2520 -3.9111227079  -3.3406486790  -3.3406483224 
.2525 -3.9145764766  -3.3442260914  -3.3442257098 
.2530 -3.9180036308  -3.3477779509  -3.3477775429 
.2535 -3.9214042991  -3.3513044073  -3.3513039714 
.2540 -3.9247786091  -3.3548056099  -3.3548051448 
.2545 -3.9281266761  -3.3582817211  -3.3582812251 
.2550 -3.9314486363  -3.3617328758  -3.3617323474 
.2555 -3.9347446151  -3.3651592228  -3.3651586602 
.2560 -3.9380147102  -3.3685609343  -3.3685603361 
.2565 -3.9412590693  -3.3719381334  -3.3719374978 
.2570 -3.9444778009  -3.3752909794  -3.3752903049 
.2575 -3.9476710252  -3.3786196195  -3.3786189043 
.2580 -3.9508388459  -3.3819242114  -3.3819234538 
.2585 -3.9539814128  -3.3852048806  -3.3852040790 
.2590 -3.9570988116  -3.3884617952  -3.3884609481 
.2595 -3.9601911757  -3.3916950922  -3.3916941979 
.2600 -3.9632586218  -3.3949049190  -3.3949039762 
.2605 -3.9663012273  -3.3980914414  -3.3980904486 
.2610 -3.9693191636  -3.4012547802  -3.4012537363 
.2615 -3.9723124853  -3.4043951095  -3.4043940134 
.2620 -3.9752813455  -3.4075125610  -3.4075114119 
.2625 -3.9782258131  -3.4106072993  -3.4106060965 
.2630 -3.9811460429  -3.4136794589  -3.4136782021 
.2635 -3.9840420997  -3.4167292043  -3.4167278935 
.2640 -3.9869141155  -3.4197566792  -3.4197553150 
.2645 -3.9897621994  -3.4227620358  -3.4227606191 
.2650 -3.9925864601  -3.4257454272  -3.4257439594 
.2655 -3.9953869784  -3.4287070127  -3.4287054960 
.2660 -3.9981638596  -3.4316469467  -3.4316453839 
.2665 -4.0009172368  -3.4345653807  -3.4345637757 
.2670 -4.0036471872  -3.4374624771  -3.4374608346 
.2675 -4.0063538142  -3.4403383947  -3.4403367206 
.2680 -4.0090372523  -3.4431932912  -3.4431915927 
.2685 -4.0116975422  -3.4460273356  -3.4460256215 
.2690 -4.0143348165  -3.4488406891  -3.4488389697 
.2695 -4.0169491771  -3.4516335186  -3.4516318062 
.2700 -4.0195407250  -3.4544059931  -3.4544043023 
.2705 -4.0221095253  -3.4571582855  -3.4571566333 
.2710 -4.0246557125  -3.4598905683  -3.4598889744 
.2715 -4.0271793867  -3.4626030186  -3.4626015060 
.2720 -4.0296806087  -3.4652958165  -3.4652944119 
.2725 -4.0321594751  -3.4679691445  -3.4679678783 
.2730 -4.0346161226  -3.4706231889  -3.4706220962 
.2735 -4.0370506081  -3.4732581390  -3.4732572601 
.2740 -4.0394629842  -3.4758741863  -3.4758735671 
.2745 -4.0418534304  -3.4784715304  -3.4784712233 
.2750 -4.0442219996  -3.4810504360  -3.4810503714 
.2755 -4.0465687861  -3.4836114185  -3.4836109147 
.2760 -4.0488938370  -3.4861543874  -3.4861533676 
.2765 -4.0511973389  -3.4886795723  -3.4886779497 
.2770 -4.0534792902  -3.4911871983  -3.4911848749 
.2775 -4.0557397808  -3.4936775016  -3.4936743668 
.2780 -4.0579789517  -3.4961507286  -3.4961466577 
.2785 -4.0601968954  -3.4986071294  -3.4986019823 
.2790 -4.0623935974  -3.5010469531  -3.5010405721 
.2795 -4.0645693071  -3.5034704754  -3.5034626840 
.2800 -4.0667239522  -3.5058779553  -3.5058685551 
.2805 -4.0688576748  -3.5082696752  -3.5082584444 
.2810 -4.0709706210  -3.5106459258  -3.5106326169 
.2815 -4.0730627634  -3.5130069917  -3.5129913276 
.2820 -4.0751343073  -3.5153531832  -3.5153348556 
.2825 -4.0771852201  -3.5176847994  -3.5176634645 
.2830 -4.0792157115  -3.5200021654  -3.5199774416 
.2835 -4.0812256794  -3.5223055897  -3.5222770516 
.2840 -4.0832153999  -3.5245954156  -3.5245625931 
.2845 -4.0851848298  -3.5268719689  -3.5268343398 
.2850 -4.0871341202  -3.5291355950  -3.5290925825 
.2855 -4.0890632879  -3.5313866351  -3.5313376006 
.2860 -4.0909724863  -3.5336254432  -3.5335696830 
.2865 -4.0928617295  -3.5358523682  -3.5357891053 
.2870 -4.0947310996  -3.5380677656  -3.5379961440 
.2875 -4.0965806788  -3.5402719925  -3.5401910704 
.2880 -4.0984106249  -3.5424654098  -3.5423741530 
.2885 -4.1002209463  -3.5446483711  -3.5445456417 
.2890 -4.1020116461  -3.5468212301  -3.5467057762 
.2895 -4.1037829619  -3.5489843471  -3.5488547976 
.2900 -4.1055348978  -3.5511380722  -3.5509929192 
.2905 -4.1072674522  -3.5532827552  -3.5531203391 
.2910 -4.1089807867  -3.5554187491  -3.5552372467 
.2915 -4.1106749825  -3.5575464051  -3.5573438083 
.2920 -4.1123501207  -3.5596660771  -3.5594401705 
.2925 -4.1140061939  -3.5617781255  -3.5615264559 
.2930 -4.1156432788  -3.5638829229  -3.5636027691 
.2935 -4.1172615436  -3.5659808574  -3.5656691957 
.2940 -4.1188610693  -3.5680723426  -3.5677257957 
.2945 -4.1204418425  -3.5701578301  -3.5697726039 
.2950 -4.1220039394  -3.5722378204  -3.5718096367 
.2955 -4.1235475344  -3.5743128769  -3.5738368918 
.2960 -4.1250725100  -3.5763836619  -3.5758543387 
.2965 -4.1265791394  -3.5784509381  -3.5778619383 
.2970 -4.1280674014  -3.5805156299  -3.5798596260 
.2975 -4.1295373724  -3.5825788503  -3.5818473237 
.2980 -4.1309891287  -3.5846419581  -3.5838249387 
.2985 -4.1324226395  -3.5867066338  -3.5857923626 
.2990 -4.1338381939  -3.5887749236  -3.5877494852 
.2995 -4.1352356524  -3.5908494012  -3.5896961749 
.3000 -4.1366153107  -3.5929331952  -3.5916323060 
.3005 -4.1379769089  -3.5950302166  -3.5935577296 
.3010 -4.1393208598  -3.5971451073  -3.5954723158 
.3015 -4.1406470108  -3.5992834609  -3.5973759128 
.3020 -4.1419554334  -3.6014516607  -3.5992683761 
.3025 -4.1432464402  -3.6036565995  -3.6011495734 
.3030 -4.1445197464  -3.6059053614  -3.6030193480 
.3035 -4.1457756664  -3.6082041190  -3.6048775748 
.3040 -4.1470141513  -3.6105573834  -3.6067241159 
.3045 -4.1482354004  -3.6129669288  -3.6085588536 
.3050 -4.1494392321  -3.6154315818  -3.6103816545 
.3055 -4.1506259751  -3.6179470726  -3.6121924259 
.3060 -4.1517955738  -3.6205071743  -3.6139910608 
.3065 -4.1529481001  -3.6231045026  -3.6157774718 
.3070 -4.1540836261  -3.6257314899  -3.6175515853 
.3075 -4.1552022240  -3.6283810316  -3.6193133433 
.3080 -4.1563039658  -3.6310468324  -3.6210627068 
.3085 -4.1573889241  -3.6337235224  -3.6227996595 
.3090 -4.1584571710  -3.6364066301  -3.6245242135 
.3095 -4.1595087793  -3.6390924861  -3.6262364171 
.3100 -4.1605436738  -3.6417781823  -3.6279363494 
.3105 -4.1615620712  -3.6444612170  -3.6296241860 
.3110 -4.1625638928  -3.6471397042  -3.6313001604 
.3115 -4.1635495127  -3.6498118879  -3.6329646939 
.3120 -4.1645185437  -3.6524767079  -3.6346183177 
.3125 -4.1654713621  -3.6551329415  -3.6362619806 
.3130 -4.1664080411  -3.6577797168  -3.6378971350 
.3135 -4.1673284932  -3.6604163963  -3.6395261641 
.3140 -4.1682329492  -3.6630423067  -3.6411532797 
.3145 -4.1691213177  -3.6656570363  -3.6427862176 
.3150 -4.1699936668  -3.6682601759  -3.6444402184 
.3155 -4.1708500645  -3.6708513843  -3.6461458496 
.3160 -4.1716905791  -3.6734303766  -3.6479565618 
.3165 -4.1725154523  -3.6759968348  -3.6499239115 
.3170 -4.1733245834  -3.6785506393  -3.6520360323 
.3175 -4.1741180409  -3.6810916232  -3.6542340039 
.3180 -4.1748957141  -3.6836197260  -3.6564709665 
.3185 -4.1756580291  -3.6861346736  -3.6587219744 
.3190 -4.1764048776  -3.6886364489  -3.6609746328 
.3195 -4.1771363286  -3.6911249723  -3.6632225234 
.3200 -4.1778522636  -3.6936002565  -3.6654621104 
.3205 -4.1785529361  -3.6960621707  -3.6676913234 
.3210 -4.1792386083  -3.6985105960  -3.6699088929 
.3215 -4.1799087726  -3.7009457310  -3.6721140033 
.3220 -4.1805640768  -3.7033673203  -3.6743061224 
.3225 -4.1812041996  -3.7057754996  -3.6764848848 
.3230 -4.1818294062  -3.7081701810  -3.6786500466 
.3235 -4.1824395638  -3.7105514342  -3.6808014338 
.3240 -4.1830349423  -3.7129191822  -3.6829389360 
.3245 -4.1836154050  -3.7152735029  -3.6850624703 
.3250 -4.1841812265  -3.7176143281  -3.6871719949 
.3255 -4.1847322659  -3.7199417418  -3.6892674741 
.3260 -4.1852688029  -3.7222556829  -3.6913489052 
.3265 -4.1857906923  -3.7245562401  -3.6934162788 
.3270 -4.1862979995  -3.7268434305  -3.6954696037 
.3275 -4.1867907899  -3.7291172732  -3.6975088962 
.3280 -4.1872693530  -3.7313777178  -3.6995341929 
.3285 -4.1877335353  -3.7336248591  -3.7015455090 
.3290 -4.1881834030  -3.7358587215  -3.7035428758 
.3295 -4.1886190222  -3.7380793303  -3.7055263281 
.3300 -4.1890404593  -3.7402867123  -3.7074959034 
.3305 -4.1894477809  -3.7424808955  -3.7094516416 
.3310 -4.1898410539  -3.7446619085  -3.7113935846 
.3315 -4.1902203453  -3.7468297813  -3.7133217760 
.3320 -4.1905857223  -3.7489845444  -3.7152362609 
.3325 -4.1909372523  -3.7511262291  -3.7171370855 
.3330 -4.1912750030  -3.7532548676  -3.7190242973 
.3335 -4.1915990423  -3.7553704925  -3.7208979447 
.3340 -4.1919091857  -3.7574732023  -3.7227580505 
.3345 -4.1922057492  -3.7595629644  -3.7246046892 
.3350 -4.1924888013  -3.7616398131  -3.7264379113 
.3355 -4.1927584109  -3.7637037832  -3.7282577683 
.3360 -4.1930143844  -3.7657549726  -3.7300642813 
.3365 -4.1932570486  -3.7677933529  -3.7318575313 
.3370 -4.1934862055  -3.7698190214  -3.7336375381 
.3375 -4.1937021872  -3.7718319517  -3.7354043859 
.3380 -4.1939047911  -3.7738322404  -3.7371580931 
.3385 -4.1940943549  -3.7758198628  -3.7388987468 
.3390 -4.1942709491  -3.7777948561  -3.7406264015 
.3395 -4.1944340838  -3.7797573740  -3.7423410345 
.3400 -4.1945846629  -3.7817072774  -3.7440428135 
.3405 -4.1947219093  -3.7836447766  -3.7457316743 
.3410 -4.1948464547  -3.7855697932  -3.7474077500 
.3415 -4.1949580803  -3.7874824208  -3.7490710530 
.3420 -4.1950568502  -3.7893826956  -3.7507216360 
.3425 -4.1951431245  -3.7912705999  -3.7523595975 
.3430 -4.1952166772  -3.7931462258  -3.7539849473 
.3435 -4.1952772721  -3.7950096623  -3.7555976906 
.3440 -4.1953255736  -3.7968608404  -3.7571979758 
.3445 -4.1953613487  -3.7986998503  -3.7587858097 
.3450 -4.1953849717  -3.8005266788  -3.7603612979 
.3455 -4.1953958931  -3.8023414639  -3.7619243922 
.3460 -4.1953944853  -3.8041441921  -3.7634751975 
.3465 -4.1953808143  -3.8059349005  -3.7650137681 
.3470 -4.1953549467  -3.8077136265  -3.7665401587 
.3475 -4.1953169491  -3.8094804075  -3.7680544241 
.3480 -4.1952668885  -3.8112352810  -3.7695566192 
.3485 -4.1952048321  -3.8129782848  -3.7710467993 
.3490 -4.1951305167  -3.8147095000  -3.7725249581 
.3495 -4.1950446684  -3.8164288764  -3.7739912730 
.3500 -4.1949466913  -3.8181365382  -3.7754456753 
.3505 -4.1948369841  -3.8198324797  -3.7768882826 
.3510 -4.1947152736  -3.8215167790  -3.7783190842 
.3515 -4.1945819646  -3.8231894322  -3.7797382005 
.3520 -4.1944371260  -3.8248504774  -3.7811456878 
.3525 -4.1942808272  -3.8264999529  -3.7825416028 
.3530 -4.1941127846  -3.8281379333  -3.7839259306 
.3535 -4.1939330597  -3.8297644544  -3.7852987243 
.3540 -4.1937424307  -3.8313794822  -3.7866601857 
.3545 -4.1935398928  -3.8329831592  -3.7880101493 
.3550 -4.1933262275  -3.8345754527  -3.7893488187 
.3555 -4.1931015056  -3.8361564013  -3.7906762515 
.3560 -4.1928654284  -3.8377260744  -3.7919924263 
.3565 -4.1926180587  -3.8392845077  -3.7932973972 
.3570 -4.1923598349  -3.8408317082  -3.7945913007 
.3575 -4.1920904504  -3.8423677426  -3.7958741119 
.3580 -4.1918103500  -3.8438926198  -3.7971459704 
.3585 -4.1915192219  -3.8454064046  -3.7984068491 
.3590 -4.1912171302  -3.8469091330  -3.7996568030 
.3595 -4.1909041390  -3.8484008409  -3.8008958876 
.3600 -4.1905803128  -3.8498815644  -3.8021241584 
.3605 -4.1902461120  -3.8513513177  -3.8033417630 
.3610 -4.1899012117  -3.8528101607  -3.8045486683 
.3615 -4.1895456771  -3.8542581296  -3.8057449308 
.3620 -4.1891795738  -3.8556952603  -3.8069306068 
.3625 -4.1888029674  -3.8571215892  -3.8081057531 
.3630 -4.1884159239  -3.8585371525  -3.8092704266 
.3635 -4.1880185097  -3.8599419863  -3.8104246847 
.3640 -4.1876112072  -3.8613361128  -3.8115686859 
.3645 -4.1871932539  -3.8627195977  -3.8127022869 
.3650 -4.1867651302  -3.8640924621  -3.8138256456 
.3655 -4.1863269031  -3.8654547423  -3.8149388202 
.3660 -4.1858786402  -3.8668064749  -3.8160418692 
.3665 -4.1854204094  -3.8681476962  -3.8171348514 
.3670 -4.1849522786  -3.8694784427  -3.8182178260 
.3675 -4.1844743162  -3.8707987511  -3.8192908523 
.3680 -4.1839861508  -3.8721086627  -3.8203538778 
.3685 -4.1834882853  -3.8734082069  -3.8214070719 
.3690 -4.1829807887  -3.8746974204  -3.8224504950 
.3695 -4.1824637303  -3.8759763399  -3.8234842077 
.3700 -4.1819371797  -3.8772450021  -3.8245082710 
.3705 -4.1814007521  -3.8785034426  -3.8255226269 
.3710 -4.1808549663  -3.8797516970  -3.8265274536 
.3715 -4.1802994320  -3.8809897985  -3.8275226911 
.3720 -4.1797346746  -3.8822177851  -3.8285085210 
.3725 -4.1791607651  -3.8834356938  -3.8294850060 
.3730 -4.1785777746  -3.8846435614  -3.8304522092 
.3735 -4.1779848289  -3.8858414080  -3.8314099393 
.3740 -4.1773834092  -3.8870292924  -3.8323586384 
.3745 -4.1767726388  -3.8882072334  -3.8332981144 
.3750 -4.1761525808  -3.8893752641  -3.8342284282 
.3755 -4.1755237838  -3.8905334317  -3.8351497737 
.3760 -4.1748863204  -3.8916817735  -3.8360622165 
.3765 -4.1742392816  -3.8928202937  -3.8369655513 
.3770 -4.1735842049  -3.8939490752  -3.8378602478 
.3775 -4.1729196814  -3.8950681019  -3.8387459616 
.3780 -4.1722467673  -3.8961774441  -3.8396230319 
.3785 -4.1715655367  -3.8972771393  -3.8404915267 
.3790 -4.1708750513  -3.8983671787  -3.8413512295 
.3795 -4.1701763863  -3.8994476407  -3.8422024890 
.3800 -4.1694691042  -3.9005185369  -3.8430452297 
.3805 -4.1687537866  -3.9015799282  -3.8438796643 
.3810 -4.1680299905  -3.9026318235  -3.8447057158 
.3815 -4.1672977824  -3.9036742565  -3.8455234516 
.3820 -4.1665572293  -3.9047072606  -3.8463329396 
.3825 -4.1658083982  -3.9057308695  -3.8471342485 
.3830 -4.1650518875  -3.9067451511  -3.8479276008 
.3835 -4.1642867062  -3.9077500718  -3.8487127616 
.3840 -4.1635139871  -3.9087457353  -3.8494901091 
.3845 -4.1627332675  -3.9097321411  -3.8502595616 
.3850 -4.1619446160  -3.9107093227  -3.8510211913 
.3855 -4.1611481014  -3.9116773140  -3.8517750711 
.3860 -4.1603437928  -3.9126361487  -3.8525212746 
.3865 -4.1595317595  -3.9135858605  -3.8532598764 
.3870 -4.1587120712  -3.9145264833  -3.8539909519 
.3875 -4.1578847979  -3.9154580509  -3.8547145771 
.3880 -4.1570500097  -3.9163805971  -3.8554308291 
.3885 -4.1562077772  -3.9172941558  -3.8561397859 
.3890 -4.1553581711  -3.9181987610  -3.8568415262 
.3895 -4.1545006921  -3.9190943929  -3.8575359605 
.3900 -4.1536365495  -3.9199811911  -3.8582235071 
.3905 -4.1527646708  -3.9208590810  -3.8589039078 
.3910 -4.1518862783  -3.9217282082  -3.8595775876 
.3915 -4.1510002878  -3.9225884920  -3.8602442858 
.3920 -4.1501073487  -3.9234400231  -3.8609042590 
.3925 -4.1492075338  -3.9242828355  -3.8615575931 
.3930 -4.1483003244  -3.9251168988  -3.8622041979 
.3935 -4.1473869746  -3.9259423746  -3.8628445152 
.3940 -4.1464663716  -3.9267591666  -3.8634782788 
.3945 -4.1455385804  -3.9275673040  -3.8641055762 
.3950 -4.1446048741  -3.9283669580  -3.8647268593 
.3955 -4.1436641228  -3.9291580227  -3.8653418592 
.3960 -4.1427170024  -3.9299406017  -3.8659508510 
.3965 -4.1417629753  -3.9307146535  -3.8665537461 
.3970 -4.1408027241  -3.9314802848  -3.8671508242 
.3975 -4.1398363251  -3.9322375301  -3.8677421841 
.3980 -4.1388632326  -3.9329863430  -3.8683277385 
.3985 -4.1378841393  -3.9337268353  -3.8689077744 
.3990 -4.1368991223  -3.9344590414  -3.8694823949 
.3995 -4.1359076282  -3.9351829101  -3.8700515149 
.4000 -4.1349097258  -3.9358984710  -3.8706152381 
.4005 -4.1339061213  -3.9366058423  -3.8711738611 
.4010 -4.1328968931  -3.9373050588  -3.8717274932 
.4015 -4.1318814775  -3.9379960625  -3.8722760530 
.4020 -4.1308599450  -3.9386788829  -3.8728196512 
.4025 -4.1298330148  -3.9393536454  -3.8733585940 
.4030 -4.1288007673  -3.9400203846  -3.8738929977 
.4035 -4.1277619739  -3.9406789366  -3.8744225903 
.4040 -4.1267180127  -3.9413295277  -3.8749478793 
.4045 -4.1256689651  -3.9419721927  -3.8754689864 
.4050 -4.1246142497  -3.9426068619  -3.8759858385 
.4055 -4.1235539399  -3.9432335648  -3.8764985598 
.4060 -4.1224887786  -3.9438524389  -3.8770074735 
.4065 -4.1214175056  -3.9444632995  -3.8775123137 
.4070 -4.1203422108  -3.9450665056  -3.8780138031 
.4075 -4.1192609546  -3.9456617573  -3.8785114813 
.4080 -4.1181751650  -3.9462493092  -3.8790058785 
.4085 -4.1170842440  -3.9468290792  -3.8794969333 
.4090 -4.1159882687  -3.9474010970  -3.8799847841 
.4095 -4.1148873168  -3.9479653921  -3.8804695715 
.4100 -4.1137821579  -3.9485221166  -3.8809516369 
.4105 -4.1126721852  -3.9490711813  -3.8814309263 
.4110 -4.1115574780  -3.9496126159  -3.8819075867 
.4115 -4.1104381166  -3.9501464500  -3.8823817666 
.4120 -4.1093141817  -3.9506727132  -3.8828536172 
.4125 -4.1081864600  -3.9511915669  -3.8833234890 
.4130 -4.1070536262  -3.9517027792  -3.8837911407 
.4135 -4.1059171760  -3.9522066451  -3.8842571245 
.4140 -4.1047757750  -3.9527029253  -3.8847212037 
.4145 -4.1036309313  -3.9531919221  -3.8851839327 
.4150 -4.1024820196  -3.9536735299  -3.8856452759 
.4155 -4.1013291261  -3.9541477785  -3.8861053964 
.4160 -4.1001723378  -3.9546146976  -3.8865644589 
.4165 -4.0990117427  -3.9550743169  -3.8870226293 
.4170 -4.0978474296  -3.9555266663  -3.8874800746 
.4175 -4.0966787570  -3.9559716248  -3.8879367708 
.4180 -4.0955072761  -3.9564095216  -3.8883932721 
.4185 -4.0943323500  -3.9568402378  -3.8888495550 
.4190 -4.0931540718  -3.9572638032  -3.8893057895 
.4195 -4.0919725356  -3.9576802477  -3.8897621456 
.4200 -4.0907870933  -3.9580894408  -3.8902186065 
.4205 -4.0895993266  -3.9584917310  -3.8906757173 
.4210 -4.0884078436  -3.9588868257  -3.8911332745 
.4215 -4.0872134877  -3.9592749150  -3.8915916338 
.4220 -4.0860163596  -3.9596560289  -3.8920509624 
.4225 -4.0848165619  -3.9600301972  -3.8925114260 
.4230 -4.0836141986  -3.9603974500  -3.8929731887 
.4235 -4.0824086152  -3.9607576430  -3.8934362348 
.4240 -4.0812014371  -3.9611111526  -3.8939010789 
.4245 -4.0799912512  -3.9614576583  -3.8943675245 
.4250 -4.0787789287  -3.9617973644  -3.8948359008 
.4255 -4.0775638140  -3.9621301187  -3.8953061862 
.4260 -4.0763475581  -3.9624563137  -3.8957788658 
.4265 -4.0751287388  -3.9627756129  -3.8962537406 
.4270 -4.0739082449  -3.9630882287  -3.8967311135 
.4275 -4.0726861988  -3.9633941912  -3.8972111113 
.4280 -4.0714619467  -3.9636933380  -3.8976936950 
.4285 -4.0702363912  -3.9639858876  -3.8981791412 
.4290 -4.0690088806  -3.9642716737  -3.8986674002 
.4295 -4.0677811120  -3.9645511177  -3.8991588806 
.4300 -4.0665516553  -3.9648238543  -3.8996533628 
.4305 -4.0653206457  -3.9650899076  -3.9001509317 
.4310 -4.0640890118  -3.9653495065  -3.9006518075 
.4315 -4.0628569015  -3.9656026814  -3.9011560469 
.4320 -4.0616244666  -3.9658494626  -3.9016636949 
.4325 -4.0603902747  -3.9660894577  -3.9021745084 
.4330 -4.0591568648  -3.9663233248  -3.9026889287 
.4335 -4.0579228126  -3.9665506696  -3.9032066887 
.4340 -4.0566890828  -3.9667717336  -3.9037279189 
.4345 -4.0554550517  -3.9669863276  -3.9042524686 
.4350 -4.0542216982  -3.9671946976  -3.9047804332 
.4355 -4.0529884079  -3.9673966500  -3.9053116356 
.4360 -4.0517553718  -3.9675922087  -3.9058460128 
.4365 -4.0505243957  -3.9677818550  -3.9063837213 
.4370 -4.0492932763  -3.9679649338  -3.9069243002 
.4375 -4.0480638355  -3.9681419285  -3.9074678677 
.4380 -4.0468362973  -3.9683128698  -3.9080142813 
.4385 -4.0456100876  -3.9684775510  -3.9085632695 
.4390 -4.0443854468  -3.9686359964  -3.9091146566 
.4395 -4.0431634329  -3.9687884718  -3.9096683521 
.4400 -4.0419435002  -3.9689347640  -3.9102240286 
.4405 -4.0407267292  -3.9690751435  -3.9107815488 
.4410 -4.0395125971  -3.9692093926  -3.9113405448 
.4415 -4.0383014014  -3.9693375357  -3.9119007314 
.4420 -4.0370942611  -3.9694598499  -3.9124618980 
.4425 -4.0358906942  -3.9695761110  -3.9130236104 
.4430 -4.0346910420  -3.9696863434  -3.9135855105 
.4435 -4.0334964685  -3.9697908308  -3.9141473101 
.4440 -4.0323065418  -3.9698893427  -3.9147085022 
.4445 -4.0311216561  -3.9699819034  -3.9152686497 
.4450 -4.0299430274  -3.9700688036  -3.9158273824 
.4455 -4.0287702854  -3.9701498058  -3.9163841124 
.4460 -4.0276038868  -3.9702249347  -3.9169383169 
.4465 -4.0264443120  -3.9702942145  -3.9174894432 
.4470 -4.0252928609  -3.9703579453  -3.9180370039 
.4475 -4.0241492655  -3.9704158807  -3.9185802878 
.4480 -4.0230140843  -3.9704680453  -3.9191186459 
.4485 -4.0218879053  -3.9705144637  -3.9196513950 
.4490 -4.0207721301  -3.9705554450  -3.9201779206 
.4495 -4.0196658392  -3.9705904470  -3.9206972622 
.4500 -4.0185712791  -3.9706200660  -3.9212088393 
.4505 -4.0174883845  -3.9706440420  -3.9217117185 
.4510 -4.0164179098  -3.9706623997  -3.9222050315 
.4515 -4.0153614082  -3.9706754604  -3.9226879918 
.4520 -4.0143181812  -3.9706826584  -3.9231594121 
.4525 -4.0132906148  -3.9706846136  -3.9236185521 
.4530 -4.0122781115  -3.9706807512  -3.9240641230 
.4535 -4.0112831130  -3.9706717006  -3.9244953243 
.4540 -4.0103058565  -3.9706571858  -3.9249109135 
.4545 -4.0093473685  -3.9706372316  -3.9253097408 
.4550 -4.0084087129  -3.9706118633  -3.9256906188 
.4555 -4.0074909896  -3.9705811058  -3.9260523244 
.4560 -4.0065960262  -3.9705453021  -3.9263937875 
.4565 -4.0057235863  -3.9705038442  -3.9267133625 
.4570 -4.0048755617  -3.9704570728  -3.9270099169 
.4575 -4.0040531598  -3.9704050132  -3.9272821237 
.4580 -4.0032582511  -3.9703480180  -3.9275288742 
.4585 -4.0024907485  -3.9702854604  -3.9277483790 
.4590 -4.0017525363  -3.9702176906  -3.9279395192 
.4595 -4.0010454330  -3.9701450689  -3.9281012442 
.4600 -4.0003693871  -3.9700669538  -3.9282317330 
.4605 -3.9997261697  -3.9699837034  -3.9283299870 
.4610 -3.9991168779  -3.9698953431  -3.9283948027 
.4615 -3.9985425460  -3.9698018987  -3.9284250420 
.4620 -3.9980041316  -3.9697033960  -3.9284196459 
.4625 -3.9975025025  -3.9695998608  -3.9283776481 
.4630 -3.9970384235  -3.9694913190  -3.9282981876 
.4635 -3.9966125443  -3.9693777966  -3.9281805214 
.4640 -3.9962253891  -3.9692593196  -3.9280240347 
.4645 -3.9958773470  -3.9691359140  -3.9278282507 
.4650 -3.9955682412  -3.9690072445  -3.9275923723 
.4655 -3.9952986342  -3.9688736938  -3.9273166418 
.4660 -3.9950688647  -3.9687356549  -3.9270015321 
.4665 -3.9948779442  -3.9685924235  -3.9266461745 
.4670 -3.9947259360  -3.9684443900  -3.9262513221 
.4675 -3.9946120267  -3.9682912068  -3.9258168228 
.4680 -3.9945362824  -3.9681336464  -3.9253443312 
.4685 -3.9944973207  -3.9679709845  -3.9248333739 
.4690 -3.9944949013  -3.9678040037  -3.9242859227 
.4695 -3.9945275024  -3.9676319700  -3.9237016444 
.4700 -3.9945941407  -3.9674549027  -3.9230814618 
.4705 -3.9946942148  -3.9672735997  -3.9224277245 
.4710 -3.9948260864  -3.9670873121  -3.9217402159 
.4715 -3.9949887890  -3.9668964537  -3.9210207560 
.4720 -3.9951810797  -3.9667010518  -3.9202705430 
.4725 -3.9954016957  -3.9665011338  -3.9194907976 
.4730 -3.9956492086  -3.9662963249  -3.9186819977 
.4735 -3.9959225293  -3.9660870497  -3.9178461037 
.4740 -3.9962203948  -3.9658733357  -3.9169843448 
.4745 -3.9965415592  -3.9656552106  -3.9160979359 
.4750 -3.9968846915  -3.9654322899  -3.9151872614 
.4755 -3.9972487283  -3.9652050086  -3.9142542736 
.4760 -3.9976324197  -3.9649729774  -3.9132992777 
.4765 -3.9980348273  -3.9647370565  -3.9123250340 
.4770 -3.9984546267  -3.9644960141  -3.9113300774 
.4775 -3.9988910088  -3.9642511387  -3.9103179742 
.4780 -3.9993428368  -3.9640016107  -3.9092879954 
.4785 -3.9998092177  -3.9637478812  -3.9082419501 
.4790 -4.0002892313  -3.9634899790  -3.9071807522 
.4795 -4.0007819675  -3.9632274972  -3.9061043718 
.4800 -4.0012866347  -3.9629608950  -3.9050145311 
.4805 -4.0018024167  -3.9626897605  -3.9039111078 
.4810 -4.0023285872  -3.9624145585  -3.9027957684 
.4815 -4.0028644266  -3.9621353181  -3.9016692397 
.4820 -4.0034092487  -3.9618516201  -3.9005312717 
.4825 -4.0039624205  -3.9615634860  -3.8993825039 
.4830 -4.0045233300  -3.9612718454  -3.8982254587 
.4835 -4.0050914023  -3.9609758227  -3.8970588312 
.4840 -4.0056660987  -3.9606754400  -3.8958831755 
.4845 -4.0062468912  -3.9603711812  -3.8946999953 
.4850 -4.0068333065  -3.9600626118  -3.8935088331 
.4855 -4.0074248384  -3.9597506884  -3.8923121430 
.4860 -4.0080211161  -3.9594340403  -3.8911074468 
.4865 -4.0086216783  -3.9591136267  -3.8898971629 
.4870 -4.0092261278  -3.9587894783  -3.8886817307 
.4875 -4.0098341239  -3.9584611485  -3.8874605671 
.4880 -4.0104453178  -3.9581286602  -3.8862340644 
.4885 -4.0110593396  -3.9577925195  -3.8850036145 
.4890 -4.0116758697  -3.9574527577  -3.8837695954 
.4895 -4.0122946490  -3.9571089181  -3.8825313507 
.4900 -4.0129153959  -3.9567610243  -3.8812892230 
.4905 -4.0135377971  -3.9564095936  -3.8800445747 
.4910 -4.0141615947  -3.9560546580  -3.8787977414 
.4915 -4.0147866426  -3.9556952521  -3.8775469783 
.4920 -4.0154125656  -3.9553328963  -3.8762957045 
.4925 -4.0160392941  -3.9549661191  -3.8750411172 
.4930 -4.0166665209  -3.9545959505  -3.8737855993 
.4935 -4.0172940474  -3.9542224233  -3.8725294576 
.4940 -4.0179217393  -3.9538450585  -3.8712719448 
.4945 -4.0185494199  -3.9534638814  -3.8700133552 
.4950 -4.0191768658  -3.9530794347  -3.8687550385 
.4955 -4.0198039712  -3.9526912320  -3.8674962383 
.4960 -4.0204305836  -3.9522992992  -3.8662372508 
.4965 -4.0210565017  -3.9519041875  -3.8649794378 
.4970 -4.0216816431  -3.9515054032  -3.8637220439 
.4975 -4.0223058193  -3.9511035033  -3.8624664433 
.4980 -4.0229290187  -3.9506974560  -3.8612108197 
.4985 -4.0235509506  -3.9502888879  -3.8599586975 
.4990 -4.0241716722  -3.9498762265  -3.8587072040 
.4995 -4.0247909606  -3.9494605735  -3.8574588186 
.5000 -4.0254087694  -3.9490414205  -3.8562128232 
.5005 -4.0260249428  -3.9486193420  -3.8549706550 
.5010 -4.0266395001  -3.9481932757  -3.8537305459 
.5015 -4.0272522378  -3.9477643456  -3.8524950367 
.5020 -4.0278630706  -3.9473325882  -3.8512645390 
.5025 -4.0284720287  -3.9468969263  -3.8500373327 
.5030 -4.0290789218  -3.9464585004  -3.8488160164 
.5035 -4.0296837310  -3.9460167855  -3.8475999863 
.5040 -4.0302863303  -3.9455723765  -3.8463908104 
.5045 -4.0308867601  -3.9451241760  -3.8451868604 
.5050 -4.0314848470  -3.9446733469  -3.8439908284 
.5055 -4.0320805300  -3.9442199277  -3.8428032844 
.5060 -4.0326738551  -3.9437628065  -3.8416226890 
.5065 -4.0332646606  -3.9433031627  -3.8404518128 
.5070 -4.0338529948  -3.9428398746  -3.8392891837 
.5075 -4.0344386540  -3.9423747162  -3.8381386871 
.5080 -4.0350217395  -3.9419059778  -3.8369978535 
.5085 -4.0356021528  -3.9414342728  -3.8358684992 
.5090 -4.0361798012  -3.9409602256  -3.8347524546 
.5095 -4.0367546896  -3.9404832836  -3.8336494632 
.5100 -4.0373267761  -3.9400034810  -3.8325603470 
.5105 -4.0378960208  -3.9395208521  -3.8323441490 
.5110 -4.0384623420  -3.9390360330  -3.8331350972 
.5115 -4.0390257908  -3.9385478590  -3.8339277922 
.5120 -4.0395862466  -3.9380575710  -3.8347222709 
.5125 -4.0401437192  -3.9375646040  -3.8355184270 
.5130 -4.0406981768  -3.9370689947  -3.8363162000 
.5135 -4.0412495888  -3.9365707804  -3.8371155275 
.5140 -4.0417979261  -3.9360699990  -3.8379163455 
.5145 -4.0423431252  -3.9355673081  -3.8387186282 
.5150 -4.0428852320  -3.9350615110  -3.8395222271 
.5155 -4.0434241510  -3.9345538881  -3.8403271527 
.5160 -4.0439599258  -3.9340432341  -3.8411332571 
.5165 -4.0444924680  -3.9335308407  -3.8419405440 
.5170 -4.0450217889  -3.9330161256  -3.8427489020 
.5175 -4.0455478677  -3.9324991314  -3.8435582564 
.5180 -4.0460706844  -3.9319799014  -3.8443685315 
.5185 -4.0465901945  -3.9314591186  -3.8451796835 
.5190 -4.0471064325  -3.9309355530  -3.8459915662 
.5195 -4.0476193543  -3.9304098870  -3.8468041343 
.5200 -4.0481289222  -3.9298828138  -3.8476173388 
.5205 -4.0486351653  -3.9293530919  -3.8484310334 
.5210 -4.0491380459  -3.9288214143  -3.8492451674 
.5215 -4.0496375330  -3.9282884846  -3.8500596873 
.5220 -4.0501336336  -3.9277537064  -3.8508744763 
.5225 -4.0506263500  -3.9272164750  -3.8516894178 
.5230 -4.0511156401  -3.9266781585  -3.8525044848 
.5235 -4.0516015203  -3.9261374955  -3.8533195281 
.5240 -4.0520839561  -3.9255958664  -3.8541345173 
.5245 -4.0525629508  -3.9250526713  -3.8549493309 
.5250 -4.0530385020  -3.9245073033  -3.8557638465 
.5255 -4.0535105863  -3.9239611622  -3.8565780284 
.5260 -4.0539792041  -3.9234136482  -3.8573917510 
.5265 -4.0544443503  -3.9228641553  -3.8582048863 
.5270 -4.0549060123  -3.9223141040  -3.8590173934 
.5275 -4.0553641865  -3.9217622175  -3.8598291102 
.5280 -4.0558188678  -3.9212099311  -3.8606399915 
.5285 -4.0562700471  -3.9206559671  -3.8614498687 
.5290 -4.0567177267  -3.9201017770  -3.8622586919 
.5295 -4.0571618921  -3.9195460841  -3.8630662837 
.5300 -4.0576025530  -3.9189903576  -3.8638725886 
.5305 -4.0580396891  -3.9184333246  -3.8646774180 
.5310 -4.0584733050  -3.9178757814  -3.8654806744 
.5315 -4.0589033982  -3.9173178450  -3.8662822224 
.5320 -4.0593299666  -3.9167596403  -3.8670819190 
.5325 -4.0597530082  -3.9162013020  -3.8678796136 
.5330 -4.0601725218  -3.9156429751  -3.8686751458 
.5335 -4.0605885064  -3.9150848168  -3.8694683444 
.5340 -4.0610009612  -3.9145269981  -3.8702590259 
.5345 -4.0614098610  -3.9139690034  -3.8710469502 
.5350 -4.0618152540  -3.9134124412  -3.8718319842 
.5355 -4.0622170888  -3.9128561322  -3.8726138077 
.5360 -4.0626154213  -3.9123017341  -3.8733922512 
.5365 -4.0630101937  -3.9117481168  -3.8741669372 
.5370 -4.0634014358  -3.9111962966  -3.8749375937 
.5375 -4.0637891491  -3.9106466246  -3.8757038656 
.5380 -4.0641732980  -3.9100987919  -3.8764652970 
.5385 -4.0645539578  -3.9095546618  -3.8772215456 
.5390 -4.0649310540  -3.9090133392  -3.8779719785 
.5395 -4.0653046699  -3.9084768279  -3.8787161266 
.5400 -4.0656747242  -3.9079444054  -3.8794531762 
.5405 -4.0660412611  -3.9074175746  -3.8801823958 
.5410 -4.0664042356  -3.9068965706  -3.8809027764 
.5415 -4.0667637466  -3.9063838895  -3.8816133834 
.5420 -4.0671196989  -3.9058794357  -3.8823127586 
.5425 -4.0674721996  -3.9053861343  -3.8829995520 
.5430 -4.0678211463  -3.9049044445  -3.8836717420 
.5435 -4.0681665959  -3.9044372539  -3.8843272361 
.5440 -4.0685084931  -3.9039865314  -3.8849632817 
.5445 -4.0688469614  -3.9035567679  -3.8855769893 
.5450 -4.0691818835  -3.9031504190  -3.8861643233 
.5455 -4.0695133250  -3.9027726253  -3.8867209537 
.5460 -4.0698412916  -3.9024286352  -3.8872416480 
.5465 -4.0701657190  -3.9021238999  -3.8877201624 
.5470 -4.0704867511  -3.9018663356  -3.8881502151 
.5475 -4.0708042523  -3.9016619877  -3.8885241576 
.5480 -4.0711182227  -3.9015181183  -3.8888347389 
.5485 -4.0714288188  -3.9014422218  -3.8890761190 
.5490 -4.0717358933  -3.9014383259  -3.8892426522 
.5495 -4.0720395290  -3.9015096100  -3.8893319999 
.5500 -4.0723397328  -3.9016560009  -3.8893442581 
.5505 -4.0726365119  -3.9018746536  -3.8892822957 
.5510 -4.0729297855  -3.9021601530  -3.8891507174 
.5515 -4.0732196451  -3.9025061320  -3.8889567448 
.5520 -4.0735060981  -3.9029051808  -3.8887078134 
.5525 -4.0737890582  -3.9033496942  -3.8884107117 
.5530 -4.0740687194  -3.9038331083  -3.8880737142 
.5535 -4.0743448012  -3.9043486847  -3.8877010488 
.5540 -4.0746176003  -3.9048915089  -3.8873001962 
.5545 -4.0748869264  -3.9054566740  -3.8868743911 
.5550 -4.0751528861  -3.9060404515  -3.8864282399 
.5555 -4.0754154879  -3.9066396037  -3.8859650096 
.5560 -4.0756746319  -3.9072513298  -3.8854866679 
.5565 -4.0759304312  -3.9078735092  -3.8849962224 
.5570 -4.0761828947  -3.9085042769  -3.8844955685 
.5575 -4.0764319166  -3.9091419799  -3.8839855184 
.5580 -4.0766776166  -3.9097854169  -3.8834681698 
.5585 -4.0769200039  -3.9104334907  -3.8829446503 
.5590 -4.0771590880  -3.9110852750  -3.8824159171 
.5595 -4.0773947547  -3.9117398941  -3.8818819952 
.5600 -4.0776270073  -3.9123966808  -3.8813435748 
.5605 -4.0778559768  -3.9130551507  -3.8808020499 
.5610 -4.0780816728  -3.9137148093  -3.8802579460 
.5615 -4.0783041053  -3.9143752292  -3.8797117213 
.5620 -4.0785231499  -3.9150359514  -3.8791629703 
.5625 -4.0787389467  -3.9156967408  -3.8786128484 
.5630 -4.0789513672  -3.9163572255  -3.8780608575 
.5635 -4.0791606966  -3.9170173344  -3.8775088965 
.5640 -4.0793665230  -3.9176765800  -3.8769547740 
.5645 -4.0795692790  -3.9183350367  -3.8764011535 
.5650 -4.0797685400  -3.9189922602  -3.8758457844 
.5655 -4.0799647516  -3.9196483694  -3.8752913004 
.5660 -4.0801576279  -3.9203030435  -3.8747362266 
.5665 -4.0803473268  -3.9209562515  -3.8741815325 
.5670 -4.0805337032  -3.9216077882  -3.8736265296 
.5675 -4.0807169195  -3.9222576477  -3.8730721661 
.5680 -4.0808968263  -3.9229056434  -3.8725177290 
.5685 -4.0810735907  -3.9235517898  -3.8719641500 
.5690 -4.0812472238  -3.9241960139  -3.8714115272 
.5695 -4.0814175698  -3.9248381483  -3.8708591186 
.5700 -4.0815848025  -3.9254782316  -3.8703078377 
.5705 -4.0817487617  -3.9261161052  -3.8697569273 
.5710 -4.0819096260  -3.9267518205  -3.8692072918 
.5715 -4.0820672309  -3.9273852253  -3.8686581610 
.5720 -4.0822217593  -3.9280163822  -3.8681104317 
.5725 -4.0823732230  -3.9286452532  -3.8675641617 
.5730 -4.0825214508  -3.9292716928  -3.8670185642 
.5735 -4.0826664478  -3.9298956648  -3.8664736860 
.5740 -4.0828084062  -3.9305172499  -3.8659304126 
.5745 -4.0829473379  -3.9311364216  -3.8653887868 
.5750 -4.0830830631  -3.9317530386  -3.8648480043 
.5755 -4.0832157810  -3.9323671927  -3.8643089441 
.5760 -4.0833453074  -3.9329787436  -3.8637707941 
.5765 -4.0834716474  -3.9335876680  -3.8632335828 
.5770 -4.0835952082  -3.9341941912  -3.8626990323 
.5775 -4.0837153994  -3.9347979275  -3.8621646250 
.5780 -4.0838326304  -3.9353991067  -3.8616320790 
.5785 -4.0839469135  -3.9359977160  -3.8611014163 
.5790 -4.0840580511  -3.9365936142  -3.8605718049 
.5795 -4.0841662611  -3.9371869175  -3.8600441124 
.5800 -4.0842713412  -3.9377774834  -3.8595175012 
.5805 -4.0843735141  -3.9383654335  -3.8589928365 
.5810 -4.0844725730  -3.9389506240  -3.8584692754 
.5815 -4.0845685238  -3.9395330433  -3.8579468256 
.5820 -4.0846615959  -3.9401128204  -3.8574263497 
.5825 -4.0847518020  -3.9406899505  -3.8569078543 
.5830 -4.0848389266  -3.9412642859  -3.8563904868 
.5835 -4.0849229753  -3.9418358180  -3.8558742482 
.5840 -4.0850041872  -3.9424046855  -3.8553599982 
.5845 -4.0850823398  -3.9429707375  -3.8548468771 
.5850 -4.0851576767  -3.9435341174  -3.8543357431 
.5855 -4.0852299709  -3.9440946719  -3.8538257322 
.5860 -4.0852994707  -3.9446525488  -3.8533177019 
.5865 -4.0853659445  -3.9452075925  -3.8528107838 
.5870 -4.0854293983  -3.9457597977  -3.8523049699 
.5875 -4.0854900878  -3.9463093192  -3.8518011166 
.5880 -4.0855480260  -3.9468561581  -3.8512992160 
.5885 -4.0856029720  -3.9474001530  -3.8507983920 
.5890 -4.0856549320  -3.9479413006  -3.8502986322 
.5895 -4.0857039123  -3.9484795976  -3.8497999233 
.5900 -4.0857501803  -3.9490152097  -3.8493031207 
.5905 -4.0857937494  -3.9495481396  -3.8488082118 
.5910 -4.0858343670  -3.9500782189  -3.8483143116 
.5915 -4.0858720394  -3.9506054456  -3.8478214030 
.5920 -4.0859067730  -3.9511298182  -3.8473294684 
.5925 -4.0859388472  -3.9516515127  -3.8468393637 
.5930 -4.0859682756  -3.9521705337  -3.8463510725 
.5935 -4.0859947939  -3.9526867046  -3.8458637016 
.5940 -4.0860184086  -3.9532000249  -3.8453772304 
.5945 -4.0860391260  -3.9537104943  -3.8448916378 
.5950 -4.0860572378  -3.9542182992  -3.8444077816 
.5955 -4.0860724701  -3.9547232569  -3.8439247622 
.5960 -4.0860851194  -3.9552255580  -3.8434434383 
.5965 -4.0860949072  -3.9557250163  -3.8429629076 
.5970 -4.0861018401  -3.9562216323  -3.8424831465 
.5975 -4.0861062216  -3.9567156032  -3.8420050156 
.5980 -4.0861077663  -3.9572067376  -3.8415276083 
.5985 -4.0861067824  -3.9576952365  -3.8410517868 
.5990 -4.0861026757  -3.9581807033  -3.8405757537 
.5995 -4.0860963652  -3.9586637451  -3.8401021476 
.6000 -4.0860869451  -3.9591437579  -3.8396282796 
.6005 -4.0860750379  -3.9596211530  -3.8391559032 
.6010 -4.0860603435  -3.9600957286  -3.8386841038 
.6015 -4.0860428689  -3.9605674867  -3.8382128554 
.6020 -4.0860229393  -3.9610366430  -3.8377430270 
.6025 -4.0860002479  -3.9615029902  -3.8372737001 
.6030 -4.0859751249  -3.9619667480  -3.8368057459 
.6035 -4.0859469325  -3.9624274866  -3.8363373446 
.6040 -4.0859163271  -3.9628856449  -3.8358702663 
.6045 -4.0858833227  -3.9633412317  -3.8354044884 
.6050 -4.0858476004  -3.9637940308  -3.8349390863 
.6055 -4.0858088314  -3.9642438180  -3.8344731300 
.6060 -4.0857680296  -3.9646912777  -3.8340093052 
.6065 -4.0857241948  -3.9651357319  -3.8335448743 
.6070 -4.0856780128  -3.9655776440  -3.8330816232 
.6075 -4.0856291523  -3.9660167884  -3.8326186211 
.6080 -4.0855779682  -3.9664534053  -3.8321567532 
.6085 -4.0855241244  -3.9668872656  -3.8316950863 
.6090 -4.0854676281  -3.9673183730  -3.8312335950 
.6095 -4.0854084861  -3.9677467313  -3.8307722545 
.6100 -4.0853467055  -3.9681723443  -3.8303110398 
.6105 -4.0852826535  -3.9685954625  -3.8298508447 
.6110 -4.0852159819  -3.9690158474  -3.8293907296 
.6115 -4.0851470628  -3.9694337536  -3.8289315917 
.6120 -4.0850751757  -3.9698486861  -3.8284715661 
.6125 -4.0850010601  -3.9702611524  -3.8280124735 
.6130 -4.0849243582  -3.9706709060  -3.8275533692 
.6135 -4.0848454519  -3.9710782100  -3.8270951581 
.6140 -4.0847636010  -3.9714825537  -3.8266359636 
.6145 -4.0846795649  -3.9718844607  -3.8261776205 
.6150 -4.0845929759  -3.9722836769  -3.8257191789 
.6155 -4.0845042259  -3.9726804736  -3.8252615516 
.6160 -4.0844125549  -3.9730743244  -3.8248028501 
.6165 -4.0843187423  -3.9734657691  -3.8243449239 
.6170 -4.0842224103  -3.9738545460  -3.8238868178 
.6175 -4.0841239609  -3.9742409343  -3.8234294530 
.6180 -4.0840226143  -3.9746243921  -3.8229709284 
.6185 -4.0839191697  -3.9750054752  -3.8225131089 
.6190 -4.0838132396  -3.9753839143  -3.8220550341 
.6195 -4.0837048312  -3.9757597142  -3.8215966850 
.6200 -4.0835943588  -3.9761331648  -3.8211389935 
.6205 -4.0834810181  -3.9765037040  -3.8206800425 
.6210 -4.0833656328  -3.9768719081  -3.8202217170 
.6215 -4.0832478033  -3.9772374978  -3.8197630492 
.6220 -4.0831275367  -3.9776004784  -3.8193040223 
.6225 -4.0830052600  -3.9779611499  -3.8188455794 
.6230 -4.0828805658  -3.9783192270  -3.8183867484 
.6235 -4.0827530369  -3.9786744163  -3.8179265499 
.6240 -4.0826235273  -3.9790273186  -3.8174668940 
.6245 -4.0824920516  -3.9793779457  -3.8170077714 
.6250 -4.0823577607  -3.9797256993  -3.8165472344 
.6255 -4.0822215235  -3.9800711926  -3.8160872061 
.6260 -4.0820824808  -3.9804138196  -3.8156257314 
.6265 -4.0819415114  -3.9807542014  -3.8151647423 
.6270 -4.0817981881  -3.9810920370  -3.8147032540 
.6275 -4.0816529631  -3.9814276470  -3.8142422338 
.6280 -4.0815049568  -3.9817604091  -3.8137797120 
.6285 -4.0813550685  -3.9820909610  -3.8133176385 
.6290 -4.0812028608  -3.9824189934  -3.8128550221 
.6295 -4.0810478866  -3.9827441891  -3.8123908639 
.6300 -4.0808915171  -3.9830675232  -3.8119281174 
.6305 -4.0807323959  -3.9833880321  -3.8114638082 
.6310 -4.0805709850  -3.9837060448  -3.8109989147 
.6315 -4.0804077565  -3.9840218986  -3.8105344239 
.6320 -4.0802417909  -3.9843349385  -3.8100683360 
.6325 -4.0800740276  -3.9846458354  -3.8102828344 
.6330 -4.0799040093  -3.9849542638  -3.8105999867 
.6335 -4.0797317435  -3.9852602296  -3.8109177374 
.6340 -4.0795577150  -3.9855640805  -3.8112365785 
.6345 -4.0793809790  -3.9858651412  -3.8115554845 
.6350 -4.0792025002  -3.9861641032  -3.8118754532 
.6355 -4.0790213238  -3.9864602828  -3.8121954615 
.6360 -4.0788384247  -3.9867543798  -3.8125165058 
.6365 -4.0786533278  -3.9870460545  -3.8128380688 
.6370 -4.0784660407  -3.9873353130  -3.8131601382 
.6375 -4.0782765708  -3.9876221613  -3.8134827019 
.6380 -4.0780849257  -3.9879066056  -3.8138057481 
.6385 -4.0778916130  -3.9881890122  -3.8141297671 
.6390 -4.0776956424  -3.9884686689  -3.8144537432 
.6395 -4.0774980242  -3.9887463044  -3.8147786687 
.6400 -4.0772977582  -3.9890211982  -3.8151035300 
.6405 -4.0770958648  -3.9892940872  -3.8154293179 
.6410 -4.0768918462  -3.9895646133  -3.8157555209 
.6415 -4.0766857100  -3.9898327827  -3.8160821286 
.6420 -4.0764774638  -3.9900986016  -3.8164091305 
.6425 -4.0762671151  -3.9903620762  -3.8167365168 
.6430 -4.0760546714  -3.9906232129  -3.8170642773 
.6435 -4.0758406659  -3.9908823987  -3.8173929004 
.6440 -4.0756240575  -3.9911388802  -3.8177213802 
.6445 -4.0754059075  -3.9913934276  -3.8180507028 
.6450 -4.0751851646  -3.9916452789  -3.8183798639 
.6455 -4.0749629003  -3.9918952129  -3.8187098488 
.6460 -4.0747385916  -3.9921428506  -3.8190401509 
.6465 -4.0745117051  -3.9923878050  -3.8193702657 
.6470 -4.0742833277  -3.9926308672  -3.8197011765 
.6475 -4.0740529285  -3.9928716521  -3.8200323784 
.6480 -4.0738205152  -3.9931101661  -3.8203638629 
.6485 -4.0735860954  -3.9933464154  -3.8206956217 
.6490 -4.0733496767  -3.9935804065  -3.8210276464 
.6495 -4.0731118229  -3.9938125516  -3.8213604230 
.6500 -4.0728714318  -3.9940420473  -3.8216929551 
.6505 -4.0726290647  -3.9942693036  -3.8220257291 
.6510 -4.0723847292  -3.9944943271  -3.8223587372 
.6515 -4.0721389993  -3.9947175386  -3.8226924643 
.6520 -4.0718907525  -3.9949381175  -3.8230259170 
.6525 -4.0716411317  -3.9951569013  -3.8233600729 
.6530 -4.0713890042  -3.9953730611  -3.8236939401 
.6535 -4.0711355231  -3.9955874428  -3.8240284951 
.6540 -4.0708795455  -3.9957992090  -3.8243627472 
.6545 -4.0706222348  -3.9960092141  -3.8246976721 
.6550 -4.0703624377  -3.9962166123  -3.8250322803 
.6555 -4.0701013281  -3.9964222663  -3.8253675465 
.6560 -4.0698383319  -3.9966257554  -3.8257029728 
.6565 -4.0695728647  -3.9968266505  -3.8260380622 
.6570 -4.0693061157  -3.9970258268  -3.8263737880 
.6575 -4.0690375031  -3.9972228575  -3.8267096534 
.6580 -4.0687670348  -3.9974177488  -3.8270456514 
.6585 -4.0684941160  -3.9976100633  -3.8273812866 
.6590 -4.0682199567  -3.9978006931  -3.8277175305 
.6595 -4.0679439647  -3.9979892028  -3.8280538872 
.6600 -4.0676661478  -3.9981755987  -3.8283903504 
.6605 -4.0673859011  -3.9983594350  -3.8287264255 
.6610 -4.0671044551  -3.9985416206  -3.8290630824 
.6615 -4.0668212075  -3.9987217117  -3.8293998265 
.6620 -4.0665361661  -3.9988997146  -3.8297366515 
.6625 -4.0662493385  -3.9990756359  -3.8300735510 
.6630 -4.0659601072  -3.9992490188  -3.8304100322 
.6635 -4.0656697283  -3.9994207937  -3.8307470626 
.6640 -4.0653775867  -3.9995905060  -3.8310841490 
.6645 -4.0650836902  -3.9997581621  -3.8314212854 
.6650 -4.0647874108  -3.9999232971  -3.8317579796 
.6655 -4.0644900254  -4.0000868580  -3.8320951979 
.6660 -4.0641909086  -4.0002483819  -3.8324324480 
.6665 -4.0638900683  -4.0004078753  -3.8327697238 
.6670 -4.0635868660  -4.0005648645  -3.8331065344 
.6675 -4.0632825995  -4.0007203137  -3.8334438443 
.6680 -4.0629759816  -4.0008732672  -3.8337806774 
.6685 -4.0626683204  -4.0010246977  -3.8341179976 
.6690 -4.0623583184  -4.0011736411  -3.8344548298 
.6695 -4.0620472940  -4.0013210785  -3.8347921370 
.6700 -4.0617339395  -4.0014660372  -3.8351289448 
.6705 -4.0614195836  -4.0016095069  -3.8354662157 
.6710 -4.0611029082  -4.0017505064  -3.8358029760 
.6715 -4.0607845830  -4.0018895348  -3.8361397040 
.6720 -4.0604652880  -4.0020270996  -3.8364768774 
.6725 -4.0601436895  -4.0021622068  -3.8368135234 
.6730 -4.0598204652  -4.0022953620  -3.8371501200 
.6735 -4.0594956228  -4.0024265714  -3.8374866613 
.6740 -4.0591691704  -4.0025558414  -3.8378231418 
.6745 -4.0588411161  -4.0026831784  -3.8381595558 
.6750 -4.0585114678  -4.0028085886  -3.8384958976 
.6755 -4.0581802335  -4.0029320783  -3.8388321615 
.6760 -4.0578474213  -4.0030536540  -3.8391683420 
.6765 -4.0575130393  -4.0031733219  -3.8395044334 
.6770 -4.0571763975  -4.0032905657  -3.8398399480 
.6775 -4.0568388974  -4.0034064348  -3.8401758445 
.6780 -4.0564998516  -4.0035204151  -3.8405116350 
.6785 -4.0561585626  -4.0036319838  -3.8408468324 
.6790 -4.0558157390  -4.0037416719  -3.8411819128 
.6795 -4.0554720998  -4.0038500191  -3.8415173522 
.6800 -4.0551262340  -4.0039559671  -3.8418521820 
.6805 -4.0547788580  -4.0040600535  -3.8421868782 
.6810 -4.0544299801  -4.0041622844  -3.8425214351 
.6815 -4.0540796084  -4.0042626662  -3.8428558472 
.6820 -4.0537277511  -4.0043612050  -3.8431901089 
.6825 -4.0533744164  -4.0044579073  -3.8435242147 
.6830 -4.0530196126  -4.0045527792  -3.8438581590 
.6835 -4.0526626163  -4.0046452764  -3.8441914554 
.6840 -4.0523048965  -4.0047365041  -3.8445250600 
.6845 -4.0519449956  -4.0048253653  -3.8448580058 
.6850 -4.0515843929  -4.0049129738  -3.8451912485 
.6855 -4.0512216206  -4.0049982240  -3.8455238213 
.6860 -4.0508574238  -4.0050816768  -3.8458561994 
.6865 -4.0504918108  -4.0051633387  -3.8461883771 
.6870 -4.0501247901  -4.0052432156  -3.8465203488 
.6875 -4.0497563701  -4.0053213139  -3.8468521090 
.6880 -4.0493858041  -4.0053970698  -3.8471831719 
.6885 -4.0490146082  -4.0054716273  -3.8475144924 
.6890 -4.0486412780  -4.0055438504  -3.8478451043 
.6895 -4.0482673399  -4.0056148917  -3.8481759628 
.6900 -4.0478912795  -4.0056836067  -3.8485061015 
.6905 -4.0475138654  -4.0057505758  -3.8488359953 
.6910 -4.0471351062  -4.0058158052  -3.8491656385 
.6915 -4.0467550105  -4.0058793010  -3.8494950254 
.6920 -4.0463735870  -4.0059410695  -3.8498241506 
.6925 -4.0459900658  -4.0060005272  -3.8501525281 
.6930 -4.0456060098  -4.0060588571  -3.8504811127 
.6935 -4.0452198683  -4.0061148842  -3.8508089384 
.6940 -4.0448324284  -4.0061692041  -3.8511364798 
.6945 -4.0444436988  -4.0062218230  -3.8514637312 
.6950 -4.0440536884  -4.0062727468  -3.8517906869 
.6955 -4.0436624058  -4.0063219818  -3.8521173413 
.6960 -4.0432698599  -4.0063695341  -3.8524436887 
.6965 -4.0428752605  -4.0064148028  -3.8527692431 
.6970 -4.0424802119  -4.0064590057  -3.8530949595 
.6975 -4.0420831225  -4.0065009328  -3.8534198714 
.6980 -4.0416848002  -4.0065411972  -3.8537444535 
.6985 -4.0412852539  -4.0065798050  -3.8540687000 
.6990 -4.0408844927  -4.0066167621  -3.8543926054 
.6995 -4.0404817110  -4.0066514546  -3.8547156829 
.7000 -4.0400785445  -4.0066851265  -3.8550388885 
.7005 -4.0396733705  -4.0067165416  -3.8553612547 
.7010 -4.0392670127  -4.0067463259  -3.8556832564 
.7015 -4.0388594804  -4.0067744854  -3.8560048881 
.7020 -4.0384507826  -4.0068010263  -3.8563261439 
.7025 -4.0380400988  -4.0068253213  -3.8566465365 
.7030 -4.0376290955  -4.0068486406  -3.8569670231 
.7035 -4.0372161195  -4.0068697218  -3.8572866346 
.7040 -4.0368020102  -4.0068892039  -3.8576058467 
.7045 -4.0363867770  -4.0069070930  -3.8579246537 
.7050 -4.0359704294  -4.0069233950  -3.8582430496 
.7055 -4.0355529768  -4.0069381160  -3.8585610287 
.7060 -4.0351335808  -4.0069506135  -3.8588781025 
.7065 -4.0347130937  -4.0069615375  -3.8591947474 
.7070 -4.0342915253  -4.0069708940  -3.8595109574 
.7075 -4.0338688852  -4.0069786889  -3.8598267266 
.7080 -4.0334451831  -4.0069849282  -3.8601420492 
.7085 -4.0330204288  -4.0069896180  -3.8604569191 
.7090 -4.0325937687  -4.0069921023  -3.8607708467 
.7095 -4.0321660709  -4.0069930445  -3.8610843094 
.7100 -4.0317373454  -4.0069924505  -3.8613973012 
.7105 -4.0313076022  -4.0069903262  -3.8617098160 
.7110 -4.0308759775  -4.0069860070  -3.8620213632 
.7115 -4.0304442263  -4.0069808377  -3.8623329058 
.7120 -4.0300106088  -4.0069734810  -3.8626434682 
.7125 -4.0295760088  -4.0069646132  -3.8629535290 
.7130 -4.0291395528  -4.0069535609  -3.8632625965 
.7135 -4.0287030162  -4.0069416865  -3.8635716353 
.7140 -4.0282646392  -4.0069276350  -3.8638796681 
.7145 -4.0278262076  -4.0069127777  -3.8641876604 
.7150 -4.0273850572  -4.0068950623  -3.8644941472 
.7155 -4.0269438733  -4.0068765528  -3.8648005812 
.7160 -4.0265017750  -4.0068565691  -3.8651064697 
.7165 -4.0260578712  -4.0068344221  -3.8654113191 
.7170 -4.0256130693  -4.0068108081  -3.8657156100 
.7175 -4.0251673803  -4.0067857330  -3.8660193359 
.7180 -4.0247208150  -4.0067592027  -3.8663224907 
.7185 -4.0242724726  -4.0067305192  -3.8666245790 
.7190 -4.0238232709  -4.0067003876  -3.8669260827 
.7195 -4.0233732211  -4.0066688138  -3.8672269953 
.7200 -4.0229223344  -4.0066358037  -3.8675273103 
.7205 -4.0224697003  -4.0066006503  -3.8678265310 
.7210 -4.0220171712  -4.0065647828  -3.8681256310 
.7215 -4.0215629126  -4.0065267792  -3.8684236228 
.7220 -4.0211078577  -4.0064873580  -3.8687209902 
.7225 -4.0206510865  -4.0064458034  -3.8690172346 
.7230 -4.0201944718  -4.0064035624  -3.8693133325 
.7235 -4.0197361593  -4.0063591951  -3.8696082934 
.7240 -4.0192770927  -4.0063134289  -3.8699026021 
.7245 -4.0188163424  -4.0062655390  -3.8701957585 
.7250 -4.0183558014  -4.0062169905  -3.8704887422 
.7255 -4.0178935961  -4.0061663253  -3.8707805588 
.7260 -4.0174306804  -4.0061142799  -3.8710716951 
.7265 -4.0169670669  -4.0060608602  -3.8713621439 
.7270 -4.0165018140  -4.0060053300  -3.8716514026 
.7275 -4.0160358835  -4.0059484324  -3.8719399587 
.7280 -4.0155692882  -4.0058901732  -3.8722278053 
.7285 -4.0151020410  -4.0058305583  -3.8725149351 
.7290 -4.0146331909  -4.0057688423  -3.8728008431 
.7295 -4.0141637102  -4.0057057776  -3.8730860187 
.7300 -4.0136936121  -4.0056413698  -3.8733704547 
.7305 -4.0132229100  -4.0055756247  -3.8736541435 
.7310 -4.0127506437  -4.0055077879  -3.8739365778 
.7315 -4.0122787718  -4.0054393833  -3.8742187495 
.7320 -4.0118043799  -4.0053681292  -3.8744991492 
.7325 -4.0113304100  -4.0052963187  -3.8747792709 
.7330 -4.0108549169  -4.0052224259  -3.8750581041 
.7335 -4.0103788933  -4.0051472211  -3.8753361421 
.7340 -4.0099023536  -4.0050707101  -3.8756133768 
.7345 -4.0094253122  -4.0049928987  -3.8758898004 
.7350 -4.0089467911  -4.0049130141  -3.8761649001 
.7355 -4.0084677931  -4.0048318360  -3.8764391711 
.7360 -4.0079883333  -4.0047493700  -3.8767126054 
.7365 -4.0075074268  -4.0046648366  -3.8769846877 
.7370 -4.0070260844  -4.0045790223  -3.8772559151 
.7375 -4.0065443214  -4.0044919326  -3.8775262791 
.7380 -4.0060621537  -4.0044035733  -3.8777957711 
.7385 -4.0055785877  -4.0043131558  -3.8780638728 
.7390 -4.0050946443  -4.0042214755  -3.8783310836 
.7395 -4.0046103397  -4.0041285382  -3.8785973945 
.7400 -4.0041256904  -4.0040343494  -3.8788627966 
.7405 -4.0039381115  -4.0036396946  -3.8791267680 
.7410 -4.0038406290  -4.0031533831  -3.8793898107 
.7415 -4.0037410995  -4.0026657500  -3.8796514010 
.7420 -4.0036411426  -4.0021788563  -3.8799125571 
.7425 -4.0035391455  -4.0016906713  -3.8801722400 
.7430 -4.0034351070  -4.0012012061  -3.8804304376 
.7435 -4.0033306605  -4.0007125360  -3.8806881725 
.7440 -4.0032241792  -4.0002226175  -3.8809444004 
.7445 -4.0031164841  -3.9997324989  -3.8811996278 
.7450 -4.0030067563  -3.9992411603  -3.8814533241 
.7455 -4.0028966479  -3.9987506958  -3.8817065184 
.7460 -4.0027845138  -3.9982590453  -3.8819581587 
.7465 -4.0026703525  -3.9977662219  -3.8822082314 
.7470 -4.0025549964  -3.9972732862  -3.8824572465 
.7475 -4.0024384512  -3.9967802584  -3.8827051929 
.7480 -4.0023207225  -3.9962871589  -3.8829520593 
.7485 -4.0022018161  -3.9957940084  -3.8831978341 
.7490 -4.0020808947  -3.9952997724  -3.8834419776 
.7495 -4.0019579571  -3.9948044659  -3.8836844749 
.7500 -4.0018346969  -3.9943102240  -3.8839263707 
.7505 -4.0017094272  -3.9938149513  -3.8841665936 
.7510 -4.0015829989  -3.9933197279  -3.8844056601 
.7515 -4.0014545630  -3.9928235105  -3.8846430241 
.7520 -4.0013258320  -3.9923284521  -3.8848797380 
.7525 -4.0011942409  -3.9918313725  -3.8851141853 
.7530 -4.0010623661  -3.9913354991  -3.8853479557 
.7535 -4.0009284925  -3.9908387145  -3.8855799631 
.7540 -4.0007934849  -3.9903421133  -3.8858107292 
.7545 -4.0006573491  -3.9898457205  -3.8860402395 
.7550 -4.0005192198  -3.9893484820  -3.8862679381 
.7555 -4.0003799689  -3.9888514994  -3.8864943490 
.7560 -4.0002387264  -3.9883537158  -3.8867189132 
.7565 -4.0000972471  -3.9878573226  -3.8869427019 
.7570 -3.9999537829  -3.9873601789  -3.8871646099 
.7575 -3.9998083325  -3.9868623068  -3.8873846174 
.7580 -3.9996617795  -3.9863648197  -3.8876032530 
.7585 -3.9995141297  -3.9858677464  -3.8878205001 
.7590 -3.9993653887  -3.9853711161  -3.8880363415 
.7595 -3.9992146701  -3.9848738629  -3.8882502062 
.7600 -3.9990628671  -3.9843771093  -3.8884626271 
.7605 -3.9989090884  -3.9838797873  -3.8886730294 
.7610 -3.9987551311  -3.9833841243  -3.8888825061 
.7615 -3.9985992048  -3.9828879531  -3.8890899237 
.7620 -3.9984413082  -3.9823913015  -3.8892952580 
.7625 -3.9982823461  -3.9818953031  -3.8894990473 
.7630 -3.9981223243  -3.9813999918  -3.8897012713 
.7635 -3.9979603374  -3.9809042940  -3.8899013432 
.7640 -3.9977982110  -3.9804104594  -3.8901003723 
.7645 -3.9976332102  -3.9799151953  -3.8902966337 
.7650 -3.9974680814  -3.9794218667  -3.8904918086 
.7655 -3.9973009961  -3.9789282876  -3.8906847335 
.7660 -3.9971328760  -3.9784356068  -3.8908759549 
.7665 -3.9969628012  -3.9779427466  -3.8910648725 
.7670 -3.9967916983  -3.9774508601  -3.8912520350 
.7675 -3.9966186428  -3.9769588689  -3.8914368374 
.7680 -3.9964454984  -3.9764690500  -3.8916204130 
.7685 -3.9962704081  -3.9759792066  -3.8918015735 
.7690 -3.9960933705  -3.9754893778  -3.8919802864 
.7695 -3.9959153238  -3.9750007271  -3.8921571069 
.7700 -3.9957362740  -3.9745132988  -3.8923320074 
.7705 -3.9955562267  -3.9740271379  -3.8925049594 
.7710 -3.9953742408  -3.9735411644  -3.8926753395 
.7715 -3.9951903147  -3.9730554225  -3.8928431117 
.7720 -3.9950063509  -3.9725722129  -3.8930094371 
.7725 -3.9948204536  -3.9720893300  -3.8931730889 
.7730 -3.9946326216  -3.9716068212  -3.8933340286 
.7735 -3.9944438124  -3.9711258649  -3.8934928229 
.7740 -3.9942540320  -3.9706465131  -3.8936494388 
.7745 -3.9940632861  -3.9701688183  -3.8938038426 
.7750 -3.9938706141  -3.9696917029  -3.8939553863 
.7755 -3.9936760147  -3.9692152200  -3.8941040272 
.7760 -3.9934814288  -3.9687416892  -3.8942509589 
.7765 -3.9932849224  -3.9682689030  -3.8943949100 
.7770 -3.9930864938  -3.9677969184  -3.8945358350 
.7775 -3.9928871203  -3.9673269270  -3.8946743141 
.7780 -3.9926868077  -3.9668589892  -3.8948103085 
.7785 -3.9924845784  -3.9663920327  -3.8949431458 
.7790 -3.9922814170  -3.9659272535  -3.8950734122 
.7795 -3.9920773292  -3.9654647150  -3.8952010663 
.7800 -3.9918713304  -3.9650033486  -3.8953254247 
.7805 -3.9916644121  -3.9645443538  -3.8954470798 
.7810 -3.9914555847  -3.9640866647  -3.8955653403 
.7815 -3.9912458449  -3.9636314829  -3.8956808032 
.7820 -3.9910351987  -3.9631788777  -3.8957934231 
.7825 -3.9908226489  -3.9627277879  -3.8959024970 
.7830 -3.9906091996  -3.9622794175  -3.8960086288 
.7835 -3.9903948568  -3.9618338392  -3.8961117714 
.7840 -3.9901786161  -3.9613899971  -3.8962112090 
.7845 -3.9899604761  -3.9609479680  -3.8963068824 
.7850 -3.9897424660  -3.9605100866  -3.8964000816 
.7855 -3.9895215459  -3.9600730458  -3.8964887314 
.7860 -3.9893007677  -3.9596403075  -3.8965748069 
.7865 -3.9890780995  -3.9592096977  -3.8966568956 
.7870 -3.9888545651  -3.9587824232  -3.8967356251 
.7875 -3.9886291428  -3.9583574425  -3.8968102492 
.7880 -3.9884028615  -3.9579359620  -3.8968814024 
.7885 -3.9881746946  -3.9575169447  -3.8969483297 
.7890 -3.9879456758  -3.9571015959  -3.8970116730 
.7895 -3.9877158113  -3.9566899993  -3.8970713797 
.7900 -3.9874840671  -3.9562811250  -3.8971266815 
.7905 -3.9872504418  -3.9558750635  -3.8971775124 
.7910 -3.9870170243  -3.9554741258  -3.8972252563 
.7915 -3.9867817331  -3.9550761754  -3.8972684156 
.7920 -3.9865445669  -3.9546813045  -3.8973069247 
.7925 -3.9863065769  -3.9542907089  -3.8973414570 
.7930 -3.9860677694  -3.9539044746  -3.8973719617 
.7935 -3.9858270929  -3.9535215889  -3.8973976401 
.7940 -3.9855856063  -3.9531432406  -3.8974191820 
0.7945 -3.9853422533  -3.9527684220  -3.8974357802 
.7995 -3.9828449548  -3.9492727527  -3.8973460856 
.8045 -3.9802238429  -3.9462808429  -3.8967577566 
.8095 -3.9774809947  -3.9438503099  -3.8956585749 
.8145 -3.9746197721  -3.9420019051  -3.8940849423 
.8195 -3.9716414444  -3.9407111312  -3.8921256435 
.8245 -3.9685486583  -3.9399195083  -3.8899166001 
.8295 -3.9653469157  -3.9395523191  -3.8876238083 
.8345 -3.9620361184  -3.9395301088  -3.8854153364 
.8395 -3.9586243463  -3.9397885818  -3.8834561497 
.8445 -3.9551144389  -3.9402750143  -3.8818833733 
.8495 -3.9515145351  -3.9409550174  -3.8808052666 
.8545 -3.9478336397  -3.9418083787  -3.8802898595 
.8595 -3.9440852697  -3.9428286462  -3.8803622832 
.8645 -3.9440193516  -3.9402848975  -3.8810005662 
.8695 -3.9453942011  -3.9364564780  -3.8821406876 
.8745 -3.9469755379  -3.9326379093  -3.8836841051 
.8795 -3.9487884459  -3.9288788367  -3.8855056386 
.8845 -3.9508625922  -3.9252630807  -3.8874735607 
.8895 -3.9532225960  -3.9219061611  -3.8894566219 
.8945 -3.9558897351  -3.9189829668  -3.8913421518 
.8995 -3.9588734812  -3.9167020752  -3.8930373712 
.9045 -3.9621718054  -3.9152475624  -3.8944760234 
.9095 -3.9657697198  -3.9146692953  -3.8956160426 
.9145 -3.9696414601  -3.9148466545  -3.8964367903 
.9195 -3.9737537338  -3.9155699315  -3.8969349719 
.9245 -3.9780689847  -3.9166382306  -3.8971188241 
.9295 -3.9825484631  -3.9178987791  -3.8970008057 
.9345 -3.9871552445  -3.9192509258  -3.8966009261 
.9395 -3.9918550161  -3.9206264879  -3.8959365506 
.9445 -3.9966171896  -3.9219817082  -3.8950262323 
.9495 -4.0014149948  -3.9232869060  -3.8938861457 
.9545 -4.0062253743  -3.9245218260  -3.8925306766 
.9595 -4.0110285213  -3.9256737099  -3.8909746916 
.9645 -4.0158076974  -3.9267325703  -3.8892292691 
.9695 -4.0205487688  -3.9276911851  -3.8873039515 
.9745 -4.0252398211  -3.9285442433  -3.8852069543 
.9795 -4.0298706439  -3.9292892866  -3.8829479710 
.9845 -4.0344327731  -3.9299234268  -3.8805333829 
.9895 -4.0389191693  -3.9304436904  -3.8779674483 
.9945 -4.0433235790  -3.9308507916  -3.8752593147 
.9995 -4.0476410403  -3.9311427420  -3.8724123508 
1.0045 -4.0518673021  -3.9313186128  -3.8694309657 
1.0095 -4.0559985801  -3.9313803207  -3.8663239478 
1.0145 -4.0600320363  -3.9313257091  -3.8630927936 
1.0195 -4.0639650481  -3.9311562516  -3.8597452246 
1.0245 -4.0677955510  -3.9308717969  -3.8562864266 
1.0295 -4.0715217922  -3.9304732239  -3.8527239272 
1.0345 -4.0751423759  -3.9299605500  -3.8490648004 
1.0395 -4.0786561261  -3.9293358552  -3.8453211679 
1.0445 -4.0820621755  -3.9285982883  -3.8415026396 
1.0495 -4.0853598167  -3.9277501094  -3.8376276424 
1.0545 -4.0885485254  -3.9267904764  -3.8337150008 
1.0595 -4.0916279904  -3.9257229212  -3.8297991283 
1.0645 -4.0945979245  -3.9245455088  -3.8259188249 
1.0695 -4.0974582660  -3.9232607737  -3.8221408024 
1.0745 -4.1002090589  -3.9218702259  -3.8185622150 
1.0795 -4.1028504628  -3.9203754501  -3.8153274023 
1.0845 -4.1053825277  -3.9187755804  -3.8126359343 
1.0895 -4.1078056432  -3.9170734779  -3.8107344200 
1.0945 -4.1101200682  -3.9152695605  -3.8098291599 
1.0995 -4.1123262312  -3.9133655745  -3.8099747487 
1.1045 -4.1144246328  -3.9113633749  -3.8110393460 
1.1095 -4.1164156471  -3.9092635399  -3.8127958198 
1.1145 -4.1183000605  -3.9070695751  -3.8150286599 
1.1195 -4.1200780990  -3.9047809203  -3.8175721907 
1.1245 -4.1217506393  -3.9024015857  -3.8203137175 
1.1295 -4.1233181448  -3.8999330986  -3.8231762369 
1.1345 -4.1247813354  -3.8973791329  -3.8261080762 
1.1395 -4.1261409731  -3.8947445198  -3.8290735307 
1.1445 -4.1273978602  -3.8920361128  -3.8320473010 
1.1495 -4.1285524846  -3.8892629376  -3.8350103877 
1.1545 -4.1296052840  -3.8864418735  -3.8379484532 
1.1595 -4.1305578306  -3.8836136183  -3.8451313139 
1.1645 -4.1314102292  -3.8808653050  -3.8527211018 
1.1695 -4.1321633189  -3.8784774185  -3.8597464669 
1.1745 -4.1328184312  -3.8775547563  -3.8651038398 
1.1795 -4.1333755518  -3.8805524609  -3.8663352334 
1.1845 -4.1338360415  -3.8865193908  -3.8643936058 
1.1895 -4.1342003066  -3.8932925626  -3.8614409539 
1.1945 -4.1344692409  -3.9002350782  -3.8596576335 
1.1995 -4.1346437604  -3.9071741627  -3.8620784843 
1.2045 -4.1347248024  -3.9140486394  -3.8644250804 
1.2095 -4.1347133256  -3.9208319248  -3.8666957231 
1.2145 -4.1346096440  -3.9275109843  -3.8688881897 
1.2195 -4.1344139859  -3.9340787174  -3.8710003834 
1.2245 -4.1341286462  -3.9405303246  -3.8730326719 
1.2295 -4.1337539160  -3.9468634201  -3.8749833041 
1.2345 -4.1332899958  -3.9530765669  -3.8768505916 
1.2395 -4.1327377937  -3.9591687307  -3.8786337415 
1.2445 -4.1320990632  -3.9651391517  -3.8803329487 
1.2495 -4.1313739709  -3.9709877247  -3.8819468156 
1.2545 -4.1305625848  -3.9767144994  -3.8834739580 
1.2595 -4.1296667052  -3.9823194210  -3.8849148754 
1.2645 -4.1286863710  -3.9878028096  -3.8862683203 
1.2695 -4.1276234706  -3.9931648971  -3.8875350132 
1.2745 -4.1264780125  -3.9984061687  -3.8887138247 
1.2795 -4.1252509363  -4.0035270879  -3.8898046428 
1.2845 -4.1239421259  -4.0085281813  -3.8908063614 
1.2895 -4.1225535548  -4.0134100019  -3.8917200261 
1.2945 -4.1210862028  -4.0181731961  -3.8925457359 
1.2995 -4.1195398993  -4.0228183842  -3.8932825054 
1.3045 -4.1179155549  -4.0273462355  -3.8939304779 
1.3095 -4.1162140924  -4.0317574586  -3.8944898553 
1.3145 -4.1144364469  -4.0360527994  -3.8949608962 
1.3195 -4.1125835659  -4.0402330384  -3.8953439147 
1.3245 -4.1106550795  -4.0442987868  -3.8956379805 
1.3295 -4.1086532219  -4.0482510375  -3.8958447485 
1.3345 -4.1065775791  -4.0520904074  -3.8959633268 
1.3395 -4.1044290443  -4.0558177148  -3.8959941362 
1.3445 -4.1022085212  -4.0594338025  -3.8959376423 
1.3495 -4.0999169252  -4.0629395365  -3.8957943541 
1.3545 -4.0975551824  -4.0663358061  -3.8955648224 
1.3595 -4.0951226557  -4.0696231249  -3.8952481137 
1.3645 -4.0926217966  -4.0728027629  -3.8948463156 
1.3695 -4.0900519169  -4.0758752147  -3.8943585021 
1.3745 -4.0874138773  -4.0788413605  -3.8937852731 
1.3795 -4.0847102703  -4.0817026156  -3.8931289270 
1.3845 -4.0844588886  -4.0819385702  -3.8923868364 
1.3895 -4.0871121781  -4.0791031494  -3.8915630656 
1.3945 -4.0896622996  -4.0762013526  -3.8906549055 
1.3995 -4.0921107640  -4.0732358502  -3.8896648156 
1.4045 -4.0944578693  -4.0702056514  -3.8885917343 
1.4095 -4.0967052189  -4.0671135224  -3.8874382504 
1.4145 -4.0988530723  -4.0639584141  -3.8862032804 
1.4195 -4.1009023468  -4.0607411599  -3.8848875765 
1.4245 -4.1028547853  -4.0574646725  -3.8834939184 
1.4295 -4.1047097360  -4.0541257028  -3.8820191371 
1.4345 -4.1064689307  -4.0507271416  -3.8804660186 
1.4395 -4.1081333330  -4.0472698587  -3.8788354061 
1.4445 -4.1097039180  -4.0437547331  -3.8771281641 
1.4495 -4.1111806807  -4.0401803784  -3.8753429719 
1.4545 -4.1125655359  -4.0365498836  -3.8734828581 
1.4595 -4.1138584260  -4.0328617969  -3.8715464570 
1.4645 -4.1150613583  -4.0291193078  -3.8695369174 
1.4695 -4.1161730814  -4.0253184549  -3.8674504510 
1.4745 -4.1171967593  -4.0214648874  -3.8652926151 
1.4795 -4.1181322225  -4.0175570185  -3.8630619441 
1.4845 -4.1189804113  -4.0135956704  -3.8607593202 
1.4895 -4.1197409813  -4.0095790572  -3.8583830917 
1.4945 -4.1204161036  -4.0055105453  -3.8559366311 
1.4995 -4.1210067418  -4.0013909806  -3.8534208643 
1.5045 -4.1215124563  -3.9972184686  -3.8508340480 
1.5095 -4.1219355579  -3.9929965311  -3.8481797291 
1.5145 -4.1222770337  -3.9887260382  -3.8454588750 
1.5195 -4.1225348116  -3.9844021009  -3.8426668240 
1.5245 -4.1227127963  -3.9800311919  -3.8398100265 
1.5295 -4.1228103803  -3.9756112300  -3.8368865733 
1.5345 -4.1228284546  -3.9711429797  -3.8338973413 
1.5395 -4.1227679162  -3.9666272125  -3.8308432179 
1.5445 -4.1226296680  -3.9620647072  -3.8277251014 
1.5495 -4.1224146188  -3.9574562495  -3.8245439006 
1.5545 -4.1221218545  -3.9527994239  -3.8212973808 
1.5595 -4.1217559103  -3.9481014005  -3.8179927302 
1.5645 -4.1213120948  -3.9433532179  -3.8146212795 
1.5695 -4.1207969570  -3.9385654586  -3.8111935850 
1.5745 -4.1202075575  -3.9337322880  -3.8077040517 
1.5795 -4.1195447059  -3.9288543897  -3.8041534976 
1.5845 -4.1188092160  -3.9239324531  -3.8005427486 
1.5895 -4.1180040456  -3.9189707200  -3.7968761407 
1.5945 -4.1171279682  -3.9139664441  -3.7931511151 
1.5995 -4.1161818112  -3.9089203336  -3.7893685219 
1.6045 -4.1151664063  -3.9038331030  -3.7855292186 
1.6095 -4.1140849132  -3.8987092173  -3.7816377791 
1.6145 -4.1129335710  -3.8935419644  -3.7776877117 
1.6195 -4.1117155016  -3.8883357718  -3.7736835533 
1.6245 -4.1104290888  -3.8830874826  -3.7696223257 
1.6295 -4.1090800687  -3.8778055832  -3.7655126033 
1.6345 -4.1076643202  -3.8724829822  -3.7613475034 
1.6395 -4.1061851699  -3.8671243328  -3.7571318015 
1.6445 -4.1046408258  -3.8617262977  -3.7528623344 
1.6495 -4.1030347184  -3.8562936444  -3.7485439987 
1.6545 -4.1013649659  -3.8508229437  -3.7441735364 
1.6595 -4.0996351038  -3.8453190785  -3.7397559667 
1.6645 -4.0978431597  -3.8397785269  -3.7352879360 
1.6695 -4.0959898707  -3.8342019254  -3.7307702323 
1.6745 -4.0940759770  -3.8285899154  -3.7262036496 
1.6795 -4.0921052268  -3.8229476127  -3.7215934566 
1.6845 -4.0900724065  -3.8172667850  -3.7169315833 
1.6895 -4.0879843274  -3.8115570815  -3.7122278375 
1.6945 -4.0858387373  -3.8058146966  -3.7074785779 
1.6995 -4.0836331827  -3.8000356152  -3.7026799453 
1.7045 -4.0813747913  -3.7942298253  -3.6978421194 
1.7095 -4.0790578536  -3.7883885838  -3.6929565152 
1.7145 -4.0766863448  -3.7825172596  -3.6880287086 
1.7195 -4.0742610338  -3.7766165430  -3.6830596084 
1.7245 -4.0717792204  -3.7706821722  -3.6780451803 
1.7295 -4.0692450457  -3.7647196960  -3.6729913097 
1.7345 -4.0666592878  -3.7587298213  -3.6678991349 
1.7395 -4.0640190957  -3.7527081366  -3.6627648722 
1.7445 -4.0613287790  -3.7466603732  -3.6575954795 
1.7495 -4.0585853847  -3.7405820189  -3.6523890488 
1.7545 -4.0557933358  -3.7344789284  -3.6471593162 
1.7595 -4.0529495767  -3.7283464886  -3.6419414611 
1.7645 -4.0500547400  -3.7221852726  -3.6373640439 
1.7695 -4.0471094607  -3.7159958591  -3.6347391575 
1.7745 -4.0441183914  -3.7097843538  -3.6323558297 
1.7795 -4.0410782674  -3.7035459424  -3.6299486498 
1.7845 -4.0379897309  -3.6972812245  -3.6274955022 
1.7895 -4.0348534266  -3.6909908076  -3.6249917066 
1.7945 -4.0316700012  -3.6846753085  -3.6224360500 
1.7995 -4.0284401040  -3.6783353543  -3.6198283792 
1.8045 -4.0251643869  -3.6719715847  -3.6171689500 
1.8095 -4.0218435038  -3.6655846546  -3.6144581982 
1.8145 -4.0184736422  -3.6591692546  -3.6116926680 
1.8195 -4.0150643418  -3.6527379921  -3.6088808080 
1.8245 -4.0116118527  -3.6462856747  -3.6060192556 
1.8295 -4.0081121958  -3.6398069231  -3.6031044048 
1.8345 -4.0045705642  -3.6333086282  -3.6001407702 
1.8395 -4.0009828661  -3.6267854682  -3.5971244891 
1.8445 -3.9973544156  -3.6202447289  -3.5940599353 
1.8495 -3.9936858864  -3.6136878303  -3.5909470571 
1.8545 -3.9899730161  -3.6071102838  -3.5877808391 
1.8595 -3.9862213030  -3.6005214826  -3.5845639203 
1.8645 -3.9824314283  -3.5939269810  -3.5812921380 
1.8695 -3.9785989574  -3.5873324681  -3.5779499680 
1.8745 -3.9747243959  -3.5807735591  -3.5745028457 
1.8795 -3.9708082508  -3.5744051334  -3.5707969465 
1.8845 -3.9668563317  -3.5690051533  -3.5660669568 
1.8895 -3.9628693324  -3.5649759376  -3.5599119790 
1.8945 -3.9588371024  -3.5613010864  -3.5533261820 
1.8995 -3.9547709423  -3.5576796850  -3.5466350914 
1.9045 -3.9506660064  -3.5540471748  -3.5398926328 
1.9095 -3.9465228129  -3.5503866310  -3.5331168108 
1.9145 -3.9423475540  -3.5466969694  -3.5263221060 
1.9195 -3.9381294699  -3.5429654131  -3.5194978786 
1.9245 -3.9338804917  -3.5392011940  -3.5126607352 
1.9295 -3.9295896127  -3.5353935099  -3.5057975811 
1.9345 -3.9252690192  -3.5315529010  -3.4989242098 
1.9395 -3.9209074558  -3.5276689062  -3.4920267024 
1.9445 -3.9165173664  -3.5237526360  -3.4851207801 
1.9495 -3.9120933606  -3.5197991348  -3.4781997047 
1.9545 -3.9076297948  -3.5158032564  -3.4712564361 
1.9595 -3.9031332579  -3.5117709745  -3.4642991631 
1.9645 -3.8986042895  -3.5077028053  -3.4573284855 
1.9695 -3.8940434311  -3.5035992829  -3.4503449885 
1.9745 -3.8894512267  -3.4994609548  -3.4433492464 
1.9795 -3.8848217174  -3.4952824666  -3.4363338141 
1.9845 -3.8801618249  -3.4910701709  -3.4293071377 
1.9895 -3.8754720993  -3.4868246392  -3.4222697750 
1.9945 -3.8707530924  -3.4825464478  -3.4152222812 
1.9995 -3.8659985899  -3.4782300145  -3.4081569393 
2.0045 -3.8612157843  -3.4738819604  -3.4010824418 
2.0095 -3.8563983318  -3.4694965829  -3.3939909391 
2.0145 -3.8515535615  -3.4650806346  -3.3868912504 
2.0195 -3.8466749994  -3.4606282901  -3.3797753943 
2.0245 -3.8417701124  -3.4561464336  -3.3726523177 
2.0295 -3.8368394675  -3.4516356614  -3.3655225677 
2.0345 -3.8318691543  -3.4470833502  -3.3583692380 
2.0395 -3.8268812601  -3.4425097395  -3.3512188563 
2.0445 -3.8218544340  -3.4378954030  -3.3440455907 
2.0495 -3.8168111761  -3.4332609722  -3.3368763616 
2.0545 -3.8117297290  -3.4285866333  -3.3296849392 
2.0595 -3.8066254256  -3.4238864745  -3.3224895814 
2.0645 -3.8014911961  -3.4191541008  -3.3152817055 
2.0695 -3.7963274173  -3.4143899240  -3.3080616510 
2.0745 -3.7911422589  -3.4096014925  -3.3008390133 
2.0795 -3.7859205874  -3.4047750144  -3.2935956796 
2.0845 -3.7806863692  -3.3999325117  -3.2863599592 
2.0895 -3.7754164030  -3.3950527924  -3.2791042084 
2.0945 -3.7701189351  -3.3901434749  -3.2718380818 
2.0995 -3.7648024954  -3.3852124471  -3.2645715026 
2.1045 -3.7594512557  -3.3802452525  -3.2572856712 
2.1095 -3.7540819644  -3.3752573194  -3.2500001709 
2.1145 -3.7486868697  -3.3702415970  -3.2427057257 
2.1195 -3.7432663652  -3.3651985061  -3.2354026532 
2.1245 -3.7378208460  -3.3601284686  -3.2280912687 
2.1295 -3.7323507091  -3.3550319071  -3.2207718846 
2.1345 -3.7268563532  -3.3499092454  -3.2134448110 
2.1395 -3.7213294606  -3.3447528907  -3.2061002062 
2.1445 -3.7157877970  -3.3395792344  -3.1987586037 
2.1495 -3.7102231211  -3.3343807548  -3.1914102269 
2.1545 -3.7046358386  -3.3291578799  -3.1840553762 
2.1595 -3.6990173466  -3.3239027427  -3.1766839181 
2.1645 -3.6933860027  -3.3186322951  -3.1693169410 
2.1695 -3.6877241227  -3.3133303059  -3.1619338036 
2.1745 -3.6820411303  -3.3080055031  -3.1545452292 
2.1795 -3.6763374404  -3.3026583197  -3.1471515076 
2.1845 -3.6706134699  -3.2972891902  -3.1397529270 
2.1895 -3.6648601814  -3.2918898305  -3.1323389107 
2.1945 -3.6590873020  -3.2864692546  -3.1249204621 
2.1995 -3.6532952541  -3.2810279004  -3.1174978651 
2.2045 -3.6474844619  -3.2755662069  -3.1100714027 
2.2095 -3.6416455946  -3.2700756084  -3.1026302001 
2.2145 -3.6357886865  -3.2645654088  -3.0951855486 
2.2195 -3.6299141678  -3.2590360511  -3.0877377295 
2.2245 -3.6240124850  -3.2534787559  -3.0802756430 
2.2295 -3.6180939052  -3.2479030472  -3.0728108018 
2.2345 -3.6121588645  -3.2423093718  -3.0653434870 
2.2395 -3.6061975855  -3.2366887356  -3.0578623738 
2.2445 -3.6002102771  -3.2310413681  -3.0503675174 
2.2495 -3.5942178900  -3.2253866791  -3.0428824916 
2.2545 -3.5881897573  -3.2196963515  -3.0353723018 
2.2595 -3.5821574356  -3.2139996082  -3.0278725133 
2.2645 -3.5761003997  -3.2082775032  -3.0203596637 
2.2695 -3.5700188658  -3.2025302704  -3.0128338107 
2.2745 -3.5639238112  -3.1967681052  -3.0053071587 
2.2795 -3.5578048514  -3.1909814314  -2.9977677769 
2.2845 -3.5516731242  -3.1851805961  -2.9902280294 
2.2895 -3.5455180913  -3.1793558758  -2.9826758331 
2.2945 -3.5393399759  -3.1735075086  -2.9751112522 
2.2995 -3.5331501575  -3.1676460706  -2.9675468941 
2.3045 -3.5269378657  -3.1617616157  -2.9599704454 
2.3095 -3.5207146427  -3.1558648739  -2.9523946781 
2.3145 -3.5144695625  -3.1499457502  -2.9448071252 
2.3195 -3.5082028554  -3.1440044875  -2.9372078628 
2.3245 -3.5019263091  -3.1380520482  -2.9296099135 
2.3295 -3.4956287624  -3.1320781118  -2.9220005778 
2.3345 -3.4893104501  -3.1260829245  -2.9143799408 
2.3395 -3.4829716086  -3.1200667329  -2.9067480904 
2.3445 -3.4766243558  -3.1140408125  -2.8991183890 
2.3495 -3.4702572136  -3.1079945396  -2.8914778246 
2.3545 -3.4638704232  -3.1019281644  -2.8838264954 
2.3595 -3.4574642270  -3.0958419380  -2.8761645028 
2.3645 -3.4510510766  -3.0897474522  -2.8685055560 
2.3695 -3.4446191743  -3.0836337774  -2.8608363270 
2.3745 -3.4381687677  -3.0775011683  -2.8531569285 
2.3795 -3.4317001054  -3.0713498806  -2.8454674770 
2.3845 -3.4252134378  -3.0651801711  -2.8377680928 
2.3895 -3.4187090166  -3.0589922976  -2.8300588995 
2.3945 -3.4121998006  -3.0527983329  -2.8223541370 
2.3995 -3.4056607175  -3.0465749890  -2.8146257983 
2.4045 -3.3991175185  -3.0403462352  -2.8069023290 
2.4095 -3.3925577567  -3.0341005203  -2.7991697571 
2.4145 -3.3859686508  -3.0278259742  -2.7914137703 
2.4195 -3.3793764608  -3.0215470502  -2.7836633424 
2.4245 -3.3727684927  -3.0152519609  -2.7759042555 
2.4295 -3.3661450116  -3.0089409739  -2.7681366654 
2.4345 -3.3595062837  -3.0026143582  -2.7603607318 
2.4395 -3.3528525772  -2.9962723842  -2.7525766186 
2.4445 -3.3461841619  -2.9899153231  -2.7447844934 
2.4495 -3.3395013092  -2.9835434479  -2.7369845281 
2.4545 -3.3328042920  -2.9771570327  -2.7291768983 
2.4595 -3.3260795756  -2.9707434860  -2.7213465364 
2.4645 -3.3193549692  -2.9643287359  -2.7135240313 
2.4695 -3.3126170275  -2.9579002759  -2.7056944124 
2.4745 -3.3058519609  -2.9514452709  -2.6978423554 
2.4795 -3.2990881029  -2.9449901481  -2.6899989971 
2.4845 -3.2922975105  -2.9385088770  -2.6821334150 
2.4895 -3.2855088686  -2.9320282197  -2.6742771135 
2.4945 -3.2786938889  -2.9255218160  -2.6663988171 
2.4995 -3.2718671031  -2.9190032326  -2.6585144316 
2.5045 -3.2650288010  -2.9124727571  -2.6506241711 
2.5095 -3.2581645910  -2.9059169785  -2.6427121025 
2.5145 -3.2513040442  -2.8993635028  -2.6348106575 
2.5195 -3.2444180007  -2.8927851372  -2.6268876672 
2.5245 -3.2375214401  -2.8861958745  -2.6189595110 
2.5295 -3.2306146604  -2.8795960094  -2.6110264209 
2.5345 -3.2236979618  -2.8729858377  -2.6030886326 
2.5395 -3.2167716462  -2.8663656571  -2.5951463856 
2.5445 -3.2098207108  -2.8597214715  -2.5871831247 
2.5495 -3.2028605880  -2.8530677052  -2.5792157080 
2.5545 -3.1958915848  -2.8464046599  -2.5712443849 
2.5595 -3.1888984330  -2.8397180857  -2.5632523293 
2.5645 -3.1818968392  -2.8330226679  -2.5552566889 
2.5695 -3.1748871154  -2.8263187128  -2.5472577232 
2.5745 -3.1678695756  -2.8196065280  -2.5392556952 
2.5795 -3.1608285953  -2.8128715224  -2.5312334140 
2.5845 -3.1537802499  -2.8061287330  -2.5232084168 
2.5895 -3.1467248585  -2.7993784719  -2.5151809761 
2.5945 -3.1396465272  -2.7926058902  -2.5071336248 
2.5995 -3.1325616102  -2.7858262905  -2.4990841941 
2.6045 -3.1254704317  -2.7790399895  -2.4910329662 
2.6095 -3.1183568267  -2.7722318785  -2.4829621951 
2.6145 -3.1112374298  -2.7654175279  -2.4748900082 
2.6195 -3.1040958939  -2.7585816546  -2.4667984722 
2.6245 -3.0969490415  -2.7517400084  -2.4587059126 
2.6295 -3.0897972060  -2.7448929135  -2.4506126269 
2.6345 -3.0826237656  -2.7380248243  -2.4425003993 
2.6395 -3.0754458272  -2.7311517613  -2.4343878548 
2.6445 -3.0682637291  -2.7242740536  -2.4262752994 
2.6495 -3.0610605739  -2.7173758915  -2.4181442332 
2.6545 -3.0538364216  -2.7104573372  -2.4099946739 
2.6595 -3.0466087597  -2.7035347749  -2.4018456477 
2.6645 -3.0393779338  -2.6966085399  -2.3936974722 
2.6695 -3.0321266751  -2.6896624669  -2.3855312640 
2.6745 -3.0248727595  -2.6827132152  -2.3773663528 
2.6795 -3.0175987315  -2.6757444408  -2.3691836622 
2.6845 -3.0103225601  -2.6687729874  -2.3610027250 
2.6895 -3.0030266021  -2.6617823312  -2.3528042709 
2.6945 -2.9957109266  -2.6547725423  -2.3445883345 
2.6995 -2.9884119833  -2.6477777932  -2.3363945569 
2.7045 -2.9810755625  -2.6407472791  -2.3281638707 
2.7095 -2.9737382129  -2.6337152673  -2.3199360217 
2.7145 -2.9664002979  -2.6266821088  -2.3117113549 
2.7195 -2.9590436068  -2.6196307361  -2.3034700126 
2.7245 -2.9516682160  -2.6125612254  -2.2952120415 
2.7295 -2.9442929731  -2.6054912604  -2.2869578985 
2.7345 -2.9368993809  -2.5984034988  -2.2786874286 
2.7395 -2.9295064846  -2.5913158133  -2.2704212965 
2.7445 -2.9220955950  -2.5842106777  -2.2621391482 
2.7495 -2.9146667942  -2.5770881731  -2.2538410400 
2.7545 -2.9072394255  -2.5699664570  -2.2455479492 
2.7595 -2.8997945096  -2.5628277255  -2.2372392213 
2.7645 -2.8923515896  -2.5556903273  -2.2289360433 
2.7695 -2.8848914924  -2.5485362723  -2.2206175597 
2.7745 -2.8774143061  -2.5413656471  -2.2122838360 
2.7795 -2.8699398746  -2.5341970882  -2.2039563747 
2.7845 -2.8624487321  -2.5270123251  -2.1956140166 
2.7895 -2.8549409701  -2.5198114474  -2.1872568325 
2.7945 -2.8474367353  -2.5126133812  -2.1789066425 
2.7995 -2.8399162675  -2.5053995738  -2.1705419815 
2.8045 -2.8323796616  -2.4981701178  -2.1621629256 
2.8095 -2.8248473691  -2.4909442311  -2.1537916144 
2.8145 -2.8172993332  -2.4837030769  -2.1454062751 
2.8195 -2.8097356528  -2.4764467509  -2.1370069889 
2.8245 -2.8021564273  -2.4691753499  -2.1285938384 
2.8295 -2.7945825172  -2.4619084832  -2.1201893917 
2.8345 -2.7869934676  -2.4546269323  -2.1117714626 
2.8395 -2.7794103448  -2.4473505038  -2.1033628348 
2.8445 -2.7717914292  -2.4400399829  -2.0949183119 
2.8495 -2.7641788544  -2.4327349829  -2.0864834836 
2.8545 -2.7565517644  -2.4254159004  -2.0780357465 
2.8595 -2.7489316393  -2.4181029386  -2.0695983180 
2.8645 -2.7412759468  -2.4107561031  -2.0611251551 
2.8695 -2.7336276442  -2.4034157969  -2.0526627085 
2.8745 -2.7259654711  -2.3960620284  -2.0441879546 
2.8795 -2.7182895402  -2.3886949062  -2.0357009940 
2.8845 -2.7106218534  -2.3813351336  -2.0272255901 
2.8895 -2.7029188531  -2.3739417325  -2.0187146324 
2.8945 -2.6952245355  -2.3665561022  -2.0102156569 
2.8995 -2.6875171301  -2.3591577614  -2.0017051096 
2.9045 -2.6797967553  -2.3517468240  -1.9931830989 
2.9095 -2.6720859401  -2.3443444986  -1.9846739392 
2.9145 -2.6643400914  -2.3369088136  -1.9761294422 
2.9195 -2.6566042547  -2.3294821744  -1.9675982392 
2.9245 -2.6488561441  -2.3220436055  -1.9590562407 
2.9295 -2.6410958842  -2.3145932259  -1.9505035626 
2.9345 -2.6333236003  -2.3071311558  -1.9419403226 
2.9395 -2.6255624603  -2.2996792169  -1.9333915029 
2.9445 -2.6177666157  -2.2921942321  -1.9248076079 
2.9495 -2.6099823838  -2.2847198276  -1.9162385967 
2.9545 -2.6021634941  -2.2772124213  -1.9076345344 
2.9595 -2.5943566913  -2.2697160493  -1.8990458259 
2.9645 -2.5865388545  -2.2622089341  -1.8904475132 
2.9695 -2.5787101173  -2.2546912034  -1.8818397242 
2.9745 -2.5708706147  -2.2471629859  -1.8732225881 
2.9795 -2.5630443775  -2.2396469317  -1.8646219887 
2.9845 -2.5551838603  -2.2320982341  -1.8559866639 
2.9895 -2.5473370991  -2.2245621695  -1.8473683658 
2.9945 -2.5394561203  -2.2169935197  -1.8387153866 
2.9995 -2.5315893935  -2.2094379773  -1.8300799304 
