5 0.22474786951272291 -0.74252 -0.73487 -0.72532 -0.71762
5.25 0.23032811073355966 -0.74045 -0.73140 -0.71993 -0.71048
5.50 0.23578063841929153 -0.73864 -0.72814 -0.71463 -0.70330
5.75 0.24111432303437602 -0.73706 -0.72507 -0.70942 -0.69607
6.00 0.24633708657984518 -0.73570 -0.72217 -0.70430 -0.68879
6.25 0.25145603955751983 -0.73453 -0.71944 -0.69927 -0.68148
6.50 0.25647759350390792 -0.73354 -0.71687 -0.69433 -0.67414
6.75 0.26140755421862366 -0.73272 -0.71444 -0.68946 -0.66676
7.00 0.26625119958804888 -0.73204 -0.71216 -0.68469 -0.65936
7.25 0.27101334500631991 -0.73151 -0.71000 -0.67999 -0.65194
7.50 0.27569839872782342 -0.73111 -0.70796 -0.67537 -0.64450
7.75 0.28031040898329512 -0.73082 -0.70604 -0.67084 -0.63705
8.00 0.28485310431016619 -0.73065 -0.70423 -0.66638 -0.62959
8.25 0.28932992825516618 -0.73057 -0.70253 -0.66200 -0.62213
8.50 0.29374406938062309 -0.73059 -0.70091 -0.65769 -0.61467
8.75 0.29809848732900202 -0.73070 -0.69939 -0.65346 -0.60722
9.00 0.30239593556098865 -0.73089 -0.69796 -0.64931 -0.59978
9.25 0.30663898127202549 -0.73115 -0.69661 -0.64522 -0.59235
9.50 0.31083002290405076 -0.73149 -0.69534 -0.64122 -0.58494
9.75 0.31497130559833353 -0.73189 -0.69415 -0.63728 -0.57755
10.00 0.31906493487798943 -0.73236 -0.69303 -0.63342 -0.57019
10.25 0.32311288880213562 -0.73289 -0.69198 -0.62963 -0.56286
10.50 0.32711702879550453 -0.73348 -0.69099 -0.62591 -0.55557
10.75 0.33107910932596624 -0.73412 -0.69007 -0.62226 -0.54831
11.00 0.33500078657648524 -0.73481 -0.68922 -0.61868 -0.54110
11.25 0.33888362623650670 -0.73556 -0.68842 -0.61517 -0.53393
11.50 0.34272911051981081 -0.73636 -0.68768 -0.61173 -0.52682
11.75 0.34653864450082428 -0.73721 -0.68700 -0.60836 -0.51975
12.00 0.35031356184872481 -0.73811 -0.68638 -0.60506 -0.51275
12.25 0.35405513002798283 -0.73905 -0.68581 -0.60183 -0.50580
12.50 0.35776455502492738 -0.74005 -0.68530 -0.59867 -0.49892
12.75 0.36144298565221100 -0.74108 -0.68484 -0.59557 -0.49211
13.00 0.36509151747647400 -0.74217 -0.68444 -0.59255 -0.48536
13.25 0.36871119640886968 -0.74331 -0.68409 -0.58959 -0.47869
13.50 0.37230302199327187 -0.74449 -0.68379 -0.58669 -0.47210
13.75 0.37586795042281695 -0.74572 -0.68355 -0.58386 -0.46559
14.00 0.37940689731182314 -0.74699 -0.68336 -0.58110 -0.45916
14.25 0.38292074024700901 -0.74832 -0.68323 -0.57840 -0.45282
14.50 0.38641032113921558 -0.74970 -0.68315 -0.57576 -0.44657
14.75 0.38987644839447261 -0.75113 -0.68314 -0.57319 -0.44042
15.00 0.39331989892118169 -0.75261 -0.68320 -0.57068 -0.43437
15.25 0.39674141998838264 -0.75415 -0.68332 -0.56823 -0.42843
15.50 0.40014173094847860 -0.75576 -0.68353 -0.56583 -0.42261
15.75 0.40352152483640419 -0.75742 -0.68384 -0.56350 -0.41693
16.00 0.40688146985598445 -0.75917 -0.68427 -0.56123 -0.41143
16.25 0.41022221076315113 -0.76101 -0.68485 -0.55902 -0.40616
16.50 0.41354437015471773 -0.76297 -0.68564 -0.55689 -0.40122
16.75 0.41684854967056112 -0.76508 -0.68673 -0.55488 -0.39678
17.00 0.42013533111630319 -0.76741 -0.68818 -0.55304 -0.39307
17.25 0.42340527751290741 -0.76995 -0.69003 -0.55143 -0.39025
17.50 0.42665893407900496 -0.77266 -0.69217 -0.55008 -0.38826
17.75 0.42989682915123001 -0.77546 -0.69446 -0.54896 -0.38686
18.00 0.43311947504735931 -0.77823 -0.69678 -0.54801 -0.38576
18.25 0.43632736887662232 -0.78093 -0.69902 -0.54716 -0.38476
18.50 0.43952099330116196 -0.78351 -0.70116 -0.54636 -0.38372
18.75 0.44270081725227745 -0.78595 -0.70316 -0.54558 -0.38256
19.00 0.44586729660476643 -0.78824 -0.70500 -0.54478 -0.38123
19.25 0.44902087481240505 -0.79038 -0.70669 -0.54396 -0.37971
19.50 0.45216198350734593 -0.79236 -0.70821 -0.54310 -0.37800
19.75 0.45529104306598517 -0.79421 -0.70957 -0.54218 -0.37610
20.00 0.45840846314364242 -0.79593 -0.71078 -0.54122 -0.37403
20.25 0.46151464318020630 -0.79753 -0.71184 -0.54020 -0.37182
20.50 0.46460997287872730 -0.79903 -0.71277 -0.53913 -0.36950
20.75 0.46769483265878409 -0.80043 -0.71357 -0.53802 -0.36709
21.00 0.47076959408630886 -0.80175 -0.71424 -0.53686 -0.36464
21.25 0.47383462028142359 -0.80300 -0.71480 -0.53566 -0.36218
21.50 0.47689026630572684 -0.80418 -0.71526 -0.53442 -0.35972
21.75 0.47993687953036013 -0.80531 -0.71561 -0.53316 -0.35731
22.00 0.48297479998608267 -0.80638 -0.71587 -0.53187 -0.35495
22.25 0.48600436069649899 -0.80740 -0.71602 -0.53056 -0.35267
22.50 0.48902588799549546 -0.80836 -0.71608 -0.52924 -0.35048
22.75 0.49203970182987000 -0.80927 -0.71604 -0.52791 -0.34838
23.00 0.49504611604806875 -0.81013 -0.71591 -0.52657 -0.34639
23.25 0.49804543867587991 -0.81092 -0.71568 -0.52524 -0.34451
23.50 0.50103797217987622 -0.81166 -0.71535 -0.52392 -0.34273
23.75 0.50402401371934424 -0.81233 -0.71492 -0.52261 -0.34105
24.00 0.50700385538738835 -0.81294 -0.71440 -0.52132 -0.33948
24.25 0.50997778444185260 -0.81349 -0.71378 -0.52006 -0.33801
24.50 0.51294608352666027 -0.81397 -0.71306 -0.51884 -0.33665
24.75 0.51590903088413309 -0.81439 -0.71226 -0.51766 -0.33538
25.00 0.51886690055881535 -0.81475 -0.71137 -0.51653 -0.33423
25.25 0.52181996259329522 -0.81507 -0.71041 -0.51544 -0.33318
25.50 0.52476848321648584 -0.81536 -0.70938 -0.51440 -0.33226
25.75 0.52771272502479782 -0.81563 -0.70830 -0.51339 -0.33148
26.00 0.53065294715660993 -0.81593 -0.70720 -0.51239 -0.33086
26.25 0.53358940546042311 -0.81628 -0.70608 -0.51137 -0.33042
26.50 0.53652235265705239 -0.81672 -0.70496 -0.51029 -0.33019
26.75 0.53945203849620049 -0.81725 -0.70385 -0.50911 -0.33018
27.00 0.54237870990772830 -0.81790 -0.70273 -0.50780 -0.33039
27.25 0.54530261114792489 -0.81863 -0.70159 -0.50637 -0.33078
27.50 0.54822398394106098 -0.81941 -0.70042 -0.50480 -0.33133
27.75 0.55114306761649301 -0.82021 -0.69917 -0.50314 -0.33201
28.00 0.55406009924157285 -0.82101 -0.69786 -0.50140 -0.33278
28.25 0.55697531375060216 -0.82179 -0.69645 -0.49962 -0.33362
28.50 0.55988894407005929 -0.82252 -0.69495 -0.49782 -0.33452
28.75 0.56280122124031395 -0.82319 -0.69335 -0.49603 -0.33545
29.00 0.56571237453403433 -0.82380 -0.69167 -0.49430 -0.33643
29.25 0.56862263157148163 -0.82435 -0.68991 -0.49265 -0.33744
29.50 0.57153221843287527 -0.82482 -0.68809 -0.49112 -0.33850
29.75 0.57444135976800692 -0.82521 -0.68624 -0.48977 -0.33962
30.00 0.57735027890326807 -0.82554 -0.68441 -0.48865 -0.34081
30.25 0.58025919794625369 -0.82582 -0.68266 -0.48778 -0.34210
30.50 0.58316833788809341 -0.82606 -0.68103 -0.48719 -0.34349
30.75 0.58607791870365555 -0.82630 -0.67959 -0.48685 -0.34500
31.00 0.58898815944976501 -0.82656 -0.67833 -0.48672 -0.34662
31.25 0.59189927836156764 -0.82686 -0.67725 -0.48674 -0.34834
31.50 0.59481149294717062 -0.82719 -0.67634 -0.48687 -0.35013
31.75 0.59772502008068074 -0.82757 -0.67556 -0.48705 -0.35198
32.00 0.60064007609376124 -0.82799 -0.67488 -0.48727 -0.35385
32.25 0.60355687686581816 -0.82844 -0.67430 -0.48750 -0.35575
32.50 0.60647563791293169 -0.82892 -0.67377 -0.48774 -0.35765
32.75 0.60939657447563289 -0.82942 -0.67330 -0.48797 -0.35955
33.00 0.61231990160563299 -0.82993 -0.67288 -0.48820 -0.36143
33.25 0.61524583425160395 -0.83045 -0.67249 -0.48843 -0.36330
33.50 0.61817458734410646 -0.83098 -0.67213 -0.48864 -0.36514
33.75 0.62110637587975959 -0.83152 -0.67179 -0.48884 -0.36696
34.00 0.62404141500474464 -0.83206 -0.67147 -0.48904 -0.36875
34.25 0.62697992009773107 -0.83259 -0.67116 -0.48922 -0.37051
34.50 0.62992210685231265 -0.83313 -0.67087 -0.48940 -0.37224
34.75 0.63286819135903882 -0.83366 -0.67059 -0.48957 -0.37393
35.00 0.63581839018712483 -0.83418 -0.67032 -0.48974 -0.37559
35.25 0.63877292046592293 -0.83470 -0.67006 -0.48989 -0.37721
35.50 0.64173199996623487 -0.83522 -0.66981 -0.49004 -0.37880
35.75 0.64469584718154593 -0.83572 -0.66956 -0.49019 -0.38034
36.00 0.64766468140925815 -0.83621 -0.66932 -0.49033 -0.38185
36.25 0.65063872283200119 -0.83670 -0.66909 -0.49046 -0.38332
36.50 0.65361819259909770 -0.83717 -0.66886 -0.49059 -0.38475
36.75 0.65660331290825846 -0.83764 -0.66863 -0.49072 -0.38614
37.00 0.65959430708758449 -0.83809 -0.66841 -0.49084 -0.38750
37.25 0.66259139967795155 -0.83853 -0.66819 -0.49096 -0.38881
37.50 0.66559481651585173 -0.83896 -0.66798 -0.49107 -0.39008
37.75 0.66860478481676788 -0.83938 -0.66777 -0.49118 -0.39131
38.00 0.67162153325915808 -0.83979 -0.66756 -0.49128 -0.39250
38.25 0.67464529206912238 -0.84018 -0.66736 -0.49139 -0.39366
38.50 0.67767629310583211 -0.84056 -0.66716 -0.49148 -0.39477
38.75 0.68071476994779589 -0.84093 -0.66697 -0.49158 -0.39584
39.00 0.68376095798003989 -0.84128 -0.66678 -0.49167 -0.39686
39.25 0.68681509448228206 -0.84162 -0.66659 -0.49175 -0.39785
39.50 0.68987741871817743 -0.84195 -0.66641 -0.49184 -0.39880
39.75 0.69294817202571524 -0.84226 -0.66623 -0.49192 -0.39971
40.00 0.69602759790885060 -0.84256 -0.66606 -0.49199 -0.40057
40.25 0.69911594213045092 -0.84285 -0.66589 -0.49207 -0.40139
40.50 0.70221345280664171 -0.84312 -0.66573 -0.49214 -0.40218
40.75 0.70532038050263912 -0.84338 -0.66558 -0.49220 -0.40292
41.00 0.70843697833015451 -0.84362 -0.66543 -0.49226 -0.40361
41.25 0.71156350204645979 -0.84385 -0.66529 -0.49232 -0.40427
41.50 0.71470021015520846 -0.84407 -0.66516 -0.49238 -0.40489
41.75 0.71784736400909988 -0.84427 -0.66503 -0.49243 -0.40546
42.00 0.72100522791448773 -0.84445 -0.66491 -0.49248 -0.40599
42.25 0.72417406923802852 -0.84462 -0.66480 -0.49252 -0.40648
42.50 0.72735415851547003 -0.84478 -0.66470 -0.49256 -0.40693
42.75 0.73054576956268569 -0.84492 -0.66461 -0.49260 -0.40733
43.00 0.73374917958905994 -0.84505 -0.66452 -0.49263 -0.40769
43.25 0.73696466931333482 -0.84516 -0.66445 -0.49266 -0.40801
43.50 0.74019252308203054 -0.84526 -0.66438 -0.49268 -0.40829
43.75 0.74343302899055930 -0.84534 -0.66433 -0.49270 -0.40853
44.00 0.74668647900714824 -0.84541 -0.66428 -0.49272 -0.40872
44.25 0.74995316909970178 -0.84546 -0.66425 -0.49273 -0.40887
44.50 0.75323339936572720 -0.84550 -0.66422 -0.49274 -0.40897
44.75 0.75652747416546084 -0.84552 -0.66421 -0.49275 -0.40904
45.00 0.75983570225832975 -0.84553 -0.66420 -0.49275 -0.40906
45.25 0.76315839694289456 -0.84552 -0.66421 -0.49275 -0.40904
45.50 0.76649587620041937 -0.84550 -0.66422 -0.49274 -0.40897
45.75 0.76984846284222430 -0.84546 -0.66425 -0.49273 -0.40887
46.00 0.77321648466098036 -0.84541 -0.66428 -0.49272 -0.40872
46.25 0.77660027458611014 -0.84534 -0.66433 -0.49270 -0.40853
46.50 0.78000017084346973 -0.84526 -0.66438 -0.49268 -0.40829
46.75 0.78341651711948912 -0.84516 -0.66445 -0.49266 -0.40801
47.00 0.78684966272995749 -0.84505 -0.66452 -0.49263 -0.40769
47.25 0.79029996279364645 -0.84492 -0.66461 -0.49260 -0.40733
47.50 0.79376777841097601 -0.84478 -0.66470 -0.49256 -0.40693
47.75 0.79725347684792980 -0.84462 -0.66480 -0.49252 -0.40648
48.00 0.80075743172543956 -0.84445 -0.66491 -0.49248 -0.40599
48.25 0.80428002321446923 -0.84427 -0.66503 -0.49243 -0.40546
48.50 0.80782163823703412 -0.84407 -0.66516 -0.49238 -0.40489
48.75 0.81138267067340353 -0.84385 -0.66529 -0.49232 -0.40427
49.00 0.81496352157574936 -0.84362 -0.66543 -0.49226 -0.40361
49.25 0.81856459938850701 -0.84338 -0.66558 -0.49220 -0.40292
49.50 0.82218632017573356 -0.84312 -0.66573 -0.49214 -0.40218
49.75 0.82582910785575958 -0.84285 -0.66589 -0.49207 -0.40139
50.00 0.82949339444344139 -0.84256 -0.66606 -0.49199 -0.40057
50.25 0.83317962030033754 -0.84226 -0.66623 -0.49192 -0.39971
50.50 0.83688823439314863 -0.84195 -0.66641 -0.49184 -0.39880
50.75 0.84061969456077290 -0.84162 -0.66659 -0.49175 -0.39785
51.00 0.84437446779034697 -0.84128 -0.66677 -0.49167 -0.39686
51.25 0.84815303050266300 -0.84093 -0.66697 -0.49158 -0.39584
51.50 0.85195586884736429 -0.84056 -0.66716 -0.49148 -0.39477
51.75 0.85578347900834917 -0.84018 -0.66736 -0.49139 -0.39366
52.00 0.85963636751982619 -0.83979 -0.66756 -0.49128 -0.39250
52.25 0.86351505159349251 -0.83938 -0.66777 -0.49118 -0.39131
52.50 0.86742005945732381 -0.83896 -0.66798 -0.49107 -0.39008
52.75 0.87135193070649397 -0.83853 -0.66819 -0.49096 -0.38881
53.00 0.87531121666696521 -0.83809 -0.66841 -0.49084 -0.38750
53.25 0.87929848077231665 -0.83764 -0.66863 -0.49072 -0.38614
53.50 0.88331429895441260 -0.83717 -0.66886 -0.49059 -0.38475
53.75 0.88735926004853483 -0.83670 -0.66909 -0.49046 -0.38332
54.00 0.89143396621364279 -0.83621 -0.66932 -0.49033 -0.38185
54.25 0.89553903336845653 -0.83572 -0.66956 -0.49019 -0.38034
54.50 0.89967509164409376 -0.83522 -0.66981 -0.49004 -0.37880
54.75 0.90384278585403033 -0.83470 -0.67006 -0.48989 -0.37721
55.00 0.90804277598219907 -0.83418 -0.67032 -0.48974 -0.37559
55.25 0.91227573769007742 -0.83366 -0.67059 -0.48957 -0.37393
55.50 0.91654236284366797 -0.83313 -0.67087 -0.48940 -0.37224
55.75 0.92084336006132139 -0.83259 -0.67116 -0.48922 -0.37051
56.00 0.92517945528340284 -0.83206 -0.67147 -0.48904 -0.36875
56.25 0.92955139236486140 -0.83152 -0.67179 -0.48884 -0.36696
56.50 0.93395993369181618 -0.83098 -0.67213 -0.48864 -0.36514
56.75 0.93840586082334254 -0.83045 -0.67249 -0.48843 -0.36330
57.00 0.94288997515969897 -0.82993 -0.67288 -0.48820 -0.36143
57.25 0.94741309863831702 -0.82942 -0.67330 -0.48797 -0.35955
57.50 0.95197607445894206 -0.82892 -0.67377 -0.48774 -0.35765
57.75 0.95657976783940157 -0.82844 -0.67430 -0.48750 -0.35575
58.00 0.96122506680355879 -0.82799 -0.67488 -0.48727 -0.35385
58.25 0.96591288300310196 -0.82757 -0.67556 -0.48705 -0.35198
58.50 0.97064415257492132 -0.82719 -0.67634 -0.48687 -0.35013
58.75 0.97541983703592194 -0.82686 -0.67725 -0.48674 -0.34834
59.00 0.98024092421724396 -0.82656 -0.67833 -0.48672 -0.34662
59.25 0.98510842923997155 -0.82630 -0.67959 -0.48685 -0.34500
59.50 0.99002339553454166 -0.82606 -0.68103 -0.48719 -0.34349
59.75 0.99498689590620693 -0.82582 -0.68266 -0.48778 -0.34210
60.00 1.0000000336490449 -0.82554 -0.68441 -0.48865 -0.34081
60.25 1.0050639437111659 -0.82521 -0.68624 -0.48977 -0.33962
60.50 1.0101797939139427 -0.82482 -0.68809 -0.49112 -0.33850
60.75 1.0153487862282633 -0.82435 -0.68991 -0.49265 -0.33744
61.00 1.0205721581109972 -0.82380 -0.69167 -0.49430 -0.33643
61.25 1.0258511839050852 -0.82319 -0.69335 -0.49603 -0.33545
61.50 1.0311871763068714 -0.82252 -0.69495 -0.49782 -0.33452
61.75 1.0365814879045478 -0.82179 -0.69645 -0.49962 -0.33362
62.00 1.0420355127918348 -0.82101 -0.69786 -0.50140 -0.33278
62.25 1.0475506882612993 -0.82021 -0.69917 -0.50314 -0.33201
62.50 1.0531284965820111 -0.81941 -0.70042 -0.50480 -0.33133
62.75 1.0587704668665670 -0.81863 -0.70159 -0.50637 -0.33078
63.00 1.0644781770328475 -0.81790 -0.70273 -0.50780 -0.33039
63.25 1.0702532558662603 -0.81725 -0.70385 -0.50911 -0.33018
63.50 1.0760973851886237 -0.81672 -0.70496 -0.51029 -0.33019
63.75 1.0820123021402799 -0.81628 -0.70608 -0.51137 -0.33042
64.00 1.0879998015825072 -0.81593 -0.70720 -0.51239 -0.33086
64.25 1.0940617386278098 -0.81563 -0.70830 -0.51339 -0.33148
64.50 1.1002000313062268 -0.81536 -0.70938 -0.51440 -0.33226
64.75 1.1064166633763877 -0.81507 -0.71041 -0.51544 -0.33318
65.00 1.1127136872907215 -0.81475 -0.71137 -0.51653 -0.33423
65.25 1.1190932273249123 -0.81439 -0.71226 -0.51766 -0.33538
65.50 1.1255574828824770 -0.81397 -0.71306 -0.51884 -0.33665
65.75 1.1321087319861824 -0.81349 -0.71378 -0.52006 -0.33801
66.00 1.1387493349689228 -0.81294 -0.71440 -0.52132 -0.33948
66.25 1.1454817383776770 -0.81233 -0.71492 -0.52261 -0.34105
66.50 1.1523084791052536 -0.81166 -0.71535 -0.52392 -0.34273
66.75 1.1592321887657087 -0.81092 -0.71568 -0.52524 -0.34451
67.00 1.1662555983306084 -0.81013 -0.71591 -0.52657 -0.34639
67.25 1.1733815430447392 -0.80927 -0.71604 -0.52791 -0.34838
67.50 1.1806129676413906 -0.80836 -0.71608 -0.52924 -0.35048
67.75 1.1879529318790409 -0.80740 -0.71602 -0.53056 -0.35267
68.00 1.1954046164231349 -0.80638 -0.71587 -0.53187 -0.35495
68.25 1.2029713290986654 -0.80531 -0.71561 -0.53316 -0.35731
68.50 1.2106565115415191 -0.80418 -0.71526 -0.53442 -0.35972
68.75 1.2184637462790018 -0.80300 -0.71480 -0.53566 -0.36218
69.00 1.2263967642726714 -0.80175 -0.71424 -0.53686 -0.36464
69.25 1.2344594529595776 -0.80043 -0.71357 -0.53802 -0.36709
69.50 1.2426558648313226 -0.79903 -0.71277 -0.53913 -0.36950
69.75 1.2509902265939778 -0.79753 -0.71184 -0.54020 -0.37182
70.00 1.2594669489559134 -0.79593 -0.71078 -0.54122 -0.37403
70.25 1.2680906370950717 -0.79421 -0.70957 -0.54218 -0.37610
70.50 1.2768661018621295 -0.79236 -0.70821 -0.54310 -0.37800
70.75 1.2857983717814927 -0.79038 -0.70669 -0.54396 -0.37971
71.00 1.2948927059181552 -0.78824 -0.70500 -0.54478 -0.38123
71.25 1.3041546076852373 -0.78595 -0.70316 -0.54558 -0.38256
71.50 1.3135898396745678 -0.78351 -0.70116 -0.54636 -0.38372
71.75 1.3232044396011293 -0.78093 -0.69902 -0.54716 -0.38476
72.00 1.3330047374615932 -0.77823 -0.69678 -0.54801 -0.38576
72.25 1.3429973740177321 -0.77546 -0.69446 -0.54896 -0.38686
72.50 1.3531893207273342 -0.77266 -0.69217 -0.55008 -0.38826
72.75 1.3635879012585173 -0.76995 -0.69003 -0.55143 -0.39025
73.00 1.3742008147382716 -0.76741 -0.68818 -0.55304 -0.39307
73.25 1.3850361609029067 -0.76508 -0.68673 -0.55488 -0.39678
73.50 1.3961024673370386 -0.76297 -0.68564 -0.55689 -0.40122
73.75 1.4074087190092159 -0.76101 -0.68485 -0.55902 -0.40616
74.00 1.4189643903365978 -0.75917 -0.68427 -0.56123 -0.41143
74.25 1.4307794800386300 -0.75742 -0.68384 -0.56350 -0.41693
74.50 1.4428645490710084 -0.75576 -0.68353 -0.56583 -0.42261
74.75 1.4552307619668963 -0.75415 -0.68332 -0.56823 -0.42843
75.00 1.4678899319530556 -0.75261 -0.68320 -0.57068 -0.43437
75.25 1.4808545702551064 -0.75113 -0.68314 -0.57319 -0.44042
75.50 1.4941379400594756 -0.74970 -0.68315 -0.57576 -0.44657
75.75 1.5077541156608558 -0.74832 -0.68323 -0.57840 -0.45282
76.00 1.5217180473945009 -0.74699 -0.68336 -0.58110 -0.45916
76.25 1.5360456330340897 -0.74572 -0.68355 -0.58386 -0.46559
76.50 1.5507537964299845 -0.74449 -0.68379 -0.58669 -0.47210
76.75 1.5658605742718710 -0.74331 -0.68409 -0.58959 -0.47869
77.00 1.5813852119866876 -0.74217 -0.68444 -0.59255 -0.48536
77.25 1.5973482699307082 -0.74108 -0.68484 -0.59557 -0.49211
77.50 1.6137717412076256 -0.74005 -0.68530 -0.59867 -0.49892
77.75 1.6306791826473761 -0.73905 -0.68581 -0.60183 -0.50580
78.00 1.6480958607190197 -0.73811 -0.68638 -0.60506 -0.51275
78.25 1.6660489144325314 -0.73721 -0.68700 -0.60836 -0.51975
78.50 1.6845675376176648 -0.73636 -0.68768 -0.61173 -0.52682
78.75 1.7036831833639368 -0.73556 -0.68842 -0.61517 -0.53393
79.00 1.7234297938777567 -0.73481 -0.68922 -0.61868 -0.54110
79.25 1.7438440595774944 -0.73412 -0.69007 -0.62226 -0.54831
79.50 1.7649657119256603 -0.73348 -0.69099 -0.62591 -0.55557
79.75 1.7868378553155890 -0.73289 -0.69198 -0.62963 -0.56286
80.00 1.8095073443210954 -0.73236 -0.69303 -0.63342 -0.57019
80.25 1.8330252138232914 -0.73189 -0.69415 -0.63728 -0.57755
80.50 1.8574471710024862 -0.73149 -0.69534 -0.64122 -0.58494
80.75 1.8828341599932619 -0.73115 -0.69661 -0.64522 -0.59235
81.00 1.9092530122354845 -0.73088 -0.69796 -0.64931 -0.59978
81.25 1.9367771983277440 -0.73070 -0.69939 -0.65346 -0.60722
81.50 1.9654877006520655 -0.73059 -0.70091 -0.65769 -0.61467
81.75 1.9954740303864316 -0.73057 -0.70253 -0.66200 -0.62213
82.00 2.0268354180156947 -0.73065 -0.70423 -0.66638 -0.62959
82.25 2.0596822134404817 -0.73082 -0.70604 -0.67084 -0.63705
82.50 2.0941375407372735 -0.73111 -0.70796 -0.67537 -0.64450
82.75 2.1303392641794385 -0.73151 -0.71000 -0.67999 -0.65194
83.00 2.1684423371644423 -0.73204 -0.71216 -0.68469 -0.65936
83.25 2.2086216254199424 -0.73271 -0.71444 -0.68946 -0.66676
83.50 2.2510753219802888 -0.73354 -0.71687 -0.69433 -0.67414
83.75 2.2960291063410230 -0.73453 -0.71944 -0.69927 -0.68148
84.00 2.3437412473608381 -0.73570 -0.72217 -0.70430 -0.68879
84.25 2.3945089138952178 -0.73706 -0.72507 -0.70942 -0.69607
84.50 2.4486760461856742 -0.73864 -0.72814 -0.71463 -0.70330
84.75 2.5066432657105051 -0.74045 -0.73140 -0.71993 -0.71048
