5 0.22474786951272291 -4.53523316836
5.25 0.23032811073355966 -4.60821787031
5.50 0.23578063841929153 -4.67411414331
5.75 0.24111432303437602 -4.73369790402
6.00 0.24633708657984518 -4.78762692286
6.25 0.25145603955751983 -4.83646316755
6.50 0.25647759350390792 -4.88069025870
6.75 0.26140755421862366 -4.92072723879
7.00 0.26625119958804888 -4.95693952914
7.25 0.27101334500631991 -4.98964772004
7.50 0.27569839872782342 -5.01913467572
7.75 0.28031040898329512 -5.04565131729
8.00 0.28485310431016619 -5.06942136043
8.25 0.28932992825516618 -5.09064522072
8.50 0.29374406938062309 -5.10950325142
8.75 0.29809848732900202 -5.12615844290
9.00 0.30239593556098865 -5.14075868494
9.25 0.30663898127202549 -5.15343867246
9.50 0.31083002290405076 -5.16432151880
9.75 0.31497130559833353 -5.17352012789
10.00 0.31906493487798943 -5.18113836693
10.25 0.32311288880213562 -5.18727207288
10.50 0.32711702879550453 -5.19200992053
10.75 0.33107910932596624 -5.19543417422
11.00 0.33500078657648524 -5.19762134182
11.25 0.33888362623650670 -5.19864274623
11.50 0.34272911051981081 -5.19856502689
11.75 0.34653864450082428 -5.19745058223
12.00 0.35031356184872481 -5.19535796172
12.25 0.35405513002798283 -5.19234221545
12.50 0.35776455502492738 -5.18845520768
12.75 0.36144298565221100 -5.18374590050
13.00 0.36509151747647400 -5.17826061287
13.25 0.36871119640886968 -5.17204326057
13.50 0.37230302199327187 -5.16513558193
13.75 0.37586795042281695 -5.15757735657
14.00 0.37940689731182314 -5.14940662325
14.25 0.38292074024700901 -5.14065990787
14.50 0.38641032113921558 -5.13137247545
14.75 0.38987644839447261 -5.12157862860
15.00 0.39331989892118169 -5.11131208835
15.25 0.39674141998838264 -5.10060651899
15.50 0.40014173094847860 -5.08949630615
15.75 0.40352152483640419 -5.07801778796
16.00 0.40688146985598445 -5.06621131308
16.25 0.41022221076315113 -5.05412481241
16.50 0.41354437015471773 -5.04182001211
16.75 0.41684854967056112 -5.02938238286
17.00 0.42013533111630319 -5.01693269307
17.25 0.42340527751290741 -5.00462797034
17.50 0.42665893407900496 -4.99263604410
17.75 0.42989682915123001 -4.98109714701
18.00 0.43311947504735931 -4.97010589051
18.25 0.43632736887662232 -4.95971647661
18.50 0.43952099330116196 -4.94995438942
18.75 0.44270081725227745 -4.94082579962
19.00 0.44586729660476643 -4.93232375698
19.25 0.44902087481240505 -4.92443220321
19.50 0.45216198350734593 -4.91712871708
19.75 0.45529104306598517 -4.91038653928
20.00 0.45840846314364242 -4.90417617121
20.25 0.46151464318020630 -4.89846669520
20.50 0.46460997287872730 -4.89322688324
20.75 0.46769483265878409 -4.88842611701
21.00 0.47076959408630886 -4.88403512159
21.25 0.47383462028142359 -4.88002650879
21.50 0.47689026630572684 -4.87637512946
21.75 0.47993687953036013 -4.87305824349
22.00 0.48297479998608267 -4.87005552703
22.25 0.48600436069649899 -4.86734894632
22.50 0.48902588799549546 -4.86492253287
22.75 0.49203970182987000 -4.86276209633
23.00 0.49504611604806875 -4.86085490754
23.25 0.49804543867587991 -4.85918937866
23.50 0.50103797217987622 -4.85775475909
23.75 0.50402401371934424 -4.85654085900
24.00 0.50700385538738835 -4.85553780554
24.25 0.50997778444185260 -4.85473583267
24.50 0.51294608352666027 -4.85412510313
24.75 0.51590903088413309 -4.85369556133
25.00 0.51886690055881535 -4.85343681918
25.25 0.52181996259329522 -4.85333808471
25.50 0.52476848321648584 -4.85338815659
25.75 0.52771272502479782 -4.85357552801
26.00 0.53065294715660993 -4.85388866487
26.25 0.53358940546042311 -4.85431652460
26.50 0.53652235265705239 -4.85484931809
26.75 0.53945203849620049 -4.85547935577
27.00 0.54237870990772830 -4.85620164400
27.25 0.54530261114792489 -4.85701392651
27.50 0.54822398394106098 -4.85791616655
27.75 0.55114306761649301 -4.85890976107
28.00 0.55406009924157285 -4.85999680273
28.25 0.55697531375060216 -4.86117953639
28.50 0.55988894407005929 -4.86245999696
28.75 0.56280122124031395 -4.86383974321
29.00 0.56571237453403433 -4.86531958688
29.25 0.56862263157148163 -4.86689922073
29.50 0.57153221843287527 -4.86857665931
29.75 0.57444135976800692 -4.87034744314
30.00 0.57735027890326807 -4.87220366822
30.25 0.58025919794625369 -4.87413313776
30.50 0.58316833788809341 -4.87611921329
30.75 0.58607791870365555 -4.87814191620
31.00 0.58898815944976501 -4.88018017394
31.25 0.59189927836156764 -4.88221427152
31.50 0.59481149294717062 -4.88422750265
31.75 0.59772502008068074 -4.88620672165
32.00 0.60064007609376124 -4.88814211688
32.25 0.60355687686581816 -4.89002664967
32.50 0.60647563791293169 -4.89185544934
32.75 0.60939657447563289 -4.89362528973
33.00 0.61231990160563299 -4.89533417655
33.25 0.61524583425160395 -4.89698103556
33.50 0.61817458734410646 -4.89856548112
33.75 0.62110637587975959 -4.90008764489
34.00 0.62404141500474464 -4.90154804872
34.25 0.62697992009773107 -4.90294750958
34.50 0.62992210685231265 -4.90428706781
34.75 0.63286819135903882 -4.90556793241
35.00 0.63581839018712483 -4.90679143885
35.25 0.63877292046592293 -4.90795901633
35.50 0.64173199996623487 -4.90907216190
35.75 0.64469584718154593 -4.91013242003
36.00 0.64766468140925815 -4.91114136628
36.25 0.65063872283200119 -4.91210059404
36.50 0.65361819259909770 -4.91301170380
36.75 0.65660331290825846 -4.91387629438
37.00 0.65959430708758449 -4.91469595569
37.25 0.66259139967795155 -4.91547226268
37.50 0.66559481651585173 -4.91620677033
37.75 0.66860478481676788 -4.91690100941
38.00 0.67162153325915808 -4.91755648289
38.25 0.67464529206912238 -4.91817466287
38.50 0.67767629310583211 -4.91875698790
38.75 0.68071476994779589 -4.91930486071
39.00 0.68376095798003989 -4.91981964612
39.25 0.68681509448228206 -4.92030266926
39.50 0.68987741871817743 -4.92075521393
39.75 0.69294817202571524 -4.92117852105
40.00 0.69602759790885060 -4.92157378734
40.25 0.69911594213045092 -4.92194216395
40.50 0.70221345280664171 -4.92228475528
40.75 0.70532038050263912 -4.92260261773
41.00 0.70843697833015451 -4.92289675862
41.25 0.71156350204645979 -4.92316813503
41.50 0.71470021015520846 -4.92341765271
41.75 0.71784736400909988 -4.92364616507
42.00 0.72100522791448773 -4.92385447206
42.25 0.72417406923802852 -4.92404331923
42.50 0.72735415851547003 -4.92421339668
42.75 0.73054576956268569 -4.92436533817
43.00 0.73374917958905994 -4.92449972017
43.25 0.73696466931333482 -4.92461706103
43.50 0.74019252308203054 -4.92471782015
43.75 0.74343302899055930 -4.92480239727
44.00 0.74668647900714824 -4.92487113180
44.25 0.74995316909970178 -4.92492430226
44.50 0.75323339936572720 -4.92496212578
44.75 0.75652747416546084 -4.92498475775
45.00 0.75983570225832975 -4.92499229149
45.25 0.76315839694289456 -4.92498475815
45.50 0.76649587620041937 -4.92496212658
45.75 0.76984846284222430 -4.92492430345
46.00 0.77321648466098036 -4.92487113338
46.25 0.77660027458611014 -4.92480239925
46.50 0.78000017084346973 -4.92471782252
46.75 0.78341651711948912 -4.92461706380
47.00 0.78684966272995749 -4.92449972333
47.25 0.79029996279364645 -4.92436534172
47.50 0.79376777841097601 -4.92421340062
47.75 0.79725347684792980 -4.92404332356
48.00 0.80075743172543956 -4.92385447679
48.25 0.80428002321446923 -4.92364617018
48.50 0.80782163823703412 -4.92341765821
48.75 0.81138267067340353 -4.92316814090
49.00 0.81496352157574936 -4.92289676488
49.25 0.81856459938850701 -4.92260262437
49.50 0.82218632017573356 -4.92228476229
49.75 0.82582910785575958 -4.92194217133
50.00 0.82949339444344139 -4.92157379509
50.25 0.83317962030033754 -4.92117852917
50.50 0.83688823439314863 -4.92075522242
50.75 0.84061969456077290 -4.92030267812
51.00 0.84437446779034697 -4.91981965533
51.25 0.84815303050266300 -4.91930487028
51.50 0.85195586884736429 -4.91875699783
51.75 0.85578347900834917 -4.91817467314
52.00 0.85963636751982619 -4.91755649351
52.25 0.86351505159349251 -4.91690102037
52.50 0.86742005945732381 -4.91620678163
52.75 0.87135193070649397 -4.91547227432
53.00 0.87531121666696521 -4.91469596766
53.25 0.87929848077231665 -4.91387630668
53.50 0.88331429895441260 -4.91301171642
53.75 0.88735926004853483 -4.91210060699
54.00 0.89143396621364279 -4.91114137955
54.25 0.89553903336845653 -4.91013243361
54.50 0.89967509164409376 -4.90907217579
54.75 0.90384278585403033 -4.90795903053
55.00 0.90804277598219907 -4.90679145335
55.25 0.91227573769007742 -4.90556794720
55.50 0.91654236284366797 -4.90428708290
55.75 0.92084336006132139 -4.90294752496
56.00 0.92517945528340284 -4.90154806439
56.25 0.92955139236486140 -4.90008766084
56.50 0.93395993369181618 -4.89856549735
56.75 0.93840586082334254 -4.89698105206
57.00 0.94288997515969897 -4.89533419332
57.25 0.94741309863831702 -4.89362530677
57.50 0.95197607445894206 -4.89185546664
57.75 0.95657976783940157 -4.89002666724
58.00 0.96122506680355879 -4.88814213472
58.25 0.96591288300310196 -4.88620673975
58.50 0.97064415257492132 -4.88422752102
58.75 0.97541983703592194 -4.88221429016
59.00 0.98024092421724396 -4.88018019287
59.25 0.98510842923997155 -4.87814193545
59.50 0.99002339553454166 -4.87611923287
59.75 0.99498689590620693 -4.87413315771
60.00 1.0000000336490449 -4.87220368858
60.25 1.0050639437111659 -4.87034746394
60.50 1.0101797939139427 -4.86857668057
60.75 1.0153487862282633 -4.86689924248
61.00 1.0205721581109972 -4.86531960914
61.25 1.0258511839050852 -4.86383976598
61.50 1.0311871763068714 -4.86246002027
61.75 1.0365814879045478 -4.86117956023
62.00 1.0420355127918348 -4.85999682711
62.25 1.0475506882612993 -4.85890978599
62.50 1.0531284965820111 -4.85791619203
62.75 1.0587704668665670 -4.85701395255
63.00 1.0644781770328475 -4.85620167062
63.25 1.0702532558662603 -4.85547938300
63.50 1.0760973851886237 -4.85484934597
63.75 1.0820123021402799 -4.85431655317
64.00 1.0879998015825072 -4.85388869420
64.25 1.0940617386278098 -4.85357555815
64.50 1.1002000313062268 -4.85338818759
64.75 1.1064166633763877 -4.85333811662
65.00 1.1127136872907215 -4.85343685205
65.25 1.1190932273249123 -4.85369559520
65.50 1.1255574828824770 -4.85412513805
65.75 1.1321087319861824 -4.85473586868
66.00 1.1387493349689228 -4.85553784268
66.25 1.1454817383776770 -4.85654089731
66.50 1.1523084791052536 -4.85775479860
66.75 1.1592321887657087 -4.85918941943
67.00 1.1662555983306084 -4.86085494961
67.25 1.1733815430447392 -4.86276213975
67.50 1.1806129676413906 -4.86492257769
67.75 1.1879529318790409 -4.86734899260
68.00 1.1954046164231349 -4.87005557483
68.25 1.2029713290986654 -4.87305829288
68.50 1.2106565115415191 -4.87637518051
68.75 1.2184637462790018 -4.88002656157
69.00 1.2263967642726714 -4.88403517617
69.25 1.2344594529595776 -4.88842617348
69.50 1.2426558648313226 -4.89322694167
69.75 1.2509902265939778 -4.89846675566
70.00 1.2594669489559134 -4.90417623377
70.25 1.2680906370950717 -4.91038660401
70.50 1.2768661018621295 -4.91712878401
70.75 1.2857983717814927 -4.92443227238
71.00 1.2948927059181552 -4.93232382841
71.25 1.3041546076852373 -4.94082587331
71.50 1.3135898396745678 -4.94995446536
71.75 1.3232044396011293 -4.95971655476
72.00 1.3330047374615932 -4.97010597081
72.25 1.3429973740177321 -4.98109722939
72.50 1.3531893207273342 -4.99263612847
72.75 1.3635879012585173 -5.00462805655
73.00 1.3742008147382716 -5.01693278096
73.25 1.3850361609029067 -5.02938247228
73.50 1.3961024673370386 -5.04182010294
73.75 1.4074087190092159 -5.05412490458
74.00 1.4189643903365978 -5.06621140657
74.25 1.4307794800386300 -5.07801788280
74.50 1.4428645490710084 -5.08949640238
74.75 1.4552307619668963 -5.10060661666
75.00 1.4678899319530556 -5.11131218753
75.25 1.4808545702551064 -5.12157872940
75.50 1.4941379400594756 -5.13137257796
75.75 1.5077541156608558 -5.14066001220
76.00 1.5217180473945009 -5.14940672955
76.25 1.5360456330340897 -5.15757746497
76.50 1.5507537964299845 -5.16513569261
76.75 1.5658605742718710 -5.17204337371
77.00 1.5813852119866876 -5.17826072867
77.25 1.5973482699307082 -5.18374601919
77.50 1.6137717412076256 -5.18845532951
77.75 1.6306791826473761 -5.19234234069
78.00 1.6480958607190197 -5.19535809068
78.25 1.6660489144325314 -5.19745071524
78.50 1.6845675376176648 -5.19856516433
78.75 1.7036831833639368 -5.19864288851
79.00 1.7234297938777567 -5.19762148941
79.25 1.7438440595774944 -5.19543432762
79.50 1.7649657119256603 -5.19201008031
79.75 1.7868378553155890 -5.18727223966
80.00 1.8095073443210954 -5.18113854139
80.25 1.8330252138232914 -5.17352031082
80.50 1.8574471710024862 -5.16432171106
80.75 1.8828341599932619 -5.15343887501
81.00 1.9092530122354845 -5.14075889884
81.25 1.9367771983277440 -5.12615866936
81.50 1.9654877006520655 -5.10950349178
81.75 1.9954740303864316 -5.09064547650
82.00 2.0268354180156947 -5.06942163332
82.25 2.0596822134404817 -5.04565160920
82.50 2.0941375407372735 -5.01913498882
82.75 2.1303392641794385 -4.98964805679
83.00 2.1684423371644423 -4.95693989233
83.25 2.2086216254199424 -4.92072763160
83.50 2.2510753219802888 -4.88069068477
83.75 2.2960291063410230 -4.83646363108
84.00 2.3437412473608381 -4.78762742869
84.25 2.3945089138952178 -4.73369845777
84.50 2.4486760461856742 -4.67411475152
84.75 2.5066432657105051 -4.60821854065
