21.5 0.47689026630572684 0.0594888 0.0675334 0.1495011 -0.0488416
21.501 0.47690247052288248 0.0594894 0.0675285 0.1494944 -0.0488416
21.502 0.47691467459554499 0.05949 0.0675236 0.1494877 -0.0488416
21.503 0.47692687852373655 0.0594905 0.0675187 0.1494809 -0.0488417
21.504 0.47693908230747906 0.059491 0.0675138 0.1494742 -0.0488417
21.505 0.47695128594679442 0.0594914 0.0675089 0.1494674 -0.0488417
21.506 0.47696348944170480 0.0594918 0.067504 0.1494607 -0.0488418
21.507 0.47697569279223206 0.0594922 0.0674991 0.1494539 -0.0488418
21.508 0.47698789599839825 0.0594926 0.0674942 0.1494471 -0.0488418
21.509 0.47700009906022522 0.0594929 0.0674893 0.1494403 -0.0488418
21.510 0.47701230197773509 0.0594932 0.0674844 0.1494335 -0.0488418
21.511 0.47702450475094971 0.0594934 0.0674795 0.1494267 -0.0488418
21.512 0.47703670737989118 0.0594936 0.0674746 0.1494199 -0.0488418
21.513 0.47704890986458137 0.0594938 0.0674698 0.149413 -0.0488418
21.514 0.47706111220504216 0.059494 0.0674649 0.1494062 -0.0488417
21.515 0.47707331440129580 0.0594941 0.06746 0.1493993 -0.0488417
21.516 0.47708551645336400 0.0594942 0.0674551 0.1493924 -0.0488417
21.517 0.47709771836126891 0.0594942 0.0674503 0.1493855 -0.0488417
21.518 0.47710992012503234 0.0594943 0.0674454 0.1493786 -0.0488416
21.519 0.47712212174467622 0.0594943 0.0674405 0.1493717 -0.0488416
21.520 0.47713432322022270 0.0594942 0.0674357 0.1493648 -0.0488415
21.521 0.47714652455169354 0.0594941 0.0674308 0.1493579 -0.0488415
21.522 0.47715872573911083 0.059494 0.0674259 0.1493509 -0.0488414
21.523 0.47717092678249640 0.0594939 0.0674211 0.149344 -0.0488414
21.524 0.47718312768187232 0.0594937 0.0674162 0.149337 -0.0488413
21.525 0.47719532843726054 0.0594935 0.0674114 0.14933 -0.0488413
21.526 0.47720752904868285 0.0594932 0.0674065 0.149323 -0.0488412
21.527 0.47721972951616137 0.059493 0.0674017 0.149316 -0.0488411
21.528 0.47723192983971791 0.0594927 0.0673968 0.149309 -0.048841
21.529 0.47724413001937438 0.0594923 0.067392 0.149302 -0.0488409
21.530 0.47725633005515300 0.0594919 0.0673872 0.1492949 -0.0488408
21.531 0.47726852994707530 0.0594915 0.0673823 0.1492879 -0.0488407
21.532 0.47728072969516355 0.0594911 0.0673775 0.1492808 -0.0488406
21.533 0.47729292929943956 0.0594906 0.0673726 0.1492737 -0.0488405
21.534 0.47730512875992515 0.0594901 0.0673678 0.1492666 -0.0488404
21.535 0.47731732807664246 0.0594895 0.067363 0.1492595 -0.0488403
21.536 0.47732952724961331 0.059489 0.0673582 0.1492524 -0.0488402
21.537 0.47734172627885951 0.0594884 0.0673533 0.1492453 -0.0488401
21.538 0.47735392516440323 0.0594877 0.0673485 0.1492382 -0.04884
21.539 0.47736612390626620 0.059487 0.0673437 0.149231 -0.0488398
21.540 0.47737832250447043 0.0594863 0.0673389 0.1492239 -0.0488397
21.541 0.47739052095903778 0.0594856 0.0673341 0.1492167 -0.0488395
21.542 0.47740271926999023 0.0594848 0.0673293 0.1492095 -0.0488394
21.543 0.47741491743734960 0.059484 0.0673244 0.1492023 -0.0488392
21.544 0.47742711546113786 0.0594831 0.0673196 0.1491951 -0.0488391
21.545 0.47743931334137696 0.0594823 0.0673148 0.1491879 -0.0488389
21.546 0.47745151107808870 0.0594814 0.06731 0.1491807 -0.0488388
21.547 0.47746370867129512 0.0594804 0.0673052 0.1491735 -0.0488386
21.548 0.47747590612101798 0.0594794 0.0673004 0.1491662 -0.0488384
21.549 0.47748810342727932 0.0594784 0.0672956 0.1491589 -0.0488382
21.550 0.47750030059010101 0.0594774 0.0672908 0.1491517 -0.0488381
21.551 0.47751249760950482 0.0594763 0.0672861 0.1491444 -0.0488379
21.552 0.47752469448551277 0.0594752 0.0672813 0.1491371 -0.0488377
21.553 0.47753689121814680 0.059474 0.0672765 0.1491298 -0.0488375
21.554 0.47754908780742872 0.0594728 0.0672717 0.1491224 -0.0488373
21.555 0.47756128425338046 0.0594716 0.0672669 0.1491151 -0.0488371
21.556 0.47757348055602383 0.0594704 0.0672621 0.1491078 -0.0488369
21.557 0.47758567671538071 0.0594691 0.0672574 0.1491004 -0.0488367
21.558 0.47759787273147314 0.0594678 0.0672526 0.149093 -0.0488364
21.559 0.47761006860432292 0.0594664 0.0672478 0.1490857 -0.0488362
21.560 0.47762226433395183 0.059465 0.067243 0.1490783 -0.048836
21.561 0.47763445992038195 0.0594636 0.0672383 0.1490709 -0.0488358
21.562 0.47764665536363504 0.0594622 0.0672335 0.1490635 -0.0488355
21.563 0.47765885066373293 0.0594607 0.0672287 0.149056 -0.0488353
21.564 0.47767104582069758 0.0594591 0.067224 0.1490486 -0.048835
21.565 0.47768324083455083 0.0594576 0.0672192 0.1490411 -0.0488348
21.566 0.47769543570531453 0.059456 0.0672145 0.1490337 -0.0488345
21.567 0.47770763043301068 0.0594544 0.0672097 0.1490262 -0.0488343
21.568 0.47771982501766097 0.0594527 0.067205 0.1490187 -0.048834
21.569 0.47773201945928734 0.059451 0.0672002 0.1490112 -0.0488337
21.570 0.47774421375791165 0.0594493 0.0671955 0.1490037 -0.0488335
21.571 0.47775640791355584 0.0594475 0.0671907 0.1489962 -0.0488332
21.572 0.47776860192624160 0.0594458 0.067186 0.1489887 -0.0488329
21.573 0.47778079579599098 0.0594439 0.0671812 0.1489811 -0.0488326
21.574 0.47779298952282567 0.0594421 0.0671765 0.1489736 -0.0488323
21.575 0.47780518310676751 0.0594402 0.0671718 0.148966 -0.048832
21.576 0.47781737654783857 0.0594382 0.067167 0.1489584 -0.0488317
21.577 0.47782956984606051 0.0594363 0.0671623 0.1489508 -0.0488314
21.578 0.47784176300145520 0.0594343 0.0671576 0.1489432 -0.0488311
21.579 0.47785395601404457 0.0594322 0.0671528 0.1489356 -0.0488308
21.580 0.47786614888385043 0.0594302 0.0671481 0.148928 -0.0488305
21.581 0.47787834161089460 0.0594281 0.0671434 0.1489203 -0.0488301
21.582 0.47789053419519895 0.0594259 0.0671387 0.1489127 -0.0488298
21.583 0.47790272663678524 0.0594238 0.067134 0.148905 -0.0488295
21.584 0.47791491893567539 0.0594216 0.0671292 0.1488974 -0.0488291
21.585 0.47792711109189123 0.0594193 0.0671245 0.1488897 -0.0488288
21.586 0.47793930310545457 0.059417 0.0671198 0.148882 -0.0488285
21.587 0.47795149497638734 0.0594147 0.0671151 0.1488743 -0.0488281
21.588 0.47796368670471112 0.0594124 0.0671104 0.1488665 -0.0488277
21.589 0.47797587829044796 0.05941 0.0671057 0.1488588 -0.0488274
21.590 0.47798806973361968 0.0594076 0.067101 0.1488511 -0.048827
21.591 0.47800026103424803 0.0594051 0.0670963 0.1488433 -0.0488267
21.592 0.47801245219235478 0.0594027 0.0670916 0.1488355 -0.0488263
21.593 0.47802464320796190 0.0594001 0.0670869 0.1488278 -0.0488259
21.594 0.47803683408109116 0.0593976 0.0670822 0.14882 -0.0488255
21.595 0.47804902481176420 0.059395 0.0670775 0.1488122 -0.0488251
21.596 0.47806121540000313 0.0593924 0.0670728 0.1488043 -0.0488247
21.597 0.47807340584582958 0.0593897 0.0670681 0.1487965 -0.0488243
21.598 0.47808559614926538 0.059387 0.0670634 0.1487887 -0.0488239
21.599 0.47809778631033240 0.0593843 0.0670588 0.1487808 -0.0488235
21.600 0.47810997632905239 0.0593816 0.0670541 0.148773 -0.0488231
21.601 0.47812216620544717 0.0593788 0.0670494 0.1487651 -0.0488227
21.602 0.47813435593953857 0.0593759 0.0670447 0.1487572 -0.0488223
21.603 0.47814654553134828 0.0593731 0.0670401 0.1487493 -0.0488219
21.604 0.47815873498089834 0.0593702 0.0670354 0.1487414 -0.0488214
21.605 0.47817092428821029 0.0593672 0.0670307 0.1487335 -0.048821
21.606 0.47818311345330611 0.0593643 0.067026 0.1487255 -0.0488206
21.607 0.47819530247620740 0.0593613 0.0670214 0.1487176 -0.0488201
21.608 0.47820749135693619 0.0593582 0.0670167 0.1487096 -0.0488197
21.609 0.47821968009551419 0.0593552 0.0670121 0.1487016 -0.0488192
21.610 0.47823186869196305 0.0593521 0.0670074 0.1486937 -0.0488188
21.611 0.47824405714630475 0.0593489 0.0670027 0.1486857 -0.0488183
21.612 0.47825624545856094 0.0593457 0.0669981 0.1486777 -0.0488179
21.613 0.47826843362875343 0.0593425 0.0669934 0.1486696 -0.0488174
21.614 0.47828062165690416 0.0593393 0.0669888 0.1486616 -0.0488169
21.615 0.47829280954303460 0.059336 0.0669841 0.1486536 -0.0488164
21.616 0.47830499728716680 0.0593327 0.0669795 0.1486455 -0.048816
21.617 0.47831718488932246 0.0593293 0.0669748 0.1486374 -0.0488155
21.618 0.47832937234952333 0.0593259 0.0669702 0.1486294 -0.048815
21.619 0.47834155966779124 0.0593225 0.0669656 0.1486213 -0.0488145
21.620 0.47835374684414783 0.0593191 0.0669609 0.1486132 -0.048814
21.621 0.47836593387861498 0.0593156 0.0669563 0.1486051 -0.0488135
21.622 0.47837812077121444 0.059312 0.0669516 0.1485969 -0.048813
21.623 0.47839030752196793 0.0593085 0.066947 0.1485888 -0.0488125
21.624 0.47840249413089725 0.0593049 0.0669424 0.1485806 -0.0488119
21.625 0.47841468059802417 0.0593012 0.0669378 0.1485725 -0.0488114
21.626 0.47842686692337050 0.0592976 0.0669331 0.1485643 -0.0488109
21.627 0.47843905310695783 0.0592939 0.0669285 0.1485561 -0.0488104
21.628 0.47845123914880816 0.0592901 0.0669239 0.1485479 -0.0488098
21.629 0.47846342504894301 0.0592863 0.0669193 0.1485397 -0.0488093
21.630 0.47847561080738421 0.0592825 0.0669146 0.1485315 -0.0488087
21.631 0.47848779642415368 0.0592787 0.06691 0.1485233 -0.0488082
21.632 0.47849998189927290 0.0592748 0.0669054 0.148515 -0.0488076
21.633 0.47851216723276385 0.0592709 0.0669008 0.1485067 -0.0488071
21.634 0.47852435242464808 0.0592669 0.0668962 0.1484985 -0.0488065
21.635 0.47853653747494751 0.0592629 0.0668916 0.1484902 -0.048806
21.636 0.47854872238368368 0.0592589 0.066887 0.1484819 -0.0488054
21.637 0.47856090715087846 0.0592549 0.0668824 0.1484736 -0.0488048
21.638 0.47857309177655361 0.0592508 0.0668778 0.1484653 -0.0488042
21.639 0.47858527626073083 0.0592466 0.0668732 0.1484569 -0.0488036
21.640 0.47859746060343183 0.0592425 0.0668686 0.1484486 -0.0488031
21.641 0.47860964480467832 0.0592383 0.066864 0.1484402 -0.0488025
21.642 0.47862182886449217 0.059234 0.0668594 0.1484319 -0.0488019
21.643 0.47863401278289497 0.0592298 0.0668548 0.1484235 -0.0488013
21.644 0.47864619655990848 0.0592255 0.0668502 0.1484151 -0.0488007
21.645 0.47865838019555451 0.0592211 0.0668456 0.1484067 -0.0488
21.646 0.47867056368985467 0.0592167 0.066841 0.1483983 -0.0487994
21.647 0.47868274704283070 0.0592123 0.0668364 0.1483899 -0.0487988
21.648 0.47869493025450432 0.0592079 0.0668319 0.1483814 -0.0487982
21.649 0.47870711332489735 0.0592034 0.0668273 0.148373 -0.0487976
21.650 0.47871929625403137 0.0591989 0.0668227 0.1483645 -0.0487969
21.651 0.47873147904192814 0.0591943 0.0668181 0.148356 -0.0487963
21.652 0.47874366168860949 0.0591897 0.0668136 0.1483476 -0.0487956
21.653 0.47875584419409689 0.0591851 0.066809 0.1483391 -0.048795
21.654 0.47876802655841227 0.0591804 0.0668044 0.1483305 -0.0487943
21.655 0.47878020878157723 0.0591757 0.0667999 0.148322 -0.0487937
21.656 0.47879239086361347 0.059171 0.0667953 0.1483135 -0.048793
21.657 0.47880457280454275 0.0591662 0.0667907 0.1483049 -0.0487924
21.658 0.47881675460438677 0.0591614 0.0667862 0.1482964 -0.0487917
21.659 0.47882893626316708 0.0591565 0.0667816 0.1482878 -0.048791
21.660 0.47884111778090560 0.0591517 0.066777 0.1482792 -0.0487903
21.661 0.47885329915762392 0.0591467 0.0667725 0.1482706 -0.0487897
21.662 0.47886548039334370 0.0591418 0.0667679 0.148262 -0.048789
21.663 0.47887766148808675 0.0591368 0.0667634 0.1482534 -0.0487883
21.664 0.47888984244187466 0.0591318 0.0667588 0.1482448 -0.0487876
21.665 0.47890202325472914 0.0591267 0.0667543 0.1482361 -0.0487869
21.666 0.47891420392667189 0.0591216 0.0667497 0.1482275 -0.0487862
21.667 0.47892638445772451 0.0591165 0.0667452 0.1482188 -0.0487855
21.668 0.47893856484790881 0.0591113 0.0667407 0.1482101 -0.0487848
21.669 0.47895074509724639 0.0591061 0.0667361 0.1482014 -0.048784
21.670 0.47896292520575900 0.0591008 0.0667316 0.1481927 -0.0487833
21.671 0.47897510517346825 0.0590956 0.066727 0.148184 -0.0487826
21.672 0.47898728500039583 0.0590903 0.0667225 0.1481753 -0.0487819
21.673 0.47899946468656340 0.0590849 0.066718 0.1481665 -0.0487811
21.674 0.47901164423199277 0.0590795 0.0667134 0.1481578 -0.0487804
21.675 0.47902382363670543 0.0590741 0.0667089 0.148149 -0.0487796
21.676 0.47903600290072312 0.0590686 0.0667044 0.1481402 -0.0487789
21.677 0.47904818202406757 0.0590631 0.0666999 0.1481314 -0.0487781
21.678 0.47906036100676030 0.0590576 0.0666953 0.1481226 -0.0487774
21.679 0.47907253984882314 0.059052 0.0666908 0.1481138 -0.0487766
21.680 0.47908471855027762 0.0590464 0.0666863 0.148105 -0.0487759
21.681 0.47909689711114545 0.0590408 0.0666818 0.1480961 -0.0487751
21.682 0.47910907553144821 0.0590351 0.0666773 0.1480873 -0.0487743
21.683 0.47912125381120774 0.0590294 0.0666727 0.1480784 -0.0487735
21.684 0.47913343195044555 0.0590236 0.0666682 0.1480695 -0.0487727
21.685 0.47914560994918332 0.0590178 0.0666637 0.1480607 -0.048772
21.686 0.47915778780744273 0.059012 0.0666592 0.1480518 -0.0487712
21.687 0.47916996552524538 0.0590062 0.0666547 0.1480428 -0.0487704
21.688 0.47918214310261292 0.0590003 0.0666502 0.1480339 -0.0487696
21.689 0.47919432053956706 0.0589943 0.0666457 0.148025 -0.0487688
21.690 0.47920649783612945 0.0589883 0.0666412 0.148016 -0.0487679
21.691 0.47921867499232157 0.0589823 0.0666367 0.1480071 -0.0487671
21.692 0.47923085200816529 0.0589763 0.0666322 0.1479981 -0.0487663
21.693 0.47924302888368209 0.0589702 0.0666277 0.1479891 -0.0487655
21.694 0.47925520561889362 0.0589641 0.0666232 0.1479801 -0.0487647
21.695 0.47926738221382159 0.0589579 0.0666187 0.1479711 -0.0487638
21.696 0.47927955866848759 0.0589517 0.0666142 0.1479621 -0.048763
21.697 0.47929173498291322 0.0589455 0.0666097 0.147953 -0.0487621
21.698 0.47930391115712018 0.0589392 0.0666052 0.147944 -0.0487613
21.699 0.47931608719113000 0.0589329 0.0666008 0.1479349 -0.0487604
21.700 0.47932826308496429 0.0589266 0.0665963 0.1479258 -0.0487596
21.701 0.47934043883864486 0.0589202 0.0665918 0.1479168 -0.0487587
21.702 0.47935261445219318 0.0589138 0.0665873 0.1479077 -0.0487579
21.703 0.47936478992563092 0.0589074 0.0665828 0.1478986 -0.048757
21.704 0.47937696525897966 0.0589009 0.0665784 0.1478894 -0.0487561
21.705 0.47938914045226100 0.0588944 0.0665739 0.1478803 -0.0487553
21.706 0.47940131550549664 0.0588878 0.0665694 0.1478712 -0.0487544
21.707 0.47941349041870812 0.0588812 0.0665649 0.147862 -0.0487535
21.708 0.47942566519191709 0.0588746 0.0665605 0.1478528 -0.0487526
21.709 0.47943783982514515 0.0588679 0.066556 0.1478436 -0.0487517
21.710 0.47945001431841394 0.0588612 0.0665515 0.1478344 -0.0487508
21.711 0.47946218867174500 0.0588544 0.0665471 0.1478252 -0.0487499
21.712 0.47947436288515993 0.0588476 0.0665426 0.147816 -0.048749
21.713 0.47948653695868043 0.0588408 0.0665382 0.1478068 -0.0487481
21.714 0.47949871089232798 0.058834 0.0665337 0.1477975 -0.0487472
21.715 0.47951088468612418 0.0588271 0.0665292 0.1477883 -0.0487463
21.716 0.47952305834009079 0.0588201 0.0665248 0.147779 -0.0487453
21.717 0.47953523185424918 0.0588132 0.0665203 0.1477697 -0.0487444
21.718 0.47954740522862110 0.0588062 0.0665159 0.1477604 -0.0487435
21.719 0.47955957846322816 0.0587991 0.0665114 0.1477511 -0.0487425
21.720 0.47957175155809179 0.058792 0.066507 0.1477418 -0.0487416
21.721 0.47958392451323373 0.0587849 0.0665025 0.1477325 -0.0487406
21.722 0.47959609732867553 0.0587778 0.0664981 0.1477231 -0.0487397
21.723 0.47960827000443867 0.0587706 0.0664937 0.1477138 -0.0487387
21.724 0.47962044254054487 0.0587633 0.0664892 0.1477044 -0.0487378
21.725 0.47963261493701564 0.0587561 0.0664848 0.147695 -0.0487368
21.726 0.47964478719387260 0.0587488 0.0664803 0.1476856 -0.0487358
21.727 0.47965695931113733 0.0587414 0.0664759 0.1476762 -0.0487349
21.728 0.47966913128883126 0.058734 0.0664715 0.1476668 -0.0487339
21.729 0.47968130312697610 0.0587266 0.066467 0.1476573 -0.0487329
21.730 0.47969347482559349 0.0587192 0.0664626 0.1476479 -0.0487319
21.731 0.47970564638470486 0.0587117 0.0664582 0.1476384 -0.0487309
21.732 0.47971781780433181 0.0587041 0.0664537 0.147629 -0.0487299
21.733 0.47972998908449593 0.0586966 0.0664493 0.1476195 -0.0487289
21.734 0.47974216022521876 0.058689 0.0664449 0.14761 -0.0487279
21.735 0.47975433122652189 0.0586813 0.0664405 0.1476005 -0.0487269
21.736 0.47976650208842692 0.0586737 0.0664361 0.147591 -0.0487259
21.737 0.47977867281095521 0.0586659 0.0664316 0.1475814 -0.0487249
21.738 0.47979084339412859 0.0586582 0.0664272 0.1475719 -0.0487239
21.739 0.47980301383796847 0.0586504 0.0664228 0.1475623 -0.0487229
21.740 0.47981518414249635 0.0586426 0.0664184 0.1475528 -0.0487218
21.741 0.47982735430773393 0.0586347 0.066414 0.1475432 -0.0487208
21.742 0.47983952433370269 0.0586268 0.0664096 0.1475336 -0.0487198
21.743 0.47985169422042417 0.0586188 0.0664052 0.147524 -0.0487187
21.744 0.47986386396791991 0.0586108 0.0664007 0.1475144 -0.0487177
21.745 0.47987603357621145 0.0586028 0.0663963 0.1475047 -0.0487166
21.746 0.47988820304532026 0.0585948 0.0663919 0.1474951 -0.0487156
21.747 0.47990037237526811 0.0585867 0.0663875 0.1474854 -0.0487145
21.748 0.47991254156607627 0.0585785 0.0663831 0.1474758 -0.0487134
21.749 0.47992471061776643 0.0585704 0.0663787 0.1474661 -0.0487124
21.750 0.47993687953036013 0.0585622 0.0663743 0.1474564 -0.0487113
21.751 0.47994904830387886 0.0585539 0.0663699 0.1474467 -0.0487102
21.752 0.47996121693834409 0.0585456 0.0663655 0.1474369 -0.0487091
21.753 0.47997338543377743 0.0585373 0.0663611 0.1474272 -0.0487081
21.754 0.47998555379020053 0.0585289 0.0663568 0.1474175 -0.048707
21.755 0.47999772200763463 0.0585205 0.0663524 0.1474077 -0.0487059
21.756 0.48000989008610145 0.0585121 0.066348 0.1473979 -0.0487048
21.757 0.48002205802562253 0.0585036 0.0663436 0.1473881 -0.0487037
21.758 0.48003422582621930 0.0584951 0.0663392 0.1473784 -0.0487026
21.759 0.48004639348791334 0.0584866 0.0663348 0.1473685 -0.0487014
21.760 0.48005856101072614 0.058478 0.0663304 0.1473587 -0.0487003
21.761 0.48007072839467907 0.0584693 0.0663261 0.1473489 -0.0486992
21.762 0.48008289563979389 0.0584607 0.0663217 0.147339 -0.0486981
21.763 0.48009506274609204 0.058452 0.0663173 0.1473292 -0.048697
21.764 0.48010722971359493 0.0584432 0.0663129 0.1473193 -0.0486958
21.765 0.48011939654232422 0.0584344 0.0663085 0.1473094 -0.0486947
21.766 0.48013156323230122 0.0584256 0.0663042 0.1472995 -0.0486935
21.767 0.48014372978354763 0.0584168 0.0662998 0.1472896 -0.0486924
21.768 0.48015589619608490 0.0584079 0.0662954 0.1472797 -0.0486913
21.769 0.48016806246993438 0.0583989 0.0662911 0.1472698 -0.0486901
21.770 0.48018022860511778 0.0583899 0.0662867 0.1472598 -0.0486889
21.771 0.48019239460165652 0.0583809 0.0662823 0.1472498 -0.0486878
21.772 0.48020456045957211 0.0583719 0.066278 0.1472399 -0.0486866
21.773 0.48021672617888594 0.0583628 0.0662736 0.1472299 -0.0486854
21.774 0.48022889175961964 0.0583537 0.0662692 0.1472199 -0.0486843
21.775 0.48024105720179461 0.0583445 0.0662649 0.1472099 -0.0486831
21.776 0.48025322250543240 0.0583353 0.0662605 0.1471998 -0.0486819
21.777 0.48026538767055443 0.0583261 0.0662562 0.1471898 -0.0486807
21.778 0.48027755269718225 0.0583168 0.0662518 0.1471798 -0.0486795
21.779 0.48028971758533734 0.0583075 0.0662475 0.1471697 -0.0486783
21.780 0.48030188233504117 0.0582981 0.0662431 0.1471596 -0.0486771
21.781 0.48031404694631508 0.0582887 0.0662388 0.1471495 -0.0486759
21.782 0.48032621141918080 0.0582793 0.0662344 0.1471394 -0.0486747
21.783 0.48033837575365962 0.0582698 0.0662301 0.1471293 -0.0486735
21.784 0.48035053994977306 0.0582603 0.0662257 0.1471192 -0.0486723
21.785 0.48036270400754272 0.0582507 0.0662214 0.147109 -0.048671
21.786 0.48037486792698991 0.0582411 0.066217 0.1470989 -0.0486698
21.787 0.48038703170813607 0.0582315 0.0662127 0.1470887 -0.0486686
21.788 0.48039919535100284 0.0582218 0.0662083 0.1470785 -0.0486673
21.789 0.48041135885561154 0.0582121 0.066204 0.1470684 -0.0486661
21.790 0.48042352222198376 0.0582024 0.0661997 0.1470582 -0.0486649
21.791 0.48043568545014087 0.0581926 0.0661953 0.1470479 -0.0486636
21.792 0.48044784854010431 0.0581828 0.066191 0.1470377 -0.0486624
21.793 0.48046001149189554 0.0581729 0.0661867 0.1470275 -0.0486611
21.794 0.48047217430553607 0.058163 0.0661823 0.1470172 -0.0486598
21.795 0.48048433698104737 0.0581531 0.066178 0.1470069 -0.0486586
21.796 0.48049649951845086 0.0581431 0.0661737 0.1469967 -0.0486573
21.797 0.48050866191776798 0.0581331 0.0661693 0.1469864 -0.048656
21.798 0.48052082417902015 0.058123 0.066165 0.1469761 -0.0486547
21.799 0.48053298630222896 0.0581129 0.0661607 0.1469657 -0.0486535
21.800 0.48054514828741574 0.0581028 0.0661564 0.1469554 -0.0486522
21.801 0.48055731013460179 0.0580926 0.066152 0.1469451 -0.0486509
21.802 0.48056947184380888 0.0580824 0.0661477 0.1469347 -0.0486496
21.803 0.48058163341505827 0.0580721 0.0661434 0.1469243 -0.0486483
21.804 0.48059379484837139 0.0580618 0.0661391 0.1469139 -0.048647
21.805 0.48060595614376972 0.0580515 0.0661348 0.1469035 -0.0486457
21.806 0.48061811730127457 0.0580411 0.0661305 0.1468931 -0.0486444
21.807 0.48063027832090754 0.0580307 0.0661261 0.1468827 -0.048643
21.808 0.48064243920269001 0.0580203 0.0661218 0.1468723 -0.0486417
21.809 0.48065459994664339 0.0580098 0.0661175 0.1468618 -0.0486404
21.810 0.48066676055278912 0.0579993 0.0661132 0.1468514 -0.0486391
21.811 0.48067892102114868 0.0579887 0.0661089 0.1468409 -0.0486377
21.812 0.48069108135174338 0.0579781 0.0661046 0.1468304 -0.0486364
21.813 0.48070324154459465 0.0579675 0.0661003 0.1468199 -0.048635
21.814 0.48071540159972409 0.0579568 0.066096 0.1468094 -0.0486337
21.815 0.48072756151715290 0.057946 0.0660917 0.1467989 -0.0486323
21.816 0.48073972129690257 0.0579353 0.0660874 0.1467883 -0.048631
21.817 0.48075188093899462 0.0579245 0.0660831 0.1467778 -0.0486296
21.818 0.48076404044345034 0.0579136 0.0660788 0.1467672 -0.0486283
21.819 0.48077619981029113 0.0579028 0.0660745 0.1467566 -0.0486269
21.820 0.48078835903953848 0.0578918 0.0660702 0.146746 -0.0486255
21.821 0.48080051813121383 0.0578809 0.0660659 0.1467354 -0.0486241
21.822 0.48081267708533854 0.0578699 0.0660616 0.1467248 -0.0486228
21.823 0.48082483590193392 0.0578588 0.0660573 0.1467142 -0.0486214
21.824 0.48083699458102153 0.0578478 0.066053 0.1467035 -0.04862
21.825 0.48084915312262261 0.0578366 0.0660487 0.1466929 -0.0486186
21.826 0.48086131152675871 0.0578255 0.0660444 0.1466822 -0.0486172
21.827 0.48087346979345119 0.0578143 0.0660402 0.1466715 -0.0486158
21.828 0.48088562792272133 0.057803 0.0660359 0.1466608 -0.0486144
21.829 0.48089778591459065 0.0577918 0.0660316 0.1466501 -0.048613
21.830 0.48090994376908047 0.0577804 0.0660273 0.1466394 -0.0486116
21.831 0.48092210148621234 0.0577691 0.066023 0.1466286 -0.0486101
21.832 0.48093425906600745 0.0577577 0.0660187 0.1466179 -0.0486087
21.833 0.48094641650848724 0.0577463 0.0660145 0.1466071 -0.0486073
21.834 0.48095857381367324 0.0577348 0.0660102 0.1465964 -0.0486058
21.835 0.48097073098158660 0.0577233 0.0660059 0.1465856 -0.0486044
21.836 0.48098288801224892 0.0577117 0.0660016 0.1465748 -0.048603
21.837 0.48099504490568140 0.0577001 0.0659973 0.1465639 -0.0486015
21.838 0.48100720166190553 0.0576885 0.0659931 0.1465531 -0.0486001
21.839 0.48101935828094261 0.0576768 0.0659888 0.1465423 -0.0485986
21.840 0.48103151476281408 0.0576651 0.0659845 0.1465314 -0.0485972
21.841 0.48104367110754143 0.0576533 0.0659803 0.1465206 -0.0485957
21.842 0.48105582731514568 0.0576415 0.065976 0.1465097 -0.0485942
21.843 0.48106798338564849 0.0576297 0.0659717 0.1464988 -0.0485928
21.844 0.48108013931907129 0.0576178 0.0659675 0.1464879 -0.0485913
21.845 0.48109229511543511 0.0576059 0.0659632 0.1464769 -0.0485898
21.846 0.48110445077476161 0.0575939 0.0659589 0.146466 -0.0485883
21.847 0.48111660629707204 0.0575819 0.0659547 0.1464551 -0.0485868
21.848 0.48112876168238772 0.0575699 0.0659504 0.1464441 -0.0485853
21.849 0.48114091693073019 0.0575578 0.0659461 0.1464331 -0.0485838
21.850 0.48115307204212066 0.0575457 0.0659419 0.1464221 -0.0485823
21.851 0.48116522701658049 0.0575336 0.0659376 0.1464111 -0.0485808
21.852 0.48117738185413106 0.0575214 0.0659334 0.1464001 -0.0485793
21.853 0.48118953655479363 0.0575091 0.0659291 0.1463891 -0.0485778
21.854 0.48120169111858974 0.0574968 0.0659249 0.1463781 -0.0485763
21.855 0.48121384554554059 0.0574845 0.0659206 0.146367 -0.0485748
21.856 0.48122599983566761 0.0574722 0.0659164 0.1463559 -0.0485733
21.857 0.48123815398899206 0.0574598 0.0659121 0.1463449 -0.0485717
21.858 0.48125030800553537 0.0574473 0.0659079 0.1463338 -0.0485702
21.859 0.48126246188531885 0.0574348 0.0659036 0.1463227 -0.0485687
21.860 0.48127461562836377 0.0574223 0.0658994 0.1463115 -0.0485671
21.861 0.48128676923469155 0.0574098 0.0658951 0.1463004 -0.0485656
21.862 0.48129892270432351 0.0573972 0.0658909 0.1462893 -0.048564
21.863 0.48131107603728102 0.0573845 0.0658866 0.1462781 -0.0485625
21.864 0.48132322923358539 0.0573718 0.0658824 0.1462669 -0.0485609
21.865 0.48133538229325784 0.0573591 0.0658781 0.1462557 -0.0485593
21.866 0.48134753521631990 0.0573463 0.0658739 0.1462445 -0.0485578
21.867 0.48135968800279272 0.0573335 0.0658697 0.1462333 -0.0485562
21.868 0.48137184065269778 0.0573207 0.0658654 0.1462221 -0.0485546
21.869 0.48138399316605629 0.0573078 0.0658612 0.1462109 -0.048553
21.870 0.48139614554288962 0.0572949 0.0658569 0.1461996 -0.0485515
21.871 0.48140829778321897 0.0572819 0.0658527 0.1461883 -0.0485499
21.872 0.48142044988706584 0.0572689 0.0658485 0.146177 -0.0485483
21.873 0.48143260185445153 0.0572559 0.0658442 0.1461658 -0.0485467
21.874 0.48144475368539724 0.0572428 0.06584 0.1461544 -0.0485451
21.875 0.48145690537992430 0.0572296 0.0658358 0.1461431 -0.0485435
21.876 0.48146905693805420 0.0572165 0.0658315 0.1461318 -0.0485419
21.877 0.48148120835980790 0.0572033 0.0658273 0.1461204 -0.0485402
21.878 0.48149335964520706 0.05719 0.0658231 0.1461091 -0.0485386
21.879 0.48150551079427290 0.0571767 0.0658189 0.1460977 -0.048537
21.880 0.48151766180702654 0.0571634 0.0658146 0.1460863 -0.0485354
21.881 0.48152981268348949 0.05715 0.0658104 0.1460749 -0.0485337
21.882 0.48154196342368299 0.0571366 0.0658062 0.1460635 -0.0485321
21.883 0.48155411402762832 0.0571231 0.065802 0.1460521 -0.0485305
21.884 0.48156626449534679 0.0571096 0.0657977 0.1460406 -0.0485288
21.885 0.48157841482685970 0.0570961 0.0657935 0.1460292 -0.0485272
21.886 0.48159056502218828 0.0570825 0.0657893 0.1460177 -0.0485255
21.887 0.48160271508135388 0.0570689 0.0657851 0.1460062 -0.0485239
21.888 0.48161486500437783 0.0570552 0.0657809 0.1459947 -0.0485222
21.889 0.48162701479128134 0.0570415 0.0657766 0.1459832 -0.0485205
21.890 0.48163916444208577 0.0570278 0.0657724 0.1459717 -0.0485189
21.891 0.48165131395681232 0.057014 0.0657682 0.1459601 -0.0485172
21.892 0.48166346333548243 0.0570002 0.065764 0.1459486 -0.0485155
21.893 0.48167561257811720 0.0569863 0.0657598 0.145937 -0.0485138
21.894 0.48168776168473793 0.0569724 0.0657556 0.1459254 -0.0485122
21.895 0.48169991065536610 0.0569584 0.0657514 0.1459138 -0.0485105
21.896 0.48171205949002271 0.0569445 0.0657471 0.1459022 -0.0485088
21.897 0.48172420818872930 0.0569304 0.0657429 0.1458906 -0.0485071
21.898 0.48173635675150683 0.0569163 0.0657387 0.145879 -0.0485054
21.899 0.48174850517837692 0.0569022 0.0657345 0.1458673 -0.0485037
21.900 0.48176065346936059 0.0568881 0.0657303 0.1458557 -0.048502
21.901 0.48177280162447922 0.0568739 0.0657261 0.145844 -0.0485002
21.902 0.48178494964375412 0.0568596 0.0657219 0.1458323 -0.0484985
21.903 0.48179709752720634 0.0568454 0.0657177 0.1458206 -0.0484968
21.904 0.48180924527485730 0.056831 0.0657135 0.1458089 -0.0484951
21.905 0.48182139288672837 0.0568167 0.0657093 0.1457972 -0.0484933
21.906 0.48183354036284054 0.0568023 0.0657051 0.1457854 -0.0484916
21.907 0.48184568770321529 0.0567878 0.0657009 0.1457737 -0.0484899
21.908 0.48185783490787382 0.0567733 0.0656967 0.1457619 -0.0484881
21.909 0.48186998197683728 0.0567588 0.0656925 0.1457501 -0.0484864
21.910 0.48188212891012711 0.0567442 0.0656883 0.1457383 -0.0484846
21.911 0.48189427570776444 0.0567296 0.0656841 0.1457265 -0.0484829
21.912 0.48190642236977038 0.056715 0.0656799 0.1457147 -0.0484811
21.913 0.48191856889616652 0.0567003 0.0656757 0.1457028 -0.0484793
21.914 0.48193071528697384 0.0566855 0.0656715 0.145691 -0.0484776
21.915 0.48194286154221372 0.0566707 0.0656673 0.1456791 -0.0484758
21.916 0.48195500766190730 0.0566559 0.0656631 0.1456672 -0.048474
21.917 0.48196715364607584 0.0566411 0.0656589 0.1456553 -0.0484722
21.918 0.48197929949474061 0.0566261 0.0656547 0.1456434 -0.0484705
21.919 0.48199144520792292 0.0566112 0.0656506 0.1456315 -0.0484687
21.920 0.48200359078564381 0.0565962 0.0656464 0.1456196 -0.0484669
21.921 0.48201573622792465 0.0565812 0.0656422 0.1456076 -0.0484651
21.922 0.48202788153478671 0.0565661 0.065638 0.1455956 -0.0484633
21.923 0.48204002670625107 0.056551 0.0656338 0.1455837 -0.0484615
21.924 0.48205217174233911 0.0565358 0.0656296 0.1455717 -0.0484596
21.925 0.48206431664307198 0.0565206 0.0656254 0.1455597 -0.0484578
21.926 0.48207646140847094 0.0565054 0.0656212 0.1455476 -0.048456
21.927 0.48208860603855713 0.0564901 0.0656171 0.1455356 -0.0484542
21.928 0.48210075053335194 0.0564748 0.0656129 0.1455236 -0.0484524
21.929 0.48211289489287640 0.0564594 0.0656087 0.1455115 -0.0484505
21.930 0.48212503911715188 0.056444 0.0656045 0.1454994 -0.0484487
21.931 0.48213718320619947 0.0564286 0.0656003 0.1454873 -0.0484469
21.932 0.48214932716004039 0.0564131 0.0655962 0.1454752 -0.048445
21.933 0.48216147097869599 0.0563975 0.065592 0.1454631 -0.0484432
21.934 0.48217361466218739 0.0563819 0.0655878 0.145451 -0.0484413
21.935 0.48218575821053572 0.0563663 0.0655836 0.1454388 -0.0484395
21.936 0.48219790162376236 0.0563507 0.0655794 0.1454267 -0.0484376
21.937 0.48221004490188840 0.056335 0.0655753 0.1454145 -0.0484357
21.938 0.48222218804493505 0.0563192 0.0655711 0.1454023 -0.0484339
21.939 0.48223433105292351 0.0563034 0.0655669 0.1453901 -0.048432
21.940 0.48224647392587511 0.0562876 0.0655627 0.1453779 -0.0484301
21.941 0.48225861666381076 0.0562717 0.0655586 0.1453656 -0.0484282
21.942 0.48227075926675200 0.0562558 0.0655544 0.1453534 -0.0484263
21.943 0.48228290173471977 0.0562398 0.0655502 0.1453411 -0.0484245
21.944 0.48229504406773538 0.0562238 0.0655461 0.1453289 -0.0484226
21.945 0.48230718626582003 0.0562078 0.0655419 0.1453166 -0.0484207
21.946 0.48231932832899488 0.0561917 0.0655377 0.1453043 -0.0484188
21.947 0.48233147025728101 0.0561756 0.0655336 0.145292 -0.0484169
21.948 0.48234361205069987 0.0561594 0.0655294 0.1452796 -0.0484149
21.949 0.48235575370927242 0.0561432 0.0655252 0.1452673 -0.048413
21.950 0.48236789523301982 0.0561269 0.065521 0.1452549 -0.0484111
21.951 0.48238003662196349 0.0561106 0.0655169 0.1452426 -0.0484092
21.952 0.48239217787612432 0.0560943 0.0655127 0.1452302 -0.0484073
21.953 0.48240431899552366 0.0560779 0.0655086 0.1452178 -0.0484053
21.954 0.48241645998018273 0.0560615 0.0655044 0.1452054 -0.0484034
21.955 0.48242860083012257 0.056045 0.0655002 0.1451929 -0.0484015
21.956 0.48244074154536443 0.0560285 0.0654961 0.1451805 -0.0483995
21.957 0.48245288212592952 0.0560119 0.0654919 0.145168 -0.0483976
21.958 0.48246502257183882 0.0559953 0.0654877 0.1451555 -0.0483956
21.959 0.48247716288311371 0.0559787 0.0654836 0.1451431 -0.0483937
21.960 0.48248930305977533 0.055962 0.0654794 0.1451306 -0.0483917
21.961 0.48250144310184473 0.0559453 0.0654753 0.145118 -0.0483897
21.962 0.48251358300934316 0.0559285 0.0654711 0.1451055 -0.0483878
21.963 0.48252572278229172 0.0559117 0.0654669 0.145093 -0.0483858
21.964 0.48253786242071156 0.0558948 0.0654628 0.1450804 -0.0483838
21.965 0.48255000192462394 0.0558779 0.0654586 0.1450678 -0.0483818
21.966 0.48256214129404995 0.055861 0.0654545 0.1450552 -0.0483799
21.967 0.48257428052901069 0.055844 0.0654503 0.1450426 -0.0483779
21.968 0.48258641962952747 0.055827 0.0654462 0.14503 -0.0483759
21.969 0.48259855859562129 0.0558099 0.065442 0.1450174 -0.0483739
21.970 0.48261069742731327 0.0557928 0.0654378 0.1450048 -0.0483719
21.971 0.48262283612462475 0.0557757 0.0654337 0.1449921 -0.0483699
21.972 0.48263497468757677 0.0557584 0.0654295 0.1449794 -0.0483679
21.973 0.48264711311619035 0.0557412 0.0654254 0.1449667 -0.0483658
21.974 0.48265925141048688 0.0557239 0.0654212 0.144954 -0.0483638
21.975 0.48267138957048727 0.0557066 0.0654171 0.1449413 -0.0483618
21.976 0.48268352759621286 0.0556892 0.0654129 0.1449286 -0.0483598
21.977 0.48269566548768456 0.0556718 0.0654088 0.1449158 -0.0483577
21.978 0.48270780324492363 0.0556543 0.0654046 0.1449031 -0.0483557
21.979 0.48271994086795128 0.0556368 0.0654005 0.1448903 -0.0483537
21.980 0.48273207835678850 0.0556193 0.0653963 0.1448775 -0.0483516
21.981 0.48274421571145654 0.0556017 0.0653922 0.1448647 -0.0483496
21.982 0.48275635293197638 0.0555841 0.065388 0.1448519 -0.0483475
21.983 0.48276849001836930 0.0555664 0.0653839 0.1448391 -0.0483455
21.984 0.48278062697065638 0.0555487 0.0653797 0.1448262 -0.0483434
21.985 0.48279276378885860 0.0555309 0.0653756 0.1448133 -0.0483414
21.986 0.48280490047299734 0.0555131 0.0653714 0.1448005 -0.0483393
21.987 0.48281703702309348 0.0554952 0.0653673 0.1447876 -0.0483372
21.988 0.48282917343916826 0.0554773 0.0653632 0.1447747 -0.0483351
21.989 0.48284130972124284 0.0554594 0.065359 0.1447617 -0.0483331
21.990 0.48285344586933820 0.0554414 0.0653549 0.1447488 -0.048331
21.991 0.48286558188347550 0.0554234 0.0653507 0.1447359 -0.0483289
21.992 0.48287771776367600 0.0554053 0.0653466 0.1447229 -0.0483268
21.993 0.48288985350996055 0.0553872 0.0653424 0.1447099 -0.0483247
21.994 0.48290198912235049 0.0553691 0.0653383 0.1446969 -0.0483226
21.995 0.48291412460086680 0.0553509 0.0653341 0.1446839 -0.0483205
21.996 0.48292625994553057 0.0553326 0.06533 0.1446709 -0.0483184
21.997 0.48293839515636294 0.0553143 0.0653259 0.1446579 -0.0483163
21.998 0.48295053023338502 0.055296 0.0653217 0.1446448 -0.0483142
21.999 0.48296266517661784 0.0552776 0.0653176 0.1446317 -0.048312
22.000 0.48297479998608267 0.0552592 0.0653134 0.1446186 -0.0483099
22.001 0.48298693466180043 0.0552407 0.0653093 0.1446055 -0.0483078
22.002 0.48299906920379226 0.0552222 0.0653052 0.1445924 -0.0483057
22.003 0.48301120361207933 0.0552037 0.065301 0.1445793 -0.0483035
22.004 0.48302333788668261 0.0551851 0.0652969 0.1445662 -0.0483014
22.005 0.48303547202762326 0.0551664 0.0652927 0.144553 -0.0482992
22.006 0.48304760603492236 0.0551478 0.0652886 0.1445398 -0.0482971
22.007 0.48305973990860096 0.055129 0.0652845 0.1445267 -0.0482949
22.008 0.48307187364868026 0.0551103 0.0652803 0.1445134 -0.0482928
22.009 0.48308400725518119 0.0550914 0.0652762 0.1445002 -0.0482906
22.010 0.48309614072812496 0.0550726 0.065272 0.144487 -0.0482885
22.011 0.48310827406753248 0.0550537 0.0652679 0.1444738 -0.0482863
22.012 0.48312040727342492 0.0550347 0.0652638 0.1444605 -0.0482841
22.013 0.48313254034582342 0.0550157 0.0652596 0.1444472 -0.0482819
22.014 0.48314467328474897 0.0549967 0.0652555 0.1444339 -0.0482797
22.015 0.48315680609022271 0.0549776 0.0652514 0.1444206 -0.0482776
22.016 0.48316893876226552 0.0549585 0.0652472 0.1444073 -0.0482754
22.017 0.48318107130089877 0.0549393 0.0652431 0.144394 -0.0482732
22.018 0.48319320370614338 0.0549201 0.065239 0.1443806 -0.048271
22.019 0.48320533597802029 0.0549008 0.0652348 0.1443672 -0.0482688
22.020 0.48321746811655081 0.0548815 0.0652307 0.1443539 -0.0482666
22.021 0.48322960012175575 0.0548622 0.0652266 0.1443405 -0.0482644
22.022 0.48324173199365639 0.0548428 0.0652224 0.1443271 -0.0482621
22.023 0.48325386373227364 0.0548234 0.0652183 0.1443136 -0.0482599
22.024 0.48326599533762860 0.0548039 0.0652142 0.1443002 -0.0482577
22.025 0.48327812680974236 0.0547844 0.06521 0.1442867 -0.0482555
22.026 0.48329025814863591 0.0547648 0.0652059 0.1442733 -0.0482532
22.027 0.48330238935433034 0.0547452 0.0652018 0.1442598 -0.048251
22.028 0.48331452042684664 0.0547255 0.0651976 0.1442463 -0.0482488
22.029 0.48332665136620595 0.0547058 0.0651935 0.1442328 -0.0482465
22.030 0.48333878217242932 0.0546861 0.0651894 0.1442192 -0.0482443
22.031 0.48335091284553766 0.0546663 0.0651852 0.1442057 -0.048242
22.032 0.48336304338555219 0.0546464 0.0651811 0.1441921 -0.0482398
22.033 0.48337517379249378 0.0546265 0.065177 0.1441785 -0.0482375
22.034 0.48338730406638358 0.0546066 0.0651728 0.1441649 -0.0482352
22.035 0.48339943420724263 0.0545866 0.0651687 0.1441513 -0.048233
22.036 0.48341156421509185 0.0545666 0.0651646 0.1441377 -0.0482307
22.037 0.48342369408995239 0.0545466 0.0651604 0.1441241 -0.0482284
22.038 0.48343582383184530 0.0545264 0.0651563 0.1441104 -0.0482262
22.039 0.48344795344079156 0.0545063 0.0651522 0.1440967 -0.0482239
22.040 0.48346008291681214 0.0544861 0.065148 0.1440831 -0.0482216
22.041 0.48347221225992820 0.0544658 0.0651439 0.1440694 -0.0482193
22.042 0.48348434147016062 0.0544456 0.0651398 0.1440556 -0.048217
22.043 0.48349647054753048 0.0544252 0.0651357 0.1440419 -0.0482147
22.044 0.48350859949205888 0.0544048 0.0651315 0.1440282 -0.0482124
22.045 0.48352072830376674 0.0543844 0.0651274 0.1440144 -0.0482101
22.046 0.48353285698267512 0.054364 0.0651233 0.1440006 -0.0482078
22.047 0.48354498552880504 0.0543434 0.0651191 0.1439868 -0.0482054
22.048 0.48355711394217737 0.0543229 0.065115 0.143973 -0.0482031
22.049 0.48356924222281350 0.0543023 0.0651109 0.1439592 -0.0482008
22.050 0.48358137037073412 0.0542816 0.0651067 0.1439454 -0.0481985
22.051 0.48359349838596022 0.0542609 0.0651026 0.1439315 -0.0481961
22.052 0.48360562626851300 0.0542402 0.0650985 0.1439176 -0.0481938
22.053 0.48361775401841339 0.0542194 0.0650944 0.1439038 -0.0481915
22.054 0.48362988163568238 0.0541986 0.0650902 0.1438899 -0.0481891
22.055 0.48364200912034094 0.0541777 0.0650861 0.1438759 -0.0481868
22.056 0.48365413647241012 0.0541568 0.065082 0.143862 -0.0481844
22.057 0.48366626369191090 0.0541358 0.0650778 0.1438481 -0.0481821
22.058 0.48367839077886432 0.0541148 0.0650737 0.1438341 -0.0481797
22.059 0.48369051773329136 0.0540937 0.0650696 0.1438201 -0.0481773
22.060 0.48370264455521289 0.0540726 0.0650654 0.1438061 -0.048175
22.061 0.48371477124465012 0.0540515 0.0650613 0.1437921 -0.0481726
22.062 0.48372689780162392 0.0540303 0.0650572 0.1437781 -0.0481702
22.063 0.48373902422615517 0.0540091 0.0650531 0.1437641 -0.0481678
22.064 0.48375115051826512 0.0539878 0.0650489 0.14375 -0.0481654
22.065 0.48376327667797459 0.0539664 0.0650448 0.1437359 -0.048163
22.066 0.48377540270530450 0.0539451 0.0650407 0.1437218 -0.0481607
22.067 0.48378752860027602 0.0539236 0.0650365 0.1437077 -0.0481583
22.068 0.48379965436291000 0.0539022 0.0650324 0.1436936 -0.0481559
22.069 0.48381177999322744 0.0538806 0.0650283 0.1436795 -0.0481534
22.070 0.48382390549124937 0.0538591 0.0650241 0.1436653 -0.048151
22.071 0.48383603085699672 0.0538375 0.06502 0.1436512 -0.0481486
22.072 0.48384815609049048 0.0538158 0.0650159 0.143637 -0.0481462
22.073 0.48386028119175167 0.0537941 0.0650118 0.1436228 -0.0481438
22.074 0.48387240616080113 0.0537724 0.0650076 0.1436086 -0.0481414
22.075 0.48388453099765988 0.0537506 0.0650035 0.1435943 -0.0481389
22.076 0.48389665570234902 0.0537288 0.0649994 0.1435801 -0.0481365
22.077 0.48390878027488932 0.0537069 0.0649952 0.1435658 -0.0481341
22.078 0.48392090471530191 0.0536849 0.0649911 0.1435515 -0.0481316
22.079 0.48393302902360763 0.053663 0.064987 0.1435373 -0.0481292
22.080 0.48394515319982745 0.0536409 0.0649828 0.1435229 -0.0481267
22.081 0.48395727724398241 0.0536189 0.0649787 0.1435086 -0.0481243
22.082 0.48396940115609344 0.0535968 0.0649746 0.1434943 -0.0481218
22.083 0.48398152493618146 0.0535746 0.0649704 0.1434799 -0.0481193
22.084 0.48399364858426752 0.0535524 0.0649663 0.1434655 -0.0481169
22.085 0.48400577210037243 0.0535301 0.0649622 0.1434512 -0.0481144
22.086 0.48401789548451729 0.0535078 0.064958 0.1434368 -0.0481119
22.087 0.48403001873672286 0.0534855 0.0649539 0.1434223 -0.0481094
22.088 0.48404214185701028 0.0534631 0.0649498 0.1434079 -0.048107
22.089 0.48405426484540032 0.0534407 0.0649456 0.1433934 -0.0481045
22.090 0.48406638770191407 0.0534182 0.0649415 0.143379 -0.048102
22.091 0.48407851042657252 0.0533957 0.0649374 0.1433645 -0.0480995
22.092 0.48409063301939631 0.0533731 0.0649332 0.14335 -0.048097
22.093 0.48410275548040671 0.0533505 0.0649291 0.1433355 -0.0480945
22.094 0.48411487780962453 0.0533278 0.064925 0.1433209 -0.048092
22.095 0.48412700000707065 0.0533051 0.0649208 0.1433064 -0.0480895
22.096 0.48413912207276610 0.0532823 0.0649167 0.1432918 -0.0480869
22.097 0.48415124400673176 0.0532595 0.0649126 0.1432772 -0.0480844
22.098 0.48416336580898856 0.0532366 0.0649084 0.1432626 -0.0480819
22.099 0.48417548747955746 0.0532137 0.0649043 0.143248 -0.0480794
22.100 0.48418760901845936 0.0531908 0.0649002 0.1432334 -0.0480768
22.101 0.48419973042571518 0.0531678 0.064896 0.1432187 -0.0480743
22.102 0.48421185170134590 0.0531447 0.0648919 0.1432041 -0.0480718
22.103 0.48422397284537233 0.0531216 0.0648877 0.1431894 -0.0480692
22.104 0.48423609385781546 0.0530985 0.0648836 0.1431747 -0.0480667
22.105 0.48424821473869628 0.0530753 0.0648795 0.14316 -0.0480641
22.106 0.48426033548803565 0.0530521 0.0648753 0.1431453 -0.0480616
22.107 0.48427245610585434 0.0530288 0.0648712 0.1431305 -0.048059
22.108 0.48428457659217355 0.0530055 0.064867 0.1431157 -0.0480564
22.109 0.48429669694701394 0.0529821 0.0648629 0.143101 -0.0480539
22.110 0.48430881717039653 0.0529587 0.0648588 0.1430862 -0.0480513
22.111 0.48432093726234227 0.0529352 0.0648546 0.1430714 -0.0480487
22.112 0.48433305722287195 0.0529117 0.0648505 0.1430565 -0.0480461
22.113 0.48434517705200653 0.0528881 0.0648463 0.1430417 -0.0480436
22.114 0.48435729674976702 0.0528645 0.0648422 0.1430268 -0.048041
22.115 0.48436941631617408 0.0528409 0.0648381 0.1430119 -0.0480384
22.116 0.48438153575124887 0.0528172 0.0648339 0.1429971 -0.0480358
22.117 0.48439365505501220 0.0527934 0.0648298 0.1429821 -0.0480332
22.118 0.48440577422748488 0.0527696 0.0648256 0.1429672 -0.0480306
22.119 0.48441789326868795 0.0527458 0.0648215 0.1429523 -0.048028
22.120 0.48443001217864218 0.0527219 0.0648173 0.1429373 -0.0480253
22.121 0.48444213095736838 0.052698 0.0648132 0.1429223 -0.0480227
22.122 0.48445424960488775 0.052674 0.0648091 0.1429073 -0.0480201
22.123 0.48446636812122090 0.0526499 0.0648049 0.1428923 -0.0480175
22.124 0.48447848650638881 0.0526258 0.0648008 0.1428773 -0.0480149
22.125 0.48449060476041239 0.0526017 0.0647966 0.1428623 -0.0480122
22.126 0.48450272288331248 0.0525775 0.0647925 0.1428472 -0.0480096
22.127 0.48451484087510999 0.0525533 0.0647883 0.1428321 -0.0480069
22.128 0.48452695873582580 0.052529 0.0647842 0.142817 -0.0480043
22.129 0.48453907646548078 0.0525047 0.06478 0.1428019 -0.0480016
22.130 0.48455119406409580 0.0524803 0.0647759 0.1427868 -0.047999
22.131 0.48456331153169174 0.0524559 0.0647717 0.1427716 -0.0479963
22.132 0.48457542886828953 0.0524315 0.0647676 0.1427565 -0.0479937
22.133 0.48458754607390997 0.052407 0.0647634 0.1427413 -0.047991
22.134 0.48459966314857394 0.0523824 0.0647593 0.1427261 -0.0479883
22.135 0.48461178009230232 0.0523578 0.0647551 0.1427109 -0.0479857
22.136 0.48462389690511593 0.0523331 0.064751 0.1426957 -0.047983
22.137 0.48463601358703573 0.0523084 0.0647468 0.1426804 -0.0479803
22.138 0.48464813013808250 0.0522837 0.0647427 0.1426652 -0.0479776
22.139 0.48466024655827716 0.0522589 0.0647385 0.1426499 -0.0479749
22.140 0.48467236284764054 0.052234 0.0647343 0.1426346 -0.0479722
22.141 0.48468447900619349 0.0522091 0.0647302 0.1426193 -0.0479695
22.142 0.48469659503395690 0.0521842 0.064726 0.1426039 -0.0479668
22.143 0.48470871093095169 0.0521592 0.0647219 0.1425886 -0.0479641
22.144 0.48472082669719851 0.0521342 0.0647177 0.1425732 -0.0479614
22.145 0.48473294233271835 0.0521091 0.0647136 0.1425578 -0.0479587
22.146 0.48474505783753213 0.0520839 0.0647094 0.1425424 -0.047956
22.147 0.48475717321166056 0.0520587 0.0647052 0.142527 -0.0479533
22.148 0.48476928845512451 0.0520335 0.0647011 0.1425116 -0.0479505
22.149 0.48478140356794491 0.0520082 0.0646969 0.1424961 -0.0479478
22.150 0.48479351855014252 0.0519829 0.0646927 0.1424807 -0.0479451
22.151 0.48480563340173827 0.0519575 0.0646886 0.1424652 -0.0479423
22.152 0.48481774812275291 0.0519321 0.0646844 0.1424497 -0.0479396
22.153 0.48482986271320727 0.0519066 0.0646803 0.1424342 -0.0479368
22.154 0.48484197717312227 0.0518811 0.0646761 0.1424186 -0.0479341
22.155 0.48485409150251868 0.0518555 0.0646719 0.1424031 -0.0479313
22.156 0.48486620570141736 0.0518299 0.0646678 0.1423875 -0.0479286
22.157 0.48487831976983919 0.0518042 0.0646636 0.1423719 -0.0479258
22.158 0.48489043370780488 0.0517785 0.0646594 0.1423563 -0.0479231
22.159 0.48490254751533535 0.0517527 0.0646552 0.1423407 -0.0479203
22.160 0.48491466119245141 0.0517269 0.0646511 0.142325 -0.0479175
22.161 0.48492677473917389 0.0517011 0.0646469 0.1423094 -0.0479147
22.162 0.48493888815552355 0.0516752 0.0646427 0.1422937 -0.0479119
22.163 0.48495100144152137 0.0516492 0.0646386 0.142278 -0.0479092
22.164 0.48496311459718799 0.0516232 0.0646344 0.1422623 -0.0479064
22.165 0.48497522762254436 0.0515971 0.0646302 0.1422466 -0.0479036
22.166 0.48498734051761122 0.051571 0.064626 0.1422308 -0.0479008
22.167 0.48499945328240945 0.0515449 0.0646219 0.142215 -0.047898
22.168 0.48501156591695971 0.0515186 0.0646177 0.1421993 -0.0478952
22.169 0.48502367842128297 0.0514924 0.0646135 0.1421835 -0.0478924
22.170 0.48503579079540005 0.0514661 0.0646093 0.1421677 -0.0478895
22.171 0.48504790303933165 0.0514397 0.0646051 0.1421518 -0.0478867
22.172 0.48506001515309866 0.0514133 0.064601 0.142136 -0.0478839
22.173 0.48507212713672188 0.0513869 0.0645968 0.1421201 -0.0478811
22.174 0.48508423899022202 0.0513604 0.0645926 0.1421042 -0.0478782
22.175 0.48509635071362006 0.0513338 0.0645884 0.1420883 -0.0478754
22.176 0.48510846230693655 0.0513072 0.0645842 0.1420724 -0.0478726
22.177 0.48512057377019252 0.0512806 0.06458 0.1420564 -0.0478697
22.178 0.48513268510340868 0.0512539 0.0645759 0.1420405 -0.0478669
22.179 0.48514479630660579 0.0512271 0.0645717 0.1420245 -0.047864
22.180 0.48515690737980477 0.0512003 0.0645675 0.1420085 -0.0478612
22.181 0.48516901832302622 0.0511735 0.0645633 0.1419925 -0.0478583
22.182 0.48518112913629102 0.0511466 0.0645591 0.1419765 -0.0478554
22.183 0.48519323981962004 0.0511196 0.0645549 0.1419604 -0.0478526
22.184 0.48520535037303397 0.0510926 0.0645507 0.1419443 -0.0478497
22.185 0.48521746079655359 0.0510656 0.0645465 0.1419283 -0.0478468
22.186 0.48522957109019982 0.0510385 0.0645423 0.1419122 -0.0478439
22.187 0.48524168125399325 0.0510113 0.0645381 0.141896 -0.0478411
22.188 0.48525379128795471 0.0509841 0.0645339 0.1418799 -0.0478382
22.189 0.48526590119210511 0.0509569 0.0645297 0.1418637 -0.0478353
22.190 0.48527801096646511 0.0509296 0.0645255 0.1418476 -0.0478324
22.191 0.48529012061105548 0.0509023 0.0645213 0.1418314 -0.0478295
22.192 0.48530223012589707 0.0508749 0.0645171 0.1418152 -0.0478266
22.193 0.48531433951101061 0.0508474 0.0645129 0.1417989 -0.0478237
22.194 0.48532644876641678 0.0508199 0.0645087 0.1417827 -0.0478208
22.195 0.48533855789213659 0.0507924 0.0645045 0.1417664 -0.0478178
22.196 0.48535066688819056 0.0507648 0.0645003 0.1417501 -0.0478149
22.197 0.48536277575459963 0.0507371 0.0644961 0.1417338 -0.047812
22.198 0.48537488449138444 0.0507094 0.0644919 0.1417175 -0.0478091
22.199 0.48538699309856581 0.0506817 0.0644877 0.1417012 -0.0478061
22.200 0.48539910157616445 0.0506539 0.0644835 0.1416848 -0.0478032
22.201 0.48541120992420111 0.0506261 0.0644792 0.1416684 -0.0478003
22.202 0.48542331814269674 0.0505982 0.064475 0.141652 -0.0477973
22.203 0.48543542623167185 0.0505702 0.0644708 0.1416356 -0.0477944
22.204 0.48544753419114728 0.0505422 0.0644666 0.1416192 -0.0477914
22.205 0.48545964202114378 0.0505142 0.0644624 0.1416028 -0.0477885
22.206 0.48547174972168228 0.0504861 0.0644582 0.1415863 -0.0477855
22.207 0.48548385729278321 0.0504579 0.0644539 0.1415698 -0.0477825
22.208 0.48549596473446749 0.0504297 0.0644497 0.1415533 -0.0477796
22.209 0.48550807204675595 0.0504015 0.0644455 0.1415368 -0.0477766
22.210 0.48552017922966922 0.0503732 0.0644413 0.1415202 -0.0477736
22.211 0.48553228628322803 0.0503448 0.064437 0.1415037 -0.0477706
22.212 0.48554439320745313 0.0503164 0.0644328 0.1414871 -0.0477677
22.213 0.48555650000236533 0.050288 0.0644286 0.1414705 -0.0477647
22.214 0.48556860666798529 0.0502595 0.0644244 0.1414539 -0.0477617
22.215 0.48558071320433371 0.0502309 0.0644201 0.1414372 -0.0477587
22.216 0.48559281961143147 0.0502023 0.0644159 0.1414206 -0.0477557
22.217 0.48560492588929921 0.0501736 0.0644117 0.1414039 -0.0477527
22.218 0.48561703203795764 0.0501449 0.0644074 0.1413872 -0.0477497
22.219 0.48562913805742758 0.0501162 0.0644032 0.1413705 -0.0477467
22.220 0.48564124394772962 0.0500874 0.064399 0.1413538 -0.0477436
22.221 0.48565334970888463 0.0500585 0.0643947 0.141337 -0.0477406
22.222 0.48566545534091327 0.0500296 0.0643905 0.1413203 -0.0477376
22.223 0.48567756084383618 0.0500006 0.0643862 0.1413035 -0.0477346
22.224 0.48568966621767429 0.0499716 0.064382 0.1412867 -0.0477315
22.225 0.48570177146244814 0.0499425 0.0643777 0.1412698 -0.0477285
22.226 0.48571387657817849 0.0499134 0.0643735 0.141253 -0.0477255
22.227 0.48572598156488611 0.0498843 0.0643692 0.1412361 -0.0477224
22.228 0.48573808642259159 0.049855 0.064365 0.1412193 -0.0477194
22.229 0.48575019115131579 0.0498258 0.0643607 0.1412024 -0.0477163
22.230 0.48576229575107938 0.0497965 0.0643565 0.1411854 -0.0477132
22.231 0.48577440022190305 0.0497671 0.0643522 0.1411685 -0.0477102
22.232 0.48578650456380740 0.0497377 0.064348 0.1411515 -0.0477071
22.233 0.48579860877681330 0.0497082 0.0643437 0.1411346 -0.0477041
22.234 0.48581071286094146 0.0496786 0.0643395 0.1411176 -0.047701
22.235 0.48582281681621242 0.0496491 0.0643352 0.1411006 -0.0476979
22.236 0.48583492064264705 0.0496194 0.0643309 0.1410835 -0.0476948
22.237 0.48584702434026589 0.0495898 0.0643267 0.1410665 -0.0476917
22.238 0.48585912790908986 0.04956 0.0643224 0.1410494 -0.0476886
22.239 0.48587123134913945 0.0495302 0.0643181 0.1410323 -0.0476856
22.240 0.48588333466043548 0.0495004 0.0643139 0.1410152 -0.0476825
22.241 0.48589543784299860 0.0494705 0.0643096 0.1409981 -0.0476794
22.242 0.48590754089684951 0.0494406 0.0643053 0.1409809 -0.0476762
22.243 0.48591964382200886 0.0494106 0.064301 0.1409637 -0.0476731
22.244 0.48593174661849736 0.0493805 0.0642968 0.1409465 -0.04767
22.245 0.48594384928633572 0.0493504 0.0642925 0.1409293 -0.0476669
22.246 0.48595595182554457 0.0493203 0.0642882 0.1409121 -0.0476638
22.247 0.48596805423614464 0.0492901 0.0642839 0.1408948 -0.0476607
22.248 0.48598015651815668 0.0492598 0.0642796 0.1408776 -0.0476575
22.249 0.48599225867160117 0.0492295 0.0642754 0.1408603 -0.0476544
22.250 0.48600436069649899 0.0491991 0.0642711 0.140843 -0.0476513
22.251 0.48601646259287079 0.0491687 0.0642668 0.1408257 -0.0476481
22.252 0.48602856436073705 0.0491383 0.0642625 0.1408083 -0.047645
22.253 0.48604066600011869 0.0491077 0.0642582 0.1407909 -0.0476418
22.254 0.48605276751103632 0.0490772 0.0642539 0.1407736 -0.0476387
22.255 0.48606486889351047 0.0490465 0.0642496 0.1407561 -0.0476355
22.256 0.48607697014756196 0.0490159 0.0642453 0.1407387 -0.0476323
22.257 0.48608907127321144 0.0489851 0.064241 0.1407213 -0.0476292
22.258 0.48610117227047950 0.0489544 0.0642367 0.1407038 -0.047626
22.259 0.48611327313938690 0.0489235 0.0642324 0.1406863 -0.0476228
22.260 0.48612537387995419 0.0488926 0.0642281 0.1406688 -0.0476196
22.261 0.48613747449220213 0.0488617 0.0642238 0.1406513 -0.0476165
22.262 0.48614957497615136 0.0488307 0.0642195 0.1406337 -0.0476133
22.263 0.48616167533182247 0.0487997 0.0642152 0.1406162 -0.0476101
22.264 0.48617377555923613 0.0487686 0.0642109 0.1405986 -0.0476069
22.265 0.48618587565841315 0.0487374 0.0642065 0.140581 -0.0476037
22.266 0.48619797562937395 0.0487062 0.0642022 0.1405633 -0.0476005
22.267 0.48621007547213935 0.0486749 0.0641979 0.1405457 -0.0475973
22.268 0.48622217518672994 0.0486436 0.0641936 0.140528 -0.0475941
22.269 0.48623427477316628 0.0486123 0.0641893 0.1405103 -0.0475909
22.270 0.48624637423146921 0.0485808 0.0641849 0.1404926 -0.0475876
22.271 0.48625847356165924 0.0485494 0.0641806 0.1404749 -0.0475844
22.272 0.48627057276375707 0.0485179 0.0641763 0.1404571 -0.0475812
22.273 0.48628267183778329 0.0484863 0.0641719 0.1404394 -0.047578
22.274 0.48629477078375855 0.0484546 0.0641676 0.1404216 -0.0475747
22.275 0.48630686960170350 0.048423 0.0641633 0.1404038 -0.0475715
22.276 0.48631896829163879 0.0483912 0.0641589 0.1403859 -0.0475682
22.277 0.48633106685358507 0.0483594 0.0641546 0.1403681 -0.047565
22.278 0.48634316528756283 0.0483276 0.0641503 0.1403502 -0.0475617
22.279 0.48635526359359293 0.0482957 0.0641459 0.1403323 -0.0475585
22.280 0.48636736177169587 0.0482637 0.0641416 0.1403144 -0.0475552
22.281 0.48637945982189229 0.0482317 0.0641372 0.1402965 -0.047552
22.282 0.48639155774420278 0.0481997 0.0641329 0.1402785 -0.0475487
22.283 0.48640365553864806 0.0481675 0.0641285 0.1402605 -0.0475454
22.284 0.48641575320524866 0.0481354 0.0641242 0.1402425 -0.0475421
22.285 0.48642785074402523 0.0481032 0.0641198 0.1402245 -0.0475389
22.286 0.48643994815499847 0.0480709 0.0641154 0.1402065 -0.0475356
22.287 0.48645204543818887 0.0480385 0.0641111 0.1401884 -0.0475323
22.288 0.48646414259361709 0.0480062 0.0641067 0.1401703 -0.047529
22.289 0.48647623962130382 0.0479737 0.0641023 0.1401522 -0.0475257
22.290 0.48648833652126955 0.0479412 0.064098 0.1401341 -0.0475224
22.291 0.48650043329353504 0.0479087 0.0640936 0.140116 -0.0475191
22.292 0.48651252993812077 0.0478761 0.0640892 0.1400978 -0.0475158
22.293 0.48652462645504735 0.0478434 0.0640848 0.1400796 -0.0475125
22.294 0.48653672284433552 0.0478107 0.0640805 0.1400614 -0.0475092
22.295 0.48654881910600573 0.0477779 0.0640761 0.1400432 -0.0475058
22.296 0.48656091524007866 0.0477451 0.0640717 0.1400249 -0.0475025
22.297 0.48657301124657498 0.0477122 0.0640673 0.1400067 -0.0474992
22.298 0.48658510712551506 0.0476793 0.0640629 0.1399884 -0.0474959
22.299 0.48659720287691977 0.0476463 0.0640585 0.13997 -0.0474925
22.300 0.48660929850080958 0.0476133 0.0640541 0.1399517 -0.0474892
22.301 0.48662139399720505 0.0475802 0.0640497 0.1399334 -0.0474858
22.302 0.48663348936612688 0.047547 0.0640454 0.139915 -0.0474825
22.303 0.48664558460759560 0.0475138 0.0640409 0.1398966 -0.0474791
22.304 0.48665767972163176 0.0474806 0.0640365 0.1398782 -0.0474758
22.305 0.48666977470825606 0.0474473 0.0640321 0.1398597 -0.0474724
22.306 0.48668186956748899 0.0474139 0.0640277 0.1398412 -0.0474691
22.307 0.48669396429935113 0.0473805 0.0640233 0.1398228 -0.0474657
22.308 0.48670605890386315 0.047347 0.0640189 0.1398042 -0.0474623
22.309 0.48671815338104557 0.0473134 0.0640145 0.1397857 -0.0474589
22.310 0.48673024773091894 0.0472799 0.0640101 0.1397672 -0.0474556
22.311 0.48674234195350397 0.0472462 0.0640056 0.1397486 -0.0474522
22.312 0.48675443604882107 0.0472125 0.0640012 0.13973 -0.0474488
22.313 0.48676653001689096 0.0471787 0.0639968 0.1397114 -0.0474454
22.314 0.48677862385773413 0.0471449 0.0639924 0.1396927 -0.047442
22.315 0.48679071757137116 0.0471111 0.0639879 0.1396741 -0.0474386
22.316 0.48680281115782265 0.0470771 0.0639835 0.1396554 -0.0474352
22.317 0.48681490461710913 0.0470432 0.0639791 0.1396367 -0.0474318
22.318 0.48682699794925127 0.0470091 0.0639746 0.139618 -0.0474284
22.319 0.48683909115426949 0.046975 0.0639702 0.1395992 -0.0474249
22.320 0.48685118423218443 0.0469409 0.0639657 0.1395804 -0.0474215
22.321 0.48686327718301675 0.0469067 0.0639613 0.1395617 -0.0474181
22.322 0.48687537000678682 0.0468724 0.0639568 0.1395428 -0.0474147
22.323 0.48688746270351535 0.0468381 0.0639524 0.139524 -0.0474112
22.324 0.48689955527322282 0.0468037 0.0639479 0.1395051 -0.0474078
22.325 0.48691164771592976 0.0467693 0.0639435 0.1394863 -0.0474043
22.326 0.48692374003165684 0.0467348 0.063939 0.1394674 -0.0474009
22.327 0.48693583222042447 0.0467003 0.0639345 0.1394484 -0.0473974
22.328 0.48694792428225331 0.0466657 0.0639301 0.1394295 -0.047394
22.329 0.48696001621716395 0.046631 0.0639256 0.1394105 -0.0473905
22.330 0.48697210802517676 0.0465963 0.0639211 0.1393915 -0.0473871
22.331 0.48698419970631240 0.0465615 0.0639166 0.1393725 -0.0473836
22.332 0.48699629126059157 0.0465267 0.0639121 0.1393534 -0.0473801
22.333 0.48700838268803448 0.0464918 0.0639077 0.1393344 -0.0473766
22.334 0.48702047398866194 0.0464569 0.0639032 0.1393153 -0.0473732
22.335 0.48703256516249438 0.0464219 0.0638987 0.1392962 -0.0473697
22.336 0.48704465620955234 0.0463868 0.0638942 0.1392771 -0.0473662
22.337 0.48705674712985647 0.0463517 0.0638897 0.1392579 -0.0473627
22.338 0.48706883792342709 0.0463166 0.0638852 0.1392387 -0.0473592
22.339 0.48708092859028490 0.0462813 0.0638807 0.1392195 -0.0473557
22.340 0.48709301913045044 0.0462461 0.0638762 0.1392003 -0.0473522
22.341 0.48710510954394409 0.0462107 0.0638717 0.1391811 -0.0473487
22.342 0.48711719983078655 0.0461753 0.0638672 0.1391618 -0.0473452
22.343 0.48712928999099825 0.0461399 0.0638626 0.1391425 -0.0473417
22.344 0.48714138002459978 0.0461044 0.0638581 0.1391232 -0.0473381
22.345 0.48715346993161157 0.0460688 0.0638536 0.1391038 -0.0473346
22.346 0.48716555971205427 0.0460332 0.0638491 0.1390845 -0.0473311
22.347 0.48717764936594826 0.0459975 0.0638446 0.1390651 -0.0473276
22.348 0.48718973889331418 0.0459617 0.06384 0.1390457 -0.047324
22.349 0.48720182829417252 0.0459259 0.0638355 0.1390263 -0.0473205
22.350 0.48721391756854376 0.0458901 0.0638309 0.1390068 -0.0473169
22.351 0.48722600671644845 0.0458542 0.0638264 0.1389873 -0.0473134
22.352 0.48723809573790705 0.0458182 0.0638219 0.1389678 -0.0473098
22.353 0.48725018463294006 0.0457822 0.0638173 0.1389483 -0.0473063
22.354 0.48726227340156819 0.0457461 0.0638128 0.1389287 -0.0473027
22.355 0.48727436204381169 0.0457099 0.0638082 0.1389092 -0.0472992
22.356 0.48728645055969122 0.0456737 0.0638036 0.1388896 -0.0472956
22.357 0.48729853894922720 0.0456375 0.0637991 0.13887 -0.047292
22.358 0.48731062721244017 0.0456011 0.0637945 0.1388503 -0.0472884
22.359 0.48732271534935068 0.0455648 0.06379 0.1388306 -0.0472848
22.360 0.48733480335997914 0.0455283 0.0637854 0.1388109 -0.0472813
22.361 0.48734689124434616 0.0454918 0.0637808 0.1387912 -0.0472777
22.362 0.48735897900247210 0.0454553 0.0637762 0.1387715 -0.0472741
22.363 0.48737106663437757 0.0454187 0.0637716 0.1387517 -0.0472705
22.364 0.48738315414008304 0.045382 0.0637671 0.1387319 -0.0472669
22.365 0.48739524151960895 0.0453453 0.0637625 0.1387121 -0.0472633
22.366 0.48740732877297588 0.0453085 0.0637579 0.1386923 -0.0472597
22.367 0.48741941590020421 0.0452716 0.0637533 0.1386724 -0.047256
22.368 0.48743150290131454 0.0452347 0.0637487 0.1386525 -0.0472524
22.369 0.48744358977632735 0.0451977 0.0637441 0.1386326 -0.0472488
22.370 0.48745567652526295 0.0451607 0.0637395 0.1386127 -0.0472452
22.371 0.48746776314814200 0.0451236 0.0637348 0.1385927 -0.0472415
22.372 0.48747984964498492 0.0450865 0.0637302 0.1385728 -0.0472379
22.373 0.48749193601581220 0.0450493 0.0637256 0.1385527 -0.0472343
22.374 0.48750402226064432 0.045012 0.063721 0.1385327 -0.0472306
22.375 0.48751610837950182 0.0449747 0.0637164 0.1385127 -0.047227
22.376 0.48752819437240508 0.0449373 0.0637117 0.1384926 -0.0472233
22.377 0.48754028023937451 0.0448998 0.0637071 0.1384725 -0.0472197
22.378 0.48755236598043078 0.0448623 0.0637025 0.1384523 -0.047216
22.379 0.48756445159559425 0.0448248 0.0636978 0.1384322 -0.0472123
22.380 0.48757653708488530 0.0447872 0.0636932 0.138412 -0.0472087
22.381 0.48758862244832463 0.0447495 0.0636885 0.1383918 -0.047205
22.382 0.48760070768593244 0.0447117 0.0636839 0.1383716 -0.0472013
22.383 0.48761279279772946 0.0446739 0.0636792 0.1383513 -0.0471976
22.384 0.48762487778373592 0.0446361 0.0636745 0.138331 -0.0471939
22.385 0.48763696264397244 0.0445981 0.0636699 0.1383107 -0.0471903
22.386 0.48764904737845932 0.0445601 0.0636652 0.1382904 -0.0471866
22.387 0.48766113198721711 0.0445221 0.0636605 0.13827 -0.0471829
22.388 0.48767321647026640 0.044484 0.0636559 0.1382497 -0.0471792
22.389 0.48768530082762734 0.0444458 0.0636512 0.1382292 -0.0471755
22.390 0.48769738505932064 0.0444076 0.0636465 0.1382088 -0.0471717
22.391 0.48770946916536667 0.0443693 0.0636418 0.1381884 -0.047168
22.392 0.48772155314578586 0.044331 0.0636371 0.1381679 -0.0471643
22.393 0.48773363700059869 0.0442925 0.0636324 0.1381474 -0.0471606
22.394 0.48774572072982558 0.0442541 0.0636277 0.1381268 -0.0471569
22.395 0.48775780433348703 0.0442155 0.063623 0.1381063 -0.0471531
22.396 0.48776988781160335 0.0441769 0.0636183 0.1380857 -0.0471494
22.397 0.48778197116419519 0.0441383 0.0636136 0.1380651 -0.0471457
22.398 0.48779405439128276 0.0440996 0.0636088 0.1380444 -0.0471419
22.399 0.48780613749288659 0.0440608 0.0636041 0.1380238 -0.0471382
22.400 0.48781822046902723 0.044022 0.0635994 0.1380031 -0.0471344
22.401 0.48783030331972499 0.0439831 0.0635947 0.1379824 -0.0471307
22.402 0.48784238604500035 0.0439441 0.0635899 0.1379616 -0.0471269
22.403 0.48785446864487364 0.0439051 0.0635852 0.1379408 -0.0471231
22.404 0.48786655111936544 0.043866 0.0635804 0.1379201 -0.0471194
22.405 0.48787863346849619 0.0438268 0.0635757 0.1378992 -0.0471156
22.406 0.48789071569228609 0.0437876 0.0635709 0.1378784 -0.0471118
22.407 0.48790279779075585 0.0437483 0.0635662 0.1378575 -0.047108
22.408 0.48791487976392567 0.043709 0.0635614 0.1378366 -0.0471043
22.409 0.48792696161181603 0.0436696 0.0635566 0.1378157 -0.0471005
22.410 0.48793904333444749 0.0436301 0.0635518 0.1377947 -0.0470967
22.411 0.48795112493184034 0.0435906 0.0635471 0.1377738 -0.0470929
22.412 0.48796320640401497 0.043551 0.0635423 0.1377527 -0.0470891
22.413 0.48797528775099192 0.0435114 0.0635375 0.1377317 -0.0470853
22.414 0.48798736897279149 0.0434717 0.0635327 0.1377107 -0.0470815
22.415 0.48799945006943418 0.0434319 0.0635279 0.1376896 -0.0470776
22.416 0.48801153104094031 0.0433921 0.0635231 0.1376684 -0.0470738
22.417 0.48802361188733034 0.0433522 0.0635183 0.1376473 -0.04707
22.418 0.48803569260862467 0.0433122 0.0635135 0.1376261 -0.0470662
22.419 0.48804777320484377 0.0432722 0.0635087 0.1376049 -0.0470623
22.420 0.48805985367600796 0.0432321 0.0635039 0.1375837 -0.0470585
22.421 0.48807193402213761 0.0431919 0.063499 0.1375625 -0.0470547
22.422 0.48808401424325326 0.0431517 0.0634942 0.1375412 -0.0470508
22.423 0.48809609433937517 0.0431114 0.0634894 0.1375199 -0.047047
22.424 0.48810817431052383 0.0430711 0.0634845 0.1374986 -0.0470431
22.425 0.48812025415671961 0.0430307 0.0634797 0.1374772 -0.0470393
22.426 0.48813233387798288 0.0429902 0.0634748 0.1374558 -0.0470354
22.427 0.48814441347433413 0.0429497 0.06347 0.1374344 -0.0470315
22.428 0.48815649294579366 0.0429091 0.0634651 0.137413 -0.0470277
22.429 0.48816857229238186 0.0428684 0.0634602 0.1373915 -0.0470238
22.430 0.48818065151411916 0.0428277 0.0634554 0.13737 -0.0470199
22.431 0.48819273061102597 0.0427869 0.0634505 0.1373485 -0.047016
22.432 0.48820480958312251 0.042746 0.0634456 0.1373269 -0.0470121
22.433 0.48821688843042937 0.0427051 0.0634407 0.1373053 -0.0470083
22.434 0.48822896715296688 0.0426641 0.0634358 0.1372837 -0.0470044
22.435 0.48824104575075528 0.0426231 0.0634309 0.1372621 -0.0470005
22.436 0.48825312422381517 0.042582 0.063426 0.1372404 -0.0469966
22.437 0.48826520257216682 0.0425408 0.0634211 0.1372187 -0.0469926
22.438 0.48827728079583049 0.0424995 0.0634162 0.137197 -0.0469887
22.439 0.48828935889482677 0.0424582 0.0634113 0.1371752 -0.0469848
22.440 0.48830143686917604 0.0424168 0.0634064 0.1371535 -0.0469809
22.441 0.48831351471889839 0.0423754 0.0634015 0.1371316 -0.046977
22.442 0.48832559244401441 0.0423339 0.0633965 0.1371098 -0.046973
22.443 0.48833767004454454 0.0422923 0.0633916 0.1370879 -0.0469691
22.444 0.48834974752050886 0.0422507 0.0633866 0.137066 -0.0469652
22.445 0.48836182487192803 0.042209 0.0633817 0.1370441 -0.0469612
22.446 0.48837390209882231 0.0421672 0.0633767 0.1370222 -0.0469573
22.447 0.48838597920121202 0.0421254 0.0633718 0.1370002 -0.0469533
22.448 0.48839805617911752 0.0420835 0.0633668 0.1369782 -0.0469494
22.449 0.48841013303255926 0.0420415 0.0633618 0.1369561 -0.0469454
22.450 0.48842220976155742 0.0419995 0.0633569 0.1369341 -0.0469415
22.451 0.48843428636613256 0.0419574 0.0633519 0.136912 -0.0469375
22.452 0.48844636284630494 0.0419152 0.0633469 0.1368898 -0.0469335
22.453 0.48845843920209492 0.041873 0.0633419 0.1368677 -0.0469296
22.454 0.48847051543352277 0.0418307 0.0633369 0.1368455 -0.0469256
22.455 0.48848259154060897 0.0417883 0.0633319 0.1368233 -0.0469216
22.456 0.48849466752337389 0.0417459 0.0633269 0.136801 -0.0469176
22.457 0.48850674338183769 0.0417034 0.0633218 0.1367787 -0.0469136
22.458 0.48851881911602091 0.0416608 0.0633168 0.1367564 -0.0469096
22.459 0.48853089472594380 0.0416181 0.0633118 0.1367341 -0.0469056
22.460 0.48854297021162668 0.0415754 0.0633068 0.1367117 -0.0469016
22.461 0.48855504557308999 0.0415327 0.0633017 0.1366893 -0.0468976
22.462 0.48856712081035397 0.0414898 0.0632967 0.1366669 -0.0468936
22.463 0.48857919592343901 0.0414469 0.0632916 0.1366444 -0.0468896
22.464 0.48859127091236532 0.0414039 0.0632866 0.136622 -0.0468855
22.465 0.48860334577715347 0.0413609 0.0632815 0.1365994 -0.0468815
22.466 0.48861542051782364 0.0413178 0.0632764 0.1365769 -0.0468775
22.467 0.48862749513439618 0.0412746 0.0632713 0.1365543 -0.0468735
22.468 0.48863956962689137 0.0412314 0.0632663 0.1365317 -0.0468694
22.469 0.48865164399532962 0.041188 0.0632612 0.1365091 -0.0468654
22.470 0.48866371823973126 0.0411447 0.0632561 0.1364864 -0.0468613
22.471 0.48867579236011655 0.0411012 0.063251 0.1364637 -0.0468573
22.472 0.48868786635650585 0.0410577 0.0632458 0.136441 -0.0468532
22.473 0.48869994022891944 0.0410141 0.0632407 0.1364182 -0.0468492
22.474 0.48871201397737773 0.0409704 0.0632356 0.1363954 -0.0468451
22.475 0.48872408760190100 0.0409267 0.0632305 0.1363726 -0.046841
22.476 0.48873616110250956 0.0408829 0.0632253 0.1363497 -0.0468369
22.477 0.48874823447922372 0.040839 0.0632202 0.1363268 -0.0468329
22.478 0.48876030773206375 0.0407951 0.0632151 0.1363039 -0.0468288
22.479 0.48877238086105002 0.0407511 0.0632099 0.1362809 -0.0468247
22.480 0.48878445386620284 0.040707 0.0632047 0.136258 -0.0468206
22.481 0.48879652674754248 0.0406629 0.0631996 0.1362349 -0.0468165
22.482 0.48880859950508920 0.0406186 0.0631944 0.1362119 -0.0468124
22.483 0.48882067213886349 0.0405744 0.0631892 0.1361888 -0.0468083
22.484 0.48883274464888554 0.04053 0.063184 0.1361657 -0.0468042
22.485 0.48884481703517557 0.0404856 0.0631788 0.1361426 -0.0468001
22.486 0.48885688929775406 0.0404411 0.0631736 0.1361194 -0.046796
22.487 0.48886896143664110 0.0403965 0.0631684 0.1360962 -0.0467918
22.488 0.48888103345185718 0.0403519 0.0631632 0.1360729 -0.0467877
22.489 0.48889310534342251 0.0403071 0.063158 0.1360497 -0.0467836
22.490 0.48890517711135739 0.0402624 0.0631527 0.1360263 -0.0467795
22.491 0.48891724875568210 0.0402175 0.0631475 0.136003 -0.0467753
22.492 0.48892932027641700 0.0401726 0.0631423 0.1359796 -0.0467712
22.493 0.48894139167358230 0.0401276 0.063137 0.1359562 -0.046767
22.494 0.48895346294719833 0.0400825 0.0631318 0.1359328 -0.0467629
22.495 0.48896553409728533 0.0400374 0.0631265 0.1359093 -0.0467587
22.496 0.48897760512386362 0.0399921 0.0631212 0.1358858 -0.0467546
22.497 0.48898967602695353 0.0399469 0.0631159 0.1358623 -0.0467504
22.498 0.48900174680657527 0.0399015 0.0631107 0.1358387 -0.0467462
22.499 0.48901381746274913 0.0398561 0.0631054 0.1358151 -0.0467421
