21.5 0.47689026630572684 -4.83794691405
21.501 0.47690247052288248 -4.83793137019
21.502 0.47691467459554499 -4.83791583862
21.503 0.47692687852373655 -4.83790031934
21.504 0.47693908230747906 -4.83788481234
21.505 0.47695128594679442 -4.83786931762
21.506 0.47696348944170480 -4.83785383519
21.507 0.47697569279223206 -4.83783836504
21.508 0.47698789599839825 -4.83782290718
21.509 0.47700009906022522 -4.83780746160
21.510 0.47701230197773509 -4.83779202830
21.511 0.47702450475094971 -4.83777660729
21.512 0.47703670737989118 -4.83776119856
21.513 0.47704890986458137 -4.83774580212
21.514 0.47706111220504216 -4.83773041796
21.515 0.47707331440129580 -4.83771504609
21.516 0.47708551645336400 -4.83769968649
21.517 0.47709771836126891 -4.83768433919
21.518 0.47710992012503234 -4.83766900416
21.519 0.47712212174467622 -4.83765368142
21.520 0.47713432322022270 -4.83763837097
21.521 0.47714652455169354 -4.83762307279
21.522 0.47715872573911083 -4.83760778690
21.523 0.47717092678249640 -4.83759251330
21.524 0.47718312768187232 -4.83757725197
21.525 0.47719532843726054 -4.83756200294
21.526 0.47720752904868285 -4.83754676618
21.527 0.47721972951616137 -4.83753154171
21.528 0.47723192983971791 -4.83751632952
21.529 0.47724413001937438 -4.83750112961
21.530 0.47725633005515300 -4.83748594199
21.531 0.47726852994707530 -4.83747076664
21.532 0.47728072969516355 -4.83745560359
21.533 0.47729292929943956 -4.83744045281
21.534 0.47730512875992515 -4.83742531432
21.535 0.47731732807664246 -4.83741018811
21.536 0.47732952724961331 -4.83739507418
21.537 0.47734172627885951 -4.83737997254
21.538 0.47735392516440323 -4.83736488318
21.539 0.47736612390626620 -4.83734980610
21.540 0.47737832250447043 -4.83733474130
21.541 0.47739052095903778 -4.83731968879
21.542 0.47740271926999023 -4.83730464856
21.543 0.47741491743734960 -4.83728962061
21.544 0.47742711546113786 -4.83727460494
21.545 0.47743931334137696 -4.83725960155
21.546 0.47745151107808870 -4.83724461045
21.547 0.47746370867129512 -4.83722963163
21.548 0.47747590612101798 -4.83721466509
21.549 0.47748810342727932 -4.83719971083
21.550 0.47750030059010101 -4.83718476886
21.551 0.47751249760950482 -4.83716983916
21.552 0.47752469448551277 -4.83715492175
21.553 0.47753689121814680 -4.83714001662
21.554 0.47754908780742872 -4.83712512377
21.555 0.47756128425338046 -4.83711024321
21.556 0.47757348055602383 -4.83709537492
21.557 0.47758567671538071 -4.83708051892
21.558 0.47759787273147314 -4.83706567519
21.559 0.47761006860432292 -4.83705084375
21.560 0.47762226433395183 -4.83703602459
21.561 0.47763445992038195 -4.83702121772
21.562 0.47764665536363504 -4.83700642312
21.563 0.47765885066373293 -4.83699164080
21.564 0.47767104582069758 -4.83697687077
21.565 0.47768324083455083 -4.83696211301
21.566 0.47769543570531453 -4.83694736754
21.567 0.47770763043301068 -4.83693263435
21.568 0.47771982501766097 -4.83691791344
21.569 0.47773201945928734 -4.83690320481
21.570 0.47774421375791165 -4.83688850846
21.571 0.47775640791355584 -4.83687382439
21.572 0.47776860192624160 -4.83685915260
21.573 0.47778079579599098 -4.83684449310
21.574 0.47779298952282567 -4.83682984587
21.575 0.47780518310676751 -4.83681521093
21.576 0.47781737654783857 -4.83680058826
21.577 0.47782956984606051 -4.83678597787
21.578 0.47784176300145520 -4.83677137977
21.579 0.47785395601404457 -4.83675679395
21.580 0.47786614888385043 -4.83674222040
21.581 0.47787834161089460 -4.83672765914
21.582 0.47789053419519895 -4.83671311016
21.583 0.47790272663678524 -4.83669857345
21.584 0.47791491893567539 -4.83668404903
21.585 0.47792711109189123 -4.83666953689
21.586 0.47793930310545457 -4.83665503702
21.587 0.47795149497638734 -4.83664054944
21.588 0.47796368670471112 -4.83662607414
21.589 0.47797587829044796 -4.83661161111
21.590 0.47798806973361968 -4.83659716037
21.591 0.47800026103424803 -4.83658272191
21.592 0.47801245219235478 -4.83656829572
21.593 0.47802464320796190 -4.83655388182
21.594 0.47803683408109116 -4.83653948019
21.595 0.47804902481176420 -4.83652509085
21.596 0.47806121540000313 -4.83651071378
21.597 0.47807340584582958 -4.83649634900
21.598 0.47808559614926538 -4.83648199649
21.599 0.47809778631033240 -4.83646765626
21.600 0.47810997632905239 -4.83645332831
21.601 0.47812216620544717 -4.83643901264
21.602 0.47813435593953857 -4.83642470926
21.603 0.47814654553134828 -4.83641041815
21.604 0.47815873498089834 -4.83639613931
21.605 0.47817092428821029 -4.83638187276
21.606 0.47818311345330611 -4.83636761849
21.607 0.47819530247620740 -4.83635337650
21.608 0.47820749135693619 -4.83633914678
21.609 0.47821968009551419 -4.83632492934
21.610 0.47823186869196305 -4.83631072419
21.611 0.47824405714630475 -4.83629653131
21.612 0.47825624545856094 -4.83628235071
21.613 0.47826843362875343 -4.83626818239
21.614 0.47828062165690416 -4.83625402635
21.615 0.47829280954303460 -4.83623988259
21.616 0.47830499728716680 -4.83622575110
21.617 0.47831718488932246 -4.83621163190
21.618 0.47832937234952333 -4.83619752497
21.619 0.47834155966779124 -4.83618343032
21.620 0.47835374684414783 -4.83616934795
21.621 0.47836593387861498 -4.83615527786
21.622 0.47837812077121444 -4.83614122005
21.623 0.47839030752196793 -4.83612717451
21.624 0.47840249413089725 -4.83611314125
21.625 0.47841468059802417 -4.83609912028
21.626 0.47842686692337050 -4.83608511158
21.627 0.47843905310695783 -4.83607111516
21.628 0.47845123914880816 -4.83605713101
21.629 0.47846342504894301 -4.83604315915
21.630 0.47847561080738421 -4.83602919956
21.631 0.47848779642415368 -4.83601525225
21.632 0.47849998189927290 -4.83600131722
21.633 0.47851216723276385 -4.83598739447
21.634 0.47852435242464808 -4.83597348399
21.635 0.47853653747494751 -4.83595958580
21.636 0.47854872238368368 -4.83594569988
21.637 0.47856090715087846 -4.83593182624
21.638 0.47857309177655361 -4.83591796487
21.639 0.47858527626073083 -4.83590411579
21.640 0.47859746060343183 -4.83589027898
21.641 0.47860964480467832 -4.83587645445
21.642 0.47862182886449217 -4.83586264220
21.643 0.47863401278289497 -4.83584884223
21.644 0.47864619655990848 -4.83583505453
21.645 0.47865838019555451 -4.83582127911
21.646 0.47867056368985467 -4.83580751597
21.647 0.47868274704283070 -4.83579376511
21.648 0.47869493025450432 -4.83578002652
21.649 0.47870711332489735 -4.83576630021
21.650 0.47871929625403137 -4.83575258618
21.651 0.47873147904192814 -4.83573888443
21.652 0.47874366168860949 -4.83572519495
21.653 0.47875584419409689 -4.83571151775
21.654 0.47876802655841227 -4.83569785283
21.655 0.47878020878157723 -4.83568420019
21.656 0.47879239086361347 -4.83567055982
21.657 0.47880457280454275 -4.83565693174
21.658 0.47881675460438677 -4.83564331592
21.659 0.47882893626316708 -4.83562971239
21.660 0.47884111778090560 -4.83561612113
21.661 0.47885329915762392 -4.83560254215
21.662 0.47886548039334370 -4.83558897545
21.663 0.47887766148808675 -4.83557542103
21.664 0.47888984244187466 -4.83556187888
21.665 0.47890202325472914 -4.83554834901
21.666 0.47891420392667189 -4.83553483141
21.667 0.47892638445772451 -4.83552132610
21.668 0.47893856484790881 -4.83550783306
21.669 0.47895074509724639 -4.83549435229
21.670 0.47896292520575900 -4.83548088381
21.671 0.47897510517346825 -4.83546742760
21.672 0.47898728500039583 -4.83545398367
21.673 0.47899946468656340 -4.83544055202
21.674 0.47901164423199277 -4.83542713264
21.675 0.47902382363670543 -4.83541372554
21.676 0.47903600290072312 -4.83540033071
21.677 0.47904818202406757 -4.83538694817
21.678 0.47906036100676030 -4.83537357790
21.679 0.47907253984882314 -4.83536021991
21.680 0.47908471855027762 -4.83534687419
21.681 0.47909689711114545 -4.83533354075
21.682 0.47910907553144821 -4.83532021959
21.683 0.47912125381120774 -4.83530691071
21.684 0.47913343195044555 -4.83529361410
21.685 0.47914560994918332 -4.83528032977
21.686 0.47915778780744273 -4.83526705771
21.687 0.47916996552524538 -4.83525379794
21.688 0.47918214310261292 -4.83524055044
21.689 0.47919432053956706 -4.83522731521
21.690 0.47920649783612945 -4.83521409227
21.691 0.47921867499232157 -4.83520088160
21.692 0.47923085200816529 -4.83518768320
21.693 0.47924302888368209 -4.83517449709
21.694 0.47925520561889362 -4.83516132325
21.695 0.47926738221382159 -4.83514816168
21.696 0.47927955866848759 -4.83513501240
21.697 0.47929173498291322 -4.83512187539
21.698 0.47930391115712018 -4.83510875066
21.699 0.47931608719113000 -4.83509563820
21.700 0.47932826308496429 -4.83508253802
21.701 0.47934043883864486 -4.83506945012
21.702 0.47935261445219318 -4.83505637450
21.703 0.47936478992563092 -4.83504331115
21.704 0.47937696525897966 -4.83503026008
21.705 0.47938914045226100 -4.83501722128
21.706 0.47940131550549664 -4.83500419476
21.707 0.47941349041870812 -4.83499118052
21.708 0.47942566519191709 -4.83497817856
21.709 0.47943783982514515 -4.83496518887
21.710 0.47945001431841394 -4.83495221146
21.711 0.47946218867174500 -4.83493924633
21.712 0.47947436288515993 -4.83492629347
21.713 0.47948653695868043 -4.83491335289
21.714 0.47949871089232798 -4.83490042459
21.715 0.47951088468612418 -4.83488750856
21.716 0.47952305834009079 -4.83487460481
21.717 0.47953523185424918 -4.83486171334
21.718 0.47954740522862110 -4.83484883414
21.719 0.47955957846322816 -4.83483596722
21.720 0.47957175155809179 -4.83482311258
21.721 0.47958392451323373 -4.83481027022
21.722 0.47959609732867553 -4.83479744013
21.723 0.47960827000443867 -4.83478462232
21.724 0.47962044254054487 -4.83477181678
21.725 0.47963261493701564 -4.83475902352
21.726 0.47964478719387260 -4.83474624254
21.727 0.47965695931113733 -4.83473347384
21.728 0.47966913128883126 -4.83472071741
21.729 0.47968130312697610 -4.83470797326
21.730 0.47969347482559349 -4.83469524139
21.731 0.47970564638470486 -4.83468252180
21.732 0.47971781780433181 -4.83466981448
21.733 0.47972998908449593 -4.83465711944
21.734 0.47974216022521876 -4.83464443667
21.735 0.47975433122652189 -4.83463176619
21.736 0.47976650208842692 -4.83461910798
21.737 0.47977867281095521 -4.83460646205
21.738 0.47979084339412859 -4.83459382839
21.739 0.47980301383796847 -4.83458120701
21.740 0.47981518414249635 -4.83456859791
21.741 0.47982735430773393 -4.83455600109
21.742 0.47983952433370269 -4.83454341654
21.743 0.47985169422042417 -4.83453084427
21.744 0.47986386396791991 -4.83451828428
21.745 0.47987603357621145 -4.83450573657
21.746 0.47988820304532026 -4.83449320113
21.747 0.47990037237526811 -4.83448067797
21.748 0.47991254156607627 -4.83446816709
21.749 0.47992471061776643 -4.83445566849
21.750 0.47993687953036013 -4.83444318216
21.751 0.47994904830387886 -4.83443070811
21.752 0.47996121693834409 -4.83441824634
21.753 0.47997338543377743 -4.83440579685
21.754 0.47998555379020053 -4.83439335964
21.755 0.47999772200763463 -4.83438093470
21.756 0.48000989008610145 -4.83436852204
21.757 0.48002205802562253 -4.83435612166
21.758 0.48003422582621930 -4.83434373355
21.759 0.48004639348791334 -4.83433135773
21.760 0.48005856101072614 -4.83431899418
21.761 0.48007072839467907 -4.83430664291
21.762 0.48008289563979389 -4.83429430391
21.763 0.48009506274609204 -4.83428197720
21.764 0.48010722971359493 -4.83426966277
21.765 0.48011939654232422 -4.83425736061
21.766 0.48013156323230122 -4.83424507073
21.767 0.48014372978354763 -4.83423279313
21.768 0.48015589619608490 -4.83422052780
21.769 0.48016806246993438 -4.83420827476
21.770 0.48018022860511778 -4.83419603399
21.771 0.48019239460165652 -4.83418380551
21.772 0.48020456045957211 -4.83417158930
21.773 0.48021672617888594 -4.83415938537
21.774 0.48022889175961964 -4.83414719371
21.775 0.48024105720179461 -4.83413501434
21.776 0.48025322250543240 -4.83412284725
21.777 0.48026538767055443 -4.83411069243
21.778 0.48027755269718225 -4.83409854990
21.779 0.48028971758533734 -4.83408641964
21.780 0.48030188233504117 -4.83407430166
21.781 0.48031404694631508 -4.83406219596
21.782 0.48032621141918080 -4.83405010254
21.783 0.48033837575365962 -4.83403802140
21.784 0.48035053994977306 -4.83402595254
21.785 0.48036270400754272 -4.83401389595
21.786 0.48037486792698991 -4.83400185165
21.787 0.48038703170813607 -4.83398981963
21.788 0.48039919535100284 -4.83397779988
21.789 0.48041135885561154 -4.83396579242
21.790 0.48042352222198376 -4.83395379723
21.791 0.48043568545014087 -4.83394181433
21.792 0.48044784854010431 -4.83392984370
21.793 0.48046001149189554 -4.83391788536
21.794 0.48047217430553607 -4.83390593929
21.795 0.48048433698104737 -4.83389400550
21.796 0.48049649951845086 -4.83388208400
21.797 0.48050866191776798 -4.83387017477
21.798 0.48052082417902015 -4.83385827783
21.799 0.48053298630222896 -4.83384639316
21.800 0.48054514828741574 -4.83383452078
21.801 0.48055731013460179 -4.83382266067
21.802 0.48056947184380888 -4.83381081285
21.803 0.48058163341505827 -4.83379897731
21.804 0.48059379484837139 -4.83378715405
21.805 0.48060595614376972 -4.83377534306
21.806 0.48061811730127457 -4.83376354436
21.807 0.48063027832090754 -4.83375175794
21.808 0.48064243920269001 -4.83373998381
21.809 0.48065459994664339 -4.83372822195
21.810 0.48066676055278912 -4.83371647237
21.811 0.48067892102114868 -4.83370473508
21.812 0.48069108135174338 -4.83369301006
21.813 0.48070324154459465 -4.83368129733
21.814 0.48071540159972409 -4.83366959688
21.815 0.48072756151715290 -4.83365790871
21.816 0.48073972129690257 -4.83364623283
21.817 0.48075188093899462 -4.83363456922
21.818 0.48076404044345034 -4.83362291790
21.819 0.48077619981029113 -4.83361127886
21.820 0.48078835903953848 -4.83359965210
21.821 0.48080051813121383 -4.83358803763
21.822 0.48081267708533854 -4.83357643543
21.823 0.48082483590193392 -4.83356484552
21.824 0.48083699458102153 -4.83355326789
21.825 0.48084915312262261 -4.83354170255
21.826 0.48086131152675871 -4.83353014949
21.827 0.48087346979345119 -4.83351860871
21.828 0.48088562792272133 -4.83350708021
21.829 0.48089778591459065 -4.83349556400
21.830 0.48090994376908047 -4.83348406006
21.831 0.48092210148621234 -4.83347256842
21.832 0.48093425906600745 -4.83346108905
21.833 0.48094641650848724 -4.83344962197
21.834 0.48095857381367324 -4.83343816718
21.835 0.48097073098158660 -4.83342672467
21.836 0.48098288801224892 -4.83341529444
21.837 0.48099504490568140 -4.83340387649
21.838 0.48100720166190553 -4.83339247083
21.839 0.48101935828094261 -4.83338107746
21.840 0.48103151476281408 -4.83336969637
21.841 0.48104367110754143 -4.83335832756
21.842 0.48105582731514568 -4.83334697104
21.843 0.48106798338564849 -4.83333562680
21.844 0.48108013931907129 -4.83332429485
21.845 0.48109229511543511 -4.83331297519
21.846 0.48110445077476161 -4.83330166780
21.847 0.48111660629707204 -4.83329037271
21.848 0.48112876168238772 -4.83327908990
21.849 0.48114091693073019 -4.83326781937
21.850 0.48115307204212066 -4.83325656113
21.851 0.48116522701658049 -4.83324531518
21.852 0.48117738185413106 -4.83323408151
21.853 0.48118953655479363 -4.83322286013
21.854 0.48120169111858974 -4.83321165104
21.855 0.48121384554554059 -4.83320045423
21.856 0.48122599983566761 -4.83318926971
21.857 0.48123815398899206 -4.83317809747
21.858 0.48125030800553537 -4.83316693753
21.859 0.48126246188531885 -4.83315578987
21.860 0.48127461562836377 -4.83314465449
21.861 0.48128676923469155 -4.83313353141
21.862 0.48129892270432351 -4.83312242061
21.863 0.48131107603728102 -4.83311132210
21.864 0.48132322923358539 -4.83310023588
21.865 0.48133538229325784 -4.83308916194
21.866 0.48134753521631990 -4.83307810029
21.867 0.48135968800279272 -4.83306705094
21.868 0.48137184065269778 -4.83305601387
21.869 0.48138399316605629 -4.83304498909
21.870 0.48139614554288962 -4.83303397659
21.871 0.48140829778321897 -4.83302297639
21.872 0.48142044988706584 -4.83301198848
21.873 0.48143260185445153 -4.83300101285
21.874 0.48144475368539724 -4.83299004952
21.875 0.48145690537992430 -4.83297909847
21.876 0.48146905693805420 -4.83296815971
21.877 0.48148120835980790 -4.83295723325
21.878 0.48149335964520706 -4.83294631907
21.879 0.48150551079427290 -4.83293541719
21.880 0.48151766180702654 -4.83292452759
21.881 0.48152981268348949 -4.83291365029
21.882 0.48154196342368299 -4.83290278528
21.883 0.48155411402762832 -4.83289193255
21.884 0.48156626449534679 -4.83288109212
21.885 0.48157841482685970 -4.83287026398
21.886 0.48159056502218828 -4.83285944814
21.887 0.48160271508135388 -4.83284864458
21.888 0.48161486500437783 -4.83283785332
21.889 0.48162701479128134 -4.83282707435
21.890 0.48163916444208577 -4.83281630767
21.891 0.48165131395681232 -4.83280555328
21.892 0.48166346333548243 -4.83279481119
21.893 0.48167561257811720 -4.83278408138
21.894 0.48168776168473793 -4.83277336388
21.895 0.48169991065536610 -4.83276265866
21.896 0.48171205949002271 -4.83275196574
21.897 0.48172420818872930 -4.83274128512
21.898 0.48173635675150683 -4.83273061678
21.899 0.48174850517837692 -4.83271996074
21.900 0.48176065346936059 -4.83270931700
21.901 0.48177280162447922 -4.83269868555
21.902 0.48178494964375412 -4.83268806640
21.903 0.48179709752720634 -4.83267745954
21.904 0.48180924527485730 -4.83266686497
21.905 0.48182139288672837 -4.83265628270
21.906 0.48183354036284054 -4.83264571273
21.907 0.48184568770321529 -4.83263515505
21.908 0.48185783490787382 -4.83262460967
21.909 0.48186998197683728 -4.83261407659
21.910 0.48188212891012711 -4.83260355580
21.911 0.48189427570776444 -4.83259304731
21.912 0.48190642236977038 -4.83258255111
21.913 0.48191856889616652 -4.83257206722
21.914 0.48193071528697384 -4.83256159562
21.915 0.48194286154221372 -4.83255113631
21.916 0.48195500766190730 -4.83254068931
21.917 0.48196715364607584 -4.83253025461
21.918 0.48197929949474061 -4.83251983220
21.919 0.48199144520792292 -4.83250942209
21.920 0.48200359078564381 -4.83249902428
21.921 0.48201573622792465 -4.83248863877
21.922 0.48202788153478671 -4.83247826556
21.923 0.48204002670625107 -4.83246790465
21.924 0.48205217174233911 -4.83245755604
21.925 0.48206431664307198 -4.83244721973
21.926 0.48207646140847094 -4.83243689572
21.927 0.48208860603855713 -4.83242658401
21.928 0.48210075053335194 -4.83241628460
21.929 0.48211289489287640 -4.83240599749
21.930 0.48212503911715188 -4.83239572268
21.931 0.48213718320619947 -4.83238546018
21.932 0.48214932716004039 -4.83237520998
21.933 0.48216147097869599 -4.83236497208
21.934 0.48217361466218739 -4.83235474648
21.935 0.48218575821053572 -4.83234453318
21.936 0.48219790162376236 -4.83233433219
21.937 0.48221004490188840 -4.83232414350
21.938 0.48222218804493505 -4.83231396712
21.939 0.48223433105292351 -4.83230380304
21.940 0.48224647392587511 -4.83229365126
21.941 0.48225861666381076 -4.83228351179
21.942 0.48227075926675200 -4.83227338462
21.943 0.48228290173471977 -4.83226326976
21.944 0.48229504406773538 -4.83225316720
21.945 0.48230718626582003 -4.83224307695
21.946 0.48231932832899488 -4.83223299900
21.947 0.48233147025728101 -4.83222293336
21.948 0.48234361205069987 -4.83221288003
21.949 0.48235575370927242 -4.83220283900
21.950 0.48236789523301982 -4.83219281028
21.951 0.48238003662196349 -4.83218279387
21.952 0.48239217787612432 -4.83217278976
21.953 0.48240431899552366 -4.83216279797
21.954 0.48241645998018273 -4.83215281848
21.955 0.48242860083012257 -4.83214285130
21.956 0.48244074154536443 -4.83213289643
21.957 0.48245288212592952 -4.83212295387
21.958 0.48246502257183882 -4.83211302361
21.959 0.48247716288311371 -4.83210310567
21.960 0.48248930305977533 -4.83209320004
21.961 0.48250144310184473 -4.83208330672
21.962 0.48251358300934316 -4.83207342571
21.963 0.48252572278229172 -4.83206355700
21.964 0.48253786242071156 -4.83205370062
21.965 0.48255000192462394 -4.83204385654
21.966 0.48256214129404995 -4.83203402477
21.967 0.48257428052901069 -4.83202420532
21.968 0.48258641962952747 -4.83201439818
21.969 0.48259855859562129 -4.83200460335
21.970 0.48261069742731327 -4.83199482084
21.971 0.48262283612462475 -4.83198505064
21.972 0.48263497468757677 -4.83197529275
21.973 0.48264711311619035 -4.83196554718
21.974 0.48265925141048688 -4.83195581393
21.975 0.48267138957048727 -4.83194609299
21.976 0.48268352759621286 -4.83193638436
21.977 0.48269566548768456 -4.83192668805
21.978 0.48270780324492363 -4.83191700405
21.979 0.48271994086795128 -4.83190733238
21.980 0.48273207835678850 -4.83189767302
21.981 0.48274421571145654 -4.83188802597
21.982 0.48275635293197638 -4.83187839125
21.983 0.48276849001836930 -4.83186876884
21.984 0.48278062697065638 -4.83185915875
21.985 0.48279276378885860 -4.83184956098
21.986 0.48280490047299734 -4.83183997553
21.987 0.48281703702309348 -4.83183040240
21.988 0.48282917343916826 -4.83182084158
21.989 0.48284130972124284 -4.83181129309
21.990 0.48285344586933820 -4.83180175692
21.991 0.48286558188347550 -4.83179223307
21.992 0.48287771776367600 -4.83178272154
21.993 0.48288985350996055 -4.83177322233
21.994 0.48290198912235049 -4.83176373545
21.995 0.48291412460086680 -4.83175426088
21.996 0.48292625994553057 -4.83174479864
21.997 0.48293839515636294 -4.83173534873
21.998 0.48295053023338502 -4.83172591113
21.999 0.48296266517661784 -4.83171648586
22.000 0.48297479998608267 -4.83170707292
22.001 0.48298693466180043 -4.83169767230
22.002 0.48299906920379226 -4.83168828401
22.003 0.48301120361207933 -4.83167890804
22.004 0.48302333788668261 -4.83166954440
22.005 0.48303547202762326 -4.83166019308
22.006 0.48304760603492236 -4.83165085409
22.007 0.48305973990860096 -4.83164152743
22.008 0.48307187364868026 -4.83163221310
22.009 0.48308400725518119 -4.83162291109
22.010 0.48309614072812496 -4.83161362142
22.011 0.48310827406753248 -4.83160434407
22.012 0.48312040727342492 -4.83159507905
22.013 0.48313254034582342 -4.83158582636
22.014 0.48314467328474897 -4.83157658601
22.015 0.48315680609022271 -4.83156735798
22.016 0.48316893876226552 -4.83155814229
22.017 0.48318107130089877 -4.83154893892
22.018 0.48319320370614338 -4.83153974789
22.019 0.48320533597802029 -4.83153056919
22.020 0.48321746811655081 -4.83152140283
22.021 0.48322960012175575 -4.83151224880
22.022 0.48324173199365639 -4.83150310710
22.023 0.48325386373227364 -4.83149397773
22.024 0.48326599533762860 -4.83148486071
22.025 0.48327812680974236 -4.83147575601
22.026 0.48329025814863591 -4.83146666366
22.027 0.48330238935433034 -4.83145758364
22.028 0.48331452042684664 -4.83144851595
22.029 0.48332665136620595 -4.83143946060
22.030 0.48333878217242932 -4.83143041760
22.031 0.48335091284553766 -4.83142138693
22.032 0.48336304338555219 -4.83141236859
22.033 0.48337517379249378 -4.83140336260
22.034 0.48338730406638358 -4.83139436895
22.035 0.48339943420724263 -4.83138538764
22.036 0.48341156421509185 -4.83137641866
22.037 0.48342369408995239 -4.83136746203
22.038 0.48343582383184530 -4.83135851774
22.039 0.48344795344079156 -4.83134958580
22.040 0.48346008291681214 -4.83134066619
22.041 0.48347221225992820 -4.83133175893
22.042 0.48348434147016062 -4.83132286402
22.043 0.48349647054753048 -4.83131398144
22.044 0.48350859949205888 -4.83130511122
22.045 0.48352072830376674 -4.83129625333
22.046 0.48353285698267512 -4.83128740780
22.047 0.48354498552880504 -4.83127857460
22.048 0.48355711394217737 -4.83126975376
22.049 0.48356924222281350 -4.83126094526
22.050 0.48358137037073412 -4.83125214912
22.051 0.48359349838596022 -4.83124336532
22.052 0.48360562626851300 -4.83123459387
22.053 0.48361775401841339 -4.83122583476
22.054 0.48362988163568238 -4.83121708801
22.055 0.48364200912034094 -4.83120835361
22.056 0.48365413647241012 -4.83119963156
22.057 0.48366626369191090 -4.83119092186
22.058 0.48367839077886432 -4.83118222452
22.059 0.48369051773329136 -4.83117353953
22.060 0.48370264455521289 -4.83116486689
22.061 0.48371477124465012 -4.83115620660
22.062 0.48372689780162392 -4.83114755867
22.063 0.48373902422615517 -4.83113892310
22.064 0.48375115051826512 -4.83113029988
22.065 0.48376327667797459 -4.83112168901
22.066 0.48377540270530450 -4.83111309051
22.067 0.48378752860027602 -4.83110450436
22.068 0.48379965436291000 -4.83109593057
22.069 0.48381177999322744 -4.83108736913
22.070 0.48382390549124937 -4.83107882006
22.071 0.48383603085699672 -4.83107028335
22.072 0.48384815609049048 -4.83106175899
22.073 0.48386028119175167 -4.83105324700
22.074 0.48387240616080113 -4.83104474737
22.075 0.48388453099765988 -4.83103626010
22.076 0.48389665570234902 -4.83102778520
22.077 0.48390878027488932 -4.83101932266
22.078 0.48392090471530191 -4.83101087248
22.079 0.48393302902360763 -4.83100243467
22.080 0.48394515319982745 -4.83099400922
22.081 0.48395727724398241 -4.83098559614
22.082 0.48396940115609344 -4.83097719542
22.083 0.48398152493618146 -4.83096880707
22.084 0.48399364858426752 -4.83096043109
22.085 0.48400577210037243 -4.83095206748
22.086 0.48401789548451729 -4.83094371624
22.087 0.48403001873672286 -4.83093537737
22.088 0.48404214185701028 -4.83092705087
22.089 0.48405426484540032 -4.83091873673
22.090 0.48406638770191407 -4.83091043497
22.091 0.48407851042657252 -4.83090214559
22.092 0.48409063301939631 -4.83089386857
22.093 0.48410275548040671 -4.83088560393
22.094 0.48411487780962453 -4.83087735167
22.095 0.48412700000707065 -4.83086911178
22.096 0.48413912207276610 -4.83086088426
22.097 0.48415124400673176 -4.83085266912
22.098 0.48416336580898856 -4.83084446636
22.099 0.48417548747955746 -4.83083627598
22.100 0.48418760901845936 -4.83082809798
22.101 0.48419973042571518 -4.83081993235
22.102 0.48421185170134590 -4.83081177910
22.103 0.48422397284537233 -4.83080363824
22.104 0.48423609385781546 -4.83079550975
22.105 0.48424821473869628 -4.83078739365
22.106 0.48426033548803565 -4.83077928993
22.107 0.48427245610585434 -4.83077119860
22.108 0.48428457659217355 -4.83076311965
22.109 0.48429669694701394 -4.83075505308
22.110 0.48430881717039653 -4.83074699890
22.111 0.48432093726234227 -4.83073895710
22.112 0.48433305722287195 -4.83073092770
22.113 0.48434517705200653 -4.83072291068
22.114 0.48435729674976702 -4.83071490605
22.115 0.48436941631617408 -4.83070691380
22.116 0.48438153575124887 -4.83069893395
22.117 0.48439365505501220 -4.83069096649
22.118 0.48440577422748488 -4.83068301142
22.119 0.48441789326868795 -4.83067506874
22.120 0.48443001217864218 -4.83066713846
22.121 0.48444213095736838 -4.83065922057
22.122 0.48445424960488775 -4.83065131507
22.123 0.48446636812122090 -4.83064342197
22.124 0.48447848650638881 -4.83063554127
22.125 0.48449060476041239 -4.83062767296
22.126 0.48450272288331248 -4.83061981705
22.127 0.48451484087510999 -4.83061197354
22.128 0.48452695873582580 -4.83060414243
22.129 0.48453907646548078 -4.83059632372
22.130 0.48455119406409580 -4.83058851741
22.131 0.48456331153169174 -4.83058072350
22.132 0.48457542886828953 -4.83057294200
22.133 0.48458754607390997 -4.83056517289
22.134 0.48459966314857394 -4.83055741619
22.135 0.48461178009230232 -4.83054967190
22.136 0.48462389690511593 -4.83054194001
22.137 0.48463601358703573 -4.83053422053
22.138 0.48464813013808250 -4.83052651346
22.139 0.48466024655827716 -4.83051881879
22.140 0.48467236284764054 -4.83051113654
22.141 0.48468447900619349 -4.83050346669
22.142 0.48469659503395690 -4.83049580925
22.143 0.48470871093095169 -4.83048816423
22.144 0.48472082669719851 -4.83048053162
22.145 0.48473294233271835 -4.83047291142
22.146 0.48474505783753213 -4.83046530364
22.147 0.48475717321166056 -4.83045770827
22.148 0.48476928845512451 -4.83045012532
22.149 0.48478140356794491 -4.83044255478
22.150 0.48479351855014252 -4.83043499667
22.151 0.48480563340173827 -4.83042745097
22.152 0.48481774812275291 -4.83041991769
22.153 0.48482986271320727 -4.83041239683
22.154 0.48484197717312227 -4.83040488839
22.155 0.48485409150251868 -4.83039739238
22.156 0.48486620570141736 -4.83038990879
22.157 0.48487831976983919 -4.83038243762
22.158 0.48489043370780488 -4.83037497887
22.159 0.48490254751533535 -4.83036753256
22.160 0.48491466119245141 -4.83036009867
22.161 0.48492677473917389 -4.83035267721
22.162 0.48493888815552355 -4.83034526817
22.163 0.48495100144152137 -4.83033787157
22.164 0.48496311459718799 -4.83033048739
22.165 0.48497522762254436 -4.83032311565
22.166 0.48498734051761122 -4.83031575634
22.167 0.48499945328240945 -4.83030840947
22.168 0.48501156591695971 -4.83030107503
22.169 0.48502367842128297 -4.83029375302
22.170 0.48503579079540005 -4.83028644345
22.171 0.48504790303933165 -4.83027914632
22.172 0.48506001515309866 -4.83027186162
22.173 0.48507212713672188 -4.83026458937
22.174 0.48508423899022202 -4.83025732956
22.175 0.48509635071362006 -4.83025008218
22.176 0.48510846230693655 -4.83024284725
22.177 0.48512057377019252 -4.83023562476
22.178 0.48513268510340868 -4.83022841472
22.179 0.48514479630660579 -4.83022121712
22.180 0.48515690737980477 -4.83021403197
22.181 0.48516901832302622 -4.83020685927
22.182 0.48518112913629102 -4.83019969901
22.183 0.48519323981962004 -4.83019255120
22.184 0.48520535037303397 -4.83018541585
22.185 0.48521746079655359 -4.83017829294
22.186 0.48522957109019982 -4.83017118249
22.187 0.48524168125399325 -4.83016408449
22.188 0.48525379128795471 -4.83015699894
22.189 0.48526590119210511 -4.83014992586
22.190 0.48527801096646511 -4.83014286522
22.191 0.48529012061105548 -4.83013581705
22.192 0.48530223012589707 -4.83012878133
22.193 0.48531433951101061 -4.83012175808
22.194 0.48532644876641678 -4.83011474728
22.195 0.48533855789213659 -4.83010774895
22.196 0.48535066688819056 -4.83010076308
22.197 0.48536277575459963 -4.83009378968
22.198 0.48537488449138444 -4.83008682874
22.199 0.48538699309856581 -4.83007988027
22.200 0.48539910157616445 -4.83007294426
22.201 0.48541120992420111 -4.83006602073
22.202 0.48542331814269674 -4.83005910966
22.203 0.48543542623167185 -4.83005221106
22.204 0.48544753419114728 -4.83004532494
22.205 0.48545964202114378 -4.83003845129
22.206 0.48547174972168228 -4.83003159011
22.207 0.48548385729278321 -4.83002474141
22.208 0.48549596473446749 -4.83001790519
22.209 0.48550807204675595 -4.83001108145
22.210 0.48552017922966922 -4.83000427018
22.211 0.48553228628322803 -4.82999747139
22.212 0.48554439320745313 -4.82999068509
22.213 0.48555650000236533 -4.82998391127
22.214 0.48556860666798529 -4.82997714993
22.215 0.48558071320433371 -4.82997040107
22.216 0.48559281961143147 -4.82996366471
22.217 0.48560492588929921 -4.82995694083
22.218 0.48561703203795764 -4.82995022944
22.219 0.48562913805742758 -4.82994353054
22.220 0.48564124394772962 -4.82993684413
22.221 0.48565334970888463 -4.82993017021
22.222 0.48566545534091327 -4.82992350878
22.223 0.48567756084383618 -4.82991685985
22.224 0.48568966621767429 -4.82991022342
22.225 0.48570177146244814 -4.82990359948
22.226 0.48571387657817849 -4.82989698804
22.227 0.48572598156488611 -4.82989038911
22.228 0.48573808642259159 -4.82988380267
22.229 0.48575019115131579 -4.82987722873
22.230 0.48576229575107938 -4.82987066730
22.231 0.48577440022190305 -4.82986411838
22.232 0.48578650456380740 -4.82985758196
22.233 0.48579860877681330 -4.82985105804
22.234 0.48581071286094146 -4.82984454664
22.235 0.48582281681621242 -4.82983804774
22.236 0.48583492064264705 -4.82983156136
22.237 0.48584702434026589 -4.82982508749
22.238 0.48585912790908986 -4.82981862613
22.239 0.48587123134913945 -4.82981217729
22.240 0.48588333466043548 -4.82980574097
22.241 0.48589543784299860 -4.82979931716
22.242 0.48590754089684951 -4.82979290588
22.243 0.48591964382200886 -4.82978650711
22.244 0.48593174661849736 -4.82978012087
22.245 0.48594384928633572 -4.82977374714
22.246 0.48595595182554457 -4.82976738595
22.247 0.48596805423614464 -4.82976103728
22.248 0.48598015651815668 -4.82975470114
22.249 0.48599225867160117 -4.82974837752
22.250 0.48600436069649899 -4.82974206644
22.251 0.48601646259287079 -4.82973576789
22.252 0.48602856436073705 -4.82972948187
22.253 0.48604066600011869 -4.82972320839
22.254 0.48605276751103632 -4.82971694744
22.255 0.48606486889351047 -4.82971069903
22.256 0.48607697014756196 -4.82970446316
22.257 0.48608907127321144 -4.82969823983
22.258 0.48610117227047950 -4.82969202904
22.259 0.48611327313938690 -4.82968583080
22.260 0.48612537387995419 -4.82967964510
22.261 0.48613747449220213 -4.82967347194
22.262 0.48614957497615136 -4.82966731134
22.263 0.48616167533182247 -4.82966116328
22.264 0.48617377555923613 -4.82965502777
22.265 0.48618587565841315 -4.82964890482
22.266 0.48619797562937395 -4.82964279441
22.267 0.48621007547213935 -4.82963669657
22.268 0.48622217518672994 -4.82963061128
22.269 0.48623427477316628 -4.82962453855
22.270 0.48624637423146921 -4.82961847838
22.271 0.48625847356165924 -4.82961243077
22.272 0.48627057276375707 -4.82960639572
22.273 0.48628267183778329 -4.82960037323
22.274 0.48629477078375855 -4.82959436332
22.275 0.48630686960170350 -4.82958836597
22.276 0.48631896829163879 -4.82958238119
22.277 0.48633106685358507 -4.82957640898
22.278 0.48634316528756283 -4.82957044934
22.279 0.48635526359359293 -4.82956450227
22.280 0.48636736177169587 -4.82955856778
22.281 0.48637945982189229 -4.82955264587
22.282 0.48639155774420278 -4.82954673654
22.283 0.48640365553864806 -4.82954083979
22.284 0.48641575320524866 -4.82953495562
22.285 0.48642785074402523 -4.82952908403
22.286 0.48643994815499847 -4.82952322503
22.287 0.48645204543818887 -4.82951737861
22.288 0.48646414259361709 -4.82951154478
22.289 0.48647623962130382 -4.82950572355
22.290 0.48648833652126955 -4.82949991490
22.291 0.48650043329353504 -4.82949411885
22.292 0.48651252993812077 -4.82948833539
22.293 0.48652462645504735 -4.82948256453
22.294 0.48653672284433552 -4.82947680627
22.295 0.48654881910600573 -4.82947106061
22.296 0.48656091524007866 -4.82946532755
22.297 0.48657301124657498 -4.82945960709
22.298 0.48658510712551506 -4.82945389925
22.299 0.48659720287691977 -4.82944820400
22.300 0.48660929850080958 -4.82944252137
22.301 0.48662139399720505 -4.82943685135
22.302 0.48663348936612688 -4.82943119393
22.303 0.48664558460759560 -4.82942554914
22.304 0.48665767972163176 -4.82941991696
22.305 0.48666977470825606 -4.82941429740
22.306 0.48668186956748899 -4.82940869045
22.307 0.48669396429935113 -4.82940309613
22.308 0.48670605890386315 -4.82939751443
22.309 0.48671815338104557 -4.82939194536
22.310 0.48673024773091894 -4.82938638891
22.311 0.48674234195350397 -4.82938084510
22.312 0.48675443604882107 -4.82937531391
22.313 0.48676653001689096 -4.82936979535
22.314 0.48677862385773413 -4.82936428943
22.315 0.48679071757137116 -4.82935879615
22.316 0.48680281115782265 -4.82935331550
22.317 0.48681490461710913 -4.82934784750
22.318 0.48682699794925127 -4.82934239213
22.319 0.48683909115426949 -4.82933694941
22.320 0.48685118423218443 -4.82933151934
22.321 0.48686327718301675 -4.82932610191
22.322 0.48687537000678682 -4.82932069713
22.323 0.48688746270351535 -4.82931530500
22.324 0.48689955527322282 -4.82930992553
22.325 0.48691164771592976 -4.82930455871
22.326 0.48692374003165684 -4.82929920455
22.327 0.48693583222042447 -4.82929386305
22.328 0.48694792428225331 -4.82928853421
22.329 0.48696001621716395 -4.82928321803
22.330 0.48697210802517676 -4.82927791452
22.331 0.48698419970631240 -4.82927262367
22.332 0.48699629126059157 -4.82926734550
22.333 0.48700838268803448 -4.82926207999
22.334 0.48702047398866194 -4.82925682716
22.335 0.48703256516249438 -4.82925158701
22.336 0.48704465620955234 -4.82924635953
22.337 0.48705674712985647 -4.82924114473
22.338 0.48706883792342709 -4.82923594261
22.339 0.48708092859028490 -4.82923075318
22.340 0.48709301913045044 -4.82922557643
22.341 0.48710510954394409 -4.82922041237
22.342 0.48711719983078655 -4.82921526100
22.343 0.48712928999099825 -4.82921012232
22.344 0.48714138002459978 -4.82920499634
22.345 0.48715346993161157 -4.82919988305
22.346 0.48716555971205427 -4.82919478246
22.347 0.48717764936594826 -4.82918969457
22.348 0.48718973889331418 -4.82918461938
22.349 0.48720182829417252 -4.82917955690
22.350 0.48721391756854376 -4.82917450713
22.351 0.48722600671644845 -4.82916947006
22.352 0.48723809573790705 -4.82916444571
22.353 0.48725018463294006 -4.82915943407
22.354 0.48726227340156819 -4.82915443515
22.355 0.48727436204381169 -4.82914944894
22.356 0.48728645055969122 -4.82914447546
22.357 0.48729853894922720 -4.82913951470
22.358 0.48731062721244017 -4.82913456666
22.359 0.48732271534935068 -4.82912963135
22.360 0.48733480335997914 -4.82912470877
22.361 0.48734689124434616 -4.82911979892
22.362 0.48735897900247210 -4.82911490181
22.363 0.48737106663437757 -4.82911001743
22.364 0.48738315414008304 -4.82910514579
22.365 0.48739524151960895 -4.82910028689
22.366 0.48740732877297588 -4.82909544074
22.367 0.48741941590020421 -4.82909060733
22.368 0.48743150290131454 -4.82908578667
22.369 0.48744358977632735 -4.82908097876
22.370 0.48745567652526295 -4.82907618360
22.371 0.48746776314814200 -4.82907140120
22.372 0.48747984964498492 -4.82906663156
22.373 0.48749193601581220 -4.82906187467
22.374 0.48750402226064432 -4.82905713055
22.375 0.48751610837950182 -4.82905239920
22.376 0.48752819437240508 -4.82904768061
22.377 0.48754028023937451 -4.82904297479
22.378 0.48755236598043078 -4.82903828174
22.379 0.48756445159559425 -4.82903360147
22.380 0.48757653708488530 -4.82902893398
22.381 0.48758862244832463 -4.82902427927
22.382 0.48760070768593244 -4.82901963733
22.383 0.48761279279772946 -4.82901500819
22.384 0.48762487778373592 -4.82901039183
22.385 0.48763696264397244 -4.82900578826
22.386 0.48764904737845932 -4.82900119749
22.387 0.48766113198721711 -4.82899661951
22.388 0.48767321647026640 -4.82899205433
22.389 0.48768530082762734 -4.82898750194
22.390 0.48769738505932064 -4.82898296237
22.391 0.48770946916536667 -4.82897843559
22.392 0.48772155314578586 -4.82897392163
22.393 0.48773363700059869 -4.82896942047
22.394 0.48774572072982558 -4.82896493214
22.395 0.48775780433348703 -4.82896045661
22.396 0.48776988781160335 -4.82895599391
22.397 0.48778197116419519 -4.82895154403
22.398 0.48779405439128276 -4.82894710697
22.399 0.48780613749288659 -4.82894268274
22.400 0.48781822046902723 -4.82893827134
22.401 0.48783030331972499 -4.82893387277
22.402 0.48784238604500035 -4.82892948703
22.403 0.48785446864487364 -4.82892511414
22.404 0.48786655111936544 -4.82892075409
22.405 0.48787863346849619 -4.82891640688
22.406 0.48789071569228609 -4.82891207251
22.407 0.48790279779075585 -4.82890775100
22.408 0.48791487976392567 -4.82890344234
22.409 0.48792696161181603 -4.82889914653
22.410 0.48793904333444749 -4.82889486359
22.411 0.48795112493184034 -4.82889059350
22.412 0.48796320640401497 -4.82888633628
22.413 0.48797528775099192 -4.82888209192
22.414 0.48798736897279149 -4.82887786043
22.415 0.48799945006943418 -4.82887364182
22.416 0.48801153104094031 -4.82886943608
22.417 0.48802361188733034 -4.82886524322
22.418 0.48803569260862467 -4.82886106324
22.419 0.48804777320484377 -4.82885689614
22.420 0.48805985367600796 -4.82885274194
22.421 0.48807193402213761 -4.82884860062
22.422 0.48808401424325326 -4.82884447219
22.423 0.48809609433937517 -4.82884035667
22.424 0.48810817431052383 -4.82883625404
22.425 0.48812025415671961 -4.82883216431
22.426 0.48813233387798288 -4.82882808750
22.427 0.48814441347433413 -4.82882402359
22.428 0.48815649294579366 -4.82881997259
22.429 0.48816857229238186 -4.82881593450
22.430 0.48818065151411916 -4.82881190934
22.431 0.48819273061102597 -4.82880789709
22.432 0.48820480958312251 -4.82880389777
22.433 0.48821688843042937 -4.82879991138
22.434 0.48822896715296688 -4.82879593792
22.435 0.48824104575075528 -4.82879197739
22.436 0.48825312422381517 -4.82878802980
22.437 0.48826520257216682 -4.82878409515
22.438 0.48827728079583049 -4.82878017345
22.439 0.48828935889482677 -4.82877626469
22.440 0.48830143686917604 -4.82877236888
22.441 0.48831351471889839 -4.82876848603
22.442 0.48832559244401441 -4.82876461613
22.443 0.48833767004454454 -4.82876075919
22.444 0.48834974752050886 -4.82875691522
22.445 0.48836182487192803 -4.82875308421
22.446 0.48837390209882231 -4.82874926618
22.447 0.48838597920121202 -4.82874546112
22.448 0.48839805617911752 -4.82874166903
22.449 0.48841013303255926 -4.82873788993
22.450 0.48842220976155742 -4.82873412381
22.451 0.48843428636613256 -4.82873037068
22.452 0.48844636284630494 -4.82872663053
22.453 0.48845843920209492 -4.82872290339
22.454 0.48847051543352277 -4.82871918924
22.455 0.48848259154060897 -4.82871548809
22.456 0.48849466752337389 -4.82871179995
22.457 0.48850674338183769 -4.82870812482
22.458 0.48851881911602091 -4.82870446270
22.459 0.48853089472594380 -4.82870081359
22.460 0.48854297021162668 -4.82869717750
22.461 0.48855504557308999 -4.82869355444
22.462 0.48856712081035397 -4.82868994441
22.463 0.48857919592343901 -4.82868634740
22.464 0.48859127091236532 -4.82868276343
22.465 0.48860334577715347 -4.82867919250
22.466 0.48861542051782364 -4.82867563460
22.467 0.48862749513439618 -4.82867208976
22.468 0.48863956962689137 -4.82866855796
22.469 0.48865164399532962 -4.82866503921
22.470 0.48866371823973126 -4.82866153353
22.471 0.48867579236011655 -4.82865804090
22.472 0.48868786635650585 -4.82865456133
22.473 0.48869994022891944 -4.82865109484
22.474 0.48871201397737773 -4.82864764142
22.475 0.48872408760190100 -4.82864420107
22.476 0.48873616110250956 -4.82864077380
22.477 0.48874823447922372 -4.82863735961
22.478 0.48876030773206375 -4.82863395852
22.479 0.48877238086105002 -4.82863057051
22.480 0.48878445386620284 -4.82862719560
22.481 0.48879652674754248 -4.82862383379
22.482 0.48880859950508920 -4.82862048508
22.483 0.48882067213886349 -4.82861714948
22.484 0.48883274464888554 -4.82861382699
22.485 0.48884481703517557 -4.82861051762
22.486 0.48885688929775406 -4.82860722137
22.487 0.48886896143664110 -4.82860393824
22.488 0.48888103345185718 -4.82860066823
22.489 0.48889310534342251 -4.82859741136
22.490 0.48890517711135739 -4.82859416763
22.491 0.48891724875568210 -4.82859093704
22.492 0.48892932027641700 -4.82858771959
22.493 0.48894139167358230 -4.82858451529
22.494 0.48895346294719833 -4.82858132414
22.495 0.48896553409728533 -4.82857814615
22.496 0.48897760512386362 -4.82857498133
22.497 0.48898967602695353 -4.82857182967
22.498 0.48900174680657527 -4.82856869117
22.499 0.48901381746274913 -4.82856556586
