5.0 0.22474786951272291
6.0 0.24633708657984518 0.4142966 -0.0000032 -0.5919412
7.0 0.26625119958804888 0.3920492 0.0000144 -0.5898272
8.0 0.28485310431016619 0.367137 0.0000502 -0.5869596
9.0 0.30239593556098865 0.3431715 0.0001437 -0.5828721
10.0 0.31906493487798943 0.3218058 0.0003545 -0.5771069
11.0 0.33500078657648524 0.304466 0.000777 -0.5691863
12.0 0.35031356184872481 0.2917056 0.0015416 -0.558623
13.0 0.36509151747647400 0.2538637 0.0028057 -0.5449663
14.0 0.37940689731182314 0.2045907 0.0047348 -0.5278267
15.0 0.39331989892118169 0.1558613 0.0074948 -0.5066717
16.0 0.40688146985598445 0.1098439 0.0113144 -0.4796532
17.0 0.42013533111630319 0.0735433 0.0169009 -0.43778
18.0 0.43311947504735931 0.0587514 0.0266574 -0.3554944
19.0 0.44586729660476643 0.0593357 0.0255736 -0.2591828
20.0 0.45840846314364242 0.0749689 0.0371232 -0.1985841
21.0 0.47076959408630886 0.0943771 0.0554809 -0.1651193
22.0 0.48297479998608267 0.092496 0.0625634 -0.1474128
23.0 0.49504611604806875 0.0779804 0.0532276 -0.1351291
24.0 0.50700385538738835 0.0665587 0.0410361 -0.1231019
25.0 0.51886690055881535 0.0610979 0.0316568 -0.1084332
26.0 0.53065294715660993 0.0619529 0.0267597 -0.0894788
27.0 0.54237870990772830 0.0662696 0.0260729 -0.0673117
28.0 0.55406009924157285 0.0711257 0.028632 -0.0654041
29.0 0.56571237453403433 0.076089 0.0336733 -0.0639889
30.0 0.57735027890326807 0.0819983 0.0405855 -0.061446
31.0 0.58898815944976501 0.0892956 0.0487401 -0.0587627
32.0 0.60064007609376124 0.0977583 0.0575293 -0.0564237
33.0 0.61231990160563299 0.1069014 0.0664561 -0.0546454
34.0 0.62404141500474464 0.1162652 0.0751592 -0.0535033
35.0 0.63581839018712483 0.1254971 0.0833925 -0.0529868
36.0 0.64766468140925815 0.1341191 0.0909927 -0.0530288
37.0 0.65959430708758449 0.1354342 0.0978554 -0.0535263
38.0 0.67162153325915808 0.1365085 0.1039174 -0.0543571
39.0 0.68376095798003989 0.1373751 0.109146 -0.0553924
40.0 0.69602759790885060 0.1380624 0.1135313 -0.0565075
41.0 0.70843697833015451 0.1385942 0.1170795 -0.057588
42.0 0.72100522791448773 0.1389892 0.119807 -0.0585353
43.0 0.73374917958905994 0.1392615 0.1217347 -0.0592703
44.0 0.74668647900714824 0.139421 0.122882 -0.0597347
45.0 0.75983570225832975 0.1394735 0.1232628 -0.0598935
46.0 0.77321648466098036 0.139421 0.122882 -0.0597347
47.0 0.78684966272995749 0.1392615 0.1217347 -0.0592703
48.0 0.80075743172543956 0.1389892 0.119807 -0.0585353
49.0 0.81496352157574936 0.1385942 0.1170795 -0.057588
50.0 0.82949339444344139 0.1380624 0.1135313 -0.0565075
51.0 0.84437446779034697 0.1373751 0.109146 -0.0553924
52.0 0.85963636751982619 0.1365085 0.1039174 -0.0543571
53.0 0.87531121666696521 0.1354342 0.0978554 -0.0535263
54.0 0.89143396621364279 0.1341191 0.0909927 -0.0530288
55.0 0.90804277598219907 0.125497 0.0833925 -0.0529868
56.0 0.92517945528340284 0.1162652 0.0751592 -0.0535033
57.0 0.94288997515969897 0.1069014 0.0664561 -0.0546454
58.0 0.96122506680355879 0.0977583 0.0575293 -0.0564237
59.0 0.98024092421724396 0.0892956 0.0487401 -0.0587627
60.0 1.0000000336490449 0.0819983 0.0405855 -0.061446
61.0 1.0205721581109972 0.076089 0.0336733 -0.0639889
62.0 1.0420355127918348 0.0711257 0.028632 -0.0654041
63.0 1.0644781770328475 0.0662696 0.0260729 -0.0673117
64.0 1.0879998015825072 0.0619529 0.0267597 -0.0894788
65.0 1.1127136872907215 0.0610979 0.0316568 -0.1084332
66.0 1.1387493349689228 0.0665587 0.0410361 -0.1231019
67.0 1.1662555983306084 0.0779804 0.0532276 -0.1351291
68.0 1.1954046164231349 0.092496 0.0625634 -0.1474128
69.0 1.2263967642726714 0.0943771 0.0554809 -0.1651193
70.0 1.2594669489559134 0.0749689 0.0371232 -0.1985842
71.0 1.2948927059181552 0.0593357 0.0255736 -0.2591829
72.0 1.3330047374615932 0.0587514 0.0266574 -0.3554945
73.0 1.3742008147382716 0.0735433 0.0169009 -0.4377801
74.0 1.4189643903365978 0.109844 0.0113144 -0.4796532
75.0 1.4678899319530556 0.1558613 0.0074948 -0.5066717
76.0 1.5217180473945009 0.2045907 0.0047348 -0.5278267
77.0 1.5813852119866876 0.2538637 0.0028057 -0.5449664
78.0 1.6480958607190197 0.2917056 0.0015416 -0.558623
79.0 1.7234297938777567 0.3044659 0.000777 -0.5691863
80.0 1.8095073443210954 0.3218058 0.0003545 -0.5771069
81.0 1.9092530122354845 0.3431715 0.0001437 -0.5828721
82.0 2.0268354180156947 0.367137 0.0000502 -0.5869596
83.0 2.1684423371644423 0.3920492 0.0000144 -0.5898272
84.0 2.3437412473608381 0.4156479 0.0000032 -0.5919331
85.0 2.5688804782633659
