5.0 0.22474786951272291
6.0 0.24633708657984518 -0.73753 -0.72866 -0.71490 -0.69991 -0.68740 -0.20106 -0.16351 0.53256 0.56759 0.62012 0.67770 0.72398 .03755
7.0 0.26625119958804888 -0.73488 -0.72211 -0.70141 -0.67794 -0.65711 -0.19887 -0.15828 0.47503 0.51676 0.58075 0.65217 0.71078 .04059
8.0 0.28485310431016619 -0.73471 -0.71809 -0.69009 -0.65723 -0.62648 -0.19527 -0.15176 0.42472 0.47220 0.54665 0.63098 0.70153 .04351
9.0 0.30239593556098865 -0.73646 -0.71613 -0.68071 -0.63796 -0.59590 -0.19014 -0.14377 0.38005 0.43247 0.51638 0.61257 0.69441 .04637
10.0 0.31906493487798943 -0.73986 -0.71594 -0.67309 -0.62024 -0.56580 -0.18341 -0.13411 0.33970 0.39643 0.48893 0.59589 0.68816 .04930
11.0 0.33500078657648524 -0.74481 -0.71733 -0.66713 -0.60419 -0.53662 -0.17506 -0.12258 0.30256 0.36322 0.46353 0.58020 0.68185 .05248
12.0 0.35031356184872481 -0.75133 -0.72018 -0.66276 -0.58987 -0.50877 -0.16511 -0.10902 0.26769 0.33216 0.43963 0.56496 0.67473 .05609
13.0 0.36509151747647400 -0.75951 -0.72442 -0.65989 -0.57727 -0.48259 -0.15372 -0.09333 0.23435 0.30276 0.41681 0.54984 0.66629 .06039
14.0 0.37940689731182314 -0.76931 -0.72991 -0.65839 -0.56626 -0.45823 -0.14118 -0.07554 0.20206 0.27474 0.39483 0.53468 0.65625 .06564
15.0 0.39331989892118169 -0.78052 -0.73640 -0.65801 -0.55655 -0.43560 -0.12804 -0.05589 0.17062 0.24804 0.37361 0.51956 0.64471 .07215
16.0 0.40688146985598445 -0.79245 -0.74340 -0.65841 -0.54761 -0.41408 -0.11545 -0.03492 0.14029 0.22290 0.35324 0.50484 0.63238 .08053
17.0 0.42013533111630319 -0.80258 -0.74954 -0.65874 -0.53803 -0.39114 -0.10691 -0.01366 0.11218 0.20003 0.33387 0.49168 0.62217 .09325
18.0 0.43311947504735931 -0.80388 -0.75205 -0.65671 -0.52410 -0.35917 -0.11338 0.00865 0.08800 0.17957 0.31467 0.48304 0.62336 .12203
19.0 0.44586729660476643 -0.79947 -0.75460 -0.65170 -0.50556 -0.32178 -0.14120 0.03818 0.06764 0.16100 0.29238 0.47853 0.63741 .17938
20.0 0.45840846314364242 -0.80104 -0.76002 -0.64729 -0.49191 -0.29774 -0.17190 0.05407 0.06126 0.16386 0.27277 0.47451 0.64694 .22597
21.0 0.47076959408630886 -0.80729 -0.76549 -0.64628 -0.48489 -0.28467 -0.19796 0.04881 0.06774 0.18781 0.25878 0.47022 0.64666 .24677
22.0 0.48297479998608267 -0.81523 -0.77029 -0.64738 -0.48058 -0.27639 -0.22235 0.03817 0.07850 0.21645 0.24844 0.46692 0.64134 .26052
23.0 0.49504611604806875 -0.82364 -0.77430 -0.64922 -0.47694 -0.27061 -0.24638 0.02755 0.08892 0.24139 0.24482 0.46590 0.63424 .27393
24.0 0.50700385538738835 -0.83214 -0.77733 -0.65108 -0.47315 -0.27071 -0.26688 0.01843 0.09638 0.23834 0.27146 0.46827 0.62686 .28531
25.0 0.51886690055881535 -0.84041 -0.77911 -0.65232 -0.46882 -0.29549 -0.26549 0.01157 0.09926 0.24038 0.29528 0.47542 0.62030 .27706
26.0 0.53065294715660993 -0.84787 -0.77960 -0.65227 -0.46396 -0.31958 -0.26671 0.00733 0.09769 0.24774 0.31492 0.48909 0.61571 .27404
27.0 0.54237870990772830 -0.85395 -0.77940 -0.65094 -0.45908 -0.34113 -0.27014 0.00553 0.09366 0.25914 0.32896 0.51022 0.61348 .27567
28.0 0.55406009924157285 -0.85868 -0.77927 -0.64892 -0.45480 -0.35931 -0.27509 0.00580 0.08901 0.27286 0.33719 0.53779 0.61291 .28089
29.0 0.56571237453403433 -0.86248 -0.77965 -0.64681 -0.45141 -0.37435 -0.28098 0.00785 0.08456 0.28764 0.34073 0.56962 0.61309 .28883
30.0 0.57735027890326807 -0.86576 -0.78063 -0.64493 -0.44891 -0.38686 -0.28745 0.01137 0.08050 0.30265 0.34105 0.60366 0.61349 .29882
31.0 0.58898815944976501 -0.86877 -0.78207 -0.64337 -0.44720 -0.39737 -0.29416 0.01600 0.07676 0.31735 0.33939 0.61395 0.63857 .31016
32.0 0.60064007609376124 -0.87163 -0.78378 -0.64209 -0.44618 -0.40622 -0.30087 0.02134 0.07327 0.33138 0.33657 0.61454 0.67355 .32221
33.0 0.61231990160563299 -0.87433 -0.78561 -0.64103 -0.44586 -0.41354 -0.30739 0.02707 0.06998 0.33312 0.34455 0.61534 0.70812 .33446
34.0 0.62404141500474464 -0.87687 -0.78745 -0.64014 -0.44636 -0.41930 -0.31357 0.03293 0.06688 0.32934 0.35672 0.61643 0.74190 .34650
35.0 0.63581839018712483 -0.87922 -0.78921 -0.63936 -0.44782 -0.42342 -0.31934 0.03875 0.06399 0.32546 0.36780 0.61783 0.77456 .35809
36.0 0.64766468140925815 -0.88137 -0.79086 -0.63867 -0.45018 -0.42601 -0.32462 0.04437 0.06132 0.32159 0.37775 0.61954 0.80575 .36899
37.0 0.65959430708758449 -0.88330 -0.79237 -0.63806 -0.45312 -0.42740 -0.32940 0.04970 0.05890 0.31786 0.38653 0.62150 0.83510 .37910
38.0 0.67162153325915808 -0.88501 -0.79371 -0.63751 -0.45624 -0.42804 -0.33365 0.05463 0.05674 0.31436 0.39414 0.62363 0.86223 .38828
39.0 0.68376095798003989 -0.88649 -0.79489 -0.63703 -0.45924 -0.42825 -0.33734 0.05486 0.05909 0.31114 0.40060 0.62582 0.88675 .39220
40.0 0.69602759790885060 -0.88773 -0.79589 -0.63662 -0.46193 -0.42825 -0.34048 0.05325 0.06301 0.30829 0.40595 0.62796 0.90828 .39373
41.0 0.70843697833015451 -0.88875 -0.79671 -0.63627 -0.46421 -0.42814 -0.34306 0.05193 0.06631 0.30586 0.41024 0.62992 0.92648 .39499
42.0 0.72100522791448773 -0.88954 -0.79735 -0.63599 -0.46601 -0.42801 -0.34506 0.05090 0.06895 0.30391 0.41350 0.63158 0.94100 .39596
43.0 0.73374917958905994 -0.89011 -0.79781 -0.63579 -0.46732 -0.42789 -0.34650 0.05016 0.07087 0.30249 0.41580 0.63285 0.95158 .39666
44.0 0.74668647900714824 -0.89044 -0.79809 -0.63567 -0.46811 -0.42781 -0.34736 0.04972 0.07203 0.30162 0.41716 0.63364 0.95801 .39708
45.0 0.75983570225832975 -0.89056 -0.79818 -0.63563 -0.46837 -0.42779 -0.34764 0.04957 0.07242 0.30132 0.41761 0.63391 0.96017 .39721
46.0 0.77321648466098036 -0.89044 -0.79809 -0.63567 -0.46811 -0.42781 -0.34736 0.04972 0.07203 0.30162 0.41716 0.63364 0.95801 .39708
47.0 0.78684966272995749 -0.89011 -0.79781 -0.63579 -0.46732 -0.42789 -0.34650 0.05016 0.07087 0.30249 0.41580 0.63285 0.95158 .39666
48.0 0.80075743172543956 -0.88954 -0.79735 -0.63599 -0.46601 -0.42801 -0.34506 0.05090 0.06895 0.30391 0.41350 0.63158 0.94100 .39596
49.0 0.81496352157574936 -0.88875 -0.79671 -0.63627 -0.46421 -0.42814 -0.34306 0.05193 0.06631 0.30586 0.41024 0.62992 0.92647 .39499
50.0 0.82949339444344139 -0.88773 -0.79589 -0.63662 -0.46193 -0.42825 -0.34048 0.05325 0.06301 0.30829 0.40595 0.62796 0.90828 .39373
51.0 0.84437446779034697 -0.88649 -0.79489 -0.63703 -0.45924 -0.42825 -0.33734 0.05486 0.05909 0.31114 0.40060 0.62582 0.88675 .39220
52.0 0.85963636751982619 -0.88501 -0.79371 -0.63751 -0.45624 -0.42804 -0.33365 0.05463 0.05674 0.31436 0.39414 0.62363 0.86223 .38828
53.0 0.87531121666696521 -0.88330 -0.79237 -0.63806 -0.45312 -0.42740 -0.32940 0.04970 0.05890 0.31786 0.38653 0.62150 0.83510 .37910
54.0 0.89143396621364279 -0.88137 -0.79086 -0.63867 -0.45018 -0.42601 -0.32462 0.04437 0.06132 0.32159 0.37775 0.61954 0.80575 .36899
55.0 0.90804277598219907 -0.87922 -0.78921 -0.63936 -0.44782 -0.42342 -0.31934 0.03875 0.06399 0.32546 0.36780 0.61783 0.77456 .35809
56.0 0.92517945528340284 -0.87687 -0.78745 -0.64014 -0.44636 -0.41930 -0.31357 0.03293 0.06688 0.32934 0.35672 0.61643 0.74190 .34650
57.0 0.94288997515969897 -0.87433 -0.78561 -0.64103 -0.44586 -0.41354 -0.30739 0.02707 0.06998 0.33312 0.34455 0.61534 0.70812 .33446
58.0 0.96122506680355879 -0.87163 -0.78378 -0.64209 -0.44618 -0.40622 -0.30087 0.02134 0.07327 0.33138 0.33657 0.61454 0.67355 .32221
59.0 0.98024092421724396 -0.86877 -0.78207 -0.64337 -0.44720 -0.39737 -0.29416 0.01600 0.07676 0.31735 0.33939 0.61395 0.63857 .31016
60.0 1.0000000336490449 -0.86576 -0.78063 -0.64493 -0.44891 -0.38686 -0.28745 0.01137 0.08050 0.30265 0.34105 0.60366 0.61349 .29882
61.0 1.0205721581109972 -0.86248 -0.77965 -0.64681 -0.45141 -0.37435 -0.28098 0.00785 0.08456 0.28764 0.34073 0.56962 0.61309 .28883
62.0 1.0420355127918348 -0.85868 -0.77927 -0.64892 -0.45480 -0.35931 -0.27509 0.00580 0.08901 0.27286 0.33719 0.53779 0.61291 .28089
63.0 1.0644781770328475 -0.85395 -0.77940 -0.65094 -0.45908 -0.34113 -0.27014 0.00553 0.09366 0.25914 0.32896 0.51022 0.61348 .27567
64.0 1.0879998015825072 -0.84787 -0.77960 -0.65227 -0.46396 -0.31958 -0.26671 0.00733 0.09769 0.24774 0.31492 0.48909 0.61571 .27404
65.0 1.1127136872907215 -0.84041 -0.77911 -0.65232 -0.46882 -0.29549 -0.26549 0.01157 0.09926 0.24038 0.29528 0.47542 0.62030 .27706
66.0 1.1387493349689228 -0.83214 -0.77733 -0.65108 -0.47315 -0.27071 -0.26688 0.01843 0.09638 0.23834 0.27146 0.46827 0.62686 .28531
67.0 1.1662555983306084 -0.82364 -0.77430 -0.64922 -0.47694 -0.27061 -0.24638 0.02755 0.08892 0.24139 0.24482 0.46590 0.63424 .27393
68.0 1.1954046164231349 -0.81523 -0.77029 -0.64738 -0.48058 -0.27639 -0.22235 0.03817 0.07850 0.21645 0.24844 0.46692 0.64134 .26052
69.0 1.2263967642726714 -0.80729 -0.76549 -0.64628 -0.48489 -0.28467 -0.19796 0.04881 0.06774 0.18781 0.25878 0.47022 0.64666 .24677
70.0 1.2594669489559134 -0.80103 -0.76002 -0.64729 -0.49191 -0.29774 -0.17190 0.05407 0.06126 0.16386 0.27277 0.47451 0.64694 .22597
71.0 1.2948927059181552 -0.79947 -0.75460 -0.65170 -0.50556 -0.32178 -0.14120 0.03818 0.06764 0.16100 0.29238 0.47853 0.63741 .17938
72.0 1.3330047374615932 -0.80388 -0.75205 -0.65671 -0.52410 -0.35917 -0.11338 0.00865 0.08800 0.17957 0.31467 0.48304 0.62336 .12203
73.0 1.3742008147382716 -0.80258 -0.74954 -0.65874 -0.53803 -0.39114 -0.10691 -0.01366 0.11218 0.20003 0.33387 0.49168 0.62217 .09325
74.0 1.4189643903365978 -0.79245 -0.74340 -0.65841 -0.54761 -0.41408 -0.11545 -0.03492 0.14029 0.22290 0.35324 0.50484 0.63238 .08053
75.0 1.4678899319530556 -0.78052 -0.73640 -0.65801 -0.55655 -0.43560 -0.12804 -0.05589 0.17062 0.24804 0.37361 0.51956 0.64471 .07215
76.0 1.5217180473945009 -0.76931 -0.72991 -0.65839 -0.56626 -0.45823 -0.14118 -0.07554 0.20206 0.27474 0.39483 0.53468 0.65625 .06564
77.0 1.5813852119866876 -0.75951 -0.72442 -0.65989 -0.57727 -0.48259 -0.15372 -0.09333 0.23435 0.30276 0.41681 0.54984 0.66629 .06039
78.0 1.6480958607190197 -0.75133 -0.72018 -0.66276 -0.58987 -0.50877 -0.16511 -0.10902 0.26769 0.33216 0.43963 0.56496 0.67473 .05609
79.0 1.7234297938777567 -0.74481 -0.71733 -0.66713 -0.60419 -0.53662 -0.17506 -0.12258 0.30256 0.36322 0.46353 0.58020 0.68185 .05248
80.0 1.8095073443210954 -0.73986 -0.71594 -0.67309 -0.62024 -0.56580 -0.18341 -0.13411 0.33970 0.39643 0.48893 0.59589 0.68816 .04930
81.0 1.9092530122354845 -0.73646 -0.71613 -0.68071 -0.63796 -0.59590 -0.19014 -0.14377 0.38005 0.43247 0.51638 0.61257 0.69441 .04637
82.0 2.0268354180156947 -0.73471 -0.71809 -0.69009 -0.65723 -0.62648 -0.19527 -0.15176 0.42472 0.47220 0.54665 0.63098 0.70153 .04351
83.0 2.1684423371644423 -0.73488 -0.72211 -0.70141 -0.67794 -0.65711 -0.19887 -0.15828 0.47503 0.51676 0.58075 0.65217 0.71078 .04059
84.0 2.3437412473608381 -0.73753 -0.72866 -0.71489 -0.69993 -0.68739 -0.20106 -0.16351 0.53256 0.56759 0.62012 0.67770 0.72398 .03755
85.0 2.5688804782633659
