25 0.51886690055881535 -4.83921717524
25.25 0.52181996259329522 -4.84203498236
25.50 0.52476848321648584 -4.84467470155
25.75 0.52771272502479782 -4.84714202833
26.00 0.53065294715660993 -4.84944257268
26.25 0.53358940546042311 -4.85158185511
26.50 0.53652235265705239 -4.85356530406
26.75 0.53945203849620049 -4.85539825429
27.00 0.54237870990772830 -4.85708594611
27.25 0.54530261114792489 -4.85863352521
27.50 0.54822398394106098 -4.86004604293
27.75 0.55114306761649301 -4.86132845690
28.00 0.55406009924157285 -4.86248563198
28.25 0.55697531375060216 -4.86352234138
28.50 0.55988894407005929 -4.86444326790
28.75 0.56280122124031395 -4.86525300529
29.00 0.56571237453403433 -4.86595605973
29.25 0.56862263157148163 -4.86655685123
29.50 0.57153221843287527 -4.86705971517
29.75 0.57444135976800692 -4.86746890375
30.00 0.57735027890326807 -4.86778858750
30.25 0.58025919794625369 -4.86802285667
30.50 0.58316833788809341 -4.86817572268
30.75 0.58607791870365555 -4.86825111946
31.00 0.58898815944976501 -4.86825290478
31.25 0.59189927836156764 -4.86818486153
31.50 0.59481149294717062 -4.86805069890
31.75 0.59772502008068074 -4.86785405357
32.00 0.60064007609376124 -4.86759849079
32.25 0.60355687686581816 -4.86728750540
32.50 0.60647563791293169 -4.86692452284
32.75 0.60939657447563289 -4.86651290005
33.00 0.61231990160563299 -4.86605592632
33.25 0.61524583425160395 -4.86555682408
33.50 0.61817458734410646 -4.86501874965
33.75 0.62110637587975959 -4.86444479390
34.00 0.62404141500474464 -4.86383798287
34.25 0.62697992009773107 -4.86320127832
34.50 0.62992210685231265 -4.86253757824
34.75 0.63286819135903882 -4.86184971726
35.00 0.63581839018712483 -4.86114046705
35.25 0.63877292046592293 -4.86041253667
35.50 0.64173199996623487 -4.85966857279
35.75 0.64469584718154593 -4.85891115996
36.00 0.64766468140925815 -4.85814282074
36.25 0.65063872283200119 -4.85736601584
36.50 0.65361819259909770 -4.85658314415
36.75 0.65660331290825846 -4.85579654279
37.00 0.65959430708758449 -4.85500848705
37.25 0.66259139967795155 -4.85422119033
37.50 0.66559481651585173 -4.85343680400
37.75 0.66860478481676788 -4.85265741722
38.00 0.67162153325915808 -4.85188505675
38.25 0.67464529206912238 -4.85112168670
38.50 0.67767629310583211 -4.85036920823
38.75 0.68071476994779589 -4.84962945919
39.00 0.68376095798003989 -4.84890421385
39.25 0.68681509448228206 -4.84819518243
39.50 0.68987741871817743 -4.84750401070
39.75 0.69294817202571524 -4.84683227957
40.00 0.69602759790885060 -4.84618150460
40.25 0.69911594213045092 -4.84555313551
40.50 0.70221345280664171 -4.84494855570
40.75 0.70532038050263912 -4.84436908174
41.00 0.70843697833015451 -4.84381596283
41.25 0.71156350204645979 -4.84329038031
41.50 0.71470021015520846 -4.84279344711
41.75 0.71784736400909988 -4.84232620727
42.00 0.72100522791448773 -4.84188963538
42.25 0.72417406923802852 -4.84148463612
42.50 0.72735415851547003 -4.84111204379
42.75 0.73054576956268569 -4.84077262182
43.00 0.73374917958905994 -4.84046706235
43.25 0.73696466931333482 -4.84019598584
43.50 0.74019252308203054 -4.83995994067
43.75 0.74343302899055930 -4.83975940283
44.00 0.74668647900714824 -4.83959477558
44.25 0.74995316909970178 -4.83946638924
44.50 0.75323339936572720 -4.83937450096
44.75 0.75652747416546084 -4.83931929452
45.00 0.75983570225832975 -4.83930088024
45.25 0.76315839694289456 -4.83931929492
45.50 0.76649587620041937 -4.83937450176
45.75 0.76984846284222430 -4.83946639044
46.00 0.77321648466098036 -4.83959477717
46.25 0.77660027458611014 -4.83975940481
46.50 0.78000017084346973 -4.83995994305
46.75 0.78341651711948912 -4.84019598862
47.00 0.78684966272995749 -4.84046706552
47.25 0.79029996279364645 -4.84077262538
47.50 0.79376777841097601 -4.84111204774
47.75 0.79725347684792980 -4.84148464046
48.00 0.80075743172543956 -4.84188964010
48.25 0.80428002321446923 -4.84232621237
48.50 0.80782163823703412 -4.84279345260
48.75 0.81138267067340353 -4.84329038617
49.00 0.81496352157574936 -4.84381596906
49.25 0.81856459938850701 -4.84436908834
49.50 0.82218632017573356 -4.84494856267
49.75 0.82582910785575958 -4.84555314285
50.00 0.82949339444344139 -4.84618151230
50.25 0.83317962030033754 -4.84683228763
50.50 0.83688823439314863 -4.84750401911
50.75 0.84061969456077290 -4.84819519119
51.00 0.84437446779034697 -4.84890422296
51.25 0.84815303050266300 -4.84962946864
51.50 0.85195586884736429 -4.85036921800
51.75 0.85578347900834917 -4.85112169681
52.00 0.85963636751982619 -4.85188506719
52.25 0.86351505159349251 -4.85265742797
52.50 0.86742005945732381 -4.85343681507
52.75 0.87135193070649397 -4.85422120171
53.00 0.87531121666696521 -4.85500849874
53.25 0.87929848077231665 -4.85579655477
53.50 0.88331429895441260 -4.85658315643
53.75 0.88735926004853483 -4.85736602841
54.00 0.89143396621364279 -4.85814283359
54.25 0.89553903336845653 -4.85891117309
54.50 0.89967509164409376 -4.85966858619
54.75 0.90384278585403033 -4.86041255033
55.00 0.90804277598219907 -4.86114048097
55.25 0.91227573769007742 -4.86184973142
55.50 0.91654236284366797 -4.86253759265
55.75 0.92084336006132139 -4.86320129297
56.00 0.92517945528340284 -4.86383799775
56.25 0.92955139236486140 -4.86444480900
56.50 0.93395993369181618 -4.86501876497
56.75 0.93840586082334254 -4.86555683961
57.00 0.94288997515969897 -4.86605594206
57.25 0.94741309863831702 -4.86651291599
57.50 0.95197607445894206 -4.86692453897
57.75 0.95657976783940157 -4.86728752172
58.00 0.96122506680355879 -4.86759850728
58.25 0.96591288300310196 -4.86785407024
58.50 0.97064415257492132 -4.86805071573
58.75 0.97541983703592194 -4.86818487852
59.00 0.98024092421724396 -4.86825292192
59.25 0.98510842923997155 -4.86825113675
59.50 0.99002339553454166 -4.86817574011
59.75 0.99498689590620693 -4.86802287424
60.00 1.0000000336490449 -4.86778860519
60.25 1.0050639437111659 -4.86746892156
60.50 1.0101797939139427 -4.86705973309
60.75 1.0153487862282633 -4.86655686926
61.00 1.0205721581109972 -4.86595607787
61.25 1.0258511839050852 -4.86525302353
61.50 1.0311871763068714 -4.86444328623
61.75 1.0365814879045478 -4.86352235980
62.00 1.0420355127918348 -4.86248565049
62.25 1.0475506882612993 -4.86132847548
62.50 1.0531284965820111 -4.86004606159
62.75 1.0587704668665670 -4.85863354395
63.00 1.0644781770328475 -4.85708596492
63.25 1.0702532558662603 -4.85539827316
63.50 1.0760973851886237 -4.85356532300
63.75 1.0820123021402799 -4.85158187411
64.00 1.0879998015825072 -4.84944259174
64.25 1.0940617386278098 -4.84714204745
64.50 1.1002000313062268 -4.84467472073
64.75 1.1064166633763877 -4.84203500160
65.00 1.1127136872907215 -4.83921719455
65.25 1.1190932273249123 -4.83621552423
65.50 1.1255574828824770 -4.83302414331
65.75 1.1321087319861824 -4.82963714342
66.00 1.1387493349689228 -4.82604856976
66.25 1.1454817383776770 -4.82225244093
66.50 1.1523084791052536 -4.81824277551
66.75 1.1592321887657087 -4.81401362770
67.00 1.1662555983306084 -4.80955913531
67.25 1.1733815430447392 -4.80487358471
67.50 1.1806129676413906 -4.79995149924
67.75 1.1879529318790409 -4.79478776078
68.00 1.1954046164231349 -4.78937777872
68.25 1.2029713290986654 -4.78371772811
68.50 1.2106565115415191 -4.77780489071
68.75 1.2184637462790018 -4.77163815284
69.00 1.2263967642726714 -4.76521874842
69.25 1.2344594529595776 -4.75855139735
69.50 1.2426558648313226 -4.75164610442
69.75 1.2509902265939778 -4.74452110802
70.00 1.2594669489559134 -4.73720793169
70.25 1.2680906370950717 -4.72976051673
70.50 1.2768661018621295 -4.72227287027
70.75 1.2857983717814927 -4.71491613667
71.00 1.2948927059181552 -4.70802477856
71.25 1.3041546076852373 -4.70231519750
71.50 1.3135898396745678 -4.69931193111
71.75 1.3232044396011293 -4.70067330469
72.00 1.3330047374615932 -4.70593997124
72.25 1.3429973740177321 -4.71380817674
72.50 1.3531893207273342 -4.72334684754
72.75 1.3635879012585173 -4.73394395868
73.00 1.3742008147382716 -4.74517878148
73.25 1.3850361609029067 -4.75675324849
73.50 1.3961024673370386 -4.76845356065
73.75 1.4074087190092159 -4.78012498405
74.00 1.4189643903365978 -4.79165370681
74.25 1.4307794800386300 -4.84275730578
74.50 1.4428645490710084 -4.81395761480
74.75 1.4552307619668963 -4.82461026821
75.00 1.4678899319530556 -4.83486460681
75.25 1.4808545702551064 -4.84467872573
75.50 1.4941379400594756 -4.85401392588
75.75 1.5077541156608558 -4.86283334322
76.00 1.5217180473945009 -4.87110096552
76.25 1.5360456330340897 -4.87878090293
76.50 1.5507537964299845 -4.88583682411
76.75 1.5658605742718710 -4.89223150246
77.00 1.5813852119866876 -4.89792643096
77.25 1.5973482699307082 -4.90288148123
77.50 1.6137717412076256 -4.90705458706
77.75 1.6306791826473761 -4.91040143882
78.00 1.6480958607190197 -4.91287517793
78.25 1.6660489144325314 -4.91442608280
78.50 1.6845675376176648 -4.91500123845
78.75 1.7036831833639368 -4.91454418255
79.00 1.7234297938777567 -4.91299452194
79.25 1.7438440595774944 -4.91028750864
79.50 1.7649657119256603 -4.90635357192
79.75 1.7868378553155890 -4.90111779314
80.00 1.8095073443210954 -4.89449931397
80.25 1.8330252138232914 -4.88641066478
80.50 1.8574471710024862 -4.87675699777
80.75 1.8828341599932619 -4.86543520623
81.00 1.9092530122354845 -4.85233290728
81.25 1.9367771983277440 -4.83732726066
81.50 1.9654877006520655 -4.82028358991
81.75 1.9954740303864316 -4.80105376359
82.00 2.0268354180156947 -4.77947428619
82.25 2.0596822134404817 -4.75536403333
82.50 2.0941375407372735 -4.72852155114
82.75 2.1303392641794385 -4.69872181798
83.00 2.1684423371644423 -4.66571233953
83.25 2.2086216254199424 -4.62920841212
83.50 2.2510753219802888 -4.58888734088
83.75 2.2960291063410230 -4.54438133741
84.00 2.3437412473608381 -4.49526873174
84.25 2.3945089138952178 -4.44106301892
84.50 2.4486760461856742 -4.38119909456
84.75 2.5066432657105051 -4.31501580545
