25 0.51886690055881535 -0.0956932596699490 -0.0956932596699476 -0.0407905726476164 -0.0407905726476157 -0.0407905726476157 0.0488861785919368 0.0488861785919377 0.0488861785919386 0.0649160453671161 0.0649160453671164
25.25 0.52181996259329522 -0.0940334304397416 -0.0940334304397405 -0.0405322572334889 -0.0405322572334888 -0.0405322572334883 0.0498056862792858 0.0498056862792858 0.0498056862792866 0.0656237560726652 0.0656237560726657
25.50 0.52476848321648584 -0.0924138039384768 -0.0924138039384754 -0.0404821481460839 -0.0404821481460835 -0.0404821481460834 0.0505906641982700 0.0505906641982707 0.0505906641982709 0.0659374460676112 0.0659374460676120
25.75 0.52771272502479782 -0.0908329886976203 -0.0908329886976193 -0.0406408318504556 -0.0406408318504556 -0.0406408318504546 0.0512839148129169 0.0512839148129170 0.0512839148129171 0.0658790930627709 0.0658790930627714
26.00 0.53065294715660993 -0.0892898506970607 -0.0892898506970591 -0.0410071338705795 -0.0410071338705794 -0.0410071338705788 0.0519241335043713 0.0519241335043719 0.0519241335043724 0.0654764206966694 0.0654764206966698
26.25 0.53358940546042311 -0.0877835007380551 -0.0877835007380542 -0.0415778605637401 -0.0415778605637397 -0.0415778605637387 0.0525446587047456 0.0525446587047464 0.0525446587047474 0.0647616827944075 0.0647616827944080
26.50 0.53652235265705239 -0.0863132984629278 -0.0863132984629277 -0.0423476759234213 -0.0423476759234207 -0.0423476759234199 0.0531729198036144 0.0531729198036150 0.0531729198036150 0.0637698998969908 0.0637698998969909
26.75 0.53945203849620049 -0.0848788757463626 -0.0848788757463625 -0.0433091078474281 -0.0433091078474277 -0.0433091078474273 0.0538304238618824 0.0538304238618829 0.0538304238618831 0.0625369306924462 0.0625369306924462
27.00 0.54237870990772830 -0.0834801857941320 -0.0834801857941318 -0.0444526599601853 -0.0444526599601845 -0.0444526599601835 0.0545331208008996 0.0545331208008997 0.0545331208008997 0.0610977429328639 0.0610977429328646
27.25 0.54530261114792489 -0.0821175899605770 -0.0821175899605768 -0.0457669871854656 -0.0457669871854653 -0.0457669871854640 0.0552920055775543 0.0552920055775551 0.0552920055775554 0.0594851130358814 0.0594851130358826
27.50 0.54822398394106098 -0.0807920043574721 -0.0807920043574715 -0.0472390762017855 -0.0472390762017844 -0.0472390762017841 0.0561138422927712 0.0561138422927725 0.0561138422927727 0.0577288216520120 0.0577288216520142
27.75 0.55114306761649301 -0.0795051472959148 -0.0795051472959134 -0.0488543520668918 -0.0488543520668914 -0.0488543520668907 0.0558552922445817 0.0558552922445819 0.0558552922445822 0.0558552922445833 0.0570019226519625
28.00 0.55406009924157285 -0.0782599663761462 -0.0782599663761458 -0.0505965990712385 -0.0505965990712377 -0.0505965990712375 0.0538875621751999 0.0538875621752002 0.0538875621752008 0.0538875621752011 0.0579567968156296
28.25 0.55697531375060216 -0.0770614032037356 -0.0770614032037355 -0.0524475125066744 -0.0524475125066743 -0.0524475125066736 0.0518454684024402 0.0518454684024409 0.0518454684024419 0.0518454684024425 0.0589769368926090
28.50 0.55988894407005929 -0.0759178291524983 -0.0759178291524973 -0.0543855318542564 -0.0543855318542563 -0.0543855318542560 0.0497459495115378 0.0497459495115389 0.0497459495115389 0.0497459495115397 0.0600593116183212
28.75 0.56280122124031395 -0.0748438943482769 -0.0748438943482767 -0.0563832060787607 -0.0563832060787605 -0.0563832060787596 0.0476033935566191 0.0476033935566198 0.0476033935566198 0.0476033935566218 0.0611998647639716
29.00 0.56571237453403433 -0.0738665158918204 -0.0738665158918204 -0.0584013641506759 -0.0584013641506755 -0.0584013641506746 0.0454299874483069 0.0454299874483071 0.0454299874483072 0.0454299874483079 0.0623938995965247
29.25 0.56862263157148163 -0.0730380080584042 -0.0730380080584040 -0.0603760912327533 -0.0603760912327532 -0.0603760912327530 0.0432360439982675 0.0432360439982707 0.0432360439982708 0.0432360439982715 0.0636363783114450
29.50 0.57153221843287527 -0.0724638865496596 -0.0724638865496586 -0.0621909899502772 -0.0621909899502769 -0.0621909899502769 0.0410302913598339 0.0410302913598346 0.0410302913598352 0.0410302913598371 0.0649221465184012
29.75 0.57444135976800692 -0.0723431196642879 -0.0723431196642870 -0.0636369572515391 -0.0636369572515386 -0.0636369572515382 0.0388201254066873 0.0388201254066874 0.0388201254066887 0.0388201254066897 0.0662460965489091
30.00 0.57735027890326807 -0.0729287555258900 -0.0729287555258890 -0.0644515574934939 -0.0644515574934935 -0.0644515574934934 0.0366118249075813 0.0366118249075822 0.0366118249075830 0.0366118249075838 0.0676032816289827
30.25 0.58025919794625369 -0.0742772056067811 -0.0742772056067810 -0.0645697195529300 -0.0645697195529287 -0.0645697195529285 0.0344107323298743 0.0344107323298749 0.0344107323298752 0.0344107323298754 0.0689889912408289
30.50 0.58316833788809341 -0.0761693383501122 -0.0761693383501119 -0.0642026099392433 -0.0642026099392423 -0.0642026099392416 0.0322214049475588 0.0322214049475590 0.0322214049475598 0.0322214049475611 0.0703987970957167
30.75 0.58607791870365555 -0.0783709155691124 -0.0783709155691115 -0.0635771543121424 -0.0635771543121423 -0.0635771543121416 0.0300477405805216 0.0300477405805219 0.0300477405805226 0.0300477405805234 0.0718285773150345
31.00 0.58898815944976501 -0.0807440120116757 -0.0807440120116735 -0.0628245709448663 -0.0628245709448656 -0.0628245709448654 0.0278930819978505 0.0278930819978513 0.0278930819978522 0.0278930819978526 0.0732745248411933
31.25 0.59189927836156764 -0.0832168415950510 -0.0832168415950504 -0.0620104955293149 -0.0620104955293146 -0.0620104955293144 0.0257603035731943 0.0257603035731949 0.0257603035731950 0.0257603035731963 0.0717170814116081
31.50 0.59481149294717062 -0.0857503504864135 -0.0857503504864129 -0.0611683392245131 -0.0611683392245124 -0.0611683392245113 0.0236518832649846 0.0236518832649868 0.0236518832649875 0.0236518832649886 0.0700277579555273
31.75 0.59772502008068074 -0.0883213232294713 -0.0883213232294704 -0.0603161351661342 -0.0603161351661336 -0.0603161351661333 0.0215699625046125 0.0215699625046131 0.0215699625046143 0.0215699625046150 0.0683767646267843
32.00 0.60064007609376124 -0.0909146498690912 -0.0909146498690912 -0.0594642265867283 -0.0594642265867269 -0.0594642265867264 0.0195163959046819 0.0195163959046825 0.0195163959046827 0.0195163959046854 0.0667644887177621
32.25 0.60355687686581816 -0.0935196811641189 -0.0935196811641186 -0.0586188695893649 -0.0586188695893641 -0.0586188695893632 0.0174927932545712 0.0174927932545714 0.0174927932545717 0.0174927932545727 0.0651911970729101
32.50 0.60647563791293169 -0.0961284041973654 -0.0961284041973651 -0.0577840180520676 -0.0577840180520670 -0.0577840180520666 0.0155005548558567 0.0155005548558572 0.0155005548558588 0.0155005548558599 0.0636570559194295
32.75 0.60939657447563289 -0.0987344717729799 -0.0987344717729782 -0.0569622611502086 -0.0569622611502085 -0.0569622611502081 0.0135408990950492 0.0135408990950508 0.0135408990950508 0.0135408990950514 0.0621621403222412
33.00 0.61231990160563299 -0.1013326493128257 -0.1013326493128255 -0.0561553419398254 -0.0561553419398250 -0.0561553419398246 0.0116148895011889 0.0116148895011894 0.0116148895011896 0.0116148895011898 0.0607064483829457
33.25 0.61524583425160395 -0.1039184751242534 -0.1039184751242530 -0.0553644552854271 -0.0553644552854266 -0.0553644552854266 0.0097234684599646 0.0097234684599669 0.0097234684599671 0.0097234684599693 0.0592788940584678
33.50 0.61817458734410646 -0.1064880844405260 -0.1064880844405236 -0.0545904424575884 -0.0545904424575883 -0.0545904424575882 0.0078674300576136 0.0078674300576157 0.0078674300576160 0.0078674300576184 0.0574238398046463
33.75 0.62110637587975959 -0.1090380317925221 -0.1090380317925220 -0.0538338893914191 -0.0538338893914176 -0.0538338893914170 0.0060474921829718 0.0060474921829738 0.0060474921829742 0.0060474921829748 0.0555711490740451
34.00 0.62404141500474464 -0.1115652192536146 -0.1115652192536135 -0.0530952095974726 -0.0530952095974725 -0.0530952095974716 0.0042642770008048 0.0042642770008053 0.0042642770008056 0.0042642770008072 0.0537235154021865
34.25 0.62697992009773107 -0.1140668241602567 -0.1140668241602554 -0.0523746911175952 -0.0523746911175951 -0.0523746911175949 0.0025183291123201 0.0025183291123213 0.0025183291123230 0.0025183291123232 0.0518835112290046
34.50 0.62992210685231265 -0.1165402495240058 -0.1165402495240055 -0.0516725297684923 -0.0516725297684919 -0.0516725297684909 0.0008101251370781 0.0008101251370792 0.0008101251370798 0.0008101251370804 0.0500535972191739
34.75 0.63286819135903882 -0.1189830865431108 -0.1189830865431103 -0.0509888521965984 -0.0509888521965982 -0.0509888521965969 -0.0008599180235702 -0.0008599180235682 -0.0008599180235672 -0.0008599180235671 0.0482361307925289
35.00 0.63581839018712483 -0.1213930856036095 -0.1213930856036073 -0.0503237321642610 -0.0503237321642601 -0.0503237321642596 -0.0024914360340450 -0.0024914360340432 -0.0024914360340430 -0.0024914360340404 0.0464333739103164
35.25 0.63877292046592293 -0.1237681334199639 -0.1237681334199637 -0.0496772022474548 -0.0496772022474546 -0.0496772022474538 -0.0040841109136243 -0.0040841109136231 -0.0040841109136230 -0.0040841109136210 0.0446475001573817
35.50 0.64173199996623487 -0.1261062347367728 -0.1261062347367716 -0.0490492623714356 -0.0490492623714349 -0.0490492623714347 -0.0056376656267694 -0.0056376656267686 -0.0056376656267669 -0.0056376656267664 0.0428806011621127
35.75 0.64469584718154593 -0.1284054975015070 -0.1284054975015054 -0.0484398861318389 -0.0484398861318377 -0.0484398861318363 -0.0071518593559377 -0.0071518593559366 -0.0071518593559358 -0.0071518593559350 0.0411346923949816
36.00 0.64766468140925815 -0.1306641207391838 -0.1306641207391814 -0.0478490255475318 -0.0478490255475309 -0.0478490255475308 -0.0086264833588361 -0.0086264833588357 -0.0086264833588351 -0.0086264833588341 0.0394117183809266
36.25 0.65063872283200119 -0.1328803845654629 -0.1328803845654628 -0.0472766146858651 -0.0472766146858644 -0.0472766146858642 -0.0100613573231896 -0.0100613573231866 -0.0100613573231862 -0.0100613573231851 0.0377135573677582
36.50 0.65361819259909770 -0.1350526423434860 -0.1350526423434859 -0.0467225728699768 -0.0467225728699754 -0.0467225728699748 -0.0114563266403156 -0.0114563266403140 -0.0114563266403130 -0.0114563266403129 0.0360420250896021
36.75 0.65660331290825846 -0.1371793119258936 -0.1371793119258930 -0.0461868051679566 -0.0461868051679561 -0.0461868051679552 -0.0128112573124714 -0.0128112573124704 -0.0128112573124684 -0.0128112573124676 0.0343988802438867
37.00 0.65959430708758449 -0.1392588736453774 -0.1392588736453753 -0.0456692074690365 -0.0456692074690363 -0.0456692074690351 -0.0141260377507221 -0.0141260377507215 -0.0141260377507208 -0.0141260377507196 0.0327858242478544
37.25 0.66259139967795155 -0.1412898621227102 -0.1412898621227101 -0.0451696649027952 -0.0451696649027951 -0.0451696649027950 -0.0154005724021301 -0.0154005724021287 -0.0154005724021280 -0.0154005724021270 0.0312045073517859
37.50 0.66559481651585173 -0.1432708640754067 -0.1432708640754062 -0.0446880545486052 -0.0446880545486045 -0.0446880545486042 -0.0166347817284960 -0.0166347817284958 -0.0166347817284956 -0.0166347817284956 0.0296565294528776
37.75 0.66860478481676788 -0.1452005148590026 -0.1452005148590023 -0.0442242462910224 -0.0442242462910215 -0.0442242462910211 -0.0178286000624203 -0.0178286000624193 -0.0178286000624181 -0.0178286000624173 0.0281434424115639
38.00 0.67162153325915808 -0.1470774959163208 -0.1470774959163205 -0.0437781038110804 -0.0437781038110801 -0.0437781038110800 -0.0189819740088532 -0.0189819740088530 -0.0189819740088529 -0.0189819740088524 0.0266667517300706
38.25 0.67464529206912238 -0.1489005327492440 -0.1489005327492432 -0.0433494855008837 -0.0433494855008834 -0.0433494855008806 -0.0200948610125009 -0.0200948610125007 -0.0200948610124998 -0.0200948610124998 0.0252279179032312
38.50 0.67767629310583211 -0.1506683933407814 -0.1506683933407811 -0.0429382453224481 -0.0429382453224476 -0.0429382453224472 -0.0211672280695376 -0.0211672280695365 -0.0211672280695361 -0.0211672280695358 0.0238283574623649
38.75 0.68071476994779589 -0.1523798869650251 -0.1523798869650243 -0.0425442336287484 -0.0425442336287480 -0.0425442336287471 -0.0221990505652812 -0.0221990505652809 -0.0221990505652806 -0.0221990505652803 0.0224694437358774
39.00 0.68376095798003989 -0.1540338633335399 -0.1540338633335383 -0.0421672979609332 -0.0421672979609329 -0.0421672979609314 -0.0231903112242162 -0.0231903112242157 -0.0231903112242149 -0.0231903112242144 0.0211525073444323
39.25 0.68681509448228206 -0.1556292120342226 -0.1556292120342223 -0.0418072838304155 -0.0418072838304135 -0.0418072838304127 -0.0241409991596197 -0.0241409991596189 -0.0241409991596187 -0.0241409991596176 0.0198788364488097
39.50 0.68987741871817743 -0.1571648622199260 -0.1571648622199254 -0.0414640354901781 -0.0414640354901767 -0.0414640354901747 -0.0250511090108037 -0.0250511090108031 -0.0250511090108029 -0.0250511090108023 0.0186496767729685
39.75 0.69294817202571524 -0.1586397825157633 -0.1586397825157624 -0.0411373967014761 -0.0411373967014754 -0.0411373967014745 -0.0259206401607580 -0.0259206401607573 -0.0259206401607568 -0.0259206401607566 0.0174662314164206
40.00 0.69602759790885060 -0.1600529811115310 -0.1600529811115308 -0.0408272114949448 -0.0408272114949444 -0.0408272114949439 -0.0267495960238399 -0.0267495960238375 -0.0267495960238375 -0.0267495960238360 0.0163296604767060
40.25 0.69911594213045092 -0.1614035060122302 -0.1614035060122295 -0.0405333249281462 -0.0405333249281456 -0.0405333249281451 -0.0275379833980521 -0.0275379833980519 -0.0275379833980505 -0.0275379833980492 0.0152410805002317
40.50 0.70221345280664171 -0.1626904454213608 -0.1626904454213605 -0.0402555838365526 -0.0402555838365522 -0.0402555838365514 -0.0282858118744593 -0.0282858118744581 -0.0282858118744574 -0.0282858118744569 0.0142015637796103
40.75 0.70532038050263912 -0.1639129282347994 -0.1639129282347988 -0.0399938375781369 -0.0399938375781368 -0.0399938375781367 -0.0289930932993167 -0.0289930932993165 -0.0289930932993159 -0.0289930932993150 0.0132121375158443
41.00 0.70843697833015451 -0.1650701246237601 -0.1650701246237568 -0.0397479387675993 -0.0397479387675986 -0.0397479387675978 -0.0296598412838963 -0.0296598412838955 -0.0296598412838953 -0.0296598412838937 0.0122737828649712
41.25 0.71156350204645979 -0.1661612466882085 -0.1661612466882081 -0.0395177439973544 -0.0395177439973542 -0.0395177439973534 -0.0302860707575330 -0.0302860707575301 -0.0302860707575298 -0.0302860707575274 0.0113874338876767
41.50 0.71470021015520846 -0.1671855491632579 -0.1671855491632561 -0.0393031145424823 -0.0393031145424816 -0.0393031145424809 -0.0308717975610233 -0.0308717975610230 -0.0308717975610219 -0.0308717975610218 0.0105539764212233
41.75 0.71784736400909988 -0.1681423301617371 -0.1681423301617362 -0.0391039170456189 -0.0391039170456182 -0.0391039170456173 -0.0314170380765391 -0.0314170380765371 -0.0314170380765352 -0.0314170380765351 0.0097742468930887
42.00 0.72100522791448773 -0.1690309319387460 -0.1690309319387451 -0.0389200241784830 -0.0389200241784810 -0.0389200241784787 -0.0319218088918341 -0.0319218088918312 -0.0319218088918303 -0.0319218088918280 0.0090490310953635
42.25 0.72417406923802852 -0.1698507416638270 -0.1698507416638266 -0.0387513152756960 -0.0387513152756958 -0.0387513152756955 -0.0323861264959999 -0.0323861264959989 -0.0323861264959977 -0.0323861264959959 0.0083790629395468
42.50 0.72735415851547003 -0.1706011921878973 -0.1706011921878958 -0.0385976769383006 -0.0385976769382990 -0.0385976769382985 -0.0328100070049478 -0.0328100070049467 -0.0328100070049466 -0.0328100070049447 0.0077650232108850
42.75 0.73054576956268569 -0.1712817627933687 -0.1712817627933687 -0.0384590036029699 -0.0384590036029689 -0.0384590036029689 -0.0331934659146281 -0.0331934659146271 -0.0331934659146261 -0.0331934659146245 0.0072075383402286
43.00 0.73374917958905994 -0.1718919799161469 -0.1718919799161454 -0.0383351980730196 -0.0383351980730189 -0.0383351980730185 -0.0335365178802017 -0.0335365178802011 -0.0335365178802008 -0.0335365178802001 0.0067071792125259
43.25 0.73696466931333482 -0.1724314178296854 -0.1724314178296844 -0.0382261720095684 -0.0382261720095677 -0.0382261720095676 -0.0338391765202563 -0.0338391765202557 -0.0338391765202555 -0.0338391765202553 0.0062644600289346
43.50 0.74019252308203054 -0.1728996992820288 -0.1728996992820284 -0.0381318463781878 -0.0381318463781869 -0.0381318463781863 -0.0341014542444458 -0.0341014542444457 -0.0341014542444453 -0.0341014542444452 0.0058798372391215
43.75 0.74343302899055930 -0.1732964960774728 -0.1732964960774714 -0.0380521518499025 -0.0380521518499016 -0.0380521518499015 -0.0343233621036504 -0.0343233621036502 -0.0343233621036497 -0.0343233621036492 0.0055537085595712
44.00 0.74668647900714824 -0.1736215295958596 -0.1736215295958583 -0.0379870291535100 -0.0379870291535076 -0.0379870291535073 -0.0345049096620497 -0.0345049096620495 -0.0345049096620486 -0.0345049096620483 0.0052864120915958
44.25 0.74995316909970178 -0.1738745712425014 -0.1738745712425009 -0.0379364293770139 -0.0379364293770138 -0.0379364293770132 -0.0346461048897015 -0.0346461048897004 -0.0346461048897002 -0.0346461048896988 0.0050782255529828
44.50 0.75323339936572720 -0.1740554428242180 -0.1740554428242167 -0.0379003142167039 -0.0379003142167037 -0.0379003142167034 -0.0347469540758005 -0.0347469540757986 -0.0347469540757984 -0.0347469540757962 0.0049293656324023
44.75 0.75652747416546084 -0.1741640168462013 -0.1741640168461986 -0.0378786561728856 -0.0378786561728853 -0.0378786561728840 -0.0348074617615577 -0.0348074617615574 -0.0348074617615567 -0.0348074617615549 0.0048399874785760
45.00 0.75983570225832975 -0.1742002166538343 -0.1742002166538310 -0.0378714386761881 -0.0378714386761880 -0.0378714386761873 -0.0348276306112168 -0.0348276306112150 -0.0348276306112139 -0.0348276306112127 0.0048101843919365
45.25 0.76315839694289456 -0.1741640169271055 -0.1741640169271046 -0.0378786562401242 -0.0378786562401240 -0.0378786562401236 -0.0348074617906036 -0.0348074617906021 -0.0348074617906016 -0.0348074617906007 0.0048399872844251
45.50 0.76649587620041937 -0.1740554429941157 -0.1740554429941144 -0.0379003143537676 -0.0379003143537676 -0.0379003143537668 -0.0347469541429157 -0.0347469541429144 -0.0347469541429124 -0.0347469541429118 0.0049293652364996
45.75 0.76984846284222430 -0.1738745754541598 -0.1738745754541590 -0.0379364323351532 -0.0379364323351530 -0.0379364323351530 -0.0346461093040249 -0.0346461093040239 -0.0346461093040230 -0.0346461093040224 0.0050782210689793
46.00 0.77321648466098036 -0.1736215333226248 -0.1736215333226242 -0.0379870319262348 -0.0379870319262317 -0.0379870319262315 -0.0345049134780236 -0.0345049134780215 -0.0345049134780211 -0.0345049134780205 0.0052864079467676
46.25 0.77660027458611014 -0.1732964993961459 -0.1732964993961452 -0.0380521544569538 -0.0380521544569533 -0.0380521544569524 -0.0343233654073111 -0.0343233654073099 -0.0343233654073093 -0.0343233654073079 0.0055537046843517
46.50 0.78000017084346973 -0.1728997022818672 -0.1728997022818665 -0.0381318488448659 -0.0381318488448653 -0.0381318488448652 -0.0341014571355680 -0.0341014571355676 -0.0341014571355672 -0.0341014571355663 0.0058798335516062
46.75 0.78341651711948912 -0.1724314206045922 -0.1724314206045920 -0.0382261743650146 -0.0382261743650138 -0.0382261743650135 -0.0338391791036675 -0.0338391791036664 -0.0338391791036655 -0.0338391791036637 0.0062644564418391
47.00 0.78684966272995749 -0.1718919825549425 -0.1718919825549424 -0.0383352003476284 -0.0383352003476274 -0.0383352003476273 -0.0335365202549918 -0.0335365202549905 -0.0335365202549895 -0.0335365202549888 0.0067071756420394
47.25 0.79029996279364645 -0.1712817653704507 -0.1712817653704506 -0.0384590058253957 -0.0384590058253952 -0.0384590058253944 -0.0331934681637947 -0.0331934681637939 -0.0331934681637924 -0.0331934681637914 0.0072075347147163
47.50 0.79376777841097601 -0.1706011947570143 -0.1706011947570139 -0.0385976791329539 -0.0385976791329536 -0.0385976791329533 -0.0328100091885083 -0.0328100091885065 -0.0328100091885055 -0.0328100091885044 0.0077650194769382
47.75 0.79725347684792980 -0.1698507442564141 -0.1698507442564139 -0.0387513174613232 -0.0387513174613225 -0.0387513174613222 -0.0323861286491745 -0.0323861286491730 -0.0323861286491729 -0.0323861286491726 0.0083790590639066
48.00 0.80075743172543956 -0.1690309345665734 -0.1690309345665721 -0.0389200263680189 -0.0389200263680174 -0.0389200263680165 -0.0319218110280228 -0.0319218110280215 -0.0319218110280212 -0.0319218110280206 0.0090490270628917
48.25 0.80428002321446923 -0.1681423328221354 -0.1681423328221343 -0.0391039192470572 -0.0391039192470563 -0.0391039192470558 -0.0314170401931429 -0.0314170401931428 -0.0314170401931426 -0.0314170401931421 0.0097742427022458
48.50 0.80782163823703412 -0.1671855518450375 -0.1671855518450347 -0.0393031167602548 -0.0393031167602545 -0.0393031167602535 -0.0308717996460466 -0.0308717996460451 -0.0308717996460441 -0.0308717996460439 0.0105539720787722
48.75 0.81138267067340353 -0.1661612493767490 -0.1661612493767476 -0.0395177462337394 -0.0395177462337384 -0.0395177462337367 -0.0302860727952259 -0.0302860727952250 -0.0302860727952244 -0.0302860727952234 0.0113874294040519
49.00 0.81496352157574936 -0.1650701273046751 -0.1650701273046740 -0.0397479410239228 -0.0397479410239226 -0.0397479410239212 -0.0296598432588401 -0.0296598432588398 -0.0296598432588395 -0.0296598432588393 0.0122737782508631
49.25 0.81856459938850701 -0.1639129308961426 -0.1639129308961422 -0.0399938398555797 -0.0399938398555772 -0.0399938398555771 -0.0289930951988588 -0.0289930951988578 -0.0289930951988574 -0.0289930951988565 0.0132121327800799
49.50 0.82218632017573356 -0.1626904480545363 -0.1626904480545361 -0.0402555861366605 -0.0402555861366588 -0.0402555861366577 -0.0282858136897186 -0.0282858136897179 -0.0282858136897166 -0.0282858136897157 0.0142015589282329
49.75 0.82582910785575958 -0.1614035086121597 -0.1614035086121595 -0.0405333272530725 -0.0405333272530719 -0.0405333272530715 -0.0275379851241055 -0.0275379851241050 -0.0275379851241045 -0.0275379851241042 0.0152410755362773
50.00 0.82949339444344139 -0.1600529836763669 -0.1600529836763668 -0.0408272138475285 -0.0408272138475272 -0.0408272138475263 -0.0267495976593728 -0.0267495976593717 -0.0267495976593714 -0.0267495976593711 0.0163296554003999
50.25 0.83317962030033754 -0.1586397850463057 -0.1586397850463036 -0.0411373990851648 -0.0411373990851645 -0.0411373990851636 -0.0259206417074215 -0.0259206417074209 -0.0259206417074203 -0.0259206417074192 0.0174662262256517
50.50 0.83688823439314863 -0.1571648647190335 -0.1571648647190328 -0.0414640379089588 -0.0414640379089583 -0.0414640379089581 -0.0250511104725317 -0.0250511104725309 -0.0250511104725303 -0.0250511104725298 0.0186496714638461
50.75 0.84061969456077290 -0.1556292145061640 -0.1556292145061619 -0.0418072862886605 -0.0418072862886603 -0.0418072862886593 -0.0241410005418972 -0.0241410005418954 -0.0241410005418948 -0.0241410005418942 0.0198788310161937
51.00 0.84437446779034697 -0.1540338657834676 -0.1540338657834674 -0.0421673004632614 -0.0421673004632602 -0.0421673004632600 -0.0231903125334913 -0.0231903125334910 -0.0231903125334903 -0.0231903125334899 0.0211525017824369
51.25 0.84815303050266300 -0.1523798893985586 -0.1523798893985571 -0.0425442361798781 -0.0425442361798780 -0.0425442361798776 -0.0221990518084724 -0.0221990518084700 -0.0221990518084689 -0.0221990518084679 0.0224694380382519
51.50 0.85195586884736429 -0.1506683957636594 -0.1506683957636588 -0.0429382479270795 -0.0429382479270788 -0.0429382479270778 -0.0211672292536445 -0.0211672292536427 -0.0211672292536420 -0.0211672292536401 0.0238283516228298
51.75 0.85578347900834917 -0.1489005351670834 -0.1489005351670829 -0.0433494881635591 -0.0433494881635580 -0.0433494881635567 -0.0200948621443365 -0.0200948621443363 -0.0200948621443358 -0.0200948621443355 0.0252279119156985
52.00 0.85963636751982619 -0.1470774983344653 -0.1470774983344652 -0.0437781065360950 -0.0437781065360933 -0.0437781065360925 -0.0189819750948566 -0.0189819750948564 -0.0189819750948552 -0.0189819750948539 0.0266667455887902
52.25 0.86351505159349251 -0.1452005172824296 -0.1452005172824294 -0.0442242490822952 -0.0442242490822951 -0.0442242490822941 -0.0178286011085613 -0.0178286011085607 -0.0178286011085601 -0.0178286011085598 0.0281434361112246
52.50 0.86742005945732381 -0.1432708665085956 -0.1432708665085949 -0.0446880574095192 -0.0446880574095192 -0.0446880574095178 -0.0166347827401208 -0.0166347827401201 -0.0166347827401200 -0.0166347827401187 0.0296565229887487
52.75 0.87135193070649397 -0.1412898645694607 -0.1412898645694606 -0.0451696678359147 -0.0451696678359139 -0.0451696678359135 -0.0154005733837525 -0.0154005733837521 -0.0154005733837518 -0.0154005733837503 0.0312045007198806
53.00 0.87531121666696521 -0.1392588761081415 -0.1392588761081414 -0.0456692104752736 -0.0456692104752722 -0.0456692104752712 -0.0141260387052645 -0.0141260387052635 -0.0141260387052632 -0.0141260387052623 0.0327858174455779
53.25 0.87929848077231665 -0.1371793144015622 -0.1371793144015621 -0.0461868082418068 -0.0461868082418060 -0.0461868082418057 -0.0128112582363989 -0.0128112582363979 -0.0128112582363976 -0.0128112582363952 0.0343988732739408
53.50 0.88331429895441260 -0.1350526445124648 -0.1350526445124645 -0.0467225757383798 -0.0467225757383787 -0.0467225757383783 -0.0114563271550961 -0.0114563271550944 -0.0114563271550942 -0.0114563271550912 0.0360420182559549
53.75 0.88735926004853483 -0.1328803871476189 -0.1328803871476187 -0.0472766179840223 -0.0472766179840209 -0.0472766179840207 -0.0100613582778969 -0.0100613582778966 -0.0100613582778960 -0.0100613582778948 0.0377135499892511
54.00 0.89143396621364279 -0.1306641233443832 -0.1306641233443825 -0.0478490289160174 -0.0478490289160170 -0.0478490289160161 -0.0086264842947152 -0.0086264842947146 -0.0086264842947141 -0.0086264842947140 0.0394117108256512
54.25 0.89553903336845653 -0.1284055001424426 -0.1284055001424416 -0.0484398895835559 -0.0484398895835555 -0.0484398895835551 -0.0071518602870336 -0.0071518602870335 -0.0071518602870333 -0.0071518602870317 0.0411346846519606
54.50 0.89967509164409376 -0.1261062374175517 -0.1261062374175502 -0.0490492659097330 -0.0490492659097317 -0.0490492659097309 -0.0056376665574943 -0.0056376665574942 -0.0056376665574935 -0.0056376665574924 0.0428805932283078
54.75 0.90384278585403033 -0.1237681361405654 -0.1237681361405653 -0.0496772058726869 -0.0496772058726867 -0.0496772058726847 -0.0040841118437317 -0.0040841118437314 -0.0040841118437309 -0.0040841118437308 0.0446474920338214
55.00 0.90804277598219907 -0.1213930883613743 -0.1213930883613712 -0.0503237358751861 -0.0503237358751860 -0.0503237358751837 -0.0024914369602229 -0.0024914369602219 -0.0024914369602207 -0.0024914369602204 0.0464333656008056
55.25 0.91227573769007742 -0.1189830893323234 -0.1189830893323231 -0.0509888559903761 -0.0509888559903751 -0.0509888559903750 -0.0008599189389563 -0.0008599189389550 -0.0008599189389540 -0.0008599189389536 0.0482361223041565
55.50 0.91654236284366797 -0.1165402523357955 -0.1165402523357953 -0.0516725336404814 -0.0516725336404810 -0.0516725336404808 0.0008101242431061 0.0008101242431063 0.0008101242431067 0.0008101242431073 0.0500535885625470
55.75 0.92084336006132139 -0.1140668269807659 -0.1140668269807648 -0.0523746950607292 -0.0523746950607287 -0.0523746950607275 0.0025183282562532 0.0025183282562538 0.0025183282562566 0.0025183282562583 0.0518835024201332
56.00 0.92517945528340284 -0.1115652220634202 -0.1115652220634200 -0.0530952136016033 -0.0530952136016027 -0.0530952136016015 0.0042642762060225 0.0042642762060232 0.0042642762060236 0.0042642762060241 0.0537235064632932
56.25 0.92955139236486140 -0.1090380345650648 -0.1090380345650646 -0.0538338934424592 -0.0538338934424586 -0.0538338934424580 0.0060474914819989 0.0060474914819989 0.0060474914819992 0.0060474914820003 0.0555711400351492
56.50 0.93395993369181618 -0.1064880871399453 -0.1064880871399447 -0.0545904465359530 -0.0545904465359521 -0.0545904465359506 0.0078674294964181 0.0078674294964186 0.0078674294964190 0.0078674294964196 0.0574238307059502
56.75 0.93840586082334254 -0.1039184776970494 -0.1039184776970475 -0.0553644593614100 -0.0553644593614093 -0.0553644593614065 0.0097234681120596 0.0097234681120609 0.0097234681120610 0.0097234681120613 0.0592788849582646
57.00 0.94288997515969897 -0.1013326467815670 -0.1013326467815662 -0.0561553439822144 -0.0561553439822139 -0.0561553439822139 0.0116148965125555 0.0116148965125569 0.0116148965125573 0.0116148965125587 0.0607064556934680
57.25 0.94741309863831702 -0.0987344720828116 -0.0987344720828105 -0.0569622642915405 -0.0569622642915403 -0.0569622642915396 0.0135409022213557 0.0135409022213577 0.0135409022213583 0.0135409022213602 0.0621621436319937
57.50 0.95197607445894206 -0.0961284262196947 -0.0961284262196935 -0.0577840346362633 -0.0577840346362619 -0.0577840346362619 0.0155005353577636 0.0155005353577638 0.0155005353577659 0.0155005353577662 0.0636570346141554
57.75 0.95657976783940157 -0.0935197003950974 -0.0935197003950968 -0.0586188848596120 -0.0586188848596119 -0.0586188848596111 0.0174927764146375 0.0174927764146376 0.0174927764146405 0.0174927764146410 0.0651911784919526
58.00 0.96122506680355879 -0.0909146666293198 -0.0909146666293190 -0.0594642405083392 -0.0594642405083390 -0.0594642405083386 0.0195163814886598 0.0195163814886612 0.0195163814886618 0.0195163814886637 0.0667644726175942
58.25 0.96591288300310196 -0.0883213377442120 -0.0883213377442120 -0.0603161479354500 -0.0603161479354488 -0.0603161479354473 0.0215699502201899 0.0215699502201917 0.0215699502201926 0.0215699502201935 0.0683767512458175
58.50 0.97064415257492132 -0.0857503632971325 -0.0857503632971323 -0.0611683511979098 -0.0611683511979094 -0.0611683511979092 0.0236518726017179 0.0236518726017185 0.0236518726017191 0.0236518726017217 0.0700277462084792
58.75 0.97541983703592194 -0.0832168532273210 -0.0832168532273209 -0.0620105071020465 -0.0620105071020458 -0.0620105071020457 0.0257602939643277 0.0257602939643279 0.0257602939643292 0.0257602939643297 0.0717170706736766
59.00 0.98024092421724396 -0.0807440227763604 -0.0807440227763599 -0.0628245824330714 -0.0628245824330692 -0.0628245824330688 0.0278930730984841 0.0278930730984844 0.0278930730984848 0.0278930730984854 0.0732745090513939
59.25 0.98510842923997155 -0.0783709255839638 -0.0783709255839632 -0.0635771659604216 -0.0635771659604201 -0.0635771659604193 0.0300477322215377 0.0300477322215377 0.0300477322215381 0.0300477322215385 0.0718285616203375
59.50 0.99002339553454166 -0.0761693475963833 -0.0761693475963818 -0.0642026219543016 -0.0642026219543015 -0.0642026219543003 0.0322213970643994 0.0322213970644009 0.0322213970644011 0.0322213970644032 0.0703987814395153
59.75 0.99498689590620693 -0.0742772140248632 -0.0742772140248631 -0.0645697320964210 -0.0645697320964208 -0.0645697320964201 0.0344107249002641 0.0344107249002656 0.0344107249002659 0.0344107249002674 0.0689889755826224
60.00 1.0000000336490449 -0.0729287632527059 -0.0729287632527050 -0.0644515705214413 -0.0644515705214404 -0.0644515705214393 0.0366118178993489 0.0366118178993497 0.0366118178993507 0.0366118178993508 0.0676032659252665
60.25 1.0050639437111659 -0.0723431272531917 -0.0723431272531912 -0.0636369703566341 -0.0636369703566315 -0.0636369703566313 0.0388201187357182 0.0388201187357182 0.0388201187357188 0.0388201187357189 0.0662460807371285
60.50 1.0101797939139427 -0.0724638945633657 -0.0724638945633647 -0.0621910028185800 -0.0621910028185789 -0.0621910028185788 0.0410302848614235 0.0410302848614236 0.0410302848614237 0.0410302848614249 0.0649221305013071
60.75 1.0153487862282633 -0.0730380167574753 -0.0730380167574731 -0.0603761039948888 -0.0603761039948874 -0.0603761039948865 0.0432360374066233 0.0432360374066253 0.0432360374066259 0.0432360374066285 0.0636363619390054
61.00 1.0205721581109972 -0.0738665254372803 -0.0738665254372797 -0.0584013772475494 -0.0584013772475487 -0.0584013772475478 0.0454299803476050 0.0454299803476055 0.0454299803476072 0.0454299803476084 0.0623938826549391
61.25 1.0258511839050852 -0.0748439048131887 -0.0748439048131875 -0.0563832198797605 -0.0563832198797601 -0.0563832198797598 0.0476033856860611 0.0476033856860617 0.0476033856860623 0.0476033856860638 0.0611998471764910
61.50 1.0311871763068714 -0.0759178404450834 -0.0759178404450828 -0.0543855461296524 -0.0543855461296511 -0.0543855461296509 0.0497459412280483 0.0497459412280487 0.0497459412280491 0.0497459412280495 0.0600592935489724
61.75 1.0365814879045478 -0.0770614153312785 -0.0770614153312783 -0.0524475263462681 -0.0524475263462680 -0.0524475263462679 0.0518454595151967 0.0518454595151969 0.0518454595151970 0.0518454595151976 0.0589769170898986
62.00 1.0420355127918348 -0.0782599789080734 -0.0782599789080733 -0.0505966130716708 -0.0505966130716705 -0.0505966130716693 0.0538875531182769 0.0538875531182783 0.0538875531182783 0.0538875531182791 0.0579567768023175
62.25 1.0475506882612993 -0.0795051594020608 -0.0795051594020598 -0.0488543654519779 -0.0488543654519776 -0.0488543654519773 0.0558552836429958 0.0558552836429966 0.0558552836429972 0.0558552836429977 0.0570019030909447
62.50 1.0531284965820111 -0.0807920138584531 -0.0807920138584524 -0.0472390868626458 -0.0472390868626458 -0.0472390868626444 0.0561138250525864 0.0561138250525874 0.0561138250525880 0.0577288151961951 0.0577288151961959
62.75 1.0587704668665670 -0.0821175977381646 -0.0821175977381644 -0.0457669950935275 -0.0457669950935273 -0.0457669950935263 0.0552919913667203 0.0552919913667210 0.0552919913667224 0.0594851087167515 0.0594851087167520
63.00 1.0644781770328475 -0.0834801993769602 -0.0834801993769594 -0.0444526727445597 -0.0444526727445597 -0.0444526727445593 0.0545331031275667 0.0545331031275671 0.0545331031275677 0.0610977347881485 0.0610977347881491
63.25 1.0702532558662603 -0.0848788909927518 -0.0848788909927495 -0.0433091224287512 -0.0433091224287499 -0.0433091224287486 0.0538304048735808 0.0538304048735811 0.0538304048735824 0.0625369211800128 0.0625369211800131
63.50 1.0760973851886237 -0.0863133135933095 -0.0863133135933085 -0.0423476907315454 -0.0423476907315433 -0.0423476907315427 0.0531729008173987 0.0531729008173988 0.0531729008173992 0.0637698902073103 0.0637698902073128
63.75 1.0820123021402799 -0.0877835152437324 -0.0877835152437304 -0.0415778751964875 -0.0415778751964874 -0.0415778751964869 0.0525446400345557 0.0525446400345577 0.0525446400345578 0.0647616731772338 0.0647616731772362
64.00 1.0879998015825072 -0.0892898643891627 -0.0892898643891616 -0.0410071482241963 -0.0410071482241959 -0.0410071482241959 0.0519241151525121 0.0519241151525128 0.0519241151525129 0.0654764111583396 0.0654764111583397
64.25 1.0940617386278098 -0.0908330014977528 -0.0908330014977509 -0.0406408458877357 -0.0406408458877345 -0.0406408458877334 0.0512838966838229 0.0512838966838230 0.0512838966838236 0.0658790835682315 0.0658790835682323
64.50 1.1002000313062268 -0.0924138158242354 -0.0924138158242345 -0.0404821617843103 -0.0404821617843098 -0.0404821617843089 0.0505906462933874 0.0505906462933885 0.0505906462933895 0.0659374366846613 0.0659374366846619
64.75 1.1064166633763877 -0.0940334414890709 -0.0940334414890694 -0.0405322703115486 -0.0405322703115484 -0.0405322703115481 0.0498056690134607 0.0498056690134622 0.0498056690134625 0.0656237471087580 0.0656237471087589
65.00 1.1127136872907215 -0.0956932701864954 -0.0956932701864954 -0.0407905851979916 -0.0407905851979912 -0.0407905851979909 0.0488861626489266 0.0488861626489269 0.0488861626489270 0.0649160370865952 0.0649160370865961
65.25 1.1190932273249123 -0.0973949802093334 -0.0973949802093330 -0.0412551427609199 -0.0412551427609181 -0.0412551427609175 0.0477872793222350 0.0477872793222358 0.0477872793222358 0.0637985039541461 0.0637985039541468
65.50 1.1255574828824770 -0.0991405822189244 -0.0991405822189235 -0.0419230849878233 -0.0419230849878214 -0.0419230849878205 0.0464650080783785 0.0464650080783788 0.0464650080783791 0.0622611835590999 0.0622611835591007
65.75 1.1321087319861824 -0.1009324943537657 -0.1009324943537644 -0.0427912303678879 -0.0427912303678873 -0.0427912303678856 0.0448797026412227 0.0448797026412234 0.0448797026412237 0.0602990907201691 0.0602990907201698
66.00 1.1387493349689228 -0.1027736306891189 -0.1027736306891185 -0.0438566638912618 -0.0438566638912618 -0.0438566638912616 0.0429998856593418 0.0429998856593423 0.0429998856593428 0.0579112200999323 0.0579112200999349
66.25 1.1454817383776770 -0.1046675441434244 -0.1046675441434239 -0.0451173770316818 -0.0451173770316815 -0.0451173770316799 0.0408057516466594 0.0408057516466608 0.0408057516466615 0.0550996704016287 0.0550996704016293
66.50 1.1523084791052536 -0.1066186143100001 -0.1066186143099999 -0.0465728954572322 -0.0465728954572322 -0.0465728954572313 0.0382918123968006 0.0382918123968006 0.0382918123968014 0.0518690751775625 0.0518690751775632
66.75 1.1592321887657087 -0.1086323127518525 -0.1086323127518518 -0.0482248918970527 -0.0482248918970526 -0.0482248918970496 0.0354682928034941 0.0354682928034942 0.0354682928034945 0.0482263304165350 0.0482263304165356
67.00 1.1662555983306084 -0.1107155774855297 -0.1107155774855284 -0.0500777533970729 -0.0500777533970721 -0.0500777533970718 0.0323612372341752 0.0323612372341754 0.0323612372341756 0.0441805240448934 0.0441805240448942
67.25 1.1733815430447392 -0.1128773473537965 -0.1128773473537954 -0.0521390528401580 -0.0521390528401569 -0.0521390528401565 0.0290116330070055 0.0290116330070057 0.0290116330070058 0.0397429397330335 0.0397429397330344
67.50 1.1806129676413906 -0.1151293376044536 -0.1151293376044532 -0.0544198307173910 -0.0544198307173901 -0.0544198307173898 0.0254740535292480 0.0254740535292486 0.0254740535292489 0.0349270270317112 0.0349270270317126
67.75 1.1879529318790409 -0.1174871698831142 -0.1174871698831138 -0.0569345246576480 -0.0569345246576467 -0.0569345246576466 0.0218153259283261 0.0218153259283269 0.0218153259283282 0.0297482950758698 0.0297482950758702
68.00 1.1954046164231349 -0.1199720684380079 -0.1199720684380077 -0.0597002666210932 -0.0597002666210926 -0.0597002666210925 0.0181135371602928 0.0181135371602937 0.0181135371602939 0.0242241149256167 0.0242241149256183
68.25 1.2029713290986654 -0.1226134069709777 -0.1226134069709771 -0.0627351473793038 -0.0627351473793033 -0.0627351473793028 0.0144575292795380 0.0144575292795381 0.0144575292795386 0.0183735044111985 0.0183735044111987
68.50 1.2106565115415191 -0.1254526140987011 -0.1254526140987005 -0.0660548567630140 -0.0660548567630114 -0.0660548567630109 0.0109468688571217 0.0109468688571235 0.0109468688571238 0.0122169603403044 0.0122169603403058
68.75 1.2184637462790018 -0.1285492015395700 -0.1285492015395688 -0.0696669681926482 -0.0696669681926476 -0.0696669681926473 0.0057764501721758 0.0057764501721775 0.0057764501721781 0.0057764501721794 0.0076923612125752
69.00 1.2263967642726714 -0.1319901022443619 -0.1319901022443611 -0.0735620077258532 -0.0735620077258530 -0.0735620077258529 -0.0009243023200904 -0.0009243023200886 -0.0009243023200884 -0.0009243023200869 0.0048174931913141
69.25 1.2344594529595776 -0.1359040960135245 -0.1359040960135232 -0.0777004464977991 -0.0777004464977973 -0.0777004464977967 -0.0078591073185099 -0.0078591073185064 -0.0078591073185063 -0.0078591073185042 0.0024617804746495
69.50 1.2426558648313226 -0.1404835296120932 -0.1404835296120910 -0.0819948864030271 -0.0819948864030267 -0.0819948864030262 -0.0149977536441035 -0.0149977536441029 -0.0149977536441016 -0.0149977536441012 -0.0024298151867058
69.75 1.2509902265939778 -0.1460161015519619 -0.1460161015519596 -0.0862873563035996 -0.0862873563035992 -0.0862873563035984 -0.0223031563555442 -0.0223031563555430 -0.0223031563555427 -0.0223031563555411 -0.0130200323391641
70.00 1.2594669489559134 -0.1529300021500299 -0.1529300021500298 -0.0903223572178308 -0.0903223572178298 -0.0903223572178292 -0.0297259841054044 -0.0297259841054043 -0.0297259841054035 -0.0297259841054028 -0.0238833034481409
70.25 1.2680906370950717 -0.1618607550902640 -0.1618607550902633 -0.0937137608156677 -0.0937137608156662 -0.0937137608156661 -0.0371937880601342 -0.0371937880601337 -0.0371937880601336 -0.0371937880601328 -0.0349918012550817
70.50 1.2768661018621295 -0.1737728448010243 -0.1737728448010239 -0.0958852520514663 -0.0958852520514662 -0.0958852520514662 -0.0462760078884835 -0.0462760078884828 -0.0462760078884825 -0.0445874696032174 -0.0445874696032166
70.75 1.2857983717814927 -0.1902439613649755 -0.1902439613649742 -0.0959014818865091 -0.0959014818865063 -0.0959014818865062 -0.0575281440412432 -0.0575281440412426 -0.0575281440412420 -0.0516834582603017 -0.0516834582603011
71.00 1.2948927059181552 -0.2141978368047300 -0.2141978368047283 -0.0919393063874703 -0.0919393063874693 -0.0919393063874689 -0.0680728765766873 -0.0680728765766867 -0.0680728765766855 -0.0579884371480154 -0.0579884371480110
71.25 1.3041546076852373 -0.2515179379974722 -0.2515179379974712 -0.0797876422464292 -0.0797876422464274 -0.0797876422464270 -0.0755636514988330 -0.0755636514988324 -0.0755636514988314 -0.0622042166932542 -0.0622042166932302
71.50 1.3135898396745678 -0.3087100492998530 -0.3087100492998527 -0.0737907591438607 -0.0737907591438580 -0.0737907591438579 -0.0612759043077821 -0.0612759043077696 -0.0612759043077690 -0.0612759043077582 -0.0524831553912228
71.75 1.3232044396011293 -0.3683430045396813 -0.3683430045396808 -0.0638223004077139 -0.0638223004077131 -0.0638223004077112 -0.0550607613608722 -0.0550607613608521 -0.0550607613608518 -0.0550607613608349 -0.0185617426897939
72.00 1.3330047374615932 -0.4119320669326413 -0.4119320669326397 -0.0558838353931234 -0.0558838353931220 -0.0558838353931216 -0.0486207962636861 -0.0486207962636785 -0.0486207962636769 -0.0486207962636695 0.0061361227809916
72.25 1.3429973740177321 -0.4430127073335702 -0.4430127073335695 -0.0495681844423696 -0.0495681844423696 -0.0495681844423695 -0.0433979603938153 -0.0433979603937886 -0.0433979603937878 -0.0433979603937612 0.0198701147600593
72.50 1.3531893207273342 -0.4658453819198931 -0.4658453819198927 -0.0428594837730493 -0.0428594837730488 -0.0428594837730481 -0.0392053950152434 -0.0392053950152275 -0.0392053950152262 -0.0392053950152129 0.0272488438128046
72.75 1.3635879012585173 -0.4828270313702689 -0.4828270313702667 -0.0357514742593651 -0.0357514742593528 -0.0357514742593514 -0.0357514742593379 -0.0350628750048198 -0.0350628750048185 -0.0350628750048172 0.0355534425392672
73.00 1.3742008147382716 -0.4954950598486984 -0.4954950598486965 -0.0328096002882847 -0.0328096002880852 -0.0328096002880832 -0.0328096002878843 -0.0261319025342419 -0.0261319025342414 -0.0261319025342412 0.0447171033418515
73.25 1.3850361609029067 -0.5049928980857805 -0.5049928980857799 -0.0302196686798643 -0.0302196686798380 -0.0302196686798378 -0.0302196686798114 -0.0162290446176937 -0.0162290446176932 -0.0162290446176928 0.0546425893066273
73.50 1.3961024673370386 -0.5122089702565821 -0.5122089702565819 -0.0278756594506531 -0.0278756594437891 -0.0278756594437867 -0.0278756594369222 -0.0055537144557113 -0.0055537144556828 -0.0055537144556554 0.0652062155484627
73.75 1.4074087190092159 -0.5178159712142721 -0.5178159712142717 -0.0257118118838113 -0.0257118118834948 -0.0257118118834942 -0.0257118118831787 0.0057176623063840 0.0057176623063852 0.0057176623063854 0.0762812605300939
74.00 1.4189643903365978 -0.5223022333715172 -0.5223022333715165 -0.0236895889779482 -0.0236895889778906 -0.0236895889778905 -0.0236895889778312 0.0174465426049922 0.0174465426049950 0.0174465426049953 0.0877554027112545
74.25 1.4307794800386300 -0.4651362305810688 -0.4651362305810687 0.0182337412204548 0.0182337412206597 0.0182337412206600 0.0182337412208653 0.0727863892379445 0.0727863892379463 0.0727863892379478 0.1033650981027536
74.50 1.4428645490710084 -0.5291779246773951 -0.5291779246773950 -0.0199930894914683 -0.0199930894914340 -0.0199930894914338 -0.0199930894913990 0.0418928711055300 0.0418928711055308 0.0418928711055314 0.1115562011099032
74.75 1.4552307619668963 -0.5319657106691158 -0.5319657106691152 -0.0183003384128318 -0.0183003384128292 -0.0183003384128291 -0.0183003384128270 0.0544812163439462 0.0544812163439463 0.0544812163439466 0.1230174433676847
75.00 1.4678899319530556 -0.5344850388699061 -0.5344850388699061 -0.0167052629666053 -0.0167052629666048 -0.0167052629666042 -0.0167052629666034 0.0672554910296257 0.0672554910296259 0.0672554910296260 0.1335974341151502
75.25 1.4808545702551064 -0.5368122664282046 -0.5368122664282045 -0.0152053675352847 -0.0152053675352806 -0.0152053675352800 -0.0152053675352774 0.0801866504652162 0.0801866504652180 0.0801866504652181 0.1442607540066654
75.50 1.4941379400594756 -0.5390002119084930 -0.5390002119084928 -0.0137986702684261 -0.0137986702684058 -0.0137986702684048 -0.0137986702683861 0.0932530027222680 0.0932530027222689 0.0932530027222696 0.1549698697239794
75.75 1.5077541156608558 -0.5410855310667960 -0.5410855310667956 -0.0124832728646886 -0.0124832728645961 -0.0124832728645960 -0.0124832728645063 0.1064381023576922 0.1064381023576925 0.1064381023576942 0.1656747124603752
76.00 1.5217180473945009 -0.5430936496442742 -0.5430936496442728 -0.0112571178469555 -0.0112571178469470 -0.0112571178469446 -0.0112571178469369 0.1197293918792782 0.1197293918792786 0.1197293918792788 0.1762962070808276
76.25 1.5360456330340897 -0.5450420865098182 -0.5450420865098176 -0.0101179386556338 -0.0101179386556292 -0.0101179386556287 -0.0101179386556255 0.1331169993284266 0.1331169993284267 0.1331169993284274 0.1866924498429574
76.50 1.5507537964299845 -0.5469427166346281 -0.5469427166346272 -0.0090631798771989 -0.0090631798771893 -0.0090631798771879 -0.0090631798771791 0.1465932015050366 0.1465932015050371 0.1465932015050375 0.1966015785566834
76.75 1.5658605742718710 -0.5488033322603506 -0.5488033322603499 -0.0080900002973901 -0.0080900002973858 -0.0080900002973841 -0.0080900002973805 0.1601519099140772 0.1601519099140776 0.1601519099140778 0.2056274646547597
77.00 1.5813852119866876 -0.5506287449089012 -0.5506287449089009 -0.0071953169248816 -0.0071953169248798 -0.0071953169248788 -0.0071953169248759 0.1737882345334746 0.1737882345334749 0.1737882345334750 0.2134984953113412
77.25 1.5973482699307082 -0.5524215662020651 -0.5524215662020641 -0.0063758106747122 -0.0063758106747114 -0.0063758106747105 -0.0063758106747072 0.1874983373493080 0.1874983373493080 0.1874983373493085 0.2204078103524466
77.50 1.6137717412076256 -0.5541827821373680 -0.5541827821373646 -0.0056279813554798 -0.0056279813554771 -0.0056279813554750 -0.0056279813554746 0.2012791718369963 0.2012791718369973 0.2012791718369981 0.2267703767446239
77.75 1.6306791826473761 -0.5559121697601078 -0.5559121697601074 -0.0049481686509314 -0.0049481686509294 -0.0049481686509291 -0.0049481686509275 0.2151284038951636 0.2151284038951647 0.2151284038951652 0.2328874304198965
78.00 1.6480958607190197 -0.5576085543347377 -0.5576085543342730 -0.0043324897698794 -0.0043324897698779 -0.0043324897694267 -0.0043324897693839 0.2290446849600701 0.2290446849600702 0.2290446849600754 0.2389213908588443
78.25 1.6660489144325314 -0.5592704401200167 -0.5592704401200135 -0.0037775027866463 -0.0037775027866434 -0.0037775027866424 -0.0037775027866390 0.2430250642724988 0.2430250642724994 0.2430250642724996 0.2449547817683540
78.50 1.6845675376176648 -0.5608954322188534 -0.5608954322188516 -0.0032789606428647 -0.0032789606428623 -0.0032789606428596 -0.0032789606428576 0.2510331330297638 0.2510331330297639 0.2510331330297643 0.2570696146568795
78.75 1.7036831833639368 -0.5624811810854285 -0.5624811810854264 -0.0028331366098994 -0.0028331366098985 -0.0028331366098973 -0.0028331366098969 0.2571810897581808 0.2571810897581811 0.2571810897581817 0.2711756351091504
79.00 1.7234297938777567 -0.5640251256642499 -0.5640251256642473 -0.0024362096486125 -0.0024362096486116 -0.0024362096486102 -0.0024362096486096 0.2634131145162593 0.2634131145162593 0.2634131145162599 0.2794640350293471
79.25 1.7438440595774944 -0.5655246896510080 -0.5655246896510062 -0.0020844244172416 -0.0020844244172395 -0.0020844244172394 -0.0020844244172378 0.2697376316639109 0.2697376316639113 0.2697376316639118 0.2851877864238377
79.50 1.7649657119256603 -0.5669773817109353 -0.5669773817109326 -0.0017741181317079 -0.0017741181317074 -0.0017741181317070 -0.0017741181317052 0.2761593258547108 0.2761593258547114 0.2761593258547120 0.2910093297224092
79.75 1.7868378553155890 -0.5683808794239497 -0.5683808794239474 -0.0015017394711992 -0.0015017394711980 -0.0015017394711975 -0.0015017394711971 0.2826803963117923 0.2826803963117926 0.2826803963117930 0.2966628917439662
80.00 1.8095073443210954 -0.5697331088973473 -0.5697331088973426 -0.0012638709515296 -0.0012638709515293 -0.0012638709515291 -0.0012638709515272 0.2893012527191606 0.2893012527191607 0.2893012527191614 0.3023854913035926
80.25 1.8330252138232914 -0.5710323118737185 -0.5710323118737184 -0.0010572445657228 -0.0010572445657226 -0.0010572445657213 -0.0010572445657201 0.2960209229155693 0.2960209229155702 0.2960209229155703 0.3082542270021760
80.50 1.8574471710024862 -0.5722771051595936 -0.5722771051595918 -0.0008787550343262 -0.0008787550343240 -0.0008787550343227 -0.0008787550343224 0.3028372910674521 0.3028372910674533 0.3028372910674537 0.3142644928674935
80.75 1.8828341599932619 -0.5734665322849384 -0.5734665322849369 -0.0007254701410614 -0.0007254701410594 -0.0007254701410575 -0.0007254701410570 0.3097472360510404 0.3097472360510409 0.3097472360510413 0.3204109786469322
81.00 1.9092530122354845 -0.5746001071520725 -0.5746001071520700 -0.0005946378800231 -0.0005946378800225 -0.0005946378800212 -0.0005946378800204 0.3167467086573985 0.3167467086573985 0.3167467086573990 0.3266876151176539
81.25 1.9367771983277440 -0.5756778523690985 -0.5756778523690969 -0.0004836922873745 -0.0004836922873728 -0.0004836922873725 -0.0004836922873716 0.3238307722226144 0.3238307722226149 0.3238307722226149 0.3330875159510237
81.50 1.9654877006520655 -0.5767003274975899 -0.5767003274975897 -0.0003902547884118 -0.0003902547884108 -0.0003902547884103 -0.0003902547884075 0.3309936185290077 0.3309936185290087 0.3309936185290095 0.3396029164724785
81.75 1.9954740303864316 -0.5776686526362678 -0.5776686526362675 -0.0003121344595626 -0.0003121344595612 -0.0003121344595583 -0.0003121344595573 0.3382285803531965 0.3382285803531965 0.3382285803531976 0.3462251213052090
82.00 2.0268354180156947 -0.5785845253525472 -0.5785845253525461 -0.0002473263189789 -0.0002473263189781 -0.0002473263189757 -0.0002473263189753 0.3455281432923731 0.3455281432923748 0.3455281432923749 0.3529444616328515
82.25 2.0596822134404817 -0.5794502315147297 -0.5794502315147291 -0.0001940075184793 -0.0001940075184784 -0.0001940075184767 -0.0001940075184765 0.3528839819674389 0.3528839819674393 0.3528839819674396 0.3597502864194007
82.50 2.0941375407372735 -0.5802686506331798 -0.5802686506331780 -0.0001505318289714 -0.0001505318289698 -0.0001505318289684 -0.0001505318289673 0.3602870398223872 0.3602870398223874 0.3602870398223877 0.3666310112765038
82.75 2.1303392641794385 -0.5810432564190031 -0.5810432564190002 -0.0001154227826333 -0.0001154227826322 -0.0001154227826303 -0.0001154227826286 0.3677276836299901 0.3677276836299913 0.3677276836299914 0.3735742656764575
83.00 2.1684423371644423 -0.5817781132325994 -0.5817781132325989 -0.0000873656798486 -0.0000873656798472 -0.0000873656798457 -0.0000873656798432 0.3751959748525434 0.3751959748525439 0.3751959748525442 0.3805671967968631
83.25 2.2086216254199424 -0.5824778571641100 -0.5824778571640853 -0.0000651885587506 -0.0000651885587471 -0.0000651885587250 -0.0000651885587239 0.3826820885605789 0.3826820885605791 0.3826820885605867 0.3875969842853819
83.50 2.2510753219802888 -0.5831477373897250 -0.5831477373896938 -0.0000478964109439 -0.0000478964109415 -0.0000478964109114 -0.0000478964109102 0.3901770605239305 0.3901770605239313 0.3901770605239416 0.3946517647982402
83.75 2.2960291063410230 -0.5837935252595040 -0.5837935252595012 -0.0000345940798894 -0.0000345940798879 -0.0000345940798879 -0.0000345940798874 0.3976735994176100 0.3976735994176103 0.3976735994176115 0.4017217359362663
84.00 2.3437412473608381 -0.5844215360783205 -0.5844215360783171 -0.0000245071092373 -0.0000245071092361 -0.0000245071092351 -0.0000245071092350 0.4051673057290137 0.4051673057290139 0.4051673057290142 0.4084175458738048
84.25 2.3945089138952178 -0.5850386368191428 -0.5850386368191414 -0.0000169922820359 -0.0000169922820356 -0.0000169922820348 -0.0000169922820330 0.4126581462722679 0.4126581462722682 0.4126581462722687 0.4149930005784861
84.50 2.4486760461856742 -0.5856521951610548 -0.5856521951610544 -0.0000115002836557 -0.0000115002836552 -0.0000115002836534 -0.0000115002836528 0.4201518006249055 0.4201518006249063 0.4201518006249064 0.4217438519543212
84.75 2.5066432657105051 -0.5862700653949142 -0.5862700653949124 -0.0000075729537115 -0.0000075729537104 -0.0000075729537098 -0.0000075729537067 0.4276608598933158 0.4276608598933160 0.4276608598933165 0.4286753483293950
