45 0.75983570225832975 -4.83930088024
44.75 0.75652747416546084 -4.83931929452
44.50 0.75323339936572720 -4.83937450096
44.25 0.74995316909970178 -4.83946638924
44.00 0.74668647900714824 -4.83959477558
43.75 0.74343302899055930 -4.83975940283
43.50 0.74019252308203054 -4.83995994067
43.25 0.73696466931333482 -4.84019598584
43.00 0.73374917958905994 -4.84046706235
42.75 0.73054576956268569 -4.84077262182
42.50 0.72735415851547003 -4.84111204379
42.25 0.72417406923802852 -4.84148463612
42.00 0.72100522791448773 -4.84188963538
41.75 0.71784736400909988 -4.84232620727
41.50 0.71470021015520846 -4.84279344711
41.25 0.71156350204645979 -4.84329038031
41.00 0.70843697833015451 -4.84381596283
40.75 0.70532038050263912 -4.84436908174
40.50 0.70221345280664171 -4.84494855570
40.25 0.69911594213045092 -4.84555313551
40.00 0.69602759790885060 -4.84618150460
39.75 0.69294817202571524 -4.84683227957
39.50 0.68987741871817743 -4.84750401070
39.25 0.68681509448228206 -4.84819518243
39.00 0.68376095798003989 -4.84890421385
38.75 0.68071476994779589 -4.84962945919
38.50 0.67767629310583211 -4.85036920823
38.25 0.67464529206912238 -4.85112168670
38.00 0.67162153325915808 -4.85188505675
37.75 0.66860478481676788 -4.85265741722
37.50 0.66559481651585173 -4.85343680400
37.25 0.66259139967795155 -4.85422119033
37.00 0.65959430708758449 -4.85500848705
36.75 0.65660331290825846 -4.85579654279
36.50 0.65361819259909770 -4.85658314415
36.25 0.65063872283200119 -4.85736601584
36.00 0.64766468140925815 -4.85814282074
35.75 0.64469584718154593 -4.85891115996
35.50 0.64173199996623487 -4.85966857279
35.25 0.63877292046592293 -4.86041253667
35.00 0.63581839018712483 -4.86114046705
34.75 0.63286819135903882 -4.86184971726
34.50 0.62992210685231265 -4.86253757824
34.25 0.62697992009773107 -4.86320127832
34.00 0.62404141500474464 -4.86383798287
33.75 0.62110637587975959 -4.86444479390
33.50 0.61817458734410646 -4.86501874965
33.25 0.61524583425160395 -4.86555682408
33.00 0.61231990160563299 -4.86605592632
32.75 0.60939657447563289 -4.86651290005
32.50 0.60647563791293169 -4.86692452284
32.25 0.60355687686581816 -4.86728750540
32.00 0.60064007609376124 -4.86759849079
31.75 0.59772502008068074 -4.86785405357
31.50 0.59481149294717062 -4.86805069890
31.25 0.59189927836156764 -4.86818486153
31.00 0.58898815944976501 -4.86825290478
30.75 0.58607791870365555 -4.86825111946
30.50 0.58316833788809341 -4.86817572268
30.25 0.58025919794625369 -4.86802285667
30.00 0.57735027890326807 -4.86778858750
29.75 0.57444135976800692 -4.86746890375
29.50 0.57153221843287527 -4.86705971517
29.25 0.56862263157148163 -4.86655685123
29.00 0.56571237453403433 -4.86595605973
28.75 0.56280122124031395 -4.86525300529
28.50 0.55988894407005929 -4.86444326790
28.25 0.55697531375060216 -4.86352234138
28.00 0.55406009924157285 -4.86248563198
27.75 0.55114306761649301 -4.86132845690
27.50 0.54822398394106098 -4.86004604293
27.25 0.54530261114792489 -4.85863352521
27.00 0.54237870990772830 -4.85708594611
26.75 0.53945203849620049 -4.85539825429
26.50 0.53652235265705239 -4.85356530406
26.25 0.53358940546042311 -4.85158185511
26.00 0.53065294715660993 -4.84944257268
25.75 0.52771272502479782 -4.84714202833
25.50 0.52476848321648584 -4.84467470155
25.25 0.52181996259329522 -4.84203498236
25.00 0.51886690055881535 -4.83921717524
24.75 0.51590903088413309 -4.83621550485
24.50 0.51294608352666027 -4.83302412387
24.25 0.50997778444185260 -4.82963712390
24.00 0.50700385538738835 -4.82604855016
23.75 0.50402401371934424 -4.82225242125
23.50 0.50103797217987622 -4.81824275574
23.25 0.49804543867587991 -4.81401360783
23.00 0.49504611604806875 -4.80955911533
22.75 0.49203970182987000 -4.80487356460
22.50 0.48902588799549546 -4.79995147899
22.25 0.48600436069649899 -4.79478774037
22.00 0.48297479998608267 -4.78937775813
21.75 0.47993687953036013 -4.78371770732
21.50 0.47689026630572684 -4.77780486969
21.25 0.47383462028142359 -4.77163813155
21.00 0.47076959408630886 -4.76521872681
20.75 0.46769483265878409 -4.75855137537
20.50 0.46460997287872730 -4.75164608200
20.25 0.46151464318020630 -4.74452108506
20.00 0.45840846314364242 -4.73720790806
19.75 0.45529104306598517 -4.72976049223
19.50 0.45216198350734593 -4.72227284457
19.25 0.44902087481240505 -4.71491610920
19.00 0.44586729660476643 -4.70802474820
18.75 0.44270081725227745 -4.70231516175
18.50 0.43952099330116196 -4.69931188505
18.25 0.43632736887662232 -4.70067324598
18.00 0.43311947504735931 -4.70593990280
17.75 0.42989682915123001 -4.71380810140
17.50 0.42665893407900496 -4.72334676719
17.25 0.42340527751290741 -4.73394387460
17.00 0.42013533111630319 -4.74517869454
16.75 0.41684854967056112 -4.75675315928
16.50 0.41354437015471773 -4.76845346959
16.25 0.41022221076315113 -4.78012489139
16.00 0.40688146985598445 -4.79165361270
15.75 0.40352152483640419 -4.80295362612
15.50 0.40014173094847860 -4.81395751799
15.25 0.39674141998838264 -4.82461017006
15.00 0.39331989892118169 -4.83486450727
14.75 0.38987644839447261 -4.84467862474
14.50 0.38641032113921558 -4.85401382335
14.25 0.38292074024700901 -4.86283323902
14.00 0.37940689731182314 -4.87110085955
13.75 0.37586795042281695 -4.87878079501
13.50 0.37230302199327187 -4.88583671409
13.25 0.36871119640886968 -4.89223139015
13.00 0.36509151747647400 -4.89792631614
12.75 0.36144298565221100 -4.90288136367
12.50 0.35776455502492738 -4.90705446650
12.25 0.35405513002798283 -4.91040131497
12.00 0.35031356184872481 -4.91287505047
11.75 0.34653864450082428 -4.91442595139
11.50 0.34272911051981081 -4.91500110270
11.25 0.33888362623650670 -4.91454404202
11.00 0.33500078657648524 -4.91299437618
10.75 0.33107910932596624 -4.91028735712
10.50 0.32711702879550453 -4.90635341407
10.25 0.32311288880213562 -4.90111762833
10.00 0.31906493487798943 -4.89449914149
9.75 0.31497130559833353 -4.88641048384
9.50 0.31083002290405076 -4.87675680752
9.25 0.30663898127202549 -4.86543500570
9.00 0.30239593556098865 -4.85233269538
8.75 0.29809848732900202 -4.83732703620
8.50 0.29374406938062309 -4.82028335154
8.25 0.28932992825516618 -4.80105350980
8.00 0.28485310431016619 -4.77996835398
7.75 0.28031040898329512 -4.75575157464
7.50 0.27569839872782342 -4.72882219842
7.25 0.27101334500631991 -4.69895226990
7.00 0.26625119958804888 -4.66588667758
6.75 0.26140755421862366 -4.62933840171
6.50 0.25647759350390792 -4.58898271435
6.25 0.25145603955751983 -4.54445005849
6.00 0.24633708657984518 -4.49531723938
5.75 0.24111432303437602 -4.44109645055
5.50 0.23578063841929153 -4.38122148862
5.25 0.23032811073355966 -4.31503028326
