45 0.75983570225832975 -0.1742002166538343 -0.1742002166538310 -0.0378714386761881 -0.0378714386761880 -0.0378714386761873 -0.0348276306112168 -0.0348276306112150 -0.0348276306112139 -0.0348276306112127 0.0048101843919365
44.75 0.75652747416546084 -0.1741640168462013 -0.1741640168461986 -0.0378786561728856 -0.0378786561728853 -0.0378786561728840 -0.0348074617615577 -0.0348074617615574 -0.0348074617615567 -0.0348074617615549 0.0048399874785760
44.50 0.75323339936572720 -0.1740554428242180 -0.1740554428242167 -0.0379003142167039 -0.0379003142167037 -0.0379003142167034 -0.0347469540758005 -0.0347469540757986 -0.0347469540757984 -0.0347469540757962 0.0049293656324023
44.25 0.74995316909970178 -0.1738745712425014 -0.1738745712425009 -0.0379364293770139 -0.0379364293770138 -0.0379364293770132 -0.0346461048897015 -0.0346461048897004 -0.0346461048897002 -0.0346461048896988 0.0050782255529828
44.00 0.74668647900714824 -0.1736215295958596 -0.1736215295958583 -0.0379870291535100 -0.0379870291535076 -0.0379870291535073 -0.0345049096620497 -0.0345049096620495 -0.0345049096620486 -0.0345049096620483 0.0052864120915958
43.75 0.74343302899055930 -0.1732964960774728 -0.1732964960774714 -0.0380521518499025 -0.0380521518499016 -0.0380521518499015 -0.0343233621036504 -0.0343233621036502 -0.0343233621036497 -0.0343233621036492 0.0055537085595712
43.50 0.74019252308203054 -0.1728996992820288 -0.1728996992820284 -0.0381318463781878 -0.0381318463781869 -0.0381318463781863 -0.0341014542444458 -0.0341014542444457 -0.0341014542444453 -0.0341014542444452 0.0058798372391215
43.25 0.73696466931333482 -0.1724314178296854 -0.1724314178296844 -0.0382261720095684 -0.0382261720095677 -0.0382261720095676 -0.0338391765202563 -0.0338391765202557 -0.0338391765202555 -0.0338391765202553 0.0062644600289346
43.00 0.73374917958905994 -0.1718919799161469 -0.1718919799161454 -0.0383351980730196 -0.0383351980730189 -0.0383351980730185 -0.0335365178802017 -0.0335365178802011 -0.0335365178802008 -0.0335365178802001 0.0067071792125259
42.75 0.73054576956268569 -0.1712817627933687 -0.1712817627933687 -0.0384590036029699 -0.0384590036029689 -0.0384590036029689 -0.0331934659146281 -0.0331934659146271 -0.0331934659146261 -0.0331934659146245 0.0072075383402286
42.50 0.72735415851547003 -0.1706011921878973 -0.1706011921878958 -0.0385976769383006 -0.0385976769382990 -0.0385976769382985 -0.0328100070049478 -0.0328100070049467 -0.0328100070049466 -0.0328100070049447 0.0077650232108850
42.25 0.72417406923802852 -0.1698507416638270 -0.1698507416638266 -0.0387513152756960 -0.0387513152756958 -0.0387513152756955 -0.0323861264959999 -0.0323861264959989 -0.0323861264959977 -0.0323861264959959 0.0083790629395468
42.00 0.72100522791448773 -0.1690309319387460 -0.1690309319387451 -0.0389200241784830 -0.0389200241784810 -0.0389200241784787 -0.0319218088918341 -0.0319218088918312 -0.0319218088918303 -0.0319218088918280 0.0090490310953635
41.75 0.71784736400909988 -0.1681423301617371 -0.1681423301617362 -0.0391039170456189 -0.0391039170456182 -0.0391039170456173 -0.0314170380765391 -0.0314170380765371 -0.0314170380765352 -0.0314170380765351 0.0097742468930887
41.50 0.71470021015520846 -0.1671855491632579 -0.1671855491632561 -0.0393031145424823 -0.0393031145424816 -0.0393031145424809 -0.0308717975610233 -0.0308717975610230 -0.0308717975610219 -0.0308717975610218 0.0105539764212233
41.25 0.71156350204645979 -0.1661612466882085 -0.1661612466882081 -0.0395177439973544 -0.0395177439973542 -0.0395177439973534 -0.0302860707575330 -0.0302860707575301 -0.0302860707575298 -0.0302860707575274 0.0113874338876767
41.00 0.70843697833015451 -0.1650701246237601 -0.1650701246237568 -0.0397479387675993 -0.0397479387675986 -0.0397479387675978 -0.0296598412838963 -0.0296598412838955 -0.0296598412838953 -0.0296598412838937 0.0122737828649712
40.75 0.70532038050263912 -0.1639129282347994 -0.1639129282347988 -0.0399938375781369 -0.0399938375781368 -0.0399938375781367 -0.0289930932993167 -0.0289930932993165 -0.0289930932993159 -0.0289930932993150 0.0132121375158443
40.50 0.70221345280664171 -0.1626904454213608 -0.1626904454213605 -0.0402555838365526 -0.0402555838365522 -0.0402555838365514 -0.0282858118744593 -0.0282858118744581 -0.0282858118744574 -0.0282858118744569 0.0142015637796103
40.25 0.69911594213045092 -0.1614035060122302 -0.1614035060122295 -0.0405333249281462 -0.0405333249281456 -0.0405333249281451 -0.0275379833980521 -0.0275379833980519 -0.0275379833980505 -0.0275379833980492 0.0152410805002317
40.00 0.69602759790885060 -0.1600529811115310 -0.1600529811115308 -0.0408272114949448 -0.0408272114949444 -0.0408272114949439 -0.0267495960238399 -0.0267495960238375 -0.0267495960238375 -0.0267495960238360 0.0163296604767060
39.75 0.69294817202571524 -0.1586397825157633 -0.1586397825157624 -0.0411373967014761 -0.0411373967014754 -0.0411373967014745 -0.0259206401607580 -0.0259206401607573 -0.0259206401607568 -0.0259206401607566 0.0174662314164206
39.50 0.68987741871817743 -0.1571648622199260 -0.1571648622199254 -0.0414640354901781 -0.0414640354901767 -0.0414640354901747 -0.0250511090108037 -0.0250511090108031 -0.0250511090108029 -0.0250511090108023 0.0186496767729685
39.25 0.68681509448228206 -0.1556292120342226 -0.1556292120342223 -0.0418072838304155 -0.0418072838304135 -0.0418072838304127 -0.0241409991596197 -0.0241409991596189 -0.0241409991596187 -0.0241409991596176 0.0198788364488097
39.00 0.68376095798003989 -0.1540338633335399 -0.1540338633335383 -0.0421672979609332 -0.0421672979609329 -0.0421672979609314 -0.0231903112242162 -0.0231903112242157 -0.0231903112242149 -0.0231903112242144 0.0211525073444323
38.75 0.68071476994779589 -0.1523798869650251 -0.1523798869650243 -0.0425442336287484 -0.0425442336287480 -0.0425442336287471 -0.0221990505652812 -0.0221990505652809 -0.0221990505652806 -0.0221990505652803 0.0224694437358774
38.50 0.67767629310583211 -0.1506683933407814 -0.1506683933407811 -0.0429382453224481 -0.0429382453224476 -0.0429382453224472 -0.0211672280695376 -0.0211672280695365 -0.0211672280695361 -0.0211672280695358 0.0238283574623649
38.25 0.67464529206912238 -0.1489005327492440 -0.1489005327492432 -0.0433494855008837 -0.0433494855008834 -0.0433494855008806 -0.0200948610125009 -0.0200948610125007 -0.0200948610124998 -0.0200948610124998 0.0252279179032312
38.00 0.67162153325915808 -0.1470774959163208 -0.1470774959163205 -0.0437781038110804 -0.0437781038110801 -0.0437781038110800 -0.0189819740088532 -0.0189819740088530 -0.0189819740088529 -0.0189819740088524 0.0266667517300706
37.75 0.66860478481676788 -0.1452005148590026 -0.1452005148590023 -0.0442242462910224 -0.0442242462910215 -0.0442242462910211 -0.0178286000624203 -0.0178286000624193 -0.0178286000624181 -0.0178286000624173 0.0281434424115639
37.50 0.66559481651585173 -0.1432708640754067 -0.1432708640754062 -0.0446880545486052 -0.0446880545486045 -0.0446880545486042 -0.0166347817284960 -0.0166347817284958 -0.0166347817284956 -0.0166347817284956 0.0296565294528776
37.25 0.66259139967795155 -0.1412898621227102 -0.1412898621227101 -0.0451696649027952 -0.0451696649027951 -0.0451696649027950 -0.0154005724021301 -0.0154005724021287 -0.0154005724021280 -0.0154005724021270 0.0312045073517859
37.00 0.65959430708758449 -0.1392588736453774 -0.1392588736453753 -0.0456692074690365 -0.0456692074690363 -0.0456692074690351 -0.0141260377507221 -0.0141260377507215 -0.0141260377507208 -0.0141260377507196 0.0327858242478544
36.75 0.65660331290825846 -0.1371793119258936 -0.1371793119258930 -0.0461868051679566 -0.0461868051679561 -0.0461868051679552 -0.0128112573124714 -0.0128112573124704 -0.0128112573124684 -0.0128112573124676 0.0343988802438867
36.50 0.65361819259909770 -0.1350526423434860 -0.1350526423434859 -0.0467225728699768 -0.0467225728699754 -0.0467225728699748 -0.0114563266403156 -0.0114563266403140 -0.0114563266403130 -0.0114563266403129 0.0360420250896021
36.25 0.65063872283200119 -0.1328803845654629 -0.1328803845654628 -0.0472766146858651 -0.0472766146858644 -0.0472766146858642 -0.0100613573231896 -0.0100613573231866 -0.0100613573231862 -0.0100613573231851 0.0377135573677582
36.00 0.64766468140925815 -0.1306641207391838 -0.1306641207391814 -0.0478490255475318 -0.0478490255475309 -0.0478490255475308 -0.0086264833588361 -0.0086264833588357 -0.0086264833588351 -0.0086264833588341 0.0394117183809266
35.75 0.64469584718154593 -0.1284054975015070 -0.1284054975015054 -0.0484398861318389 -0.0484398861318377 -0.0484398861318363 -0.0071518593559377 -0.0071518593559366 -0.0071518593559358 -0.0071518593559350 0.0411346923949816
35.50 0.64173199996623487 -0.1261062347367728 -0.1261062347367716 -0.0490492623714356 -0.0490492623714349 -0.0490492623714347 -0.0056376656267694 -0.0056376656267686 -0.0056376656267669 -0.0056376656267664 0.0428806011621127
35.25 0.63877292046592293 -0.1237681334199639 -0.1237681334199637 -0.0496772022474548 -0.0496772022474546 -0.0496772022474538 -0.0040841109136243 -0.0040841109136231 -0.0040841109136230 -0.0040841109136210 0.0446475001573817
35.00 0.63581839018712483 -0.1213930856036095 -0.1213930856036073 -0.0503237321642610 -0.0503237321642601 -0.0503237321642596 -0.0024914360340450 -0.0024914360340432 -0.0024914360340430 -0.0024914360340404 0.0464333739103164
34.75 0.63286819135903882 -0.1189830865431108 -0.1189830865431103 -0.0509888521965984 -0.0509888521965982 -0.0509888521965969 -0.0008599180235702 -0.0008599180235682 -0.0008599180235672 -0.0008599180235671 0.0482361307925289
34.50 0.62992210685231265 -0.1165402495240058 -0.1165402495240055 -0.0516725297684923 -0.0516725297684919 -0.0516725297684909 0.0008101251370781 0.0008101251370792 0.0008101251370798 0.0008101251370804 0.0500535972191739
34.25 0.62697992009773107 -0.1140668241602567 -0.1140668241602554 -0.0523746911175952 -0.0523746911175951 -0.0523746911175949 0.0025183291123201 0.0025183291123213 0.0025183291123230 0.0025183291123232 0.0518835112290046
34.00 0.62404141500474464 -0.1115652192536146 -0.1115652192536135 -0.0530952095974726 -0.0530952095974725 -0.0530952095974716 0.0042642770008048 0.0042642770008053 0.0042642770008056 0.0042642770008072 0.0537235154021865
33.75 0.62110637587975959 -0.1090380317925221 -0.1090380317925220 -0.0538338893914191 -0.0538338893914176 -0.0538338893914170 0.0060474921829718 0.0060474921829738 0.0060474921829742 0.0060474921829748 0.0555711490740451
33.50 0.61817458734410646 -0.1064880844405260 -0.1064880844405236 -0.0545904424575884 -0.0545904424575883 -0.0545904424575882 0.0078674300576136 0.0078674300576157 0.0078674300576160 0.0078674300576184 0.0574238398046463
33.25 0.61524583425160395 -0.1039184751242534 -0.1039184751242530 -0.0553644552854271 -0.0553644552854266 -0.0553644552854266 0.0097234684599646 0.0097234684599669 0.0097234684599671 0.0097234684599693 0.0592788940584678
33.00 0.61231990160563299 -0.1013326493128257 -0.1013326493128255 -0.0561553419398254 -0.0561553419398250 -0.0561553419398246 0.0116148895011889 0.0116148895011894 0.0116148895011896 0.0116148895011898 0.0607064483829457
32.75 0.60939657447563289 -0.0987344717729799 -0.0987344717729782 -0.0569622611502086 -0.0569622611502085 -0.0569622611502081 0.0135408990950492 0.0135408990950508 0.0135408990950508 0.0135408990950514 0.0621621403222412
32.50 0.60647563791293169 -0.0961284041973654 -0.0961284041973651 -0.0577840180520676 -0.0577840180520670 -0.0577840180520666 0.0155005548558567 0.0155005548558572 0.0155005548558588 0.0155005548558599 0.0636570559194295
32.25 0.60355687686581816 -0.0935196811641189 -0.0935196811641186 -0.0586188695893649 -0.0586188695893641 -0.0586188695893632 0.0174927932545712 0.0174927932545714 0.0174927932545717 0.0174927932545727 0.0651911970729101
32.00 0.60064007609376124 -0.0909146498690912 -0.0909146498690912 -0.0594642265867283 -0.0594642265867269 -0.0594642265867264 0.0195163959046819 0.0195163959046825 0.0195163959046827 0.0195163959046854 0.0667644887177621
31.75 0.59772502008068074 -0.0883213232294713 -0.0883213232294704 -0.0603161351661342 -0.0603161351661336 -0.0603161351661333 0.0215699625046125 0.0215699625046131 0.0215699625046143 0.0215699625046150 0.0683767646267843
31.50 0.59481149294717062 -0.0857503504864135 -0.0857503504864129 -0.0611683392245131 -0.0611683392245124 -0.0611683392245113 0.0236518832649846 0.0236518832649868 0.0236518832649875 0.0236518832649886 0.0700277579555273
31.25 0.59189927836156764 -0.0832168415950510 -0.0832168415950504 -0.0620104955293149 -0.0620104955293146 -0.0620104955293144 0.0257603035731943 0.0257603035731949 0.0257603035731950 0.0257603035731963 0.0717170814116081
31.00 0.58898815944976501 -0.0807440120116757 -0.0807440120116735 -0.0628245709448663 -0.0628245709448656 -0.0628245709448654 0.0278930819978505 0.0278930819978513 0.0278930819978522 0.0278930819978526 0.0732745248411933
30.75 0.58607791870365555 -0.0783709155691124 -0.0783709155691115 -0.0635771543121424 -0.0635771543121423 -0.0635771543121416 0.0300477405805216 0.0300477405805219 0.0300477405805226 0.0300477405805234 0.0718285773150345
30.50 0.58316833788809341 -0.0761693383501122 -0.0761693383501119 -0.0642026099392433 -0.0642026099392423 -0.0642026099392416 0.0322214049475588 0.0322214049475590 0.0322214049475598 0.0322214049475611 0.0703987970957167
30.25 0.58025919794625369 -0.0742772056067811 -0.0742772056067810 -0.0645697195529300 -0.0645697195529287 -0.0645697195529285 0.0344107323298743 0.0344107323298749 0.0344107323298752 0.0344107323298754 0.0689889912408289
30.00 0.57735027890326807 -0.0729287555258900 -0.0729287555258890 -0.0644515574934939 -0.0644515574934935 -0.0644515574934934 0.0366118249075813 0.0366118249075822 0.0366118249075830 0.0366118249075838 0.0676032816289827
29.75 0.57444135976800692 -0.0723431196642879 -0.0723431196642870 -0.0636369572515391 -0.0636369572515386 -0.0636369572515382 0.0388201254066873 0.0388201254066874 0.0388201254066887 0.0388201254066897 0.0662460965489091
29.50 0.57153221843287527 -0.0724638865496596 -0.0724638865496586 -0.0621909899502772 -0.0621909899502769 -0.0621909899502769 0.0410302913598339 0.0410302913598346 0.0410302913598352 0.0410302913598371 0.0649221465184012
29.25 0.56862263157148163 -0.0730380080584042 -0.0730380080584040 -0.0603760912327533 -0.0603760912327532 -0.0603760912327530 0.0432360439982675 0.0432360439982707 0.0432360439982708 0.0432360439982715 0.0636363783114450
29.00 0.56571237453403433 -0.0738665158918204 -0.0738665158918204 -0.0584013641506759 -0.0584013641506755 -0.0584013641506746 0.0454299874483069 0.0454299874483071 0.0454299874483072 0.0454299874483079 0.0623938995965247
28.75 0.56280122124031395 -0.0748438943482769 -0.0748438943482767 -0.0563832060787607 -0.0563832060787605 -0.0563832060787596 0.0476033935566191 0.0476033935566198 0.0476033935566198 0.0476033935566218 0.0611998647639716
28.50 0.55988894407005929 -0.0759178291524983 -0.0759178291524973 -0.0543855318542564 -0.0543855318542563 -0.0543855318542560 0.0497459495115378 0.0497459495115389 0.0497459495115389 0.0497459495115397 0.0600593116183212
28.25 0.55697531375060216 -0.0770614032037356 -0.0770614032037355 -0.0524475125066744 -0.0524475125066743 -0.0524475125066736 0.0518454684024402 0.0518454684024409 0.0518454684024419 0.0518454684024425 0.0589769368926090
28.00 0.55406009924157285 -0.0782599663761462 -0.0782599663761458 -0.0505965990712385 -0.0505965990712377 -0.0505965990712375 0.0538875621751999 0.0538875621752002 0.0538875621752008 0.0538875621752011 0.0579567968156296
27.75 0.55114306761649301 -0.0795051472959148 -0.0795051472959134 -0.0488543520668918 -0.0488543520668914 -0.0488543520668907 0.0558552922445817 0.0558552922445819 0.0558552922445822 0.0558552922445833 0.0570019226519625
27.50 0.54822398394106098 -0.0807920043574721 -0.0807920043574715 -0.0472390762017855 -0.0472390762017844 -0.0472390762017841 0.0561138422927712 0.0561138422927725 0.0561138422927727 0.0577288216520120 0.0577288216520142
27.25 0.54530261114792489 -0.0821175899605770 -0.0821175899605768 -0.0457669871854656 -0.0457669871854653 -0.0457669871854640 0.0552920055775543 0.0552920055775551 0.0552920055775554 0.0594851130358814 0.0594851130358826
27.00 0.54237870990772830 -0.0834801857941320 -0.0834801857941318 -0.0444526599601853 -0.0444526599601845 -0.0444526599601835 0.0545331208008996 0.0545331208008997 0.0545331208008997 0.0610977429328639 0.0610977429328646
26.75 0.53945203849620049 -0.0848788757463626 -0.0848788757463625 -0.0433091078474281 -0.0433091078474277 -0.0433091078474273 0.0538304238618824 0.0538304238618829 0.0538304238618831 0.0625369306924462 0.0625369306924462
26.50 0.53652235265705239 -0.0863132984629278 -0.0863132984629277 -0.0423476759234213 -0.0423476759234207 -0.0423476759234199 0.0531729198036144 0.0531729198036150 0.0531729198036150 0.0637698998969908 0.0637698998969909
26.25 0.53358940546042311 -0.0877835007380551 -0.0877835007380542 -0.0415778605637401 -0.0415778605637397 -0.0415778605637387 0.0525446587047456 0.0525446587047464 0.0525446587047474 0.0647616827944075 0.0647616827944080
26.00 0.53065294715660993 -0.0892898506970607 -0.0892898506970591 -0.0410071338705795 -0.0410071338705794 -0.0410071338705788 0.0519241335043713 0.0519241335043719 0.0519241335043724 0.0654764206966694 0.0654764206966698
25.75 0.52771272502479782 -0.0908329886976203 -0.0908329886976193 -0.0406408318504556 -0.0406408318504556 -0.0406408318504546 0.0512839148129169 0.0512839148129170 0.0512839148129171 0.0658790930627709 0.0658790930627714
25.50 0.52476848321648584 -0.0924138039384768 -0.0924138039384754 -0.0404821481460839 -0.0404821481460835 -0.0404821481460834 0.0505906641982700 0.0505906641982707 0.0505906641982709 0.0659374460676112 0.0659374460676120
25.25 0.52181996259329522 -0.0940334304397416 -0.0940334304397405 -0.0405322572334889 -0.0405322572334888 -0.0405322572334883 0.0498056862792858 0.0498056862792858 0.0498056862792866 0.0656237560726652 0.0656237560726657
25.00 0.51886690055881535 -0.0956932596699490 -0.0956932596699476 -0.0407905726476164 -0.0407905726476157 -0.0407905726476157 0.0488861785919368 0.0488861785919377 0.0488861785919386 0.0649160453671161 0.0649160453671164
24.75 0.51590903088413309 -0.0973949698433056 -0.0973949698433049 -0.0412551303025388 -0.0412551303025385 -0.0412551303025377 0.0477872940338091 0.0477872940338103 0.0477872940338111 0.0637985119069968 0.0637985119069973
24.50 0.51294608352666027 -0.0991405731800049 -0.0991405731800037 -0.0419230748235398 -0.0419230748235382 -0.0419230748235382 0.0464650212316868 0.0464650212316880 0.0464650212316888 0.0622611899750470 0.0622611899750472
24.25 0.50997778444185260 -0.1009324848451517 -0.1009324848451511 -0.0427912194073972 -0.0427912194073967 -0.0427912194073965 0.0448797159869469 0.0448797159869474 0.0448797159869477 0.0602990979355973 0.0602990979355975
24.00 0.50700385538738835 -0.1027736207155985 -0.1027736207155981 -0.0438566520553659 -0.0438566520553656 -0.0438566520553649 0.0429998994186800 0.0429998994186805 0.0429998994186809 0.0579112282171426 0.0579112282171426
23.75 0.50402401371934424 -0.1046675336999676 -0.1046675336999665 -0.0451173642719726 -0.0451173642719715 -0.0451173642719714 0.0408057659113016 0.0408057659113017 0.0408057659113019 0.0550996794465467 0.0550996794465493
23.50 0.50103797217987622 -0.1066186046125474 -0.1066186046125464 -0.0465728827008956 -0.0465728827008947 -0.0465728827008938 0.0382918286825675 0.0382918286825679 0.0382918286825683 0.0518690848608281 0.0518690848608286
23.25 0.49804543867587991 -0.1086323027757978 -0.1086323027757970 -0.0482248786216244 -0.0482248786216236 -0.0482248786216222 0.0354683093279204 0.0354683093279205 0.0354683093279209 0.0482263406700917 0.0482263406700930
23.00 0.49504611604806875 -0.1107155672278307 -0.1107155672278295 -0.0500777395948014 -0.0500777395948007 -0.0500777395948002 0.0323612539667106 0.0323612539667111 0.0323612539667117 0.0441805348542414 0.0441805348542451
22.75 0.49203970182987000 -0.1128773371909725 -0.1128773371909724 -0.0521390384919971 -0.0521390384919970 -0.0521390384919969 0.0290116495744068 0.0290116495744079 0.0290116495744081 0.0397429506413092 0.0397429506413095
22.50 0.48902588799549546 -0.1151293266074371 -0.1151293266074369 -0.0544198162037613 -0.0544198162037609 -0.0544198162037607 0.0254740707914510 0.0254740707914517 0.0254740707914524 0.0349270389965161 0.0349270389965165
22.25 0.48600436069649899 -0.1174871591403504 -0.1174871591403504 -0.0569345095658019 -0.0569345095658010 -0.0569345095658000 0.0218153425070922 0.0218153425070927 0.0218153425070929 0.0297483068476560 0.0297483068476565
22.00 0.48297479998608267 -0.1199720573912405 -0.1199720573912376 -0.0597002508648230 -0.0597002508648225 -0.0597002508648199 0.0181135534217220 0.0181135534217225 0.0181135534217226 0.0242241269807298 0.0242241269807301
21.75 0.47993687953036013 -0.1226133956027173 -0.1226133956027172 -0.0627351309304213 -0.0627351309304195 -0.0627351309304192 0.0144575450245101 0.0144575450245104 0.0144575450245123 0.0183735166892997 0.0183735166893013
21.50 0.47689026630572684 -0.1254526023483062 -0.1254526023483050 -0.0660548395341205 -0.0660548395341192 -0.0660548395341188 0.0109468839345409 0.0109468839345417 0.0109468839345422 0.0122169728069663 0.0122169728069696
21.25 0.47383462028142359 -0.1285491893047723 -0.1285491893047721 -0.0696669501659341 -0.0696669501659334 -0.0696669501659326 0.0057764628510268 0.0057764628510279 0.0057764628510284 0.0057764628510288 0.0076923756350506
21.00 0.47076959408630886 -0.1319900964729088 -0.1319900964729087 -0.0735619907433743 -0.0735619907433725 -0.0735619907433710 -0.0009242980625415 -0.0009242980625397 -0.0009242980625385 -0.0009242980625365 0.0048175009107900
20.75 0.46769483265878409 -0.1359040892315258 -0.1359040892315251 -0.0777004282841727 -0.0777004282841717 -0.0777004282841716 -0.0078591024612521 -0.0078591024612505 -0.0078591024612504 -0.0078591024612494 0.0024617878671649
20.50 0.46460997287872730 -0.1404835155104111 -0.1404835155104107 -0.0819948649976690 -0.0819948649976690 -0.0819948649976676 -0.0149977404865885 -0.0149977404865859 -0.0149977404865849 -0.0149977404865825 -0.0024297816594940
20.25 0.46151464318020630 -0.1460160870025424 -0.1460160870025420 -0.0862873366431392 -0.0862873366431385 -0.0862873366431382 -0.0223031443225981 -0.0223031443225965 -0.0223031443225964 -0.0223031443225957 -0.0130199997115974
20.00 0.45840846314364242 -0.1529299831999418 -0.1529299831999399 -0.0903223373072344 -0.0903223373072331 -0.0903223373072330 -0.0297259702268878 -0.0297259702268876 -0.0297259702268871 -0.0297259702268863 -0.0238832677051719
19.75 0.45529104306598517 -0.1618607314497157 -0.1618607314497157 -0.0937137420778229 -0.0937137420778219 -0.0937137420778215 -0.0371937742188372 -0.0371937742188337 -0.0371937742188336 -0.0371937742188301 -0.0349917649275616
19.50 0.45216198350734593 -0.1737728150713900 -0.1737728150713877 -0.0958852361474221 -0.0958852361474221 -0.0958852361474217 -0.0462759732312602 -0.0462759732312601 -0.0462759732312599 -0.0445874574034985 -0.0445874574034981
19.25 0.44902087481240505 -0.1902439180334511 -0.1902439180334509 -0.0959014717793015 -0.0959014717792998 -0.0959014717792979 -0.0575281082841374 -0.0575281082841365 -0.0575281082841362 -0.0516834462122674 -0.0516834462122644
19.00 0.44586729660476643 -0.2141977711500780 -0.2141977711500779 -0.0919393084157045 -0.0919393084157039 -0.0919393084157034 -0.0680728440493424 -0.0680728440493424 -0.0680728440493407 -0.0579884278896243 -0.0579884278896181
18.75 0.44270081725227745 -0.2515178347761760 -0.2515178347761757 -0.0797876714806214 -0.0797876714806212 -0.0797876714806209 -0.0755636360776573 -0.0755636360776569 -0.0755636360776564 -0.0622042173919839 -0.0622042173919622
18.50 0.43952099330116196 -0.3087099057631822 -0.3087099057631816 -0.0737907843012416 -0.0737907843012403 -0.0737907843012400 -0.0612759265506344 -0.0612759265506108 -0.0612759265506093 -0.0612759265505889 -0.0524832261128519
18.25 0.43632736887662232 -0.3683428751866865 -0.3683428751866857 -0.0638223068552968 -0.0638223068552955 -0.0638223068552949 -0.0550607772346156 -0.0550607772345987 -0.0550607772345962 -0.0550607772345768 -0.0185617990954690
18.00 0.43311947504735931 -0.4119319804640392 -0.4119319804640380 -0.0558838097348167 -0.0558838097348158 -0.0558838097348136 -0.0486207982602207 -0.0486207982602030 -0.0486207982602024 -0.0486207982601856 0.0061361073713318
17.75 0.42989682915123001 -0.4430126400352472 -0.4430126400352471 -0.0495681944085352 -0.0495681944085347 -0.0495681944085335 -0.0433979771424221 -0.0433979771424068 -0.0433979771424063 -0.0433979771423904 0.0198701004496746
17.50 0.42665893407900496 -0.4658453322124952 -0.4658453322124947 -0.0428594949835266 -0.0428594949835262 -0.0428594949835249 -0.0392054095126834 -0.0392054095126798 -0.0392054095126796 -0.0392054095126751 0.0272488268946544
17.25 0.42340527751290741 -0.4828269945188912 -0.4828269945188907 -0.0357514865942324 -0.0357514865941952 -0.0357514865941949 -0.0357514865941601 -0.0350628870712300 -0.0350628870712295 -0.0350628870712287 0.0355534244432587
17.00 0.42013533111630319 -0.4954950331827531 -0.4954950331827528 -0.0328096091285554 -0.0328096091285329 -0.0328096091285317 -0.0328096091285082 -0.0261319093928903 -0.0261319093928899 -0.0261319093928887 0.0447170899726578
16.75 0.41684854967056112 -0.5049928783458009 -0.5049928783458001 -0.0302196802571834 -0.0302196802571829 -0.0302196802571812 -0.0302196802571805 -0.0162290632279480 -0.0162290632279480 -0.0162290632279463 0.0546425641932845
16.50 0.41354437015471773 -0.5122089555516333 -0.5122089555516318 -0.0278756699239679 -0.0278756699239654 -0.0278756699239649 -0.0278756699239587 -0.0055537324751831 -0.0055537324751815 -0.0055537324751813 0.0652061905854842
16.25 0.41022221076315113 -0.5178159597743618 -0.5178159597743616 -0.0257118224662194 -0.0257118224648714 -0.0257118224648710 -0.0257118224635233 0.0057176423812947 0.0057176423813678 0.0057176423814439 0.0762812333443924
16.00 0.40688146985598445 -0.5223022244365538 -0.5223022244365534 -0.0236895970329109 -0.0236895970329078 -0.0236895970329069 -0.0236895970329050 0.0174465289816772 0.0174465289816777 0.0174465289816780 0.0877553809246567
15.75 0.40352152483640419 -0.5260107269132774 -0.5260107269132772 -0.0217873265754508 -0.0217873265754398 -0.0217873265754393 -0.0217873265754307 0.0295298945133427 0.0295298945133430 0.0295298945133432 0.0995373131071216
15.50 0.40014173094847860 -0.5291779182939296 -0.5291779182939292 -0.0199930980513594 -0.0199930980513585 -0.0199930980513577 -0.0199930980513569 0.0418928523423124 0.0418928523423124 0.0418928523423131 0.1115561734362146
15.25 0.39674141998838264 -0.5319657051359603 -0.5319657051359600 -0.0183003464534919 -0.0183003464534889 -0.0183003464534885 -0.0183003464534839 0.0544811994379028 0.0544811994379037 0.0544811994379042 0.1230174470868462
15.00 0.39331989892118169 -0.5344850338834436 -0.5344850338834435 -0.0167052708406616 -0.0167052708406523 -0.0167052708406517 -0.0167052708406423 0.0672554763313190 0.0672554763313197 0.0672554763313208 0.1335974403509080
14.75 0.38987644839447261 -0.5368122620264438 -0.5368122620264434 -0.0152053761216737 -0.0152053761216615 -0.0152053761216604 -0.0152053761216472 0.0801866332555291 0.0801866332555294 0.0801866332555297 0.1442607589381882
14.50 0.38641032113921558 -0.5390002076572435 -0.5390002076572434 -0.0137986778520697 -0.0137986778520672 -0.0137986778520662 -0.0137986778520653 0.0932529878889315 0.0932529878889324 0.0932529878889331 0.1549698759382036
14.25 0.38292074024700901 -0.5410855264804713 -0.5410855264804709 -0.0124832728061137 -0.0124832728061102 -0.0124832728061092 -0.0124832728061064 0.1064381151932902 0.1064381151932915 0.1064381151932919 0.1656747357560476
14.00 0.37940689731182314 -0.5430936449939406 -0.5430936449939399 -0.0112571210425133 -0.0112571210425122 -0.0112571210425120 -0.0112571210425114 0.1197293920352040 0.1197293920352071 0.1197293920352072 0.1762962227130253
13.75 0.37586795042281695 -0.5450420816859287 -0.5450420816859279 -0.0101179428396381 -0.0101179428396375 -0.0101179428396368 -0.0101179428396345 0.1331169965810142 0.1331169965810146 0.1331169965810156 0.1866924631522576
13.50 0.37230302199327187 -0.5469427114009484 -0.5469427114009452 -0.0090631822466563 -0.0090631822466554 -0.0090631822466548 -0.0090631822466546 0.1465932047835657 0.1465932047835658 0.1465932047835662 0.1966015942362472
13.25 0.36871119640886968 -0.5488033272992949 -0.5488033272992949 -0.0080900052646635 -0.0080900052646631 -0.0080900052646627 -0.0080900052646626 0.1601519018219165 0.1601519018219173 0.1601519018219173 0.2056274705568550
13.00 0.36509151747647400 -0.5506287398663920 -0.5506287398663920 -0.0071953201517350 -0.0071953201517338 -0.0071953201517336 -0.0071953201517330 0.1737882292682240 0.1737882292682248 0.1737882292682256 0.2134985009408548
12.75 0.36144298565221100 -0.5524215608820728 -0.5524215608820717 -0.0063758142769942 -0.0063758142769862 -0.0063758142769846 -0.0063758142769735 0.1874983338675497 0.1874983338675506 0.1874983338675520 0.2204078148340474
12.50 0.35776455502492738 -0.5541827752364362 -0.5541827752364361 -0.0056279817884133 -0.0056279817884126 -0.0056279817884106 -0.0056279817884084 0.2012791792967919 0.2012791792967923 0.2012791792967928 0.2267703875192945
12.25 0.35405513002798283 -0.5559121637692239 -0.5559121637692216 -0.0049481707013393 -0.0049481707013389 -0.0049481707013382 -0.0049481707013376 0.2151284064705437 0.2151284064705438 0.2151284064705447 0.2328874360666735
12.00 0.35031356184872481 -0.5576086264572947 -0.5576086264572941 -0.0043326210756188 -0.0043326210756161 -0.0043326210756146 -0.0043326210756131 0.2290441900516446 0.2290441900516449 0.2290441900516451 0.2389210764699886
11.75 0.34653864450082428 -0.5592704342058822 -0.5592704342058776 -0.0037775050402435 -0.0037775050402433 -0.0037775050402424 -0.0037775050402410 0.2430250676629815 0.2430250676629821 0.2430250676629824 0.2449547851736863
11.50 0.34272911051981081 -0.5608954263298965 -0.5608954263298961 -0.0032789627710644 -0.0032789627710643 -0.0032789627710633 -0.0032789627710623 0.2510331360428893 0.2510331360428896 0.2510331360428905 0.2570696199114046
11.25 0.33888362623650670 -0.5624811752531792 -0.5624811752531789 -0.0028331386239791 -0.0028331386239780 -0.0028331386239775 -0.0028331386239744 0.2571810924804733 0.2571810924804737 0.2571810924804740 0.2711756423906095
11.00 0.33500078657648524 -0.5640251213842401 -0.5640251213842383 -0.0024362133802778 -0.0024362133802663 -0.0024362133802662 -0.0024362133802561 0.2634131128583412 0.2634131128583420 0.2634131128583422 0.2794640334073078
10.75 0.33107910932596624 -0.5655246857743609 -0.5655246857743581 -0.0020844283145506 -0.0020844283145362 -0.0020844283145362 -0.0020844283145208 0.2697376297231980 0.2697376297231986 0.2697376297231988 0.2851877847265443
10.50 0.32711702879550453 -0.5669773772844080 -0.5669773772844076 -0.0017741211182138 -0.0017741211182106 -0.0017741211182096 -0.0017741211182054 0.2761593260059437 0.2761593260059446 0.2761593260059453 0.2910093307326289
10.25 0.32311288880213562 -0.5683808746324394 -0.5683808746324372 -0.0015017417849171 -0.0015017417849154 -0.0015017417849142 -0.0015017417849129 0.2826803978528507 0.2826803978528514 0.2826803978528521 0.2966628979638393
10.00 0.31906493487798943 -0.5697331039567283 -0.5697331039567256 -0.0012638728685758 -0.0012638728685745 -0.0012638728685742 -0.0012638728685735 0.2893012550754680 0.2893012550754683 0.2893012550754683 0.3023854982417645
9.75 0.31497130559833353 -0.5710323068475256 -0.5710323068475243 -0.0010572462094305 -0.0010572462094289 -0.0010572462094279 -0.0010572462094261 0.2960209257428370 0.2960209257428381 0.2960209257428387 0.3082542343160737
9.50 0.31083002290405076 -0.5722771000554291 -0.5722771000554280 -0.0008787564398259 -0.0008787564398238 -0.0008787564398226 -0.0008787564398208 0.3028372942296739 0.3028372942296749 0.3028372942296750 0.3142645004246552
9.25 0.30663898127202549 -0.5734665271142896 -0.5734665271142873 -0.0007254712864820 -0.0007254712864810 -0.0007254712864806 -0.0007254712864793 0.3097472397180572 0.3097472397180572 0.3097472397180572 0.3204109865973400
9.00 0.30239593556098865 -0.5746001022607052 -0.5746001022607021 -0.0005946389855689 -0.0005946389855687 -0.0005946389855680 -0.0005946389855676 0.3167467131772781 0.3167467131772785 0.3167467131772791 0.3266876237657388
8.75 0.29809848732900202 -0.5756778474996302 -0.5756778474996296 -0.0004836932037364 -0.0004836932037359 -0.0004836932037342 -0.0004836932037335 0.3238307773766286 0.3238307773766292 0.3238307773766300 0.3330875251095897
8.50 0.29374406938062309 -0.5767003226528430 -0.5767003226528412 -0.0003902555095465 -0.0003902555095448 -0.0003902555095437 -0.0003902555095426 0.3309936245685227 0.3309936245685234 0.3309936245685245 0.3396029263934793
8.25 0.28932992825516618 -0.5776686477566341 -0.5776686477566335 -0.0003121349735438 -0.0003121349735417 -0.0003121349735397 -0.0003121349735380 0.3382285871336454 0.3382285871336469 0.3382285871336473 0.3462251318605428
8.00 0.28485310431016619 -0.5778372721984295 -0.5778372721984262 0.0002470116589292 0.0002470116589571 0.0002470116589575 0.0002470116589885 0.3433955287934768 0.3433955287934772 0.3433955287934772 0.3534479701961233
7.75 0.28031040898329512 -0.5788754007326576 -0.5788754007326565 0.0001938229201502 0.0001938229201796 0.0001938229201816 0.0001938229202114 0.3510383663039546 0.3510383663039551 0.3510383663039555 0.3601338289029415
7.50 0.27569839872782342 -0.5798317731048127 -0.5798317731048078 0.0001504257800825 0.0001504257800853 0.0001504257800863 0.0001504257800896 0.3586991869875742 0.3586991869875752 0.3586991869875754 0.3669192119024778
7.25 0.27101334500631991 -0.5807155049796719 -0.5807155049796706 0.0001153631484963 0.0001153631485017 0.0001153631485027 0.0001153631485060 0.3663702924052177 0.3663702924052178 0.3663702924052183 0.3737876650554452
7.00 0.26625119958804888 -0.5815356419598873 -0.5815356419598867 0.0000873333622273 0.0000873333622275 0.0000873333622279 0.0000873333622290 0.3740437245719629 0.3740437245719632 0.3740437245719633 0.3807227191337149
6.75 0.26140755421862366 -0.5823011815102849 -0.5823011815102840 0.0000651809973022 0.0000651809973049 0.0000651809973051 0.0000651809973100 0.3817116465237447 0.3817116465237450 0.3817116465237458 0.3877084041791044
6.50 0.25647759350390792 -0.5830210933269794 -0.5830210933269784 0.0000478937545538 0.0000478937545540 0.0000478937545546 0.0000478937545555 0.3893669730969260 0.3893669730969275 0.3893669730969281 0.3947300905566131
6.25 0.25145603955751983 -0.5837043546775090 -0.5837043546775077 0.0000345889234469 0.0000345889234478 0.0000345889234479 0.0000345889234484 0.3970042375659434 0.3970042375659438 0.3970042375659444 0.4017756593369425
6.00 0.24633708657984518 -0.5843599824643809 -0.5843599824643785 0.0000245041371330 0.0000245041371346 0.0000245041371355 0.0000245041371366 0.4046207547125547 0.4046207547125550 0.4046207547125550 0.4088370452728500
5.75 0.24111432303437602 -0.5849970631000174 -0.5849970631000168 0.0000169906787240 0.0000169906787247 0.0000169906787265 0.0000169906787286 0.4122179985515546 0.4122179985515547 0.4122179985515548 0.4154433833554196
5.50 0.23578063841929153 -0.5856247883751630 -0.5856247883751587 0.0000114994037895 0.0000114994037918 0.0000114994037927 0.0000114994037949 0.4198030114940837 0.4198030114940842 0.4198030114940843 0.4220985287886201
5.25 0.23032811073355966 -0.5862524814590783 -0.5862524814590746 0.0000075724575884 0.0000075724575935 0.0000075724575941 0.0000075724575969 0.4273896130179842 0.4273896130179856 0.4273896130179859 0.4289496751585724
