45 0.75983570225832975
44.75 0.75652747416546084
44.50 0.75323339936572720
44.25 0.74995316909970178
44.00 0.74668647900714824
43.75 0.74343302899055930
43.50 0.74019252308203054
43.25 0.73696466931333482
43.00 0.73374917958905994
42.75 0.73054576956268569
42.50 0.72735415851547003
42.25 0.72417406923802852
42.00 0.72100522791448773
41.75 0.71784736400909988
41.50 0.71470021015520846
41.25 0.71156350204645979
41.00 0.70843697833015451
40.75 0.70532038050263912
40.50 0.70221345280664171
40.25 0.69911594213045092
40.00 0.69602759790885060
39.75 0.69294817202571524
39.50 0.68987741871817743
39.25 0.68681509448228206
39.00 0.68376095798003989
38.75 0.68071476994779589
38.50 0.67767629310583211
38.25 0.67464529206912238
38.00 0.67162153325915808
37.75 0.66860478481676788
37.50 0.66559481651585173
37.25 0.66259139967795155
37.00 0.65959430708758449
36.75 0.65660331290825846
36.50 0.65361819259909770
36.25 0.65063872283200119
36.00 0.64766468140925815
35.75 0.64469584718154593
35.50 0.64173199996623487
35.25 0.63877292046592293
35.00 0.63581839018712483
34.75 0.63286819135903882
34.50 0.62992210685231265
34.25 0.62697992009773107
34.00 0.62404141500474464
33.75 0.62110637587975959
33.50 0.61817458734410646
33.25 0.61524583425160395
33.00 0.61231990160563299
32.75 0.60939657447563289
32.50 0.60647563791293169
32.25 0.60355687686581816
32.00 0.60064007609376124
31.75 0.59772502008068074
31.50 0.59481149294717062
31.25 0.59189927836156764
31.00 0.58898815944976501
30.75 0.58607791870365555
30.50 0.58316833788809341
30.25 0.58025919794625369
30.00 0.57735027890326807
29.75 0.57444135976800692
29.50 0.57153221843287527
29.25 0.56862263157148163
29.00 0.56571237453403433
28.75 0.56280122124031395
28.50 0.55988894407005929
28.25 0.55697531375060216
28.00 0.55406009924157285
27.75 0.55114306761649301
27.50 0.54822398394106098
27.25 0.54530261114792489
27.00 0.54237870990772830
26.75 0.53945203849620049
26.50 0.53652235265705239
26.25 0.53358940546042311
26.00 0.53065294715660993
25.75 0.52771272502479782
25.50 0.52476848321648584
25.25 0.52181996259329522
25.00 0.51886690055881535
24.75 0.51590903088413309
24.50 0.51294608352666027
24.25 0.50997778444185260
24.00 0.50700385538738835
23.75 0.50402401371934424
23.50 0.50103797217987622
23.25 0.49804543867587991
23.00 0.49504611604806875
22.75 0.49203970182987000
22.50 0.48902588799549546
22.25 0.48600436069649899
22.00 0.48297479998608267
21.75 0.47993687953036013
21.50 0.47689026630572684
21.25 0.47383462028142359
21.00 0.47076959408630886
20.75 0.46769483265878409
20.50 0.46460997287872730
20.25 0.46151464318020630
20.00 0.45840846314364242
19.75 0.45529104306598517
19.50 0.45216198350734593
19.25 0.44902087481240505
19.00 0.44586729660476643
18.75 0.44270081725227745
18.50 0.43952099330116196
18.25 0.43632736887662232
18.00 0.43311947504735931
17.75 0.42989682915123001
17.50 0.42665893407900496
17.25 0.42340527751290741
17.00 0.42013533111630319
16.75 0.41684854967056112
16.50 0.41354437015471773
16.25 0.41022221076315113
16.00 0.40688146985598445
15.75 0.40352152483640419
15.50 0.40014173094847860
15.25 0.39674141998838264
15.00 0.39331989892118169
14.75 0.38987644839447261
14.50 0.38641032113921558
14.25 0.38292074024700901
14.00 0.37940689731182314
13.75 0.37586795042281695
13.50 0.37230302199327187
13.25 0.36871119640886968
13.00 0.36509151747647400
12.75 0.36144298565221100
12.50 0.35776455502492738
12.25 0.35405513002798283
12.00 0.35031356184872481
11.75 0.34653864450082428
11.50 0.34272911051981081
11.25 0.33888362623650670
11.00 0.33500078657648524
10.75 0.33107910932596624
10.50 0.32711702879550453
10.25 0.32311288880213562
10.00 0.31906493487798943
9.75 0.31497130559833353
9.50 0.31083002290405076
9.25 0.30663898127202549
9.00 0.30239593556098865
8.75 0.29809848732900202
8.50 0.29374406938062309
8.25 0.28932992825516618
8.00 0.28485310431016619
7.75 0.28031040898329512
7.50 0.27569839872782342
7.25 0.27101334500631991
7.00 0.26625119958804888
6.75 0.26140755421862366
6.50 0.25647759350390792
6.25 0.25145603955751983
6.00 0.24633708657984518
5.75 0.24111432303437602
5.50 0.23578063841929153
5.25 0.23032811073355966
