# h10 energies for multiplicity =  1
# y, E(n=1), E(n=2), E(n=3), E(n=4), E(n=5)
0.25 -4.488431738124 -4.488431413088 -4.086423230411 -3.876744936266 -3.874068269563
.26 -4.618693526689 -4.618692893425 -4.209431007351 -4.033993184880 -4.032932118591
.27 -4.731837881894 -4.731836711479 -4.315447254129 -4.176908887862 -4.175584081840
.28 -4.829455089583 -4.829453023764 -4.405961227506 -4.305743008703 -4.303806596491
.29 -4.912903626701 -4.912900127268 -4.482245465735 -4.421712773149 -4.418893125755
.30 -4.983359243588 -4.983353535088 -4.545408615854 -4.525793432905 -4.521820462936
.31 -5.041853705391 -5.041844722075 -4.618834758236 -4.613404033757 -4.596414618901
.32 -5.089305185473 -5.089291548547 -4.701562939931 -4.694378178030 -4.648465145842
.33
.34 -5.154321171281 -5.154293366931 -4.838881507880 -4.827182056643 -4.770985650160
.35 -5.173342991528 -5.173306453745 -4.894729507276 -4.880247821005 -4.818775740083
.36 -5.184262837110 -5.184219250500 -4.942803892370 -4.925183625579 -4.858387837417
.37 -5.187701082333 -5.187658854375 -4.983628374395 -4.962519060761 -4.890412472746
.38 -5.184252202149 -5.184236741177 -5.017682855607 -4.992757282067 -4.915424832583
.39 -5.174575655195 -5.174494258048 -5.045388405979 -5.016381615147 -4.933988090511
.40 -5.159382120443 -5.159000758007 -5.067047116941 -5.033863759935 -4.946664017614
.41 -5.139755833528 -5.138359276956 -5.082547747411 -5.045673922253 -4.954040575216
.42 -5.119452707817 -5.113210830488 -5.089124847125 -5.052288555369 -4.956816553358
.43 -5.111896589575 -5.084397370887 -5.074386465360 -5.054129367688 -4.956119032475
.44 -5.112168124340 -5.056556600394 -5.048141018066 -5.044407375009 -4.954807971401
.45 -5.110870173688 -5.048918801066 -5.017344875929 -5.010058210535 -4.959241202829
.46 -5.106805074060 -5.042572053414 -4.984159974899 -4.975364333851 -4.969111155665
.47 -5.100064929251 -5.036861939399 -4.980753225914 -4.954210117131 -4.942175315055
.48 -5.091021199740 -5.033334569941 -4.988789799329 -4.939035623469 -4.927412252787
.49 -5.080204364996 -5.032040811044 -4.993386232772 -4.926698861879 -4.904867533385
.50 -5.068310169251 -5.031668602352 -4.994056865892 -4.909252585830 -4.906752000676
.51 -5.056168426166 -5.030903614870 -4.990497049559 -4.926724456058 -4.890532612573
.52 -5.044509936299 -5.028974383500 -4.983095147901 -4.944377569467 -4.875506582620
.53 -5.033562243585 -5.025541422866 -4.976833565301 -4.954486855110 -4.866526248144
.54
.55 -5.013967370354 -5.012203874814 -4.995488506497 -4.927762600582 -4.866362702620
.56 -5.006051820363 -5.005989635258 -5.000908041740 -4.907782667036 -4.880083215193
.57 -5.014850298220 -4.997040635163 -4.989015950664 -4.895604696423 -4.887837984967
.58 -5.022016650108 -4.987375071607 -4.976771738009 -4.910150688931 -4.890673500214
.59 -5.027568611689 -4.977909019934 -4.964964189420 -4.922297656998 -4.903232029355
.60 -5.031639398654 -4.970609617983 -4.955678508721 -4.930072197291 -4.910669130643
.61 -5.034392604434 -4.968821784394 -4.952514524210 -4.930384567841 -4.909536804403
.62 -5.036016067489 -4.972565732231 -4.955280338800 -4.923615490597 -4.900368429660
.63 -5.036720478102 -4.978280319361 -4.959941193881 -4.913815765332 -4.887645323489
.64 -5.036737382869 -4.983988041008 -4.964248592532 -4.903480878047 -4.874496163300
.65 -5.036311592045 -4.989063540830 -4.967408399976 -4.893710768760 -4.874288206322
.66 -5.035683201490 -4.993351145268 -4.969133455250 -4.885750107054 -4.884667418526
.67 -5.035058720263 -4.996858083879 -4.969340984633 -4.893911379816 -4.891187824408
.68 -5.034580606218 -4.999654509671 -4.968077036765 -4.901769355562 -4.898712945472
.69 -5.034311946140 -5.001835019393 -4.965494315273 -4.908321422107 -4.904942386595
.70 -5.034245940698 -5.003500183878 -4.961829522640 -4.913700335733 -4.909839005460
.71 -5.034332544181 -5.004745599088 -4.957374746095 -4.918068866394 -4.913482527834
.72 -5.034506204215 -5.005654782702 -4.952454866013 -4.921618152673 -4.916007698214
.73 -5.034704749632 -5.006295152081 -4.947419670302 -4.924569129962 -4.917598408076
.74 -5.034878683479 -5.006716951613 -4.942654857280 -4.927158562521 -4.918478257615
.75 -5.034994241575 -5.006954592490 -4.938668388320 -4.929510638953 -4.918879990384
.76 -5.035033403223 -5.007029272179 -4.936772093458 -4.930815126304 -4.918987724452
.77 -5.034992688633 -5.006951575023 -4.938733207629 -4.929468873483 -4.918875433159
.78 -5.034881543336 -5.006723181964 -4.942568638159 -4.927206240130 -4.918489800587
.79 -5.034720561313 -5.006337559805 -4.947011612536 -4.924792800277 -4.917694442226
.80 -5.034539508960 -5.005780136525 -4.951603141831 -4.922151735483 -4.916336022924
.81 -5.034374883580 -5.005028711851 -4.956040133957 -4.919128183399 -4.914289250828
.82 -5.034266510632 -5.004054666669 -4.960087036333 -4.915597071063 -4.911472530320
.83 -5.034252568321 -5.002825108526 -4.963556564883 -4.911469800747 -4.907846309474
.84 -5.034362724988 -5.001305699933 -4.966303166320 -4.906687721152 -4.903406391197
.85 -5.034610079645 -4.999463760051 -4.968222719214 -4.901216237235 -4.898181374623
.86 -5.034984089864 -4.997271343838 -4.969254842510 -4.895041815622 -4.892257701271
.87 -5.035447521665 -4.994708306429 -4.969383931969 -4.888175037950 -4.886247761839
.88 -5.035939363455 -4.991765786957 -4.968636683828 -4.888382342604 -4.880680151928
.89 -5.036382882443 -4.988451159956 -4.967077418080 -4.894917238553 -4.872995180772
.90 -5.036695687618 -4.984796626748 -4.964806192078 -4.901961438953 -4.872784012822
.91 -5.036798503431 -4.980876089905 -4.961967674887 -4.909197652039 -4.881670811132
.92 -5.036620910438 -4.976840628128 -4.958783477940 -4.916324088746 -4.890897026858
.93 -5.036104005835 -4.972994035108 -4.955631248172 -4.922889998646 -4.899421671495
.94 -5.035200834942 -4.969932308432 -4.953196962748 -4.928164776321 -4.906397511343
.95 -5.033875573228 -4.968634985404 -4.952585621762 -4.931057004846 -4.910635943871
.96 -5.032102201897 -4.969954322185 -4.954789504268 -4.930629881904 -4.911094929255
.97 -5.029863130548 -4.973637758264 -4.959596870595 -4.927079676161 -4.907959504623
.98 -5.027148007269 -4.978684432782 -4.965931962716 -4.921379319810 -4.902300953090
.99 -5.023952839838 -4.984279877043 -4.972904795684 -4.914345137832 -4.895043458771
1.0 -5.020279517943 -4.989963527443 -4.980020143618 -4.906473722483 -4.886924237794
1.01 -5.016135871855 -4.995490568723 -4.987027209237 -4.898089191148 -4.885036812960
1.02 -5.011536572000 -5.000726683186 -4.993801815715 -4.895556560158 -4.889464802689
1.03 -5.006505831432 -5.005595152897 -5.000287346772 -4.906694864862 -4.880906090082
1.04 -5.010051499240 -5.006471387893 -5.001079027060 -4.917614237789 -4.872854819309
1.05 -5.014070888647 -5.012360610211 -4.995328518799 -4.928037580512 -4.866215601332
1.06 -5.017992023178 -5.017641565013 -4.989382358603 -4.937689753351 -4.862805843074
1.07
1.08 -5.028696856942 -5.023435502860 -4.978685434200 -4.952443195534 -4.864146625330
1.09 -5.033905086797 -5.025676264995 -4.976850331874 -4.954440095894 -4.866729753639
1.10 -5.039108101696 -5.027502135547 -4.979072810692 -4.951041301931 -4.870422591105
1.11 -5.044357252393 -5.028938365631 -4.982978846674 -4.944587879637 -4.875345105805
1.12 -5.049676357521 -5.030017623102 -4.986804031142 -4.936854070228 -4.881555142421
1.13 -5.055056150934 -5.030781117967 -4.989952105448 -4.928495149902 -4.888908448146
1.14 -5.060457437893 -5.031280078157 -4.992251044048 -4.919791626700 -4.897016813600
1.15 -5.065821073183 -5.031577404461 -4.993678150021 -4.910924361957 -4.905374261150
1.16 -5.071079896829 -5.031749095280 -4.994269290478 -4.913515527511 -4.902092455131
1.17 -5.076168415662 -5.031884612190 -4.994082457471 -4.921078213661 -4.897351971914
1.18 -5.081028603195 -5.032084782552 -4.993181638766 -4.927793159883 -4.906445040162
1.19 -5.085612271242 -5.032455391161 -4.991630274337 -4.933464130387 -4.915573518032
1.20 -5.089881232972 -5.033095049312 -4.989489786870 -4.937974657487 -4.924799557477
1.21 -5.093806369407 -5.034078221165 -4.986821111308 -4.941437796789 -4.934029912347
1.22 -5.097366331108 -5.035438283330 -4.983688797068 -4.946277991241 -4.940918719800
1.23 -5.100546270226 -5.037158312962 -4.980169964376 -4.955867529218 -4.942985874579
1.24 -5.103336785480 -5.039175000596 -4.976385831116 -4.966737678478 -4.955155861677
1.25 -5.105733156473 -5.041394140710 -4.978172146473 -4.972982293797 -4.967092445581
1.26 -5.107734910444 -5.043710654309 -4.989952600699 -4.981144465699 -4.967567780406
1.27 -5.109345783241 -5.046026726952 -5.001889475329 -4.993751009039 -4.963728057552
1.28 -5.110574207227 -5.048267422190 -5.013801909300 -5.006329161827 -4.960178298418
1.29 -5.111434612763 -5.050404383184 -5.025506154125 -5.018643206348 -4.957370489600
1.30 -5.111950154540 -5.052544859667 -5.036728394409 -5.030570231844 -4.955590269764
1.31 -5.112158189206 -5.055515275234 -5.046516003660 -5.042010292960 -4.954852556164
1.32 -5.112121477827 -5.062346089192 -5.052859734619 -5.051745181494 -4.954895845368
1.33 -5.111951918093 -5.071948794135 -5.062980402112 -5.053436706447 -4.955365032193
1.34 -5.111861479937 -5.081800319139 -5.072144386283 -5.054065471351 -4.955964326484
1.35 -5.112259835011 -5.091380697089 -5.079933510829 -5.054118071065 -4.956493510483
1.36 -5.113838219261 -5.100565020940 -5.085653480146 -5.053697244728 -4.956827947847
1.37 -5.117250893603 -5.109307663334 -5.088651018085 -5.052834957626 -4.956892120276
1.38 -5.122351780685 -5.117587795641 -5.089076228506 -5.051544866289 -4.956640556158
1.39 -5.128368926728 -5.125395175603 -5.087707403991 -5.049835020987 -4.956046028744
1.40 -5.134661093000 -5.132725133486 -5.085193895269 -5.047711742134 -4.955092551935
1.41 -5.140877464042 -5.139576371970 -5.081895998416 -5.045180956989 -4.953771227094
1.42 -5.146842707057 -5.145949830507 -5.077999587333 -5.042248674316 -4.952077741232
1.43 -5.152467772987 -5.151848023757 -5.073605074674 -5.038921135482 -4.950010825722
1.44 -5.157705987312 -5.157274620152 -5.068771134778 -5.035204838183 -4.947571282931
1.45 -5.162532591645 -5.162234155158 -5.063535014499 -5.031106510666 -4.944761355825
1.46 -5.166934869713 -5.166731826409 -5.057922288960 -5.026633069020 -4.941584309453
1.47 -5.170907105977 -5.170773341877 -5.051951807183 -5.021791571377 -4.938044146330
1.48 -5.174447859104 -5.174364804112 -5.045638340361 -5.016589174794 -4.934145408338
1.49 -5.177558406673 -5.177512620016 -5.038994072664 -5.011033096918 -4.929893035723
1.50 -5.180241814587 -5.180223429275 -5.032029478289 -5.005130582933 -4.925292264576
1.51 -5.182504046761 -5.182502356135 -5.024753857669 -4.998888877566 -4.920348550759
1.52 -5.184361415637 -5.184345135449 -5.017175676440 -4.992315201659 -4.915067512377
1.53 -5.185802568799 -5.185775835171 -5.009302786071 -4.985416732718 -4.909454885495
1.54 -5.186834596916 -5.186800542280 -5.001142571189 -4.978200588890 -4.903516489522
1.55 -5.187464621770 -5.187425624681 -4.992702050204 -4.970673815849 -4.897258199756
1.56 -5.187699773883 -5.187657641707 -4.983987945435 -4.962843376134 -4.890685925366
1.57 -5.187547173671 -5.187503277858 -4.975006732882 -4.954716140571 -4.883805591562
1.58 -5.187013915512 -5.186969292882 -4.965764678145 -4.946298881435 -4.876623125073
1.59 -5.186107054242 -5.186062483538 -4.956267862761 -4.937598267086 -4.869144442253
1.60 -5.184833593699 -5.184789653944 -4.946522203813 -4.928620857840 -4.861375439375
1.61 -5.183200476991 -5.183157592288 -4.936533468742 -4.919373102888 -4.853321984702
1.62 -5.181214578231 -5.181173052386 -4.926307286730 -4.909861338088 -4.844989912096
1.63 -5.178882695540 -5.178842738950 -4.915849157572 -4.900091784512 -4.836385015944
1.64 -5.176211545125 -5.176173295757 -4.905164458723 -4.890070547603 -4.827513047234
1.65 -5.173207756285 -5.173171296114 -4.894258451008 -4.879803616879 -4.818379710651
1.66
1.67 -5.166228321641 -5.166195523611 -4.871802996660 -4.858556053642 -4.799351510152
1.68 -5.162265465725 -5.162234482810 -4.860263527449 -4.847586823629 -4.789467810559
1.69 -5.157995545973 -5.157966340644 -4.848522710689 -4.836394706739 -4.779345071803
1.70 -5.153424707258 -5.153397228385 -4.836585282635 -4.824985121682 -4.768988753616
1.71 -5.148558991404 -5.148533178180 -4.824455883337 -4.813363376671 -4.758404269245
1.72 -5.143404336101 -5.143380121135 -4.812139059007 -4.801534671090 -4.747596987833
1.73 -5.137966574149 -5.137943885885 -4.799639264283 -4.789504097265 -4.736572237398
1.74 -5.132251432978 -5.132230197580 -4.786960864416 -4.777276642344 -4.725335308370
1.75 -5.126264534425 -5.126244677241 -4.774108137420 -4.764857190237 -4.713891457656
1.76 -5.120011394723 -5.119992841409 -4.761085276203 -4.752250523613 -4.702245913175
1.77 -5.113497424697 -5.113480102068 -4.747896390711 -4.739461325912 -4.690403878800
1.78 -5.106727930120 -5.106711766784 -4.734545510132 -4.726494183380 -4.678370539615
1.79 -5.099708112232 -5.099693039059 -4.721036585209 -4.713353587080 -4.666151067369
1.80 -5.092443068395 -5.092429018838 -4.707373490783 -4.700043934881 -4.653750625980
1.81 -5.084937792857 -5.084924703176 -4.693560028792 -4.686569533397 -4.641174376889
1.82 -5.077197177637 -5.077184987028 -4.679599932177 -4.672934599861 -4.628427484547
1.83 -5.069226013489 -5.069214664153 -4.665496870736 -4.659143263909 -4.619595658515
1.84 -5.061028990960 -5.061018428118 -4.651254461520 -4.645199569266 -4.612714249057
1.85 -5.052610701515 -5.052600873377 -4.636876290932 -4.631107475304 -4.605591135165
1.86 -5.043975638723 -5.043966496438 -4.622365972283 -4.616870858460 -4.598231023072
1.87
1.88 -5.026072685420 -5.026064779614 -4.592965410179 -4.587979154510 -4.582815882760
1.89 -5.016813304011 -5.016805954248 -4.578099091422 -4.574752872666 -4.573331415919
1.90 -5.007354170162 -5.007347338400 -4.566560438556 -4.563024929156 -4.558553852974
1.91 -4.997699307505 -4.997692958123 -4.558068154353 -4.547920950871 -4.543649942220
1.92 -4.987852649844 -4.987846749519 -4.549383516743 -4.532687109900 -4.528623081614
1.93
1.94 -4.967599244284 -4.967594150694 -4.531410480814 -4.501885576280 -4.498213708629
1.95
1.96 -4.946623682734 -4.946619287165 -4.512654322978 -4.470663865672 -4.467351333421
1.97 -4.935874015272 -4.935869932443 -4.502992210159 -4.454902793070 -4.451757916387
1.98
1.99
2.00 -4.902618340662 -4.902615069990 -4.472915514492 -4.407050684143 -4.404363444361
2.01 -4.891208454178 -4.891205416915 -4.462538796021 -4.390918721067 -4.388369677369
2.02
2.03 -4.867920504692 -4.867917885822 -4.441279932717 -4.358397109322 -4.356104208117
2.04
2.05 -4.844028250687 -4.844025992943 -4.419369768295 -4.325546585178 -4.323484084361
2.06 -4.831862719095 -4.831860622904 -4.408178627097 -4.309003156911 -4.307046624471
2.07 -4.819554625940 -4.819552679811 -4.396834320416 -4.292383534144 -4.290527011685
2.08 -4.807106669272 -4.807104862524 -4.385339909034 -4.275689541420 -4.273927198169
2.09 -4.794521482394 -4.794519805101 -4.373698379689 -4.258922913159 -4.257249028712
2.10 -4.781801635269 -4.781800078207 -4.361912646492 -4.242085294910 -4.240494239955
2.11 -4.768949635915 -4.768948190514 -4.349985552358 -4.225178246057 -4.223664460211
2.12 -4.755967931781 -4.755966590078 -4.337919870455 -4.208203244333 -4.206761209951
2.13 -4.742858911109 -4.742857665707 -4.325718305667 -4.191161692671 -4.189785903007
2.14 -4.729624904273 -4.729623748299 -4.313383496043 -4.174054929062 -4.172739848507
2.15 -4.716268185107 -4.716267112177 -4.300918014261 -4.156884240379 -4.155624253570
2.16 -4.702790972207 -4.702789976392 -4.288324369072 -4.139650881557 -4.138440226725
2.17 -4.689195430222 -4.689194506014 -4.275605006743 -4.122356102269 -4.121188782041
2.18 -4.675483671116 -4.675482813398 -4.262762312476 -4.105001184375 -4.103870843884
2.19 -4.661657755421 -4.661656959441 -4.249798611832 -4.087587495439 -4.086487252247
2.20 -4.647719693458 -4.647718954804 -4.236716172119 -4.070116566936 -4.069038768546
2.21 -4.633671446552 -4.633670761124 -4.223517203775 -4.052590211492 -4.051526081785
2.22 -4.619514928211 -4.619514292202 -4.210203861730 -4.035010703453 -4.033949814973
2.23 -4.605252005295 -4.605251415169 -4.196778246747 -4.017381064070 -4.016310531691
2.24 -4.590884499161 -4.590883951635 -4.183242406741 -3.999705520593 -3.998608742689
2.25 -4.576414186789 -4.576413678813 -4.169598338083 -3.981990248316 -3.980844912402
2.26 -4.561842801881 -4.561842330622 -4.155847986871 -3.964244533220 -3.963019465308
2.27 -4.547172035946 -4.547171598774 -4.141993250198 -3.946482385442 -3.945132792024
2.28 -4.532403539359 -4.532403133831 -4.128035977372 -3.928723969021 -3.927185255073
2.29
2.30 -4.502579756295 -4.502579407410 -4.099820988860 -3.893314953449 -3.891108931736
2.31 -4.487527574164 -4.487527250591 -4.085566743685 -3.875690632856 -3.872980776300
2.32 -4.472383872051 -4.472383571972 -4.071216905686 -3.858105040210 -3.854793027659
2.33 -4.457150109855 -4.457149831583 -4.056773102980 -3.840531940868 -3.836545979889
2.34 -4.441827712271 -4.441827454239 -4.042236922824 -3.822947444379 -3.818239924578
2.35 -4.426418069708 -4.426417830460 -4.027609912683 -3.805334383783 -3.799875153305
2.36 -4.410922539179 -4.410922317364 -4.012893581277 -3.787681607292 -3.781451959652
2.37 -4.395342445188 -4.395342239551 -3.998089399615 -3.769982131967 -3.762970644760
2.38 -4.379679080576 -4.379678889951 -3.983198801986 -3.752231632986 -3.744431510011
2.39 -4.363933707362 -4.363933530667 -3.968223186946 -3.734427448862 -3.725834867184
2.40 -4.348107557559 -4.348107393789 -3.953163918272 -3.716567967256 -3.707260871944
2.41 -4.332201833973 -4.332201682196 -3.938022325901 -3.698652249938 -3.689872094920
2.42 -4.316217710985 -4.316217570334 -3.922799706837 -3.680679801331 -3.672414371998
2.43 -4.300156335305 -4.300156204975 -3.907497326046 -3.662650422877 -3.654888754055
2.44 -4.284018826720 -4.284018705965 -3.892116417325 -3.644564119292 -3.637296267797
2.45 -4.267806278816 -4.267806166942 -3.876658184152 -3.626421036834 -3.619637915581
2.46 -4.251519759686 -4.251519656050 -3.861123800512 -3.608221421712 -3.601914676042
2.47 -4.235160312616 -4.235160216620 -3.845514411704 -3.589965591496 -3.584127504744
2.48 -4.218728956760 -4.218728867849 -3.829831135132 -3.571653915057 -3.566277334728
2.49 -4.202226687793 -4.202226605453 -3.814075061067 -3.553286798250 -3.548365077277
