#HF isntabilities: hessian eigenvalues
#y,rrhf,crhf,ruhf
0.5 0.109754 0.0161132 -0.4580038
.525 0.1179182 0.0201351 -0.4470414
.550 0.1262629 0.0245438 -0.435847
.575 0.1346785 0.0292942 -0.4244679
.600 0.1430357 0.0343366 -0.4129478
.625 0.1511882 0.0396165 -0.4013278
.650 0.1589832 0.0450734 -0.389649
.675 0.166283 0.0506405 -0.3779551
.700 0.1729922 0.0562443 -0.3662953
.725 0.1790799 0.0618049 -0.3547261
.750 0.1845799 0.0672373 -0.3433112
.775 0.1895684 0.0724552 -0.3321201
.800 0.1941252 0.0773746 -0.3212252
.825 0.187598 0.0819197 -0.3106985
.850 0.1733555 0.0860279 -0.3006075
.875 0.1595407 0.0896533 -0.2910123
.900 0.1461923 0.0927668 -0.2819619
.925 0.1333411 0.0851344 -0.2734909
.950 0.1210153 0.0721656 -0.2656178
.975 0.1092439 0.0596813 -0.25834
1.000 0.098063 0.0477364 -0.25163
1.025 0.0875245 0.0363523 -0.2454259
1.050 0.0777083 0.0255505 -0.2518196
1.075 0.0687317 0.0153626 -0.2593453
1.100 0.0607382 0.0058361 -0.2668543
1.125 0.0538044 -0.0029691 -0.2741946
1.150 0.0476453 -0.0110101 -0.280982
1.175 0.0410306 -0.0183287 -0.2863256
1.200 0.0310754 -0.0251351 -0.2881824
1.225 0.0137087 -0.0315508 -0.2790386
1.250 0.0190657 -0.027556 -0.2607735
1.275 0.0334311 -0.0185719 -0.2583253
1.300 0.0458218 -0.0096393 -0.2557371
1.325 0.0572978 -0.0007561 -0.252283
1.350 0.0672259 0.0081144 -0.2482494
1.375 0.0715916 0.0169951 -0.2438952
1.400 0.075703 0.0258978 -0.2394054
1.425 0.0795846 0.0348286 -0.2349112
1.450 0.083254 0.0437886 -0.2305105
1.475 0.0867219 0.0527766 -0.2262791
1.500 0.0899923 0.061789 -0.2222796
1.525 0.0930636 0.0708206 -0.2185646
1.550 0.0959279 0.0798647 -0.2151801
1.575 0.098571 0.0889132 -0.2121662
1.600 0.1009717 0.0979565 -0.2095566
1.625 0.1030996 0.1069819 -0.2073789
1.650 0.1049132 0.115967 -0.2056537
1.675 0.1063584 0.1248613 -0.2043915
1.700 0.1073647 0.1315883 -0.2035938
1.725 0.1078442 0.1343533 -0.2032509
1.750 0.1076918 0.1331476 -0.203342
1.775 0.1067892 0.1290683 -0.2038362
1.800 0.1050165 0.1193518 -0.2046939
1.825 0.1022708 0.1092733 -0.2058688
1.850 0.0984886 0.099045 -0.2073113
1.875 0.0936639 0.0887456 -0.2089698
1.900 0.0878516 0.0784176 -0.2107931
1.925 0.0811548 0.0680891 -0.2127326
1.950 0.0737033 0.0577794 -0.2147421
1.975 0.0656322 0.0475041 -0.2167799
2.000 0.0570669 0.0372744 -0.2188075
2.025 0.0481167 0.0270993 -0.2207906
2.050 0.0388728 0.0169865 -0.2226989
2.075 0.0294095 0.0069417 -0.2245055
2.100 0.0197872 -0.0030298 -0.2261868
2.125 0.0100542 -0.0129239 -0.2277219
2.150 0.0016798 -0.0201742 -0.2511018
2.175 0.0289643 -0.0132463 -0.3154422
2.200 0.0459961 -0.0101667 -0.3352564
2.225 0.0589872 -0.0080139 -0.3489309
2.250 0.0695308 -0.006393 -0.3599508
2.275 0.0784486 -0.0051341 -0.3693928
2.300 0.0862217 -0.0041406 -0.37771
2.325 0.0931495 -0.0033491 -0.3851377
2.350 0.0994222 -0.0027149 -0.3918192
2.375 0.1051653 -0.0022047 -0.3978561
2.400 0.1104641 -0.001793 -0.4033276
2.425 0.1153787 -0.0014601 -0.4082992
2.450 0.1199558 -0.0011904 -0.4128274
2.475 0.1242343 -0.0009716 -0.4169619
2.500 0.1282498 -0.0007938 -0.4207466
2.525 0.1320369 -0.0006492 -0.4242204
2.550 0.1356292 -0.0005314 -0.427418
2.575 0.1390601 -0.0004355 -0.4303703
2.600 0.1423603 -0.0003572 -0.4331045
2.625 0.1455596 -0.0002932 -0.4356453
2.650 0.1486826 -0.0002409 -0.4380141
2.675 0.1517508 -0.0001981 -0.4402301
2.700 0.154782 -0.0001631 -0.4423103
2.725 0.1577904 -0.0001343 -0.4442698
2.750 0.1607856 -0.0001107 -0.4461217
2.775 0.1637758 -0.0000914 -0.4478778
2.800 0.1667663 -0.0000754 -0.4495485
2.825 0.1697601 -0.0000623 -0.4511428
2.850 0.1727599 -0.0000515 -0.4526689
2.875 0.1757654 -0.0000426 -0.4541337
2.900 0.1787777 -0.0000353 -0.4555438
2.925 0.1817958 -0.0000292 -0.4569044
2.950 0.1848185 -0.0000242 -0.4582205
2.975 0.187845 -0.0000201 -0.4594964
3.000 0.1908735 -0.0000167 -0.4607359
3.025 0.1939036 -0.0000139 -0.4619424
3.050 0.1969328 -0.0000115 -0.4631186
3.075 0.1999603 -0.0000096 -0.4642674
3.100 0.202985 -0.0000079 -0.4653909
3.125 0.2060045 -0.0000066 -0.4664911
3.150 0.2090189 -0.0000055 -0.46757
3.175 0.2120268 -0.0000046 -0.468629
3.200 0.2150268 -0.0000038 -0.4696696
3.225 0.2180184 -0.0000032 -0.4706929
3.250 0.2210003 -0.0000026 -0.4717
3.275 0.2239721 -0.0000022 -0.4726919
3.300 0.2269335 -0.0000018 -0.4736695
3.325 0.229883 -0.0000015 -0.4746334
3.350 0.2328213 -0.0000013 -0.4755845
3.375 0.2357463 -0.0000011 -0.476523
3.400 0.2386593 -0.0000009 -0.4774499
3.425 0.2415587 -0.0000007 -0.4783652
3.450 0.2444451 -0.0000006 -0.4792697
3.475 0.2473177 -0.0000005 -0.4801634
3.500 0.2501761 -0.0000004 -0.4810468
3.525 0.2530207 -0.0000004 -0.4819202
3.550 0.2558506 -0.0000003 -0.4827837
3.575 0.2586662 -0.0000002 -0.4836376
3.600 0.2614669 -0.0000002 -0.4844821
3.625 0.2642539 -0.0000002 -0.4853175
3.650 0.267025 -0.0000001 -0.4861437
3.675 0.2697817 -0.0000001 -0.4869609
3.700 0.272524 -0.0000001 -0.4877694
3.725 0.2752512 -0.0000001 -0.4885691
3.750 0.2779628 -0.0000001 -0.4893601
3.775 0.2806602 -0.0000001 -0.4901426
3.800 0.2833428 0. -0.4909167
3.825 0.2860102 0. -0.4916823
3.850 0.2886625 0. -0.4924395
3.875 0.2913006 0. -0.4931886
3.900 0.2939233 0. -0.4939293
3.925 0.2965317 0. -0.4946619
3.950 0.2991252 0. -0.4953863
3.975 0.3017042 0. -0.4961026
