   85.000000000000000        2.5688804782633659       0.43421880000000002       5.19000000000000011E-005 -0.57651719999999995     
   84.000000000000000        2.3437412473608381       0.40571649999999998       1.90100000000000013E-004 -0.57280810000000004     
   83.000000000000000        2.1684423371644423       0.38023360000000000       5.25900000000000044E-004 -0.56861050000000002     
   82.000000000000000        2.0268354180156947       0.35917890000000002       1.20760000000000008E-003 -0.56314439999999999     
   81.000000000000000        1.9092530122354845       0.34391549999999999       2.42420000000000005E-003 -0.55563490000000004     
   80.000000000000000        1.8095073443210954       0.33539310000000000       4.38549999999999964E-003 -0.54538960000000003     
   79.000000000000000        1.7234297938777567       0.33109000000000000       7.29020000000000015E-003 -0.53191820000000001     
   78.000000000000000        1.6480958607190197       0.28748180000000001       1.12975000000000003E-002 -0.51501149999999996     
   77.000000000000000        1.5813852119866876       0.23932880000000001       1.65200000000000000E-002 -0.49467499999999998     
   76.000000000000000        1.5217180473945009       0.19378580000000001       2.30525000000000001E-002 -0.47086549999999999     
   75.000000000000000        1.4678899319530556       0.15267860000000000       3.10455999999999996E-002 -0.44298230000000000     
   74.000000000000000        1.4189643903365978       0.11943360000000000       4.08608000000000027E-002 -0.40895700000000001     
   73.000000000000000        1.3742008147382716       9.97074000000000016E-002  5.32839000000000021E-002 -0.36474410000000002     
   72.000000000000000        1.3330047374615932       9.57331000000000015E-002  5.28112999999999985E-002 -0.30964360000000002     
   71.000000000000000        1.2948927059181552       9.99822999999999962E-002  4.36645000000000019E-002 -0.25294200000000000     
   70.000000000000000        1.2594669489559134       0.10447910000000001       4.11108000000000029E-002 -0.20259410000000000     
   69.000000000000000        1.2263967642726714       0.10621800000000001       4.33141999999999971E-002 -0.15879740000000001     
   68.000000000000000        1.1954046164231349       0.10663370000000000       4.98598999999999987E-002 -0.12001770000000000     
   67.000000000000000        1.1662555983306084       0.10966510000000000       6.06324000000000030E-002 -8.70197000000000054E-002
   66.000000000000000        1.1387493349689228       0.11757200000000000       7.48462000000000016E-002 -6.21881999999999990E-002
   65.000000000000000        1.1127136872907215       0.12954050000000000       9.10717000000000054E-002 -4.60073999999999969E-002
   64.000000000000000        1.0879998015825072       0.14358499999999999       0.10787389999999999      -3.58469000000000010E-002
   63.000000000000000        1.0644781770328475       0.15793960000000001       0.12409060000000000      -2.87981999999999995E-002
   62.000000000000000        1.0420355127918348       0.17126580000000000       0.13871430000000001      -2.32928999999999983E-002
   61.000000000000000        1.0205721581109972       0.18254719999999999       0.15070720000000001      -1.86871000000000016E-002
   60.000000000000000        1.0000000336490449       0.19112180000000001       0.15904090000000001      -1.47311999999999999E-002
   59.000000000000000       0.98024092421724396       0.19685770000000000       0.16320870000000001      -1.13244000000000001E-002
   58.000000000000000       0.96122506680355879       0.19857140000000001       0.16374520000000001      -8.42049999999999917E-003
   57.000000000000000       0.94288997515969897       0.19761200000000001       0.16184699999999999      -5.99099999999999980E-003
   56.000000000000000       0.92517945528340284       0.19648910000000000       0.15862200000000001      -4.00999999999999968E-003
   55.000000000000000       0.90804277598219907       0.19525329999999999       0.15481480000000000      -2.44800000000000009E-003
   54.000000000000000       0.89143396621364279       0.19395490000000001       0.15087239999999999      -6.42109999999999990E-003
   53.000000000000000       0.87531121666696521       0.19264300000000001       0.14705789999999999      -1.49718999999999998E-002
   52.000000000000000       0.85963636751982619       0.19136439999999999       0.14352719999999999      -2.31228999999999983E-002
   51.000000000000000       0.84437446779034697       0.19016240000000001       0.14037420000000000      -3.06412999999999998E-002
   50.000000000000000       0.82949339444344139       0.18907620000000000       0.13765540000000001      -3.73312999999999978E-002
   49.000000000000000       0.81496352157574936       0.18813980000000000       0.13540450000000001      -4.30291000000000007E-002
   48.000000000000000       0.80075743172543956       0.18738160000000001       0.13364119999999999      -4.76007000000000027E-002
   47.000000000000000       0.78684966272995749       0.18682389999999999       0.13237640000000001      -5.09413000000000019E-002
   46.000000000000000       0.77321648466098036       0.18648280000000000       0.13161580000000001      -5.29760000000000023E-002
   45.000000000000000       0.75983570225832975       0.18636810000000001       0.13136200000000001      -5.36591999999999972E-002
   45.000000000000000       0.75983570225832975       0.18636810000000001       0.13136200000000001      -5.36591999999999972E-002
   44.000000000000000       0.74668647900714824       0.18648280000000000       0.13161580000000001      -5.29760000000000023E-002
   43.000000000000000       0.73374917958905994       0.18682389999999999       0.13237640000000001      -5.09413000000000019E-002
   42.000000000000000       0.72100522791448773       0.18738160000000001       0.13364119999999999      -4.76007000000000027E-002
   41.000000000000000       0.70843697833015451       0.18813980000000000       0.13540450000000001      -4.30291000000000007E-002
   40.000000000000000       0.69602759790885060       0.18907620000000000       0.13765540000000001      -3.73312999999999978E-002
   39.000000000000000       0.68376095798003989       0.19016240000000001       0.14037420000000000      -3.06412999999999998E-002
   38.000000000000000       0.67162153325915808       0.19136439999999999       0.14352719999999999      -2.31228999999999983E-002
   37.000000000000000       0.65959430708758449       0.19264300000000001       0.14705789999999999      -1.49718999999999998E-002
   36.000000000000000       0.64766468140925815       0.19395490000000001       0.15087239999999999      -6.42109999999999990E-003
   35.000000000000000       0.63581839018712483       0.19525329999999999       0.15481480000000000      -2.44800000000000009E-003
   34.000000000000000       0.62404141500474464       0.19648910000000000       0.15862200000000001      -4.00999999999999968E-003
   33.000000000000000       0.61231990160563299       0.19761200000000001       0.16184699999999999      -5.99090000000000039E-003
   32.000000000000000       0.60064007609376124       0.19857140000000001       0.16374520000000001      -8.42049999999999917E-003
   31.000000000000000       0.58898815944976501       0.19685770000000000       0.16320870000000001      -1.13244000000000001E-002
   30.000000000000000       0.57735027890326807       0.19112180000000001       0.15904090000000001      -1.47311000000000004E-002
   29.000000000000000       0.56571237453403433       0.18254719999999999       0.15070720000000001      -1.86871000000000016E-002
   28.000000000000000       0.55406009924157285       0.17126580000000000       0.13871430000000001      -2.32928999999999983E-002
   27.000000000000000       0.54237870990772830       0.15793960000000001       0.12409060000000000      -2.87981999999999995E-002
   26.000000000000000       0.53065294715660993       0.14358499999999999       0.10787389999999999      -3.58469000000000010E-002
   25.000000000000000       0.51886690055881535       0.12954050000000000       9.10717000000000054E-002 -4.60073000000000010E-002
   24.000000000000000       0.50700385538738835       0.11757200000000000       7.48462000000000016E-002 -6.21881999999999990E-002
   23.000000000000000       0.49504611604806875       0.10966510000000000       6.06324000000000030E-002 -8.70197000000000054E-002
   22.000000000000000       0.48297479998608267       0.10663370000000000       4.98598999999999987E-002 -0.12001760000000000     
   21.000000000000000       0.47076959408630886       0.10621800000000001       4.33141999999999971E-002 -0.15879740000000001     
   20.000000000000000       0.45840846314364242       0.10447910000000001       4.11108000000000029E-002 -0.20259410000000000     
   19.000000000000000       0.44586729660476643       9.99822999999999962E-002  4.36645000000000019E-002 -0.25294200000000000     
   18.000000000000000       0.43311947504735931       9.57331000000000015E-002  5.28112999999999985E-002 -0.30964360000000002     
   17.000000000000000       0.42013533111630319       9.97074000000000016E-002  5.32839000000000021E-002 -0.36474400000000001     
   16.000000000000000       0.40688146985598445       0.11943360000000000       4.08608000000000027E-002 -0.40895690000000001     
   15.000000000000000       0.39331989892118169       0.15267860000000000       3.10455999999999996E-002 -0.44298230000000000     
   14.000000000000000       0.37940689731182314       0.19378580000000001       2.30525000000000001E-002 -0.47086549999999999     
   13.000000000000000       0.36509151747647400       0.23932880000000001       1.65200000000000000E-002 -0.49467499999999998     
   12.000000000000000       0.35031356184872481       0.28748180000000001       1.12975000000000003E-002 -0.51501149999999996     
   11.000000000000000       0.33500078657648524       0.33109000000000000       7.29020000000000015E-003 -0.53191820000000001     
   10.000000000000000       0.31906493487798943       0.33539320000000000       4.38549999999999964E-003 -0.54538960000000003     
   9.0000000000000000       0.30239593556098865       0.34391549999999999       2.42420000000000005E-003 -0.55563490000000004     
   8.0000000000000000       0.28485310431016619       0.35917900000000003       1.20760000000000008E-003 -0.56314439999999999     
   7.0000000000000000       0.26625119958804888       0.38023360000000000       5.25900000000000044E-004 -0.56861050000000002     
   6.0000000000000000       0.24633708657984518       0.40571649999999998       1.90100000000000013E-004 -0.57280810000000004     
