0.5 -1.3998286519
.55 -1.4000231355
.60 -1.4004595808
.65 -1.4012619320
.70 -1.4025348314
.75 -1.4043362794
.80 -1.4066569887
.85 -1.4094128065
.90 -1.4124544824
.95 -1.4155916769
1.00 -1.4186228943
1.05 -1.4213624597
1.10 -1.4236593331
1.15 -1.4254061594
1.20 -1.4265403755
1.25 -1.4270396805
1.30 -1.4269146827
1.35 -1.4262004685
1.40 -1.4249485148
1.45 -1.4232195662
1.50 -1.4210776799
1.55 -1.4185856276
1.60 -1.4158015173
1.65 -1.4127765284
1.70 -1.4095536333
1.75 -1.4086456302
1.80 -1.4123431958
1.85 -1.4163549041
1.90 -1.4206526021
1.95 -1.4252062607
2.00 -1.4299846899
2.05 -1.4349563481
2.10 -1.4400898998
2.15 -1.4453548314
2.20 -1.4507217038
2.25 -1.4561626100
2.30 -1.4616513432
2.35 -1.4671635468
2.40 -1.4726768425
2.45 -1.4781707157
2.50 -1.4836266914
2.55 -1.4890281715
2.60 -1.4943603475
2.65 -1.4996102548
2.70 -1.5047664418
2.75 -1.5098190410
2.80 -1.5147596485
2.85 -1.5195810676
2.90 -1.5242774225
2.95 -1.5288437186
3.00 -1.5332760678
3.05 -1.5375713854
3.10 -1.5417273650
3.15 -1.5457423427
3.20 -1.5496152241
3.25 -1.5533453933
3.30 -1.5569327311
3.35 -1.5603774122
3.40 -1.5636799435
3.45 -1.5668410347
3.50 -1.5698616503
3.55 -1.5727428756
3.60 -1.5754859442
3.65 -1.5780922177
3.70 -1.5805630653
3.75 -1.5828999684
3.80 -1.5851044222
3.85 -1.5871779698
3.90 -1.5891221537
