45.0 0.75983570225832975 0.1863681 0.131362 -0.0536592
46.0 0.77321648466098036 0.1864828 0.1316158 -0.052976
47.0 0.78684966272995749 0.1868239 0.1323764 -0.0509413
48.0 0.80075743172543956 0.1873816 0.1336412 -0.0476007
49.0 0.81496352157574936 0.1881398 0.1354045 -0.0430291
50.0 0.82949339444344139 0.1890762 0.1376554 -0.0373313
51.0 0.84437446779034697 0.1901624 0.1403742 -0.0306413
52.0 0.85963636751982619 0.1913644 0.1435272 -0.0231229
53.0 0.87531121666696521 0.192643 0.1470579 -0.0149719
54.0 0.89143396621364279 0.1939549 0.1508724 -0.0064211
55.0 0.90804277598219907 0.1952533 0.1548148 -0.002448
56.0 0.92517945528340284 0.1964891 0.158622 -0.00401
57.0 0.94288997515969897 0.197612 0.161847 -0.005991
58.0 0.96122506680355879 0.1985714 0.1637452 -0.0084205
59.0 0.98024092421724396 0.1968577 0.1632087 -0.0113244
60.0 1.0000000336490449 0.1911218 0.1590409 -0.0147312
61.0 1.0205721581109972 0.1825472 0.1507072 -0.0186871
62.0 1.0420355127918348 0.1712658 0.1387143 -0.0232929
63.0 1.0644781770328475 0.1579396 0.1240906 -0.0287982
64.0 1.0879998015825072 0.143585 0.1078739 -0.0358469
65.0 1.1127136872907215 0.1295405 0.0910717 -0.0460074
66.0 1.1387493349689228 0.117572 0.0748462 -0.0621882
67.0 1.1662555983306084 0.1096651 0.0606324 -0.0870197
68.0 1.1954046164231349 0.1066337 0.0498599 -0.1200177
69.0 1.2263967642726714 0.106218 0.0433142 -0.1587974
70.0 1.2594669489559134 0.1044791 0.0411108 -0.2025941
71.0 1.2948927059181552 0.0999823 0.0436645 -0.252942
72.0 1.3330047374615932 0.0957331 0.0528113 -0.3096436
73.0 1.3742008147382716 0.0997074 0.0532839 -0.3647441
74.0 1.4189643903365978 0.1194336 0.0408608 -0.408957
75.0 1.4678899319530556 0.1526786 0.0310456 -0.4429823
76.0 1.5217180473945009 0.1937858 0.0230525 -0.4708655
77.0 1.5813852119866876 0.2393288 0.01652 -0.494675
78.0 1.6480958607190197 0.2874818 0.0112975 -0.5150115
79.0 1.7234297938777567 0.33109 0.0072902 -0.5319182
80.0 1.8095073443210954 0.3353931 0.0043855 -0.5453896
81.0 1.9092530122354845 0.3439155 0.0024242 -0.5556349
82.0 2.0268354180156947 0.3591789 0.0012076 -0.5631444
83.0 2.1684423371644423 0.3802336 0.0005259 -0.5686105
84.0 2.3437412473608381 0.4057165 0.0001901 -0.5728081
85.0 2.5688804782633659 0.4342188 0.0000519 -0.5765172
