45.0 0.75983570225832975 -3.97755813741
46.0 0.77321648466098036 -3.97757837832
47.0 0.78684966272995749 -3.97763154142
48.0 0.80075743172543956 -3.97769500391
49.0 0.81496352157574936 -3.97773123889
50.0 0.82949339444344139 -3.97768808208
51.0 0.84437446779034697 -3.97749910434
52.0 0.85963636751982619 -3.97708408662
53.0 0.87531121666696521 -3.97634959175
54.0 0.89143396621364279 -3.97518962587
55.0 0.90804277598219907 -3.97348638625
56.0 0.92517945528340284 -3.97111110694
57.0 0.94288997515969897 -3.96792504908
58.0 0.96122506680355879 -3.96378075437
59.0 0.98024092421724396 -3.95852381564
60.0 1.0000000336490449 -3.95199567113
61.0 1.0205721581109972 -3.94403840933
62.0 1.0420355127918348 -3.93450350997
63.0 1.0644781770328475 -3.92326832210
64.0 1.0879998015825072 -3.91026779323
65.0 1.1127136872907215 -3.89555563874
66.0 1.1387493349689228 -3.87941698629
67.0 1.1662555983306084 -3.86254475609
68.0 1.1954046164231349 -3.84621280381
69.0 1.2263967642726714 -3.83225649058
70.0 1.2594669489559134 -3.82278064626
71.0 1.2948927059181552 -3.81972634655
72.0 1.3330047374615932 -3.82415796805
73.0 1.3742008147382716 -3.83516779159
74.0 1.4189643903365978 -3.84969378565
75.0 1.4678899319530556 -3.86433423190
76.0 1.5217180473945009 -3.87659127691
77.0 1.5813852119866876 -3.88450547324
78.0 1.6480958607190197 -3.88608170013
79.0 1.7234297938777567 -3.87891174059
80.0 1.8095073443210954 -3.85987713499
81.0 1.9092530122354845 -3.82482090593
82.0 2.0268354180156947 -3.76806320791
83.0 2.1684423371644423 -3.68153029231
84.0 2.3437412473608381 -3.55300945843
85.0 2.5688804782633659 -3.36236807104
