23 0.49504611604806875 0.0568877 0.1484229 0.1484229 -0.0196756
22.8 0.49264156670383669 0.0560709 0.1457761 0.1457761 -0.0243284
22.6 0.49023232143590700 0.0547891 0.1428879 0.1428879 -0.02918
22.4 0.48781822046902723 0.0517285 0.139785 0.139785 -0.0342242
22.2 0.48539910157616445 0.048532 0.136487 0.136487 -0.0394551
22.0 0.48297479998608267 0.0451769 0.1330079 0.1330079 -0.0448673
21.8 0.48054514828741574 0.0416312 0.1293558 0.1293558 -0.0504557
21.6 0.47810997632905239 0.0378498 0.1255326 0.1255326 -0.0562167
21.4 0.47566911111664228 0.0337654 0.1215327 0.1215327 -0.0621482
21.2 0.47322237670501677 0.0292725 0.1173381 0.1173381 -0.068251
21.0 0.47076959408630886 0.0241911 0.1129087 0.1129087 -0.0745318
20.8 0.46831058107354084 0.0181678 0.1081528 0.1081528 -0.0810108
20.6 0.46584515217943595 0.0102955 0.1028091 0.1028091 -0.087752
20.4 0.46337311849019369 -0.0074982 0.0943053 0.0943053 -0.0953892
20.2 0.46089428753395190
20.0 0.45840846314364242
19.8 0.45591544531392630
19.6 0.45341503005187517
19.4 0.45090700922104293
19.2 0.44839117037854909
19.0 0.44586729660476643
18.8 0.44333516632518272
18.6 0.44079455312397198
18.4 0.43824522554878126
18.2 0.43568694690620202
18.0 0.43311947504735931
17.8 0.43054256214300907 0.0105994 0.1395236 0.1395236 -0.0112446
17.6 0.42795595444749102 0.0160734 0.1476885 0.1476885 -0.007566
17.4 0.42535939205083484 0.022122 0.1562164 0.1562164 -0.0047669
17.2 0.42275260861826658 0.0286549 0.1650589 0.1650589 -0.0028471
17.0 0.42013533111630319 0.0355917 0.1741729 0.1741729 -0.001624
16.8 0.41750727952456318 0.0428651 0.1835216 0.1835216 -0.000875
16.6 0.41486816653235176 0.0504201 0.1930747 0.1930747 -0.0004247
16.4 0.41221769721900697 0.0582125 0.2028078 0.2028078 -0.0001576
16.2 0.40955556871691118 0.0662077 0.2127014 0.2127014 -0.0000022
16.0 0.40688146985598445 0.0743784 0.22274 0.22274 0.
15.8 0.40419508078838223 0.0827029 0.2329113 0.2329113 0.
15.6 0.40149607259201053 0.0911643 0.2432055 0.2432055 0.
15.4 0.39878410685136023 0.0997493 0.253615 0.253615 0.
15.2 0.39605883521403118 0.1084471 0.2641337 0.2641337 0.
15.0 0.39331989892118169 0.1172492 0.2747566 0.2747566 0.
14.8 0.39056692830998108 0.1261486 0.2854798 0.2854798 0.
14.6 0.38779954228597707 0.1351398 0.2963003 0.2963003 0.
14.4 0.38501734776310242 0.1442182 0.3072154 0.3072154 0.
14.2 0.38221993906883789 0.1533799 0.3182232 0.3182232 0.
14.0 0.37940689731182314 0.1626218 0.3293221 0.3293221 0.
13.8 0.37657778970895234 0.1719412 0.3405106 0.3405106 0.
13.6 0.37373216886871380 0.181336 0.3517875 0.3517875 0.
13.4 0.37086957202721976 0.1908043 0.3631518 0.3631518 0.
13.2 0.36798952023302828 0.2003445 0.3746026 0.3746026 0.
13.0 0.36509151747647400 0.2099553 0.3861388 0.3861388 0.
12.8 0.36217504975879339 0.2196355 0.3977592 0.3977592 0.
12.6 0.35923958409585033 0.2293843 0.4094621 0.4094621 0.
12.4 0.35628456745073178 0.2392008 0.4212449 0.4212449 0.
12.2 0.35330942558887629 0.2490846 0.4331028 0.4331028 0.
12.0 0.35031356184872481 0.2590351 0.4450255 0.4450255 0.
11.8 0.34729635582011686 0.2690521 0.4569853 0.4569853 0.
11.6 0.34425716192179839 0.2791355 0.4688744 0.4688744 0.
11.4 0.34119530786843266 0.2892851 0.4798759 0.4798759 0.
11.2 0.33811009301640765 0.2995013 0.4867223 0.4867223 0.
11.0 0.33500078657648524 0.3097842 0.4916135 0.4916135 0.
10.8 0.33186662567991565 0.3201344 0.4962643 0.4962643 0.
10.6 0.32870681328302698 0.3305525 0.5008776 0.5008776 0.
10.4 0.32552051589344949 0.3410394 0.5054988 0.5054988 0.
10.2 0.32230686109902068 0.3515961 0.5101447 0.5101447 0.
10.0 0.31906493487798943 0.3622239 0.5148238 0.5148238 0.
9.8 0.31579377866634295 0.3729245 0.5195415 0.5195415 0.
9.6 0.31249238615485792 0.3836995 0.5243019 0.5243019 0.
9.4 0.30915969978474567 0.3945511 0.5291086 0.5291086 0.
9.2 0.30579460690643406 0.4054818 0.5339647 0.5339647 0.
9.0 0.30239593556098865 0.4164943 0.5388733 0.5388733 0.
8.8 0.29896244983779341 0.427592 0.5438376 0.5438376 0.
8.6 0.29549284475521920 0.4387784 0.5488606 0.5488606 0.
8.4 0.29198574060290522 0.4500578 0.5539452 0.5539452 0.
8.2 0.28843967667472209 0.4614348 0.5590942 0.5590942 0.
8.0 0.28485310431016619 0.4729149 0.5643084 0.5643084 0.
7.8 0.28122437914848114 0.484504 0.569583 0.569583 0.
7.6 0.27755175248374220 0.496209 0.5748715 0.5748715 0.
7.4 0.27383336158988730 0.5080375 0.5791102 0.5791102 0.
7.2 0.27006721886149349 0.5199981 0.5802518 0.5802518 0.
7.0 0.26625119958804888 0.5321005 0.5810245 0.5810245 0.
6.8 0.26238302814535797 0.5443554 0.5817223 0.5817223 0.
6.6 0.25846026234602637 0.5567751 0.582374 0.582374 0.
6.4 0.25448027563971826 0.5693731 0.5829902 0.5829902 0.
6.2 0.25044023679051242 0.5821648 0.5835779 0.5835779 0.
6.0 0.24633708657984518 0.5841428 0.5841429 0.5841429 0.
5.8 0.24216751098479444 0.5846905 0.5846905 0.5846905 0.
5.6 0.23792791015694406 0.5852262 0.5852262 0.5852262 0.
5.4 0.23361436236885605 0.5857551 0.5857551 0.5857551 0.
5.2 0.22922258189255645 0.5862824 0.5862824 0.5862824 0.
