23 0.49504611604806875 -4.84861459827
22.8 0.49264156670383669 -4.84607283055
22.6 0.49023232143590700 -4.84341270064
22.4 0.48781822046902723 -4.84063089300
22.2 0.48539910157616445 -4.83772411327
22.0 0.48297479998608267 -4.83468912483
21.8 0.48054514828741574 -4.83152280404
21.6 0.47810997632905239 -4.82822222566
21.4 0.47566911111664228 -4.82478480037
21.2 0.47322237670501677 -4.82120851011
21.0 0.47076959408630886 -4.81749234865
20.8 0.46831058107354084 -4.81363727150
20.6 0.46584515217943595 -4.80964882652
20.4 0.46337311849019369 -4.80555238675
17.8 0.43054256214300907 -4.97414363320
17.6 0.42795595444749102 -4.98469679547
17.4 0.42535939205083484 -4.99523516603
17.2 0.42275260861826658 -5.00572611152
17.0 0.42013533111630319 -5.01614076629
16.8 0.41750727952456318 -5.02645349287
16.6 0.41486816653235176 -5.03664129194
16.4 0.41221769721900697 -5.04668324474
16.2 0.40955556871691118 -5.05656002505
16.0 0.40688146985598445 -5.06625349013
15.8 0.40419508078838223 -5.07574634577
15.6 0.40149607259201053 -5.08502187482
15.4 0.39878410685136023 -5.09406371748
15.2 0.39605883521403118 -5.10285569264
15.0 0.39331989892118169 -5.11138165098
14.8 0.39056692830998108 -5.11962535241
14.6 0.38779954228597707 -5.12757036201
14.4 0.38501734776310242 -5.13519995967
14.2 0.38221993906883789 -5.14249705994
14.0 0.37940689731182314 -5.14944413911
13.8 0.37657778970895234 -5.15602316725
13.6 0.37373216886871380 -5.16221554347
13.4 0.37086957202721976 -5.16800203274
13.2 0.36798952023302828 -5.17336270318
13.0 0.36509151747647400 -5.17827686259
12.8 0.36217504975879339 -5.18272299330
12.6 0.35923958409585033 -5.18667868452
12.4 0.35628456745073178 -5.19012056115
12.2 0.35330942558887629 -5.19302420843
12.0 0.35031356184872481 -5.19536409135
11.8 0.34729635582011686 -5.19711346815
11.6 0.34425716192179839 -5.19824429671
11.4 0.34119530786843266 -5.19872713295
11.2 0.33811009301640765 -5.19853102005
11.0 0.33500078657648524 -5.19762336718
10.8 0.33186662567991565 -5.19596981625
10.6 0.32870681328302698 -5.19353409506
10.4 0.32552051589344949 -5.19027785503
10.2 0.32230686109902068 -5.18616049120
10.0 0.31906493487798943 -5.18113894211
9.8 0.31579377866634295 -5.17516746656
9.6 0.31249238615485792 -5.16819739405
9.4 0.30915969978474567 -5.16017684473
9.2 0.30579460690643406 -5.15105041456
9.0 0.30239593556098865 -5.14075882005
8.8 0.29896244983779341 -5.12923849638
8.6 0.29549284475521920 -5.11642114146
8.4 0.29198574060290522 -5.10223319698
8.2 0.28843967667472209 -5.08659525609
8.0 0.28485310431016619 -5.06942138505
7.8 0.28122437914848114 -5.05061834411
7.6 0.27755175248374220 -5.03008468935
7.4 0.27383336158988730 -5.00770973420
7.2 0.27006721886149349 -4.98337234402
7.0 0.26625119958804888 -4.95693953226
6.8 0.26238302814535797 -4.92826481897
6.6 0.25846026234602637 -4.89718630391
6.4 0.25448027563971826 -4.86352439508
6.2 0.25044023679051242 -4.82707911931
6.0 0.24633708657984518 -4.78762692308
5.8 0.24216751098479444 -4.74491684791
5.6 0.23792791015694406 -4.69866593396
5.4 0.23361436236885605 -4.64855366478
5.2 0.22922258189255645 -4.59421521217
