23 0.49504611604806875 -0.83010 -0.71045 -0.56726 -0.35812 -0.29421 0.08656 0.16331 0.23892 0.39281 0.60518 .38077
22.8 0.49264156670383669 -0.82912 -0.70954 -0.56762 -0.35965 -0.29127 0.08670 0.16359 0.23630 0.39103 0.60673 .37797
22.6 0.49023232143590700 -0.82812 -0.70862 -0.56798 -0.36120 -0.28828 0.08665 0.16403 0.23355 0.38950 0.60828 .37493
22.4 0.48781822046902723 -0.82713 -0.70768 -0.56835 -0.36275 -0.28525 0.08641 0.16460 0.23066 0.38821 0.60983 .37166
22.2 0.48539910157616445 -0.82613 -0.70672 -0.56872 -0.36431 -0.28217 0.08597 0.16529 0.22768 0.38716 0.61138 .36814
22.0 0.48297479998608267 -0.82512 -0.70576 -0.56909 -0.36588 -0.27904 0.08534 0.16606 0.22462 0.38633 0.61292 .36438
21.8 0.48054514828741574 -0.82411 -0.70479 -0.56946 -0.36743 -0.27587 0.08452 0.16687 0.22152 0.38572 0.61444 .36039
21.6 0.47810997632905239 -0.82310 -0.70381 -0.56982 -0.36897 -0.27264 0.08352 0.16766 0.21843 0.38532 0.61596 .35616
21.4 0.47566911111664228 -0.82209 -0.70284 -0.57017 -0.37049 -0.26936 0.08233 0.16834 0.21542 0.38511 0.61744 .35169
21.2 0.47322237670501677 -0.82106 -0.70188 -0.57050 -0.37195 -0.26602 0.08098 0.16880 0.21256 0.38508 0.61889 .34700
21.0 0.47076959408630886 -0.82004 -0.70094 -0.57080 -0.37334 -0.26262 0.07945 0.16887 0.20996 0.38522 0.62028 .34207
20.8 0.46831058107354084 -0.81900 -0.70005 -0.57104 -0.37458 -0.25913 0.07774 0.16830 0.20776 0.38551 0.62158 .33687
20.6 0.46584515217943595 -0.81795 -0.69930 -0.57117 -0.37552 -0.25553 0.07582 0.16671 0.20606 0.38591 0.62267 .33135
20.4 0.46337311849019369 -0.81677 -0.69941 -0.57062 -0.37466 -0.25153 0.07319 0.16195 0.20448 0.38616 0.62260 .32472
20.2 0.46089428753395190
20.0 0.45840846314364242
19.8 0.45591544531392630
19.6 0.45341503005187517
19.4 0.45090700922104293
19.2 0.44839117037854909
19.0 0.44586729660476643
18.8 0.44333516632518272
18.6 0.44079455312397198
18.4 0.43824522554878126
18.2 0.43568694690620202
18.0 0.43311947504735931
17.8 0.43054256214300907 -0.78284 -0.70909 -0.58957 -0.43843 -0.30840 0.12729 0.23065 0.25275 0.43172 0.61138 .43569
17.6 0.42795595444749102 -0.78078 -0.70807 -0.59007 -0.44098 -0.31237 0.13180 0.22865 0.25629 0.43465 0.61353 .44417
17.4 0.42535939205083484 -0.77879 -0.70711 -0.59063 -0.44356 -0.31652 0.13639 0.22664 0.25989 0.43756 0.61568 .45291
17.2 0.42275260861826658 -0.77687 -0.70623 -0.59125 -0.44617 -0.32082 0.14105 0.22462 0.26353 0.44047 0.61781 .46187
17.0 0.42013533111630319 -0.77502 -0.70541 -0.59192 -0.44880 -0.32526 0.14575 0.22261 0.26722 0.44336 0.61992 .47101
16.8 0.41750727952456318 -0.77323 -0.70464 -0.59264 -0.45146 -0.32980 0.15049 0.22060 0.27096 0.44626 0.62200 .48029
16.6 0.41486816653235176 -0.77149 -0.70392 -0.59341 -0.45414 -0.33442 0.15526 0.21859 0.27475 0.44915 0.62405 .48968
16.4 0.41221769721900697 -0.76980 -0.70326 -0.59422 -0.45686 -0.33911 0.16005 0.21661 0.27860 0.45204 0.62606 .49916
16.2 0.40955556871691118 -0.76816 -0.70263 -0.59507 -0.45960 -0.34385 0.16482 0.21467 0.28249 0.45494 0.62804 .50867
16.0 0.40688146985598445 -0.76656 -0.70204 -0.59596 -0.46238 -0.34863 0.16958 0.21280 0.28643 0.45784 0.62998 .51821
15.8 0.40419508078838223 -0.76501 -0.70149 -0.59688 -0.46519 -0.35344 0.17426 0.21103 0.29043 0.46075 0.63188 .52770
15.6 0.40149607259201053 -0.76349 -0.70098 -0.59784 -0.46803 -0.35826 0.17881 0.20943 0.29447 0.46366 0.63374 .53707
15.4 0.39878410685136023 -0.76202 -0.70050 -0.59884 -0.47092 -0.36310 0.18310 0.20815 0.29856 0.46659 0.63557 .54620
15.2 0.39605883521403118 -0.76058 -0.70005 -0.59988 -0.47385 -0.36793 0.18686 0.20744 0.30271 0.46953 0.63735 .55479
15.0 0.39331989892118169 -0.75918 -0.69963 -0.60095 -0.47683 -0.37276 0.18967 0.20773 0.30690 0.47248 0.63910 .56243
14.8 0.39056692830998108 -0.75782 -0.69925 -0.60206 -0.47986 -0.37757 0.19110 0.20947 0.31115 0.47544 0.64081 .56867
14.6 0.38779954228597707 -0.75648 -0.69889 -0.60321 -0.48294 -0.38236 0.19119 0.21260 0.31544 0.47842 0.64249 .57355
14.4 0.38501734776310242 -0.75519 -0.69857 -0.60439 -0.48608 -0.38711 0.19039 0.21668 0.31980 0.48142 0.64413 .57750
14.2 0.38221993906883789 -0.75392 -0.69827 -0.60562 -0.48928 -0.39183 0.18912 0.22131 0.32420 0.48444 0.64573 .58095
14.0 0.37940689731182314 -0.75269 -0.69801 -0.60689 -0.49254 -0.39651 0.18759 0.22627 0.32866 0.48748 0.64731 .58410
13.8 0.37657778970895234 -0.75149 -0.69777 -0.60820 -0.49588 -0.40112 0.18593 0.23144 0.33318 0.49053 0.64885 .58705
13.6 0.37373216886871380 -0.75032 -0.69757 -0.60956 -0.49929 -0.40568 0.18419 0.23677 0.33775 0.49361 0.65036 .58987
13.4 0.37086957202721976 -0.74919 -0.69740 -0.61096 -0.50278 -0.41017 0.18241 0.24222 0.34238 0.49672 0.65184 .59258
13.2 0.36798952023302828 -0.74809 -0.69726 -0.61241 -0.50635 -0.41458 0.18062 0.24777 0.34708 0.49984 0.65330 .59520
13.0 0.36509151747647400 -0.74701 -0.69715 -0.61390 -0.51001 -0.41891 0.17882 0.25343 0.35183 0.50300 0.65473 .59773
12.8 0.36217504975879339 -0.74597 -0.69707 -0.61545 -0.51377 -0.42314 0.17702 0.25918 0.35665 0.50618 0.65613 .60016
12.6 0.35923958409585033 -0.74497 -0.69702 -0.61705 -0.51762 -0.42728 0.17524 0.26502 0.36154 0.50940 0.65752 .60252
12.4 0.35628456745073178 -0.74399 -0.69701 -0.61869 -0.52157 -0.43130 0.17347 0.27095 0.36650 0.51264 0.65888 .60477
12.2 0.35330942558887629 -0.74304 -0.69704 -0.62040 -0.52563 -0.43522 0.17172 0.27697 0.37153 0.51593 0.66023 .60694
12.0 0.35031356184872481 -0.74213 -0.69710 -0.62215 -0.52978 -0.43901 0.16999 0.28309 0.37663 0.51924 0.66156 .60900
11.8 0.34729635582011686 -0.74125 -0.69719 -0.62397 -0.53405 -0.44268 0.16829 0.28931 0.38181 0.52260 0.66288 .61097
11.6 0.34425716192179839 -0.74040 -0.69733 -0.62584 -0.53842 -0.44623 0.16661 0.29562 0.38707 0.52600 0.66419 .61284
11.4 0.34119530786843266 -0.73959 -0.69750 -0.62777 -0.54290 -0.44964 0.16495 0.30204 0.39242 0.52944 0.66549 .61459
11.2 0.33811009301640765 -0.73881 -0.69771 -0.62976 -0.54748 -0.45293 0.16333 0.30857 0.39785 0.53292 0.66679 .61626
11.0 0.33500078657648524 -0.73807 -0.69797 -0.63182 -0.55216 -0.45608 0.16173 0.31521 0.40337 0.53646 0.66809 .61781
10.8 0.33186662567991565 -0.73736 -0.69826 -0.63394 -0.55695 -0.45909 0.16016 0.32197 0.40899 0.54005 0.66939 .61925
10.6 0.32870681328302698 -0.73669 -0.69860 -0.63612 -0.56183 -0.46197 0.15863 0.32885 0.41471 0.54369 0.67069 .62060
10.4 0.32552051589344949 -0.73605 -0.69899 -0.63837 -0.56681 -0.46472 0.15712 0.33585 0.42053 0.54739 0.67201 .62184
10.2 0.32230686109902068 -0.73546 -0.69942 -0.64069 -0.57187 -0.46733 0.15564 0.34300 0.42645 0.55115 0.67334 .62297
10.0 0.31906493487798943 -0.73490 -0.69990 -0.64307 -0.57702 -0.46982 0.15420 0.35028 0.43249 0.55498 0.67468 .62402
9.8 0.31579377866634295 -0.73439 -0.70044 -0.64553 -0.58224 -0.47217 0.15279 0.35771 0.43864 0.55889 0.67606 .62496
9.6 0.31249238615485792 -0.73392 -0.70102 -0.64805 -0.58754 -0.47440 0.15141 0.36529 0.44492 0.56286 0.67745 .62581
9.4 0.30915969978474567 -0.73350 -0.70166 -0.65064 -0.59291 -0.47652 0.15006 0.37304 0.45132 0.56692 0.67889 .62658
9.2 0.30579460690643406 -0.73312 -0.70236 -0.65331 -0.59834 -0.47851 0.14875 0.38095 0.45786 0.57106 0.68036 .62726
9.0 0.30239593556098865 -0.73280 -0.70312 -0.65604 -0.60382 -0.48038 0.14747 0.38903 0.46454 0.57529 0.68188 .62785
8.8 0.29896244983779341 -0.73252 -0.70394 -0.65885 -0.60935 -0.48215 0.14622 0.39730 0.47136 0.57962 0.68345 .62837
8.6 0.29549284475521920 -0.73230 -0.70482 -0.66173 -0.61494 -0.48380 0.14500 0.40576 0.47834 0.58405 0.68508 .62880
8.4 0.29198574060290522 -0.73214 -0.70577 -0.66469 -0.62056 -0.48535 0.14382 0.41442 0.48548 0.58859 0.68678 .62917
8.2 0.28843967667472209 -0.73204 -0.70679 -0.66771 -0.62621 -0.48679 0.14268 0.42330 0.49279 0.59325 0.68855 .62947
8.0 0.28485310431016619 -0.73201 -0.70788 -0.67081 -0.63190 -0.48814 0.14157 0.43239 0.50027 0.59803 0.69042 .62971
7.8 0.28122437914848114 -0.73204 -0.70905 -0.67399 -0.63761 -0.48939 0.14049 0.44171 0.50795 0.60295 0.69238 .62988
7.6 0.27755175248374220 -0.73215 -0.71030 -0.67723 -0.64334 -0.49055 0.13945 0.45127 0.51581 0.60801 0.69444 .63000
7.4 0.27383336158988730 -0.73233 -0.71164 -0.68055 -0.64909 -0.49162 0.13844 0.46109 0.52389 0.61322 0.69663 .63006
7.2 0.27006721886149349 -0.73260 -0.71305 -0.68395 -0.65485 -0.49261 0.13747 0.47117 0.53218 0.61860 0.69894 .63008
7.0 0.26625119958804888 -0.73295 -0.71456 -0.68741 -0.66062 -0.49351 0.13654 0.48152 0.54070 0.62416 0.70141 .63005
6.8 0.26238302814535797 -0.73340 -0.71617 -0.69095 -0.66639 -0.49434 0.13564 0.49216 0.54946 0.62991 0.70404 .62998
6.6 0.25846026234602637 -0.73394 -0.71787 -0.69456 -0.67216 -0.49509 0.13477 0.50311 0.55847 0.63586 0.70684 .62986
6.4 0.25448027563971826 -0.73460 -0.71967 -0.69825 -0.67793 -0.49576 0.13395 0.51437 0.56775 0.64203 0.70985 .62971
6.2 0.25044023679051242 -0.73536 -0.72159 -0.70201 -0.68369 -0.49637 0.13315 0.52596 0.57731 0.64844 0.71307 .62952
6.0 0.24633708657984518 -0.73625 -0.72361 -0.70584 -0.68944 -0.49692 0.13240 0.53790 0.58718 0.65511 0.71653 .62932
5.8 0.24216751098479444 -0.73726 -0.72576 -0.70974 -0.69517 -0.49740 0.13168 0.55020 0.59736 0.66205 0.72026 .62908
5.6 0.23792791015694406 -0.73842 -0.72802 -0.71372 -0.70089 -0.49783 0.13100 0.56288 0.60787 0.66929 0.72428 .62883
5.4 0.23361436236885605 -0.73972 -0.73042 -0.71777 -0.70659 -0.49820 0.13036 0.57596 0.61875 0.67686 0.72863 .62856
5.2 0.22922258189255645 -0.74118 -0.73295 -0.72189 -0.71227 -0.49852 0.12975 0.58947 0.63000 0.68478 0.73333 .62827
