#RHF MO Energies
#y,occ MO energies, virt MO energies
0.25 -0.68468 -0.20464 -0.15886 0.52667
.26 -0.67041 -0.20378 -0.15612 0.49797
.27 -0.65562 -0.20253 -0.15296 0.47016
.28 -0.64038 -0.20083 -0.14931 0.44322
.29 -0.62477 -0.19864 -0.14507 0.41707
.30 -0.60891 -0.19589 -0.14017 0.39163
.31 -0.59291 -0.19255 -0.13451 0.36680
.32 -0.57692 -0.18857 -0.12798 0.34246
.33 -0.56107 -0.18392 -0.12049 0.31848
.34 -0.54553 -0.17859 -0.11193 0.29474
.35 -0.53042 -0.17260 -0.10222 0.27112
.36 -0.51586 -0.16600 -0.09131 0.24754
.37 -0.50189 -0.15887 -0.07918 0.22399
.38 -0.48855 -0.15134 -0.06587 0.20051
.39 -0.47581 -0.14357 -0.05146 0.17721
.40 -0.46360 -0.13576 -0.03612 0.15433
.41 -0.45180 -0.12819 -0.02015 0.13228
.42 -0.44026 -0.12124 -0.00421 0.11187
.43 -0.42879 -0.11545 0.00997 0.09512
.44 -0.41712 -0.11165 0.01789 0.08700
.45 -0.37080 -0.14235 0.02534 0.09586
.46 -0.34476 -0.17048 0.00960 0.15563
.47 -0.34093 -0.18975 0.01864 0.14726
.48 -0.33772 -0.20783 0.02503 0.14271
.49 -0.33481 -0.22487 0.02866 0.14181
.50 -0.33209 -0.24089 0.02959 0.14437
.51 -0.32952 -0.25590 0.02822 0.14989
.52 -0.32713 -0.26990 0.02519 0.15768
.53 -0.32501 -0.28278 0.02112 0.16705
.54 -0.32343 -0.29431 0.01649 0.17745
.55 -0.32331 -0.30357 0.01164 0.18848
.56 -0.32674 -0.30853 0.00680 0.19984
.57 -0.33376 -0.30914 0.00211 0.21134
.58 -0.34189 -0.30795 -0.00235 0.22280
.59 -0.34991 -0.30618 -0.00650 0.23410
.60 -0.35749 -0.30422 -0.01033 0.23171
.61 -0.36451 -0.30222 -0.01381 0.22892
.62 -0.42663 -0.27174 -0.04971 0.19896
.63 -0.42651 -0.27478 -0.04760 0.19604
.64 -0.42255 -0.27435 -0.04817 0.19626
.65 -0.42097 -0.27399 -0.04854 0.19612
.66 -0.42046 -0.27360 -0.04881 0.19580
.67 -0.42054 -0.27318 -0.04901 0.19537
.68 -0.42096 -0.27274 -0.04916 0.19489
.69 -0.42155 -0.27231 -0.04927 0.19439
.70 -0.42219 -0.27190 -0.04934 0.19392
.71 -0.42281 -0.27153 -0.04938 0.19350
.72 -0.42336 -0.27122 -0.04940 0.19314
.73 -0.46705 -0.31052 -0.01488 0.15555
.74 -0.42413 -0.27078 -0.04941 0.19264
.75 -0.46858 -0.31206 -0.01313 0.15348
.76 -0.46877 -0.31224 -0.01292 0.15323
.77 -0.46858 -0.31205 -0.01314 0.15349
.78 -0.42414 -0.27078 -0.04941 0.19264
.79 -0.46714 -0.31061 -0.01478 0.15543
.80 -0.42344 -0.27117 -0.04940 0.19309
.81 -0.42297 -0.27144 -0.04939 0.19339
.82 -0.42245 -0.27174 -0.04936 0.19375
.83 -0.42190 -0.27207 -0.04931 0.19413
.84 -0.42138 -0.27242 -0.04924 0.19452
.85 -0.42092 -0.27277 -0.04915 0.19492
.86 -0.42058 -0.27312 -0.04904 0.19531
.87 -0.42044 -0.27345 -0.04889 0.19565
.88 -0.42057 -0.27376 -0.04871 0.19594
.89 -0.42110 -0.27404 -0.04850 0.19615
.90 -0.42221 -0.27430 -0.04824 0.19626
.91 -0.42426 -0.27455 -0.04790 0.19621
.92 -0.42846 -0.27498 -0.04737 0.19585
.93 -0.42714 -0.27221 -0.04936 0.19851
.94 -0.36728 -0.30138 -0.01517 0.22777
.95 -0.36297 -0.30267 -0.01305 0.22955
.96 -0.35851 -0.30394 -0.01084 0.23131
.97 -0.35392 -0.30517 -0.00854 0.23305
.98 -0.34923 -0.30635 -0.00615 0.23313
.99 -0.34447 -0.30742 -0.00370 0.22642
1.00 -0.33972 -0.30835 -0.00119 0.21977
1.01 -0.33506 -0.30902 0.00136 0.21321
1.02 -0.33072 -0.30924 0.00395 0.20677
1.03 -0.32704 -0.30865 0.00655 0.20045
1.04 -0.32451 -0.30678 0.00914 0.19430
1.05 -0.32329 -0.30347 0.01171 0.18831
1.06 -0.32309 -0.29902 0.01424 0.18254
1.07 -0.32348 -0.29386 0.01669 0.17700
1.08 -0.32419 -0.28826 0.01905 0.17171
1.09 -0.32507 -0.28239 0.02126 0.16673
1.10 -0.32606 -0.27631 0.02331 0.16208
1.11 -0.32710 -0.27008 0.02514 0.15780
1.12 -0.32819 -0.26372 0.02672 0.15394
1.13 -0.32929 -0.25725 0.02800 0.15053
1.14 -0.33042 -0.25068 0.02893 0.14763
1.15 -0.33155 -0.24404 0.02948 0.14528
1.16 -0.33270 -0.23732 0.02960 0.14350
1.17 -0.33385 -0.23053 0.02928 0.14232
1.18 -0.33501 -0.22367 0.02849 0.14176
1.19 -0.33619 -0.21677 0.02726 0.14180
1.20 -0.33738 -0.20980 0.02558 0.14243
1.21 -0.33860 -0.20279 0.02348 0.14364
1.22 -0.33985 -0.19572 0.02100 0.14538
1.23 -0.34114 -0.18861 0.01816 0.14765
1.24 -0.34250 -0.18144 0.01499 0.15043
1.25 -0.34396 -0.17420 0.01150 0.15373
1.26 -0.34557 -0.16688 0.00770 0.15760
1.27 -0.35381 -0.15697 0.01727 0.11808
1.28 -0.36674 -0.14570 0.02429 0.09959
1.29 -0.38071 -0.13459 0.02622 0.08946
1.30 -0.39623 -0.12368 0.02397 0.08544
1.31 -0.41454 -0.11269 0.01863 0.08656
1.32 -0.42020 -0.11239 0.01681 0.08787
1.33 -0.42404 -0.11359 0.01436 0.09033
1.34 -0.42780 -0.11503 0.01099 0.09398
1.35 -0.43147 -0.11666 0.00699 0.09851
1.36 -0.43508 -0.11843 0.00260 0.10364
1.37 -0.43863 -0.12033 -0.00202 0.10919
1.38 -0.44213 -0.12231 -0.00676 0.11503
1.39 -0.44559 -0.12436 -0.01154 0.12105
1.40 -0.44902 -0.12645 -0.01630 0.12720
1.41 -0.45242 -0.12858 -0.02101 0.13342
1.42 -0.45579 -0.13073 -0.02565 0.13968
1.43 -0.45914 -0.13288 -0.03020 0.14595
1.44 -0.46248 -0.13503 -0.03464 0.15222
1.45 -0.46579 -0.13718 -0.03898 0.15847
1.46 -0.46910 -0.13930 -0.04321 0.16468
1.47 -0.47240 -0.14141 -0.04732 0.17086
1.48 -0.47569 -0.14349 -0.05131 0.17698
1.49 -0.47897 -0.14553 -0.05519 0.18305
1.50 -0.48224 -0.14755 -0.05894 0.18906
1.51 -0.48551 -0.14953 -0.06258 0.19501
1.52 -0.48877 -0.15147 -0.06610 0.20090
1.53 -0.49203 -0.15336 -0.06951 0.20672
1.54 -0.49528 -0.15522 -0.07280 0.21247
1.55 -0.49852 -0.15703 -0.07599 0.21815
1.56 -0.50176 -0.15880 -0.07906 0.22377
1.57 -0.50499 -0.16053 -0.08203 0.22932
1.58 -0.50822 -0.16220 -0.08490 0.23480
1.59 -0.51144 -0.16383 -0.08767 0.24021
1.60 -0.51465 -0.16542 -0.09034 0.24556
1.61 -0.51786 -0.16696 -0.09291 0.25084
1.62 -0.52105 -0.16845 -0.09539 0.25605
1.63 -0.52423 -0.16990 -0.09778 0.26121
1.64 -0.52740 -0.17130 -0.10009 0.26630
1.65 -0.53056 -0.17266 -0.10231 0.27133
1.66 -0.53370 -0.17397 -0.10446 0.27631
1.67 -0.53683 -0.17525 -0.10652 0.28122
1.68 -0.53995 -0.17647 -0.10851 0.28608
1.69 -0.54304 -0.17766 -0.11043 0.29089
1.70 -0.54612 -0.17881 -0.11228 0.29564
1.71 -0.54918 -0.17991 -0.11406 0.30035
1.72 -0.55222 -0.18098 -0.11577 0.30500
1.73 -0.55524 -0.18201 -0.11743 0.30961
1.74 -0.55823 -0.18300 -0.11902 0.31417
1.75 -0.56121 -0.18396 -0.12056 0.31869
1.76 -0.56416 -0.18488 -0.12204 0.32316
1.77 -0.56709 -0.18577 -0.12346 0.32759
1.78 -0.56999 -0.18663 -0.12484 0.33198
1.79 -0.57287 -0.18745 -0.12617 0.33634
1.80 -0.57572 -0.18824 -0.12745 0.34065
1.81 -0.57855 -0.18900 -0.12869 0.34493
1.82 -0.58135 -0.18974 -0.12988 0.34917
1.83 -0.58412 -0.19044 -0.13104 0.35338
1.84 -0.58686 -0.19112 -0.13215 0.35756
1.85 -0.58958 -0.19177 -0.13322 0.36170
1.86 -0.59226 -0.19240 -0.13426 0.36581
1.87 -0.59492 -0.19300 -0.13526 0.36989
1.88 -0.59755 -0.19358 -0.13623 0.37394
1.89 -0.60015 -0.19414 -0.13717 0.37797
1.90 -0.60273 -0.19467 -0.13807 0.38196
1.91 -0.60527 -0.19518 -0.13895 0.38593
1.92 -0.60778 -0.19568 -0.13980 0.38987
1.93 -0.61027 -0.19615 -0.14062 0.39378
1.94 -0.61273 -0.19660 -0.14141 0.39767
1.95 -0.61515 -0.19704 -0.14218 0.40153
1.96 -0.61755 -0.19745 -0.14292 0.40537
1.97 -0.61992 -0.19785 -0.14364 0.40919
1.98 -0.62226 -0.19824 -0.14434 0.41298
1.99 -0.62457 -0.19861 -0.14501 0.41675
2.00 -0.62686 -0.19896 -0.14567 0.42049
2.01 -0.62911 -0.19930 -0.14630 0.42422
2.02 -0.63134 -0.19962 -0.14692 0.42792
2.03 -0.63353 -0.19993 -0.14751 0.43160
2.04 -0.63571 -0.20023 -0.14809 0.43526
2.05 -0.63785 -0.20051 -0.14866 0.43889
2.06 -0.63996 -0.20078 -0.14920 0.44251
2.07 -0.64205 -0.20104 -0.14973 0.44611
2.08 -0.64411 -0.20129 -0.15024 0.44968
2.09 -0.64615 -0.20153 -0.15074 0.45324
2.10 -0.64816 -0.20175 -0.15123 0.45678
2.11 -0.65014 -0.20197 -0.15170 0.46030
2.12 -0.65210 -0.20218 -0.15216 0.46380
2.13 -0.65403 -0.20237 -0.15260 0.46728
2.14 -0.65594 -0.20256 -0.15304 0.47074
2.15 -0.65782 -0.20274 -0.15346 0.47418
2.16 -0.65967 -0.20291 -0.15387 0.47761
2.17 -0.66151 -0.20307 -0.15427 0.48101
2.18 -0.66332 -0.20323 -0.15465 0.48440
2.19 -0.66516 -0.20332 -0.15512 0.48784
2.20 -0.66686 -0.20352 -0.15540 0.49113
2.21 -0.66860 -0.20365 -0.15576 0.49446
2.22 -0.67031 -0.20378 -0.15610 0.49778
2.23 -0.67201 -0.20390 -0.15644 0.50108
2.24 -0.67368 -0.20401 -0.15677 0.50436
2.25 -0.67533 -0.20412 -0.15710 0.50762
2.26 -0.67695 -0.20422 -0.15741 0.51087
2.27 -0.67856 -0.20432 -0.15772 0.51410
2.28 -0.68019 -0.20437 -0.15806 0.51735
2.29 -0.68171 -0.20449 -0.15831 0.52051
2.30 -0.68325 -0.20457 -0.15859 0.52369
2.31 -0.68477 -0.20465 -0.15887 0.52686
2.32 -0.68628 -0.20472 -0.15914 0.53000
2.33
2.34 -0.68923 -0.20485 -0.15967 0.53625
2.35 -0.69071 -0.20488 -0.15994 0.53936
2.36
2.37 -0.69354 -0.20499 -0.16043 0.54551
2.38 -0.69493 -0.20504 -0.16066 0.54856
2.39 -0.69627 -0.20510 -0.16087 0.55158
2.40
2.41 -0.69896 -0.20518 -0.16132 0.55760
2.42 -0.70028 -0.20521 -0.16153 0.56058
2.43 -0.70158 -0.20524 -0.16174 0.56355
2.44 -0.70287 -0.20527 -0.16195 0.56651
2.45 -0.70414 -0.20529 -0.16215 0.56945
2.46 -0.70539 -0.20531 -0.16235 0.57237
2.47 -0.70663 -0.20533 -0.16254 0.57528
2.48 -0.70785 -0.20535 -0.16273 0.57817
2.49 -0.70906 -0.20536 -0.16292 0.58105
