#HF isntabilities: hessian eigenvalues
#y,rrhf,crhf,ruhf
0.25 0.3913349 0.0016923 -0.5510452
.255 0.3860594 0.0020582 -0.5492384
.260 0.3811541 0.0024851 -0.547291
.265 0.3766621 0.0029802 -0.5451809
.270 0.3726268 0.003551 -0.5428855
.275 0.3690904 0.0042052 -0.5403812
.280 0.3660932 0.0049506 -0.5376446
.285 0.3636724 0.0057956 -0.5346524
.290 0.3618605 0.0067479 -0.5313825
.295 0.360684 0.0078156 -0.5278136
.300 0.3601626 0.0090061 -0.5239271
.305 0.3603079 0.0103267 -0.5197062
.310 0.3611223 0.0117839 -0.5151377
.315 0.3625993 0.0133834 -0.5102112
.320 0.3647229 0.0151303 -0.5049198
.325 0.3674673 0.0170284 -0.4992608
.330 0.3592863 0.0190807 -0.4932345
.335 0.3439195 0.0212887 -0.4868444
.340 0.3286338 0.0236526 -0.4800977
.345 0.3134453 0.0261709 -0.4730037
.350 0.2983711 0.0288402 -0.4655741
.355 0.2834284 0.031655 -0.4578225
.360 0.2686344 0.0346065 -0.4497641
.365 0.2540058 0.0376823 -0.441415
.370 0.2395584 0.0408648 -0.4327919
.375 0.225307 0.044129 -0.4239115
.380 0.211266 0.0474392 -0.4147916
.385 0.1974485 0.0507433 -0.4054497
.390 0.1838659 0.0539648 -0.3959025
.395 0.1705291 0.0569878 -0.3861677
.400 0.1574476 0.0596354 -0.3762619
.405 0.1446304 0.0616382 -0.3662027
.410 0.1320846 0.0626073 -0.3560068
.415 0.1198171 0.0620535 -0.3456918
.420 0.1078339 0.0595384 -0.3352756
.425 0.0961402 0.0549306 -0.3247772
.430 0.0847404 0.0485098 -0.3142165
.435 0.0736385 0.0407769 -0.3036155
.440 0.0628378 0.0322109 -0.2929982
.445 0.0523419 0.0231696 -0.2823939
.450 0.0421531 0.0138929 -0.2718345
.455 0.0322739 0.0045378 -0.2613603
.460 0.0227067 -0.0047934 -0.2510201
.465 0.0134529 -0.0140328 -0.2408748
.470 0.0045143 -0.0231343 -0.2310034
.475 0.0078655 -0.0284441 -0.2170043
.480 0.0214406 -0.0298053 -0.2003525
.485 0.0311229 -0.0311454 -0.1871055
.490 0.0369356 -0.0324079 -0.1786946
.495 0.0394221 -0.0335033 -0.1764202
.500 0.0397933 -0.0343136 -0.1781239
.505 0.039306 -0.0347493 -0.1793727
.510 0.0379951 -0.0348418 -0.1773811
.515 0.034488 -0.0347466 -0.1712541
.520 0.027317 -0.0346463 -0.1607661
.525 0.0159586 -0.0346951 -0.1453918
.530 0.001106 -0.0350491 -0.1240765
.535 0.0074216 -0.0277325 -0.1160495
.540 0.0153246 -0.0199236 -0.1095631
.545 0.0231483 -0.0122175 -0.1033991
.550 0.0308874 -0.0046172 -0.0975452
.555 0.0385373 0.0028745 -0.0919907
.560 0.0460948 0.0102555 -0.0867248
.565 0.0535575 0.017524 -0.0817367
.570 0.0609226 0.0246777 -0.0770161
.575 0.0681895 0.0317155 -0.0725514
.580 0.0753562 0.0386354 -0.0683319
.585 0.0824216 0.0454356 -0.0643462
.590 0.0893852 0.0521146 -0.0605831
.595 0.0962457 0.0586702 -0.0570316
.600 0.1030028 0.0651008 -0.0536807
.605 0.109656 0.0714043 -0.0505199
.610 0.1162057 0.0775794 -0.0475384
.615 0.1226504 0.0836227 -0.0447276
.620 0.1289899 0.0895319 -0.0420783
.625 0.1352249 0.0953053 -0.0395815
.630 0.1413544 0.1009392 -0.0372299
.635 0.1473788 0.1064312 -0.0350157
.640 0.1532981 0.1117783 -0.0329323
.645 0.1591112 0.116976 -0.030974
.650 0.1648184 0.1220207 -0.0291351
.655 0.1704202 0.1269091 -0.0274096
.660 0.1759152 0.1316355 -0.0257939
.665 0.1813047 0.1361963 -0.0242824
.670 0.1865871 0.1405852 -0.0228722
.675 0.1917624 0.1447969 -0.0215591
.680 0.1968302 0.1488252 -0.0203398
.685 0.2017897 0.1526636 -0.0192113
.690 0.2066406 0.1563054 -0.0181703
.695 0.2113812 0.1597429 -0.0172144
.700 0.2160091 0.1629677 -0.0163415
.705 0.2205233 0.1659728 -0.0155485
.710 0.2249191 0.1687488 -0.0148339
.715 0.2291924 0.171288 -0.0141951
.720 0.2333346 0.1735812 -0.0136309
.725 0.2373349 0.175621 -0.013139
.730 0.2411754 0.1774001 -0.0127175
.735 0.2448249 0.1789112 -0.0123653
.740 0.2482319 0.1801495 -0.0120808
.745 0.2513044 0.1811113 -0.0118619
.750 0.2538717 0.1817942 -0.0117081
.755 0.2556472 0.1821986 -0.0116175
.760 0.2562688 0.1823266 -0.0115888
.765 0.2555713 0.1821825 -0.0116211
.770 0.2537843 0.1817729 -0.0117128
.775 0.2512857 0.1811058 -0.0118634
.780 0.2483572 0.1801917 -0.012071
.785 0.2451619 0.1790413 -0.0123354
.790 0.2417899 0.1776671 -0.012655
.795 0.2382926 0.1760818 -0.013029
.800 0.2347013 0.1742984 -0.0134567
.805 0.2310356 0.1723299 -0.0139374
.810 0.2273087 0.1701892 -0.0144699
.815 0.2235298 0.1678885 -0.0150535
.820 0.2197061 0.1654398 -0.0156876
.825 0.2158429 0.1628544 -0.0163717
.830 0.2119444 0.1601426 -0.0171049
.835 0.2080144 0.1573146 -0.017887
.840 0.2040555 0.1543793 -0.0187171
.845 0.2000706 0.1513456 -0.019595
.850 0.1960619 0.1482211 -0.0205204
.855 0.1920316 0.1450133 -0.0214927
.860 0.1879814 0.141729 -0.0225117
.865 0.183913 0.1383741 -0.0235772
.870 0.1798285 0.134955 -0.0246893
.875 0.1757286 0.1314761 -0.0258473
.880 0.1716153 0.1279431 -0.0270517
.885 0.1674901 0.1243604 -0.0283023
.890 0.1633537 0.120732 -0.0295992
.895 0.1592077 0.1170617 -0.0309424
.900 0.1550529 0.1133532 -0.0323321
.905 0.1508908 0.10961 -0.0337687
.910 0.1467219 0.1058348 -0.0352523
.915 0.1425478 0.1020309 -0.0367834
.920 0.1383694 0.098201 -0.0383623
.925 0.1341874 0.0943474 -0.0399895
.930 0.1300026 0.0904723 -0.0416654
.935 0.125816 0.0865781 -0.0433904
.940 0.1216287 0.0826669 -0.0451652
.945 0.1174409 0.0787403 -0.0469903
.950 0.1132541 0.0748005 -0.0488663
.955 0.1090683 0.0708487 -0.0507936
.960 0.1048845 0.0668866 -0.0527729
.965 0.1007037 0.0629159 -0.0548047
.970 0.0965262 0.0589377 -0.0568896
.975 0.092353 0.0549537 -0.059028
.980 0.0881841 0.0509643 -0.0612206
.985 0.0840212 0.0469719 -0.0634675
.990 0.0798642 0.0429768 -0.0657692
.995 0.0757135 0.0389798 -0.0681262
1.000 0.0715704 0.0349827 -0.0705384
1.005 0.0674346 0.0309854 -0.0730063
1.010 0.0633076 0.0269898 -0.0755298
1.015 0.0591902 0.0229968 -0.0781087
1.020 0.0550814 0.0190059 -0.0807436
1.025 0.0509834 0.0150192 -0.0834337
1.030 0.0468962 0.0110371 -0.0861791
1.035 0.0428203 0.0070599 -0.0889797
1.040 0.0387563 0.0030887 -0.091835
1.045 0.0347052 -0.0008757 -0.0947446
1.050 0.0306673 -0.0048331 -0.0977084
1.055 0.0266434 -0.0087824 -0.1007258
1.060 0.0226344 -0.012723 -0.1037963
1.065 0.0186401 -0.0166551 -0.1069202
1.070 0.0146627 -0.0205767 -0.1100962
1.075 0.0107026 -0.0244875 -0.1133243
1.080 0.0067595 -0.028388 -0.1166051
1.085 0.0028359 -0.032276 -0.1199373
1.090 0.0021276 -0.0350129 -0.1256242
1.095 0.0095822 -0.0348055 -0.1365381
1.100 0.0163218 -0.0346905 -0.1458863
1.105 0.0221748 -0.0346431 -0.1537856
1.110 0.0270646 -0.034645 -0.1604185
1.115 0.0309802 -0.0346805 -0.1659316
1.120 0.0339634 -0.0347342 -0.1704211
1.125 0.0361104 -0.0347905 -0.1739515
1.130 0.0375611 -0.0348326 -0.176564
1.135 0.0384845 -0.0348433 -0.1782949
1.140 0.0390537 -0.0348061 -0.1791947
1.145 0.0394145 -0.0347075 -0.1793495
1.150 0.0396566 -0.0345387 -0.1789016
1.155 0.0397984 -0.0342971 -0.178068
1.160 0.0397921 -0.0339863 -0.1771453
1.165 0.0395454 -0.0336141 -0.176498
1.170 0.0389495 -0.0331909 -0.1765056
1.175 0.0379023 -0.0327274 -0.1774717
1.180 0.0363233 -0.0322338 -0.1795371
1.185 0.0341588 -0.0317187 -0.1826697
1.190 0.0313797 -0.0311895 -0.186734
1.195 0.0279785 -0.0306518 -0.1915699
1.200 0.023963 -0.0301102 -0.1970386
1.205 0.0193505 -0.0295683 -0.2030359
1.210 0.0141671 -0.0290291 -0.2094846
1.215 0.0084357 -0.0284944 -0.2163358
1.220 0.0021837 -0.0279661 -0.2235519
1.225 0.0022317 -0.0254847 -0.2284821
1.230 0.0055877 -0.0220327 -0.2321896
1.235 0.0089621 -0.0185847 -0.2359191
1.240 0.0123547 -0.0151421 -0.2396643
1.245 0.0157644 -0.0117068 -0.2434192
1.250 0.0191903 -0.0082811 -0.2471787
1.255 0.0226315 -0.0048677 -0.2509382
1.260 0.0260878 -0.0014682 -0.2546942
1.265 0.0295576 0.0019134 -0.2584427
1.270 0.0330408 0.0052749 -0.2621811
1.275 0.0365366 0.0086126 -0.2659066
1.280 0.040044 0.0119226 -0.2696169
1.285 0.0435623 0.0152005 -0.2733098
1.290 0.0470906 0.0184415 -0.2769835
1.295 0.050629 0.0216407 -0.2806366
1.300 0.0541769 0.0247922 -0.2842679
1.305 0.0577324 0.0278882 -0.2878753
1.310 0.0612967 0.0309224 -0.2914588
1.315 0.0648682 0.0338855 -0.2950169
1.320 0.0684461 0.0367677 -0.2985486
1.325 0.0720297 0.0395583 -0.3020529
1.330 0.0756202 0.0422468 -0.3055304
1.335 0.0792141 0.0448183 -0.3089788
1.340 0.0828136 0.0472613 -0.312399
1.345 0.0864171 0.0495606 -0.31579
1.350 0.090024 0.051702 -0.3191514
1.355 0.0936336 0.0536714 -0.3224827
1.360 0.0972452 0.0554563 -0.3257836
1.365 0.1008595 0.0570467 -0.3290544
1.370 0.1044757 0.0584347 -0.3322946
1.375 0.1080921 0.0596159 -0.3355037
1.380 0.1117105 0.0605911 -0.3386824
1.385 0.1153279 0.0613636 -0.3418295
1.390 0.1189462 0.0619422 -0.3449459
1.395 0.1225624 0.0623374 -0.3480304
1.400 0.1261783 0.0625633 -0.3510839
1.405 0.1297935 0.0626348 -0.3541065
1.410 0.1334061 0.0625676 -0.3570974
1.415 0.1370169 0.0623774 -0.3600571
1.420 0.1406253 0.0620792 -0.3629857
1.425 0.1442297 0.0616871 -0.3658825
1.430 0.147832 0.0612139 -0.3687486
1.435 0.1514304 0.0606715 -0.3715835
1.440 0.1550246 0.06007 -0.3743872
1.445 0.158614 0.0594188 -0.3771597
1.450 0.1621994 0.0587258 -0.3799015
1.455 0.1657791 0.0579982 -0.3826121
1.460 0.1693539 0.057242 -0.3852923
1.465 0.1729235 0.0564626 -0.3879418
1.470 0.176486 0.0556647 -0.3905604
1.475 0.1800436 0.0548521 -0.3931491
1.480 0.1835934 0.0540285 -0.395707
1.485 0.1871361 0.0531969 -0.3982347
1.490 0.1906728 0.0523597 -0.4007326
1.495 0.1942017 0.0515193 -0.4032005
1.500 0.1977224 0.0506778 -0.4056384
1.505 0.2012359 0.0498366 -0.4080469
1.510 0.2047404 0.0489975 -0.4104256
1.515 0.2082369 0.0481616 -0.4127751
1.520 0.2117251 0.04733 -0.4150955
1.525 0.2152033 0.0465038 -0.4173864
1.530 0.2186724 0.0456837 -0.4196485
1.535 0.2221335 0.0448705 -0.4218823
1.540 0.2255834 0.0440648 -0.424087
1.545 0.2290234 0.0432672 -0.4262633
1.550 0.2324529 0.0424781 -0.4284112
1.555 0.2358732 0.0416979 -0.4305313
1.560 0.2392825 0.0409269 -0.4326233
1.565 0.2426818 0.0401654 -0.4346878
1.570 0.2460682 0.0394138 -0.4367242
1.575 0.2494454 0.038672 -0.4387337
1.580 0.2528105 0.0379404 -0.4407157
1.585 0.2561646 0.037219 -0.4426708
1.590 0.2595058 0.036508 -0.4445988
1.595 0.2628356 0.0358074 -0.4465001
1.600 0.2661549 0.0351172 -0.4483754
1.605 0.2694607 0.0344375 -0.4502241
1.610 0.2727542 0.0337684 -0.4520466
1.615 0.2760351 0.0331097 -0.4538432
1.620 0.2793032 0.0324616 -0.4556141
1.625 0.2825597 0.0318239 -0.4573598
1.630 0.285803 0.0311966 -0.45908
1.635 0.2890329 0.0305796 -0.4607751
1.640 0.2922505 0.029973 -0.4624455
1.645 0.2954543 0.0293766 -0.464091
1.650 0.2986441 0.0287904 -0.465712
1.655 0.301821 0.0282143 -0.4673088
1.660 0.3049851 0.0276481 -0.4688817
1.665 0.308136 0.0270918 -0.4704309
1.670 0.3112722 0.0265453 -0.4719563
1.675 0.3143949 0.0260085 -0.4734584
1.680 0.317504 0.0254813 -0.4749373
1.685 0.3205979 0.0249637 -0.4763931
1.690 0.3236794 0.0244553 -0.4778265
1.695 0.3267469 0.0239563 -0.4792374
1.700 0.3298003 0.0234663 -0.4806261
1.705 0.3328393 0.0229854 -0.4819927
1.710 0.335864 0.0225135 -0.4833375
1.715 0.3388742 0.0220503 -0.4846607
1.720 0.3418713 0.0215958 -0.4859628
1.725 0.3448536 0.0211498 -0.4872438
1.730 0.3478212 0.0207124 -0.4885038
1.735 0.3507754 0.0202831 -0.4897434
1.740 0.3537146 0.0198622 -0.4909625
1.745 0.3566402 0.0194492 -0.4921617
1.750 0.3595507 0.0190442 -0.4933408
1.755 0.3624475 0.0186471 -0.4945004
1.760 0.3653306 0.0182576 -0.4956408
1.765 0.3681983 0.0178758 -0.4967618
1.770 0.3682064 0.0175014 -0.497864
1.775 0.3676314 0.0171343 -0.4989477
1.780 0.3670789 0.0167746 -0.5000127
1.785 0.3665496 0.0164219 -0.5010598
1.790 0.3660424 0.0160762 -0.5020889
1.795 0.3655581 0.0157373 -0.5031005
1.800 0.3650957 0.0154053 -0.5040944
1.805 0.3646558 0.0150799 -0.5050714
1.810 0.3642373 0.014761 -0.5060313
1.815 0.3638409 0.0144486 -0.5069746
1.820 0.3634661 0.0141424 -0.5079015
1.825 0.3631124 0.0138425 -0.5088121
1.830 0.3627803 0.0135486 -0.509707
1.835 0.3624685 0.0132608 -0.5105859
1.840 0.3621778 0.0129788 -0.5114494
1.845 0.3619078 0.0127025 -0.5122979
1.850 0.3616574 0.012432 -0.513131
1.855 0.3614273 0.0121671 -0.5139496
1.860 0.3612172 0.0119075 -0.5147537
1.865 0.3610264 0.0116534 -0.5155435
1.870 0.360855 0.0114044 -0.5163192
1.875 0.3607025 0.0111607 -0.5170811
1.880 0.3605688 0.010922 -0.5178294
1.885 0.3604538 0.0106883 -0.5185645
1.890 0.3603568 0.0104595 -0.5192863
1.895 0.3602778 0.0102355 -0.5199952
1.900 0.3602166 0.0100161 -0.5206915
1.905 0.3601724 0.0098014 -0.5213752
1.910 0.360146 0.0095911 -0.5220468
1.915 0.3601361 0.0093853 -0.5227063
1.920 0.3601427 0.0091838 -0.523354
1.925 0.3601657 0.0089866 -0.5239901
1.930 0.3602048 0.0087935 -0.5246148
1.935 0.3602597 0.0086046 -0.5252283
1.940 0.36033 0.0084196 -0.5258309
1.945 0.3604155 0.0082386 -0.5264227
1.950 0.3605158 0.0080614 -0.5270039
1.955 0.3606313 0.0078879 -0.5275749
1.960 0.3607606 0.0077182 -0.5281355
1.965 0.3609043 0.0075521 -0.5286862
1.970 0.3610612 0.0073895 -0.529227
1.975 0.3612321 0.0072304 -0.5297583
1.980 0.3614161 0.0070747 -0.5302802
1.985 0.3616135 0.0069224 -0.5307929
1.990 0.3618234 0.0067733 -0.5312965
1.995 0.3620456 0.0066274 -0.5317912
2.000 0.3622798 0.0064846 -0.5322772
2.005 0.3625262 0.0063449 -0.5327547
2.010 0.3627846 0.0062082 -0.5332239
2.015 0.3630536 0.0060745 -0.5336848
2.020 0.3633346 0.0059436 -0.5341378
2.025 0.3636255 0.0058155 -0.5345829
2.030 0.3639274 0.0056902 -0.5350202
2.035 0.36424 0.0055676 -0.5354501
2.040 0.3645629 0.0054477 -0.5358726
2.045 0.3648954 0.0053303 -0.5362878
2.050 0.3652371 0.0052155 -0.5366959
2.055 0.3655884 0.0051031 -0.537097
2.060 0.3659491 0.0049932 -0.5374914
2.065 0.3663189 0.0048856 -0.5378792
2.070 0.366697 0.0047804 -0.5382604
2.075 0.3670837 0.0046775 -0.5386353
2.080 0.3674789 0.0045767 -0.5390039
2.085 0.3678822 0.0044782 -0.5393664
2.090 0.3682928 0.0043818 -0.5397229
2.095 0.3687118 0.0042875 -0.5400736
2.100 0.3691376 0.0041952 -0.5404186
2.105 0.3695707 0.0041049 -0.5407579
2.110 0.3700108 0.0040166 -0.5410917
2.115 0.3704578 0.0039302 -0.5414202
2.120 0.3709107 0.0038456 -0.5417434
2.125 0.3713707 0.0037629 -0.5420615
2.130 0.3718369 0.003682 -0.5423746
2.135 0.3723092 0.0036028 -0.5426827
2.140 0.3727872 0.0035254 -0.5429861
2.145 0.3732709 0.0034496 -0.5432847
2.150 0.3737593 0.0033755 -0.5435786
2.155 0.3742544 0.0033029 -0.5438682
2.160 0.3747538 0.003232 -0.5441533
2.165 0.3752581 0.0031626 -0.544434
2.170 0.3757671 0.0030947 -0.5447106
2.175 0.3762813 0.0030282 -0.544983
2.180 0.3767998 0.0029632 -0.5452514
2.185 0.3773226 0.0028996 -0.5455159
2.190 0.3778493 0.0028374 -0.5457765
2.195 0.3783807 0.0027765 -0.5460333
2.200 0.3789157 0.002717 -0.5462864
2.205 0.3794542 0.0026587 -0.5465359
2.210 0.3799961 0.0026017 -0.5467819
2.215 0.380542 0.0025459 -0.5470244
2.220 0.381091 0.0024913 -0.5472636
2.225 0.3816429 0.002438 -0.5474994
2.230 0.3821983 0.0023857 -0.547732
2.235 0.3827564 0.0023346 -0.5479615
2.240 0.3833177 0.0022846 -0.5481879
2.245 0.3838814 0.0022357 -0.5484112
2.250 0.3844474 0.0021878 -0.5486315
2.255 0.3850162 0.002141 -0.548849
2.260 0.3855878 0.0020952 -0.5490637
2.265 0.3861613 0.0020503 -0.5492756
2.270 0.3867365 0.0020065 -0.5494848
2.275 0.3873141 0.0019635 -0.5496913
2.280 0.387894 0.0019215 -0.5498953
2.285 0.3884752 0.0018804 -0.5500967
2.290 0.3890578 0.0018402 -0.5502957
2.295 0.3896431 0.0018009 -0.5504922
2.300 0.3902294 0.0017624 -0.5506864
2.305 0.3908167 0.0017247 -0.5508782
2.310 0.3914056 0.0016879 -0.5510678
2.315 0.3919961 0.0016518 -0.5512552
2.320 0.3925881 0.0016165 -0.5514404
2.325 0.3931806 0.001582 -0.5516235
2.330 0.3937744 0.0015482 -0.5518045
2.335 0.3943685 0.0015152 -0.5519835
2.340 0.3949645 0.0014828 -0.5521605
2.345 0.3955608 0.0014511 -0.5523356
2.350 0.3961579 0.0014202 -0.5525087
2.355 0.396755 0.0013899 -0.55268
2.360 0.3973538 0.0013602 -0.5528495
2.365 0.3979523 0.0013312 -0.5530173
2.370 0.3985515 0.0013028 -0.5531832
2.375 0.3991512 0.001275 -0.5533475
2.380 0.3997505 0.0012478 -0.5535101
2.385 0.400351 0.0012211 -0.5536711
2.390 0.400951 0.0011951 -0.5538305
2.395 0.401552 0.0011696 -0.5539883
2.400 0.4021524 0.0011447 -0.5541446
2.405 0.4027529 0.0011202 -0.5542994
2.410 0.4033534 0.0010964 -0.5544527
2.415 0.4039539 0.001073 -0.5546046
2.420 0.4045543 0.0010501 -0.5547552
2.425 0.4051546 0.0010277 -0.5549043
2.430 0.4057546 0.0010058 -0.5550521
2.435 0.4063544 0.0009843 -0.5551986
2.440 0.4069538 0.0009634 -0.5553438
2.445 0.4075521 0.0009428 -0.5554877
2.450 0.4081507 0.0009227 -0.5556304
2.455 0.4087489 0.000903 -0.5557719
2.460 0.4093465 0.0008838 -0.5559122
2.465 0.4099435 0.000865 -0.5560513
2.470 0.4105399 0.0008465 -0.5561894
2.475 0.4111365 0.0008285 -0.5563263
2.480 0.4117315 0.0008108 -0.5564621
2.485 0.4123257 0.0007935 -0.5565968
2.490 0.41292 0.0007766 -0.5567306
2.495 0.4135134 0.00076 -0.5568632
2.500 0.4141051 0.0007438 -0.5569949
2.505 0.4146966 0.000728 -0.5571256
2.510 0.4152872 0.0007124 -0.5572554
2.515 0.4158776 0.0006972 -0.5573842
2.520 0.4164661 0.0006824 -0.557512
2.525 0.4170544 0.0006678 -0.557639
2.530 0.4176415 0.0006536 -0.5577651
2.535 0.4182274 0.0006396 -0.5578903
2.540 0.4188122 0.000626 -0.5580147
2.545 0.4193965 0.0006126 -0.5581382
2.550 0.4199796 0.0005996 -0.5582609
2.555 0.4205614 0.0005868 -0.5583828
2.560 0.4211419 0.0005742 -0.5585039
2.565 0.4217218 0.000562 -0.5586242
2.570 0.4223004 0.00055 -0.5587438
2.575 0.4228775 0.0005382 -0.5588626
2.580 0.4234532 0.0005267 -0.5589807
2.585 0.4240283 0.0005155 -0.5590981
2.590 0.4246018 0.0005045 -0.5592148
2.595 0.4251747 0.0004937 -0.5593308
2.600 0.4257461 0.0004832 -0.5594461
2.605 0.4263158 0.0004728 -0.5595608
2.610 0.426884 0.0004627 -0.5596748
2.615 0.4274514 0.0004528 -0.5597882
2.620 0.428018 0.0004432 -0.5599009
2.625 0.4285829 0.0004337 -0.560013
2.630 0.4291461 0.0004244 -0.5601245
2.635 0.4297076 0.0004153 -0.5602355
2.640 0.4302682 0.0004064 -0.5603458
2.645 0.430828 0.0003977 -0.5604556
2.650 0.4313851 0.0003892 -0.5605648
2.655 0.4319421 0.0003809 -0.5606734
2.660 0.4324973 0.0003727 -0.5607815
2.665 0.4330507 0.0003648 -0.5608891
2.670 0.4336023 0.000357 -0.5609961
2.675 0.4341537 0.0003493 -0.5611026
2.680 0.4347023 0.0003418 -0.5612086
2.685 0.4352499 0.0003345 -0.5613142
2.690 0.4357965 0.0003273 -0.5614192
2.695 0.4363411 0.0003203 -0.5615237
2.700 0.4368847 0.0003134 -0.5616278
2.705 0.4374263 0.0003067 -0.5617314
2.710 0.4379668 0.0003001 -0.5618345
2.715 0.4385053 0.0002937 -0.5619372
2.720 0.4390427 0.0002874 -0.5620395
2.725 0.4395789 0.0002812 -0.5621413
2.730 0.4401131 0.0002752 -0.5622426
2.735 0.4406453 0.0002692 -0.5623436
2.740 0.4411771 0.0002635 -0.5624441
2.745 0.4417069 0.0002578 -0.5625442
2.750 0.4422346 0.0002523 -0.5626439
2.755 0.4427612 0.0002468 -0.5627432
2.760 0.4432864 0.0002415 -0.5628422
2.765 0.4438096 0.0002363 -0.5629407
2.770 0.4443316 0.0002312 -0.5630388
2.775 0.4448514 0.0002262 -0.5631366
2.780 0.4453708 0.0002214 -0.563234
2.785 0.4458873 0.0002166 -0.5633311
2.790 0.4464033 0.0002119 -0.5634277
2.795 0.4469171 0.0002074 -0.563524
2.800 0.4474297 0.0002029 -0.56362
2.805 0.447941 0.0001985 -0.5637156
2.810 0.44845 0.0001942 -0.5638109
2.815 0.4489578 0.00019 -0.5639059
2.820 0.4494634 0.0001859 -0.5640005
2.825 0.4499685 0.0001819 -0.5640948
2.830 0.4504714 0.000178 -0.5641887
2.835 0.450973 0.0001741 -0.5642824
2.840 0.4514723 0.0001704 -0.5643757
2.845 0.4519703 0.0001667 -0.5644687
2.850 0.452467 0.0001631 -0.5645614
2.855 0.4529622 0.0001595 -0.5646538
2.860 0.4534561 0.0001561 -0.5647459
2.865 0.4539478 0.0001527 -0.5648377
2.870 0.4544381 0.0001494 -0.5649292
2.875 0.454927 0.0001461 -0.5650204
2.880 0.4554145 0.000143 -0.5651114
2.885 0.4558997 0.0001399 -0.565202
2.890 0.4563836 0.0001368 -0.5652924
2.895 0.456866 0.0001339 -0.5653825
2.900 0.4573471 0.0001309 -0.5654723
2.905 0.4578267 0.0001281 -0.5655618
2.910 0.4583041 0.0001253 -0.5656511
2.915 0.4587809 0.0001226 -0.5657401
2.920 0.4592554 0.0001199 -0.5658289
2.925 0.4597285 0.0001173 -0.5659174
2.930 0.4602002 0.0001148 -0.5660056
2.935 0.4606696 0.0001123 -0.5660936
2.940 0.4611384 0.0001098 -0.5661813
2.945 0.4616049 0.0001074 -0.5662688
2.950 0.4620709 0.0001051 -0.566356
2.955 0.4625346 0.0001028 -0.566443
2.960 0.4629968 0.0001005 -0.5665298
2.965 0.4634576 0.0000983 -0.5666163
2.970 0.4639161 0.0000962 -0.5667025
2.975 0.464374 0.0000941 -0.5667885
2.980 0.4648304 0.000092 -0.5668743
2.985 0.4652846 0.00009 -0.5669599
2.990 0.4657381 0.000088 -0.5670452
2.995 0.4661894 0.0000861 -0.5671303
