    1     1.0000     -1.81082     -1.93374     -2.00509
    2     1.0500     -1.80658     -1.92346     -1.99060
    3     1.1000     -1.80222     -1.91393     -1.97750
    4     1.1500     -1.79792     -1.90538     -1.96600
    5     1.2000     -1.79380     -1.89792     -1.95623
    6     1.2500     -1.78994     -1.89160     -1.94817
    7     1.3000     -1.78641     -1.88638     -1.94174
    8     1.3500     -1.78322     -1.88217     -1.93676
    9     1.4000     -1.78038     -1.87884     -1.93304
   10     1.4500     -1.77788     -1.87627     -1.93036
   11     1.5000     -1.77571     -1.87432     -1.92853
   12     1.5500     -1.77382     -1.87285     -1.92734
   13     1.6000     -1.77220     -1.87178     -1.92665
   14     1.6500     -1.77082     -1.87099     -1.92631
   15     1.7000     -1.76964     -1.87043     -1.92622
   16     1.7500     -1.76865     -1.87003     -1.92630
   17     1.8000     -1.76781     -1.86974     -1.92648
   18     1.8500     -1.76710     -1.86954     -1.92672
   19     1.9000     -1.76650     -1.86940     -1.92699
   20     1.9500     -1.76600     -1.86930     -1.92727
   21     2.0000     -1.76558     -1.86922     -1.92754
   22     2.0500     -1.76523     -1.86917     -1.92779
   23     2.1000     -1.76494     -1.86912     -1.92802
   24     2.1500     -1.76469     -1.86909     -1.92823
   25     2.2000     -1.76448     -1.86906     -1.92841
   26     2.2500     -1.76431     -1.86903     -1.92857
   27     2.3000     -1.76417     -1.86900     -1.92871
   28     2.3500     -1.76405     -1.86898     -1.92883
   29     2.4000     -1.76394     -1.86895     -1.92893
   30     2.4500     -1.76386     -1.86893     -1.92901
   31     2.5000     -1.76379     -1.86891     -1.92909
   32     2.5500     -1.76373     -1.86888     -1.92915
   33     2.6000     -1.76368     -1.86886     -1.92920
   34     2.6500     -1.76364     -1.86884     -1.92924
   35     2.7000     -1.76360     -1.86882     -1.92927
   36     2.7500     -1.76357     -1.86879     -1.92930
   37     2.8000     -1.76355     -1.86878     -1.92932
   38     2.8500     -1.76353     -1.86876     -1.92934
   39     2.9000     -1.76351     -1.86874     -1.92935
   40     2.9500     -1.76349     -1.86872     -1.92936
   41     3.0000     -1.76348     -1.86871     -1.92937
   42     3.0500     -1.76347     -1.86869     -1.92938
   43     3.1000     -1.76347     -1.86868     -1.92939
   44     3.1500     -1.76346     -1.86866     -1.92939
   45     3.2000     -1.76345     -1.86865     -1.92939
   46     3.2500     -1.76345     -1.86864     -1.92939
   47     3.3000     -1.76345     -1.86863     -1.92940
   48     3.3500     -1.76344     -1.86862     -1.92940
   49     3.4000     -1.76344     -1.86861     -1.92940
   50     3.4500     -1.76344     -1.86860     -1.92940
   51     3.5000     -1.76344     -1.86859     -1.92940
   52     3.5500     -1.76344     -1.86859     -1.92940
   53     3.6000     -1.76344     -1.86858     -1.92940
   54     3.6500     -1.76344     -1.86857     -1.92940
   55     3.7000     -1.76344     -1.86857     -1.92940
   56     3.7500     -1.76344     -1.86856     -1.92940
   57     3.8000     -1.76344     -1.86856     -1.92939
   58     3.8500     -1.76344     -1.86855     -1.92939
   59     3.9000     -1.76344     -1.86855     -1.92939
   60     3.9500     -1.76344     -1.86855     -1.92939
