45.0 0.75983570225832975 0.0747955 0.010976 -0.1344245
46.0 0.77321648466098036 0.0738764 0.0104477 -0.1346173
47.0 0.78684966272995749 0.0711842 0.0088686 -0.1351968
48.0 0.80075743172543956 0.0668892 0.0062554 -0.1361676
49.0 0.81496352157574936 0.0612122 0.002635 -0.137537
50.0 0.82949339444344139 0.0543753 -0.0019565 -0.1393151
51.0 0.84437446779034697 0.0465756 -0.0074753 -0.1415153
52.0 0.85963636751982619 0.0379783 -0.013871 -0.144154
53.0 0.87531121666696521 0.0287224 -0.0210872 -0.1472512
54.0 0.89143396621364279 0.0189301 -0.0290614 -0.1508303
55.0 0.90804277598219907 0.0087181 -0.037724 -0.1549197
56.0 0.92517945528340284 -0.0017886 -0.0469945 -0.1595538
57.0 0.94288997515969897 -0.0124392 -0.0567764 -0.1647781
58.0 0.96122506680355879 -0.0230332 -0.066947 -0.1706582
59.0 0.98024092421724396 -0.033283 -0.0773404 -0.1773012
60.0 1.0000000336490449 -0.0427613 -0.0877221 -0.1849023
61.0 1.0205721581109972 -0.0508453 -0.0977549 -0.1938359
62.0 1.0420355127918348 -0.0567413 -0.1069798 -0.2047981
63.0 1.0644781770328475 -0.0598195 -0.1148756 -0.2189157
64.0 1.0879998015825072 -0.0602337 -0.1209758 -0.2377332
65.0 1.1127136872907215 -0.0568922 -0.1238369 -0.2626631
66.0 1.1387493349689228 -0.0459839 -0.1189756 -0.2779342
67.0 1.1662555983306084 -0.0389697 -0.1101254 -0.2760758
68.0 1.1954046164231349 -0.0366923 -0.0990904 -0.2744338
69.0 1.2263967642726714 -0.0352818 -0.0846809 -0.2868897
70.0 1.2594669489559134 -0.0287451 -0.0647426 -0.3176853
71.0 1.2948927059181552 -0.0112968 -0.0375206 -0.3573125
72.0 1.3330047374615932 0.0179168 -0.0046703 -0.3954854
73.0 1.3742008147382716 0.0557123 0.0195585 -0.4290176
74.0 1.4189643903365978 0.0989107 0.0193498 -0.4583598
75.0 1.4678899319530556 0.1454654 0.0146514 -0.4842468
76.0 1.5217180473945009 0.1940888 0.0102808 -0.5069754
77.0 1.5813852119866876 0.2439211 0.0067784 -0.5265132
78.0 1.6480958607190197 0.2944414 0.00418 -0.5427362
79.0 1.7234297938777567 0.3137214 0.0023898 -0.5556443
80.0 1.8095073443210954 0.3245799 0.0012525 -0.5654748
81.0 1.9092530122354845 0.3412721 0.0005925 -0.5726822
82.0 2.0268354180156947 0.3625685 0.000247 -0.5778373
83.0 2.1684423371644423 0.3869722 0.0000873 -0.5815356
84.0 2.3437412473608381 0.4129308 0.0000245 -0.58436
85.0 2.5688804782633659 0.4393291 0.0000048 -0.5868896
