45.0 0.75983570225832975 -4.88666504101
46.0 0.77321648466098036 -4.88611194801
47.0 0.78684966272995749 -4.88444715294
48.0 0.80075743172543956 -4.88165414716
49.0 0.81496352157574936 -4.87770554307
50.0 0.82949339444344139 -4.87256330142
51.0 0.84437446779034697 -4.86617913214
52.0 0.85963636751982619 -4.85849517426
53.0 0.87531121666696521 -4.84944513070
54.0 0.89143396621364279 -4.83895615215
55.0 0.90804277598219907 -4.82695196789
56.0 0.92517945528340284 -4.81335812396
57.0 0.94288997515969897 -4.79811084665
58.0 0.96122506680355879 -4.78117226183
59.0 0.98024092421724396 -4.76255692729
60.0 1.0000000336490449 -4.74237853813
61.0 1.0205721581109972 -4.72093148053
62.0 1.0420355127918348 -4.69882664905
63.0 1.0644781770328475 -4.67719615433
64.0 1.0879998015825072 -4.65800038263
65.0 1.1127136872907215 -4.64472621755
66.0 1.1387493349689228 -4.64136039877
67.0 1.1662555983306084 -4.64560227136
68.0 1.1954046164231349 -4.65585227908
69.0 1.2263967642726714 -4.67297513042
70.0 1.2594669489559134 -4.69764017085
71.0 1.2948927059181552 -4.72878293036
72.0 1.3330047374615932 -4.76375658848
73.0 1.3742008147382716 -4.79975177453
74.0 1.4189643903365978 -4.83449472492
75.0 1.4678899319530556 -4.86606799286
76.0 1.5217180473945009 -4.89257628155
77.0 1.5813852119866876 -4.91188076413
78.0 1.6480958607190197 -4.92138328974
79.0 1.7234297938777567 -4.91781978397
80.0 1.8095073443210954 -4.89701559003
81.0 1.9092530122354845 -4.85352000137
82.0 2.0268354180156947 -4.77996863193
83.0 2.1684423371644423 -4.66588704746
84.0 2.3437412473608381 -4.49531775359
85.0 2.5688804782633659 -4.24174329447
