    1     1.0000     -1.69489     -1.72106     -1.72878     -1.73149     -1.73211     -1.73254
    2     1.0500     -1.70614     -1.73442     -1.74298     -1.74617     -1.74694     -1.74747
    3     1.1000     -1.71095     -1.74153     -1.75105     -1.75481     -1.75576     -1.75641
    4     1.1500     -1.71055     -1.74367     -1.75426     -1.75869     -1.75986     -1.76067
    5     1.2000     -1.70593     -1.74186     -1.75367     -1.75888     -1.76032     -1.76133
    6     1.2500     -1.69793     -1.73695     -1.75014     -1.75627     -1.75804     -1.75929
    7     1.3000     -1.68722     -1.72966     -1.74440     -1.75162     -1.75379     -1.75534
    8     1.3500     -1.67436     -1.72058     -1.73708     -1.74556     -1.74823     -1.75015
    9     1.4000     -1.65984     -1.71022     -1.72870     -1.73866     -1.74193     -1.74431
   10     1.4500     -1.64404     -1.69900     -1.71972     -1.73141     -1.73541     -1.73835
   11     1.5000     -1.62730     -1.68729     -1.71055     -1.72423     -1.72911     -1.73275
   12     1.5500     -1.60990     -1.67541     -1.70152     -1.71752     -1.72346     -1.72797
   13     1.6000     -1.59207     -1.66364     -1.69296     -1.71161     -1.71884     -1.72439
   14     1.6500     -1.57402     -1.65220     -1.68514     -1.70682     -1.71559     -1.72243
   15     1.7000     -1.55592     -1.64130     -1.67830     -1.70344     -1.71404     -1.72244
   16     1.7500     -1.53790     -1.63113     -1.67267     -1.70170     -1.71448     -1.72476
   17     1.8000     -1.52009     -1.62182     -1.66844     -1.70184     -1.71720     -1.72974
   18     1.8500     -1.50259     -1.61351     -1.66579     -1.70404     -1.72244     -1.73768
   19     1.9000     -1.48548     -1.60631     -1.66487     -1.70847     -1.73042     -1.74887
   20     1.9500     -1.46882     -1.60031     -1.66584     -1.71525     -1.74134     -1.76357
   21     2.0000     -1.45267     -1.59558     -1.66881     -1.72446     -1.75535     -1.78200
   22     2.0500     -1.43708     -1.59218     -1.67389     -1.73614     -1.77257     -1.80436
   23     2.1000     -1.42206     -1.59016     -1.68116     -1.75031     -1.79307     -1.83080
   24     2.1500     -1.40765     -1.58954     -1.69071     -1.76690     -1.81690     -1.86143
   25     2.2000     -1.39386     -1.59034     -1.70257     -1.78582     -1.84403     -1.89629
   26     2.2500     -1.38069     -1.59256     -1.71680     -1.80694     -1.87440     -1.93538
   27     2.3000     -1.36814     -1.59621     -1.73341     -1.83007     -1.90790     -1.97864
   28     2.3500     -1.35622     -1.60125     -1.75242     -1.85497     -1.94437     -2.02596
   29     2.4000     -1.34490     -1.60768     -1.77381     -1.88139     -1.98360     -2.07715
   30     2.4500     -1.33418     -1.61545     -1.79756     -1.90900     -2.02536     -2.13199
   31     2.5000     -1.32405     -1.62453     -1.82363     -1.93749     -2.06935     -2.19017
   32     2.5500     -1.31448     -1.63487     -1.85197     -1.96648     -2.11526     -2.25138
   33     2.6000     -1.30545     -1.64642     -1.88250     -1.99562     -2.16273     -2.31520
   34     2.6500     -1.29695     -1.65912     -1.91515     -2.02450     -2.21140     -2.38122
   35     2.7000     -1.28896     -1.67290     -1.94981     -2.05272     -2.26085     -2.44895
   36     2.7500     -1.28145     -1.68771     -1.98638     -2.07990     -2.31067     -2.51791
   37     2.8000     -1.27439     -1.70348     -2.02474     -2.10562     -2.36043     -2.58756
   38     2.8500     -1.26778     -1.72013     -2.06478     -2.12948     -2.40970     -2.65735
   39     2.9000     -1.26158     -1.73760     -2.10635     -2.15112     -2.45802     -2.72672
   40     2.9500     -1.25576     -1.75581     -2.14931     -2.17013     -2.50495     -2.79512
   41     3.0000     -1.25032     -1.77470     -2.19353     -2.18618     -2.55005     -2.86198
   42     3.0500     -1.24523     -1.79418     -2.23886     -2.19891     -2.59290     -2.92677
   43     3.1000     -1.24046     -1.81420     -2.28515     -2.20801     -2.63307     -2.98896
   44     3.1500     -1.23599     -1.83469     -2.33228     -2.21317     -2.67018     -3.04804
   45     3.2000     -1.23181     -1.85558     -2.38010     -2.21413     -2.70383     -3.10356
   46     3.2500     -1.22790     -1.87681     -2.42848     -2.21063     -2.73370     -3.15510
   47     3.3000     -1.22424     -1.89833     -2.47729     -2.20246     -2.75945     -3.20225
   48     3.3500     -1.22080     -1.92007     -2.52643     -2.18942     -2.78080     -3.24470
   49     3.4000     -1.21758     -1.94200     -2.57577     -2.17133     -2.79750     -3.28215
   50     3.4500     -1.21455     -1.96407     -2.62523     -2.14806     -2.80932     -3.31434
   51     3.5000     -1.21171     -1.98623     -2.67471     -2.11949     -2.81608     -3.34108
   52     3.5500     -1.20904     -2.00845     -2.72414     -2.08552     -2.81761     -3.36221
   53     3.6000     -1.20652     -2.03069     -2.77343     -2.04606     -2.81380     -3.37763
   54     3.6500     -1.20414     -2.05293     -2.82253     -2.00106     -2.80453     -3.38724
   55     3.7000     -1.20190     -2.07515     -2.87140     -1.95048     -2.78974     -3.39101
   56     3.7500     -1.19978     -2.09731     -2.91997     -1.89428     -2.76939     -3.38892
   57     3.8000     -1.19777     -2.11940     -2.96822     -1.83244     -2.74343     -3.38100
   58     3.8500     -1.19587     -2.14141     -3.01612     -1.76495     -2.71187     -3.36726
   59     3.9000     -1.19406     -2.16332     -3.06365     -1.69180     -2.67471     -3.34778
   60     3.9500     -1.19234     -2.18513     -3.11078     -1.61301     -2.63196     -3.32260
