5.0 0.22474786951272291 0.4369591 0.0019805 -0.4671915
6.0 0.24633708657984518 0.4148394 0.0039843 -0.4431386
7.0 0.26625119958804888 0.3950376 0.006759 -0.4195384
8.0 0.28485310431016619 0.3775178 0.0102049 -0.3964988
9.0 0.30239593556098865 0.3486962 0.0141917 -0.3742504
10.0 0.31906493487798943 0.3047033 0.0185948 -0.353001
11.0 0.33500078657648524 0.2606717 0.0233083 -0.3328854
12.0 0.35031356184872481 0.2164992 0.0282472 -0.3139661
13.0 0.36509151747647400 0.1722508 0.033344 -0.296252
14.0 0.37940689731182314 0.128053 0.0385455 -0.2797193
15.0 0.39331989892118169 0.0840496 0.0438093 -0.2643296
16.0 0.40688146985598445 0.0403934 0.0116129 -0.2500425
17.0 0.42013533111630319 -0.0027456 -0.0334716 -0.2368269
18.0 0.43311947504735931 -0.0451593 -0.0778826 -0.2246694
19.0 0.44586729660476643 -0.0865679 -0.1214743 -0.2135833
20.0 0.45840846314364242 -0.1265627 -0.1640204 -0.2337203
21.0 0.47076959408630886 -0.1645062 -0.2051528 -0.2789948
22.0 0.48297479998608267 -0.199349 -0.2442466 -0.3239968
23.0 0.49504611604806875 -0.2293058 -0.2802039 -0.3688515
24.0 0.50700385538738835 -0.2514029 -0.3110825 -0.4136544
25.0 0.51886690055881535 -0.2616545 -0.3337592 -0.4577424
26.0 0.53065294715660993 -0.2590914 -0.3449554 -0.4958355
27.0 0.54237870990772830 -0.251826 -0.3447778 -0.5135982
28.0 0.55406009924157285 -0.2450646 -0.336977 -0.5084693
29.0 0.56571237453403433 -0.2369285 -0.3251112 -0.4934091
30.0 0.57735027890326807 -0.2271254 -0.3112854 -0.4755216
31.0 0.58898815944976501 -0.2162436 -0.2965835 -0.4570599
32.0 0.60064007609376124 -0.2048123 -0.281567 -0.4387526
33.0 0.61231990160563299 -0.2098228 -0.2665442 -0.4208655
34.0 0.62404141500474464 -0.2303942 -0.2847576 -0.4035163
35.0 0.63581839018712483 -0.2498378 -0.3069302 -0.4102702
36.0 0.64766468140925815 -0.2677939 -0.3283718 -0.4376174
37.0 0.65959430708758449 -0.2838219 -0.3489086 -0.4675827
38.0 0.67162153325915808 -0.2978016 -0.3686494 -0.5047676
39.0 0.68376095798003989 -0.3292763 -0.3943158 -0.586013
40.0 0.69602759790885060 -0.3304864 -0.3918084 -0.5754313
41.0 0.70843697833015451 -0.3300059 -0.38883 -0.5685416
42.0 0.72100522791448773 -0.3290896 -0.3858175 -0.5632029
43.0 0.73374917958905994 -0.3280829 -0.3829148 -0.5587742
44.0 0.74668647900714824 -0.3271346 -0.3801881 -0.5549701
45.0 0.75983570225832975 -0.3263215 -0.3776727 -0.5516377
46.0 0.77321648466098036 -0.3256869 -0.375389 -0.548685
47.0 0.78684966272995749 -0.3252578 -0.3733496 -0.5460518
48.0 0.80075743172543956 -0.3250522 -0.3715632 -0.5436964
49.0 0.81496352157574936 -0.3250833 -0.3700363 -0.5415882
50.0 0.82949339444344139 -0.3253622 -0.3687748 -0.5397041
51.0 0.84437446779034697 -0.325899 -0.3677841 -0.5380264
52.0 0.85963636751982619 -0.3267047 -0.3670701 -0.5365409
53.0 0.87531121666696521 -0.3277919 -0.3666398 -0.5352365
54.0 0.89143396621364279 -0.3291764 -0.3665014 -0.5341049
55.0 0.90804277598219907 -0.3308791 -0.3666658 -0.5331398
56.0 0.92517945528340284 -0.3329297 -0.3671474 -0.5323382
57.0 0.94288997515969897 -0.3353715 -0.3679667 -0.5317004
58.0 0.96122506680355879 -0.3382731 -0.3691548 -0.5312327
59.0 0.98024092421724396 -0.3417503 -0.3707619 -0.5309519
60.0 1.0000000336490449 -0.3460157 -0.3728774 -0.5308965
61.0 1.0205721581109972 -0.3514996 -0.3756777 -0.5311563
62.0 1.0420355127918348 -0.3591817 -0.3829244 -0.5369316
63.0 1.0644781770328475 -0.3715669 -0.3976836 -0.5579768
64.0 1.0879998015825072 -0.3948564 -0.4115528 -0.5758061
65.0 1.1127136872907215 -0.4305417 -0.4274412 -0.579506
66.0 1.1387493349689228 -0.4529649 -0.44782 -0.5863157
67.0 1.1662555983306084 -0.4612189 -0.4724186 -0.6071739
68.0 1.1954046164231349 -0.4651007 -0.5003345 -0.6328499
69.0 1.2263967642726714 -0.4682085 -0.5304319 -0.6616847
70.0 1.2594669489559134 -0.4733584 -0.5621602 -0.6932314
71.0 1.2948927059181552 -0.5021273 -0.5952307 -0.7271784
72.0 1.3330047374615932 -0.5319849 -0.6294638 -0.7633007
73.0 1.3742008147382716 -0.5624968 -0.6647297 -0.801428
74.0 1.4189643903365978 -0.593409 -0.7009235 -0.8414041
75.0 1.4678899319530556 -0.6245922 -0.7379552 -0.8830448
76.0 1.5217180473945009 -0.6560418 -0.7757493 -0.926098
77.0 1.5813852119866876 -0.6879023 -0.8142521 -0.9702152
78.0 1.6480958607190197 -0.7204888 -0.8534488 -1.0149589
79.0 1.7234297938777567 -0.7542918 -0.8934008 -1.0598782
80.0 1.8095073443210954 -0.7899635 -0.9343147 -1.1046769
81.0 1.9092530122354845 -0.8283126 -0.976649 -1.1494509
82.0 2.0268354180156947 -0.8703527 -1.0212429 -1.1949023
83.0 2.1684423371644423 -0.9174294 -1.0694448 -1.242453
84.0 2.3437412473608381 -0.9714108 -1.1232648 -1.2943293
85.0 2.5688804782633659 -1.0349362 -1.1856264 -1.353797
