45.0 0.75983570225832975 0.1863681 0.131362 -0.0536592
44.0 0.74668647900714824 0.1864828 0.1316158 -0.052976
43.0 0.73374917958905994 0.1868239 0.1323764 -0.0509413
42.0 0.72100522791448773 0.1873816 0.1336412 -0.0476007
41.0 0.70843697833015451 0.1881398 0.1354045 -0.0430291
40.0 0.69602759790885060 0.1890762 0.1376554 -0.0373313
39.0 0.68376095798003989 0.1901624 0.1403742 -0.0306413
38.0 0.67162153325915808 0.1913644 0.1435272 -0.0231229
37.0 0.65959430708758449 0.192643 0.1470579 -0.0149719
36.0 0.64766468140925815 0.1939549 0.1508724 -0.0064211
35.0 0.63581839018712483 0.1952533 0.1548148 -0.002448
34.0 0.62404141500474464 0.1964891 0.158622 -0.00401
33.0 0.61231990160563299 0.197612 0.161847 -0.0059909
32.0 0.60064007609376124 0.1985714 0.1637452 -0.0084205
31.0 0.58898815944976501 0.1968577 0.1632087 -0.0113244
30.0 0.57735027890326807 0.1911218 0.1590409 -0.0147311
29.0 0.56571237453403433 0.1825472 0.1507072 -0.0186871
28.0 0.55406009924157285 0.1712658 0.1387143 -0.0232929
27.0 0.54237870990772830 0.1579396 0.1240906 -0.0287982
26.0 0.53065294715660993 0.143585 0.1078739 -0.0358469
25.0 0.51886690055881535 0.1295405 0.0910717 -0.0460073
24.0 0.50700385538738835 0.117572 0.0748462 -0.0621882
23.0 0.49504611604806875 0.1096651 0.0606324 -0.0870197
22.0 0.48297479998608267 0.1066337 0.0498599 -0.1200176
21.0 0.47076959408630886 0.106218 0.0433142 -0.1587974
20.0 0.45840846314364242 0.1044791 0.0411108 -0.2025941
19.0 0.44586729660476643 0.0999823 0.0436645 -0.252942
18.0 0.43311947504735931 0.0957331 0.0528113 -0.3096436
17.0 0.42013533111630319 0.0997074 0.0532839 -0.364744
16.0 0.40688146985598445 0.1194336 0.0408608 -0.4089569
15.0 0.39331989892118169 0.1526786 0.0310456 -0.4429823
14.0 0.37940689731182314 0.1937858 0.0230525 -0.4708655
13.0 0.36509151747647400 0.2393288 0.01652 -0.494675
12.0 0.35031356184872481 0.2874818 0.0112975 -0.5150115
11.0 0.33500078657648524 0.33109 0.0072902 -0.5319182
10.0 0.31906493487798943 0.3353932 0.0043855 -0.5453896
9.0 0.30239593556098865 0.3439155 0.0024242 -0.5556349
8.0 0.28485310431016619 0.359179 0.0012076 -0.5631444
7.0 0.26625119958804888 0.3802336 0.0005259 -0.5686105
6.0 0.24633708657984518 0.4057165 0.0001901 -0.5728081
