45.0 0.75983570225832975 -0.41095 -0.39665 0.03889 0.26442 .43554
44.0 0.74668647900714824 -0.41065 -0.39671 0.03909 0.26337 .43580
43.0 0.73374917958905994 -0.40976 -0.39691 0.03968 0.26034 .43659
42.0 0.72100522791448773 -0.40827 -0.39724 0.04068 0.25558 .43792
41.0 0.70843697833015451 -0.40617 -0.39770 0.04209 0.24939 .43979
40.0 0.69602759790885060 -0.40345 -0.39829 0.04392 0.24208 .44221
39.0 0.68376095798003989 -0.40011 -0.39899 0.04617 0.23387 .44516
38.0 0.67162153325915808 -0.39980 -0.39612 0.04887 0.22497 .44499
37.0 0.65959430708758449 -0.40072 -0.39148 0.05201 0.21550 .44349
36.0 0.64766468140925815 -0.40174 -0.38617 0.05560 0.20557 .44177
35.0 0.63581839018712483 -0.40283 -0.38015 0.05965 0.19527 .43980
34.0 0.62404141500474464 -0.40400 -0.37343 0.06416 0.18466 .43759
33.0 0.61231990160563299 -0.40523 -0.36596 0.06913 0.17380 .43509
32.0 0.60064007609376124 -0.40649 -0.35773 0.07454 0.16274 .43227
31.0 0.58898815944976501 -0.40779 -0.34872 0.08036 0.15152 .42908
30.0 0.57735027890326807 -0.40911 -0.33891 0.08657 0.14022 .42548
29.0 0.56571237453403433 -0.41046 -0.32829 0.09310 0.12888 .42139
28.0 0.55406009924157285 -0.41183 -0.31687 0.09987 0.11760 .41674
27.0 0.54237870990772830 -0.41326 -0.30465 0.10652 0.10673 .41117
26.0 0.53065294715660993 -0.41482 -0.29169 0.09584 0.11345 .38753
25.0 0.51886690055881535 -0.41664 -0.27807 0.08593 0.11960 .36400
24.0 0.50700385538738835 -0.41901 -0.26394 0.07739 0.12440 .34133
23.0 0.49504611604806875 -0.42239 -0.24943 0.07118 0.12638 .32061
22.0 0.48297479998608267 -0.42752 -0.23455 0.06844 0.12304 .30299
21.0 0.47076959408630886 -0.43518 -0.21908 0.07003 0.11150 .28911
20.0 0.45840846314364242 -0.44609 -0.20292 0.07623 0.09114 .27915
19.0 0.44586729660476643 -0.46050 -0.18680 0.06510 0.08695 .25190
18.0 0.43311947504735931 -0.47738 -0.17303 0.03798 0.10207 .21101
17.0 0.42013533111630319 -0.49393 -0.16497 0.01273 0.12192 .17770
16.0 0.40688146985598445 -0.50809 -0.16381 -0.01049 0.14674 .15332
15.0 0.39331989892118169 -0.52075 -0.16726 -0.03240 0.17565 .13486
14.0 0.37940689731182314 -0.53341 -0.17291 -0.05314 0.20748 .11977
13.0 0.36509151747647400 -0.54704 -0.17948 -0.07250 0.24150 .10698
12.0 0.35031356184872481 -0.56222 -0.18625 -0.09019 0.27733 .09606
11.0 0.33500078657648524 -0.57936 -0.19274 -0.10591 0.31484 .08683
10.0 0.31906493487798943 -0.59865 -0.19856 -0.11949 0.35418 .07907
9.0 0.30239593556098865 -0.62006 -0.20341 -0.13091 0.39588 .07250
8.0 0.28485310431016619 -0.64334 -0.20710 -0.14030 0.44085 .06680
7.0 0.26625119958804888 -0.66807 -0.20953 -0.14792 0.49041 .06161
6.0 0.24633708657984518 -0.69378 -0.21069 -0.15408 0.54622 .05661
