45.0 0.75983570225832975 -3.97755813741
44.0 0.74668647900714824 -3.97757837741
43.0 0.73374917958905994 -3.97763153961
42.0 0.72100522791448773 -3.97769500121
41.0 0.70843697833015451 -3.97773123532
40.0 0.69602759790885060 -3.97768807768
39.0 0.68376095798003989 -3.97749909914
38.0 0.67162153325915808 -3.97708408066
37.0 0.65959430708758449 -3.97634958509
36.0 0.64766468140925815 -3.97518961855
35.0 0.63581839018712483 -3.97348637834
34.0 0.62404141500474464 -3.97111109850
33.0 0.61231990160563299 -3.96792504016
32.0 0.60064007609376124 -3.96378074504
31.0 0.58898815944976501 -3.95852380596
30.0 0.57735027890326807 -3.95199566115
29.0 0.56571237453403433 -3.94403839909
28.0 0.55406009924157285 -3.93450349952
27.0 0.54237870990772830 -3.92326831143
26.0 0.53065294715660993 -3.91026778232
25.0 0.51886690055881535 -3.89555562748
24.0 0.50700385538738835 -3.87941697443
23.0 0.49504611604806875 -3.86254474314
22.0 0.48297479998608267 -3.84621278898
21.0 0.47076959408630886 -3.83225647273
20.0 0.45840846314364242 -3.82278062401
19.0 0.44586729660476643 -3.81972631843
18.0 0.43311947504735931 -3.82415793292
17.0 0.42013533111630319 -3.83516774930
16.0 0.40688146985598445 -3.84969373671
15.0 0.39331989892118169 -3.86433417627
14.0 0.37940689731182314 -3.87659121359
13.0 0.36509151747647400 -3.88450540036
12.0 0.35031356184872481 -3.88608161488
11.0 0.33500078657648524 -3.87891163888
10.0 0.31906493487798943 -3.85987701083
9.0 0.30239593556098865 -3.82482075025
8.0 0.28485310431016619 -3.76806300655
7.0 0.26625119958804888 -3.68153002240
6.0 0.24633708657984518 -3.55300908140
