0.5 -1.3585630820
.55 -1.3735542427
.60 -1.3838912515
.65 -1.3907394586
.70 -1.3948467509
.75 -1.3966975059
.80 -1.4007177160
.85 -1.4076896799
.90 -1.4123224242
.95 -1.4152453516
1.00 -1.4170085117
1.05 -1.4179348590
1.10 -1.4180959954
1.15 -1.4174162108
1.20 -1.4158108789
1.25 -1.4132739052
1.30 -1.4099062121
1.35 -1.4111336719
1.40 -1.4140095471
1.45 -1.4160331410
1.50 -1.4173055480
1.55 -1.4179595565
1.60 -1.4181299736
1.65 -1.4179318670
1.70 -1.4174473785
1.75 -1.4167216335
1.80 -1.4157676815
1.85 -1.4145768853
1.90 -1.4131304950
1.95 -1.4114092771
2.00 -1.4093995637
2.05 -1.4070962415
2.10 -1.4045033965
2.15 -1.4016336849
2.20 -1.3985072435
2.25 -1.3968932862
2.30 -1.3967463673
2.35 -1.3964124041
2.40 -1.3959031129
2.45 -1.3952303081
2.50 -1.3944053747
2.55 -1.3934390157
2.60 -1.3923410452
2.65 -1.3911203521
2.70 -1.3897848926
2.75 -1.3883416684
2.80 -1.3867968862
2.85 -1.3851559453
2.90 -1.3834235726
2.95 -1.3816039001
3.00 -1.3797005343
3.05 -1.3777166791
3.10 -1.3756552151
3.15 -1.3735187608
3.20 -1.3713098689
3.25 -1.3690310538
3.30 -1.3666850704
3.35 -1.3642751755
3.40 -1.3618056464
3.45 -1.3592829071
3.50 -1.3567177620
3.55 -1.3541313361
3.60 -1.3515722430
3.65 -1.3491759786
3.70 -1.3473621398
3.75 -1.3468443097
3.80 -1.3473726294
3.85 -1.3482380707
3.90 -1.3491553183
