5 0.22474786951272291 -4.53523315477
5.25 0.23032811073355966 -4.60821785780
5.50 0.23578063841929153 -4.67411413141
5.75 0.24111432303437602 -4.73369789275
6.00 0.24633708657984518 -4.78762691227
6.25 0.25145603955751983 -4.83646315757
6.50 0.25647759350390792 -4.88069024977
9.50 0.31083002290405076 -5.16432167686
9.75 0.31497130559833353 -5.17352052297
10.25 0.32311288880213562 -5.18727286702
10.50 0.32711702879550453 -5.19201101632
10.75 0.33107910932596624 -5.19543566946
11.00 0.33500078657648524 -5.19762335957
11.25 0.33888362623650670 -5.19864544700
11.50 0.34272911051981081 -5.19856860597
12.75 0.36144298565221100 -5.18374589480
13.25 0.36871119640886968 -5.17204325482
13.50 0.37230302199327187 -5.16513557616
13.75 0.37586795042281695 -4.82364727373
14.00 0.37940689731182314 -5.14940661756
14.25 0.38292074024700901 -5.14065990216
14.50 0.38641032113921558 -5.13137246973
14.75 0.38987644839447261 -5.12157862287
15.00 0.39331989892118169 -4.84139901802
15.25 0.39674141998838264 -5.10060651319
15.50 0.40014173094847860 -5.08949630033
15.75 0.40352152483640419 -4.84411369740
16.00 0.40688146985598445 -5.06621130719
20.75 0.46769483265878409 -4.81214525663
21.00 0.47076959408630886 -4.88403511664
21.25 0.47383462028142359 -4.88002650392
21.50 0.47689026630572684 -4.87637512467
21.75 0.47993687953036013 -4.87305823877
22.00 0.48297479998608267 -4.87005552238
22.25 0.48600436069649899 -4.86734894173
22.50 0.48902588799549546 -4.86492252836
22.75 0.49203970182987000 -4.86276209188
23.00 0.49504611604806875 -4.86085490315
23.25 0.49804543867587991 -4.85918937433
23.50 0.50103797217987622 -4.85775475482
23.75 0.50402401371934424 -4.85795348723
24.00 0.50700385538738835 -4.85966307334
24.25 0.50997778444185260 -4.86202325097
24.50 0.51294608352666027 -4.86423496758
24.75 0.51590903088413309 -4.86630426863
25.00 0.51886690055881535 -4.86823718138
25.25 0.52181996259329522 -4.87003976344
25.50 0.52476848321648584 -4.87171816856
25.75 0.52771272502479782 -4.87327873501
26.00 0.53065294715660993 -4.87472810423
26.25 0.53358940546042311 -4.87607338114
26.50 0.53652235265705239 -4.87732235262
26.75 0.53945203849620049 -4.87848378810
27.00 0.54237870990772830 -4.87956785652
27.25 0.54530261114792489 -4.88058670681
27.50 0.54822398394106098 -4.88155527257
27.75 0.55114306761649301 -4.88249236175
28.00 0.55406009924157285 -4.88342203652
28.25 0.55697531375060216 -4.88437504348
28.50 0.55988894407005929 -4.88538929713
28.75 0.56280122124031395 -4.88650677980
29.00 0.56571237453403433 -4.88776318861
29.25 0.56862263157148163 -4.88917282334
29.50 0.57153221843287527 -4.89072329178
29.75 0.57444135976800692 -4.89238675872
30.00 0.57735027890326807 -4.89413390094
30.25 0.58025919794625369 -4.89594038260
30.50 0.58316833788809341 -4.89778766175
30.75 0.58607791870365555 -4.89966187803
31.00 0.58898815944976501 -4.90155256000
31.25 0.59189927836156764 -4.90345161020
31.50 0.59481149294717062 -4.90535259241
31.75 0.59772502008068074 -4.90725024964
32.00 0.60064007609376124 -4.90914018097
32.25 0.60355687686581816 -4.91101862428
32.50 0.60647563791293169 -4.91288230852
32.75 0.60939657447563289 -4.91472835192
33.00 0.61231990160563299 -4.91655419056
33.25 0.61524583425160395 -4.91835752720
33.50 0.61817458734410646 -4.92013629373
33.75 0.62110637587975959 -4.90008764102
34.00 0.62404141500474464 -4.71051436428
34.25 0.62697992009773107 -4.90294750565
35.25 0.63877292046592293 -4.71180780183
39.25 0.68681509448228206 -4.92030266488
39.75 0.69294817202571524 -4.71249211710
40.00 0.69602759790885060 -4.71243049247
40.25 0.69911594213045092 -4.92194215951
40.50 0.70221345280664171 -4.71229777458
40.75 0.70532038050263912 -4.71222849516
41.00 0.70843697833015451 -4.71215841667
41.25 0.71156350204645979 -4.71208835141
41.50 0.71470021015520846 -4.71201907067
41.75 0.71784736400909988 -4.71195130328
42.00 0.72100522791448773 -4.71188573407
42.25 0.72417406923802852 -4.71182300262
42.50 0.72735415851547003 -4.92421339214
43.50 0.74019252308203054 -4.71157097639
43.75 0.74343302899055930 -4.71153602077
44.00 0.74668647900714824 -4.92487112722
44.25 0.74995316909970178 -4.71148421204
44.50 0.75323339936572720 -4.92496212121
45.00 0.75983570225832975 -4.71145456678
45.25 0.76315839694289456 -4.92498475357
45.50 0.76649587620041937 -4.71146778830
46.00 0.77321648466098036 -4.71150702154
46.25 0.77660027458611014 -4.92480239468
46.50 0.78000017084346973 -4.96143083525
46.75 0.78341651711948912 -4.96117337077
47.00 0.78684966272995749 -4.96087616268
47.25 0.79029996279364645 -4.96053915672
47.50 0.79376777841097601 -4.96016229343
47.75 0.79725347684792980 -4.95974550891
48.00 0.80075743172543956 -4.95928873576
48.25 0.80428002321446923 -4.95879190402
48.50 0.80782163823703412 -4.95825494228
48.75 0.81138267067340353 -4.95767777894
49.00 0.81496352157574936 -4.95706034351
49.25 0.81856459938850701 -4.95640256809
49.50 0.82218632017573356 -4.95570438899
49.75 0.82582910785575958 -4.95496574843
50.00 0.82949339444344139 -4.95418659648
50.75 0.84061969456077290 -4.95160573419
51.00 0.84437446779034697 -4.95066426858
51.25 0.84815303050266300 -4.94968223645
51.50 0.85195586884736429 -4.94865968360
51.75 0.85578347900834917 -4.94759668160
52.00 0.85963636751982619 -4.94649333117
52.25 0.86351505159349251 -4.94534976572
52.50 0.86742005945732381 -4.94416615523
52.75 0.87135193070649397 -4.94294271020
53.00 0.87531121666696521 -4.94167968606
53.25 0.87929848077231665 -4.94037738765
53.50 0.88331429895441260 -4.93903617416
53.75 0.88735926004853483 -4.93765646417
54.00 0.89143396621364279 -4.93623874121
54.25 0.89553903336845653 -4.91013242952
54.50 0.89967509164409376 -4.71199146348
54.75 0.90384278585403033 -4.90795902649
55.00 0.90804277598219907 -4.71160028852
55.25 0.91227573769007742 -4.90556794322
55.50 0.91654236284366797 -4.71111000792
55.75 0.92084336006132139 -4.90294752103
56.00 0.92517945528340284 -4.71051439033
56.50 0.93395993369181618 -4.70980879730
56.75 0.93840586082334254 -4.70941387548
57.00 0.94288997515969897 -4.89533418952
57.25 0.94741309863831702 -4.70853945773
57.50 0.95197607445894206 -4.89185546291
59.50 0.99002339553454166 -4.70337229040
59.75 0.99498689590620693 -4.87413315416
60.25 1.0050639437111659 -4.70139125728
60.50 1.0101797939139427 -4.86857667700
60.75 1.0153487862282633 -4.86689923891
61.00 1.0205721581109972 -4.88776321021
61.25 1.0258511839050852 -4.88650680158
61.50 1.0311871763068714 -4.88538931912
61.75 1.0365814879045478 -4.88437506569
62.00 1.0420355127918348 -4.88342205897
62.25 1.0475506882612993 -4.88249238444
62.50 1.0531284965820111 -4.88155529552
62.75 1.0587704668665670 -4.88058673001
63.00 1.0644781770328475 -4.87956787998
63.25 1.0702532558662603 -4.87848381184
63.50 1.0760973851886237 -4.87732237664
63.75 1.0820123021402799 -4.87607340546
64.00 1.0879998015825072 -4.87472812886
64.25 1.0940617386278098 -4.87327875995
64.50 1.1002000313062268 -4.87171819383
64.75 1.1064166633763877 -4.87003978905
65.00 1.1127136872907215 -4.86823720735
65.25 1.1190932273249123 -4.86630429497
65.50 1.1255574828824770 -4.86423499431
65.75 1.1321087319861824 -4.86202327809
66.00 1.1387493349689228 -4.85966310088
66.25 1.1454817383776770 -4.85714836443
66.50 1.1523084791052536 -4.85780419646
66.75 1.1592321887657087 -4.85918941510
67.00 1.1662555983306084 -4.86085494522
67.25 1.1733815430447392 -4.86276213529
67.50 1.1806129676413906 -4.86492257318
67.75 1.1879529318790409 -4.86734898801
68.00 1.1954046164231349 -4.87005557018
68.25 1.2029713290986654 -4.87305828816
68.50 1.2106565115415191 -4.87637517572
68.75 1.2184637462790018 -4.88002655670
69.00 1.2263967642726714 -4.88403517122
69.25 1.2344594529595776 -4.88842616845
69.50 1.2426558648313226 -4.89322693656
70.50 1.2768661018621295 -4.91712877855
70.75 1.2857983717814927 -4.92443226684
71.00 1.2948927059181552 -4.93232382279
71.25 1.3041546076852373 -4.94082586762
71.50 1.3135898396745678 -4.94995445960
71.75 1.3232044396011293 -4.95971654894
72.00 1.3330047374615932 -4.97010596494
72.25 1.3429973740177321 -4.98109722347
72.50 1.3531893207273342 -4.99263612252
72.75 1.3635879012585173 -5.00462805058
73.00 1.3742008147382716 -5.01693277500
73.25 1.3850361609029067 -5.02938246632
73.50 1.3961024673370386 -5.04182009700
73.75 1.4074087190092159 -5.05412489866
74.00 1.4189643903365978 -5.06621140069
74.25 1.4307794800386300 -5.07808633500
74.50 1.4428645490710084 -5.08957311094
74.75 1.4552307619668963 -5.10068209822
75.50 1.4941379400594756 -5.13142574245
75.75 1.5077541156608558 -5.14070500526
76.00 1.5217180473945009 -5.14944423967
76.50 1.5507537964299845 -5.16516085762
76.75 1.5658605742718710 -5.17206368153
77.00 1.5813852119866876 -5.17827697268
78.00 1.6480958607190197 -5.19536421452
78.25 1.6660489144325314 -5.19745540132
78.50 1.6845675376176648 -5.19856774177
78.75 1.7036831833639368 -5.19864546595
79.00 1.7234297938777567 -5.19762350867
79.75 1.7868378553155890 -5.18727227770
80.50 1.8574471710024862 -5.16432183394
81.00 1.9092530122354845 -5.14075889219
81.25 1.9367771983277440 -5.12615868887
81.50 1.9654877006520655 -5.10950348446
82.25 2.0596822134404817 -5.04565160241
82.50 2.0941375407372735 -5.01913498051
82.75 2.1303392641794385 -4.98964804814
83.00 2.1684423371644423 -4.95693988327
83.25 2.2086216254199424 -4.92072762242
83.50 2.2510753219802888 -4.88069067566
83.75 2.2960291063410230 -4.83646362081
84.00 2.3437412473608381 -4.78762741811
84.25 2.3945089138952178 -4.73369844650
84.50 2.4486760461856742 -4.67411473961
84.75 2.5066432657105051 -4.60821852815
