5 0.22474786951272291 -0.0000000268121920 -0.0000000267485794 -0.0000000267481145 0.5868133023022818 0.5868133023039931 0.5868133405709532 0.5868133405726060 0.6550884697432870 0.6551133394602277 0.6551133568871247
5.25 0.23032811073355966 -0.0000000126352770 0.0000000138996343 0.0000000138996439 0.5861504088860844 0.5861504088961228 0.5861504128355720 0.5861504128417657 0.6461329470301838 0.6461351314661254 0.6461364173257301
5.50 0.23578063841929153 0.0000000017562392 0.0000000020032079 0.0000000020056675 0.5854911641875556 0.5854911642212411 0.5854911643919091 0.5854911644364847 0.6287276843123901 0.6287277075902071 0.6287277110435557
5.75 0.24111432303437602 -0.0000000029992790 -0.0000000012567939 -0.0000000012521508 0.5848253710642423 0.5848253719200058 0.5848253723166790 0.5848253727411712 0.6117464090319694 0.6117464279957023 0.6117464380193960
6.00 0.24633708657984518 -0.0000000018541968 -0.0000000010483269 -0.0000000010449051 0.5841428478912785 0.5841428540261100 0.5841428545226638 0.5841428568858599 0.5951673341763208 0.5951673681746370 0.5951673686984502
6.25 0.25145603955751983 -0.0000000086454055 0.0000000054164889 0.0000000054291123 0.5789478302578653 0.5789478584273473 0.5789478607196141 0.5830491001633891 0.5830491739134535 0.5830491923845986 0.5834333264927929
6.50 0.25647759350390792 -0.0000000013807048 0.0000000016742471 0.0000000016905475 0.5630508765203363 0.5630508883259937 0.5630508883923756 0.5678505931836881 0.5678506359666478 0.5678506366539954 0.5731420411643384
9.50 0.31083002290405076 0.0000000104672846 0.0000000965907280 0.0000003399177656 0.3891112052211750 0.3891123672373818 0.3891129887568417 0.4066205536855168 0.4066242168635346 0.4066253901626390 0.4254455346155390
9.75 0.31497130559833353 0.0000000000051730 0.0000007895297262 0.0000007895297262 0.0000008031735564 0.0000008031735564 0.3756072944878437 0.3756073499863412 0.3756110358447496 0.3944786397491999 0.3944788173361966
10.25 0.32311288880213562 -0.0000000016242619 0.0000015988494321 0.0000015991335685 0.3489447583469326 0.3489447591924960 0.3489502892801161 0.3706500518915520 0.3706500546658272 0.3706656204150351 0.3938517455180113
10.50 0.32711702879550453 -0.0000000010610094 0.0000022025888035 0.0000022027521496 0.3357806833536434 0.3357806837719621 0.3357872547961294 0.3589509868987283 0.3589509882843290 0.3589698147968175 0.3836702619737437
10.75 0.33107910932596624 -0.0000000013098795 0.0000030010613817 0.0000030011671076 0.3227247484042758 0.3227247486385440 0.3227324884203143 0.3473885766056100 0.3473885773869856 0.3474112240743691 0.3736503798307033
11.00 0.33500078657648524 0.0000000000388706 0.0000040440682130 0.0000040472836110 0.3097751143422894 0.3097751205433302 0.3097841518980892 0.3359583709073817 0.3359583916779842 0.3359854795612227 0.3637849198420444
11.25 0.33888362623650670 -0.0000000000000297 0.0000054130375663 0.0000054130375666 0.2969304849718624 0.2969304849718634 0.2969409777452645 0.3246563468762763 0.3246563468762764 0.3246887486130395 0.3540672174719105
11.50 0.34272911051981081 0.0000000061309215 0.0000071759369734 0.0000071759397568 0.2841899128716032 0.2841899128757586 0.2842020041260229 0.3134789667001820 0.3134789667140812 0.3135175876827124 0.3444910257993121
12.75 0.36144298565221100 -0.0000258110615392 -0.0000000341895481 -0.0000000341895479 0.2219301868441052 0.2219301868441057 0.2219551012159157 0.2594251902595228 0.2594251902595235 0.2595004683170790 0.2984787383366641
13.25 0.36871119640886968 -0.0000406080837988 0.0000000079446084 0.0000000079446093 0.1977520039017300 0.1977520039017335 0.1977891128832360 0.2386010411486627 0.2386010411486638 0.2387037663290915 0.2808693431136125
13.50 0.37230302199327187 -0.0000503480487991 -0.0000000252746862 -0.0000000252746849 0.1858194788418920 0.1858194788418940 0.1858657286113433 0.2283589177870130 0.2283589177870137 0.2284801165076318 0.2722137096204738
13.75 0.37586795042281695 -0.3688111994512546 -0.0699886584848954 -0.0211893501942100 -0.0211893501942095 -0.0105036297572883 -0.0105036297572870 0.0000000006365487 0.0000000006365509 0.0836930656215620 0.0836930656215626
14.00 0.37940689731182314 -0.0000749792635016 -0.0000000004225232 -0.0000000004225205 0.1622792292891960 0.1622792292891974 0.1623548291360687 0.2082190182906558 0.2082190182906566 0.2083930224502883 0.2551756358179072
14.25 0.38292074024700901 -0.0000898991999698 0.0000000103472681 0.0000000103472683 0.1506790282054470 0.1506790282054481 0.1507784905805284 0.1983258486952969 0.1983258486952970 0.1985385883208494 0.2467828281057783
14.50 0.38641032113921558 -0.0001061920997722 0.0000000021282227 0.0000000021282237 0.1391997298055614 0.1391997298055621 0.1393333538826887 0.1885559157156301 0.1885559157156311 0.1888203659517556 0.2384668720959201
14.75 0.38987644839447261 -0.0001230101402666 -0.0000000000033349 0.0000000000195914 0.1278501611080195 0.1278501611140371 0.1280337100395433 0.1789158009686067 0.1789158010518666 0.1792507860900849 0.2302218841072405
15.00 0.39331989892118169 -0.3073968097502163 -0.0453525650200355 -0.0304912581009093 -0.0304912581009075 -0.0149276934869110 -0.0149276934869107 0.0000000455242153 0.0000000455242155 0.0785295988177500 0.0785295988177505
15.25 0.39674141998838264 -0.0001503247828095 0.0000000012082002 0.0000000012082008 0.1055986257504209 0.1055986257504219 0.1059708617603515 0.1600686108929050 0.1600686108929072 0.1606421409735971 0.2139194214199003
15.50 0.40014173094847860 -0.0001523987602791 0.0000000000406827 0.0000000000497992 0.0947465188866120 0.0947465188872349 0.0952979850564935 0.1508978349034720 0.1508978349559823 0.1516760326970181 0.2058487200912765
15.75 0.40352152483640419 -0.2732147743065030 -0.0369958322501065 -0.0369958322501064 -0.0319830230304683 -0.0180001904242176 -0.0180001904242173 -0.0000000000201277 -0.0000000000201273 0.0754426427204455 0.0754426427204458
16.00 0.40688146985598445 -0.0000824369273299 -0.0000000001377109 -0.0000000001377107 0.0738469126954770 0.0738469126954772 0.0751721590891465 0.1332408657865345 0.1332408657865346 0.1347961802131285 0.1898413428754444
20.75 0.46769483265878409 -0.0860623760364713 -0.0582082363268679 -0.0582082363268674 -0.0315341300080217 -0.0240057198172659 -0.0000000034907267 -0.0000000034907259 0.0281464300485865 0.0281464300485882 0.0769189852250948
21.00 0.47076959408630886 0.0000000007476912 0.0179701764512575 0.0179701764512610 0.0305221146840964 0.0305221146841010 0.0574747357530671 0.0574747357530689 0.1141627243126044 0.1277451510729493 0.1277451510729751
21.25 0.47383462028142359 0.0000000000595718 0.0171921829934217 0.0171921829934226 0.0306149598144766 0.0306149598144776 0.0548845993462733 0.0548845993462737 0.1091948156514054 0.1298078715554551 0.1298078715554569
21.50 0.47689026630572684 0.0000000003942584 0.0166072506269269 0.0166072506269274 0.0295876131465254 0.0295876131465260 0.0532487235592329 0.0532487235592344 0.1044378573735789 0.1313006712965891 0.1313006712965918
21.75 0.47993687953036013 -0.0000000001173214 0.0162073411259946 0.0162073411259953 0.0273768421993468 0.0273768421993481 0.0526663060470181 0.0526663060470212 0.0998143939210307 0.1320406607725889 0.1320406607725981
22.00 0.48297479998608267 0.0000000000206393 0.0159783334708839 0.0159783334708840 0.0242108460176926 0.0242108460176938 0.0529459618318714 0.0529459618318721 0.0952510612245596 0.1319561091983545 0.1319561091983572
22.25 0.48600436069649899 0.0000000024861869 0.0159020835303352 0.0159020835303359 0.0204242091502152 0.0204242091502199 0.0537904237521154 0.0537904237521254 0.0906852625411507 0.1268286286872560 0.1311085888359700
22.50 0.48902588799549546 -0.0000000000325056 0.0159580446307366 0.0159580446307372 0.0162921488917968 0.0162921488917970 0.0549618388247366 0.0549618388247370 0.0860703808955604 0.1204600423213153 0.1269493658802072
22.75 0.49203970182987000 -0.0000000000525374 0.0120009601498063 0.0120009601498067 0.0161245700038956 0.0161245700038963 0.0563108625348960 0.0563108625348966 0.0813785781429028 0.1144584188957113 0.1224858579828548
23.00 0.49504611604806875 0.0000000001358776 0.0076721905773890 0.0076721905774867 0.0163798394002729 0.0163798394003177 0.0577518727556960 0.0577518727558744 0.0766008272880902 0.1088335241456836 0.1181623430929578
23.25 0.49804543867587991 -0.0000000000532682 0.0033872456943918 0.0033872456943943 0.0167026048678989 0.0167026048678995 0.0592378802583322 0.0592378802583370 0.0717448067101769 0.1035880974545465 0.1139793568592155
23.50 0.50103797217987622 -0.0007970127723571 -0.0000000002111069 -0.0000000002111064 0.0170727539585552 0.0170727539585563 0.0607445249542476 0.0607445249542480 0.0668316637075874 0.0987217941303032 0.1099346638281914
23.75 0.50402401371934424 0.0000000000344593 0.0000000003741556 0.0053487523541438 0.0275867240901944 0.0365249260772054 0.0457124378925910 0.0595652273729426 0.0637187978498985 0.0852593429177843 0.0943813137601318
24.00 0.50700385538738835 0.0000000000076271 0.0004002174210549 0.0004002174210553 0.0267845975879755 0.0267845975879766 0.0567109488394835 0.0567109488394861 0.0579097878450985 0.0734007180317416 0.0842422489781681
24.25 0.50997778444185260 0.0000000000129167 0.0045440703330420 0.0045440703330425 0.0274935292808321 0.0274935292808523 0.0574787862559874 0.0581530374003781 0.0581530374005896 0.0762964255181875 0.0893108962761223
24.50 0.51294608352666027 -0.0000000000650862 0.0083269754907982 0.0083269754907984 0.0278237221178877 0.0278237221178957 0.0568116497789261 0.0596100704163748 0.0596100704164073 0.0790726194509306 0.0944568973579291
24.75 0.51590903088413309 -0.0000000001382056 0.0117488659543574 0.0117488659543581 0.0278566849389758 0.0278566849389758 0.0559251436648859 0.0610795439581395 0.0610795439581402 0.0817283450826818 0.0995731131294124
25.00 0.51886690055881535 0.0000000005898064 0.0148131479239344 0.0148131479239352 0.0276526969520255 0.0276526969520257 0.0548350489567938 0.0625579336217097 0.0625579336217105 0.0842603591860659 0.1045677145758629
25.25 0.52181996259329522 0.0000000000230031 0.0175265424548759 0.0175265424548763 0.0272555736573239 0.0272555736573243 0.0535563140196651 0.0640414970418217 0.0640414970418234 0.0866622812563326 0.1093574318123656
25.50 0.52476848321648584 0.0000000014759191 0.0198986642200062 0.0198986642200097 0.0266972114261926 0.0266972114261937 0.0521032043796386 0.0655273431177014 0.0655273431177021 0.0889225273994784 0.1138606394249613
25.75 0.52771272502479782 -0.0000000001280246 0.0219414415928610 0.0219414415928629 0.0260013186311060 0.0260013186311080 0.0504893656157392 0.0670146628102329 0.0670146628102342 0.0910194509375647 0.1124831150623632
26.00 0.53065294715660993 -0.0000000002530570 0.0236685305717297 0.0236685305717301 0.0251864081449751 0.0251864081449758 0.0487278992585302 0.0685060115333831 0.0685060115333835 0.0929096433048470 0.1101801290872176
26.25 0.53358940546042311 -0.0000000003807404 0.0242681766600929 0.0242681766600940 0.0250949130969655 0.0250949130969661 0.0468312959826713 0.0700085354562215 0.0700085354562221 0.0944991071993379 0.1080603179188331
26.50 0.53652235265705239 0.0000000011978079 0.0232615374078071 0.0232615374078077 0.0262368723179837 0.0262368723179845 0.0448112941919038 0.0715350859715519 0.0715350859715529 0.0955806048468971 0.1063540703540645
26.75 0.53945203849620049 0.0000000008285103 0.0221824582719666 0.0221824582719671 0.0271125147371575 0.0271125147371592 0.0426786511521011 0.0731052763759644 0.0731052763759650 0.0957903394840290 0.1054489092751580
27.00 0.54237870990772830 -0.0000000001063024 0.0210498327880991 0.0210498327880995 0.0277430372427585 0.0277430372427594 0.0404430216726647 0.0747465688873426 0.0747465688873431 0.0948926488790703 0.1056079069028674
27.25 0.54530261114792489 -0.0000000003106065 0.0198875941199356 0.0198875941199359 0.0281549640733794 0.0281549640733805 0.0381134154809688 0.0764955125591018 0.0764955125591023 0.0931400271923759 0.1066139383303645
27.50 0.54822398394106098 -0.0000000004751445 0.0187274808359227 0.0187274808359241 0.0283836567475216 0.0283836567475338 0.0357005512328059 0.0783991000719819 0.0783991000719826 0.0909007260199245 0.1081482471634495
27.75 0.55114306761649301 0.0000000001968810 0.0176131821360721 0.0176131821360723 0.0284783799012576 0.0284783799012581 0.0332240987145528 0.0805156009422960 0.0805156009422972 0.0883647793014132 0.1100933515184431
28.00 0.55406009924157285 -0.0000000002746767 0.0166071027262195 0.0166071027262202 0.0285086465883324 0.0285086465883329 0.0307311299550953 0.0829125624112032 0.0829125624112037 0.0855866305054719 0.1118654201380902
28.25 0.55697531375060216 0.0000000000775187 0.0158015342538647 0.0158015342538668 0.0283371080643808 0.0285689643637467 0.0285689643637497 0.0825532193420454 0.0856554581932130 0.0856554581932137 0.1105931595693669
28.50 0.55988894407005929 0.0000000001561480 0.0153339771714742 0.0153339771714749 0.0262993267629121 0.0287710687832665 0.0287710687832668 0.0792365072969217 0.0887725207281670 0.0887725207281688 0.1092413036823554
28.75 0.56280122124031395 0.0000000001377875 0.0153934489450802 0.0153934489450805 0.0250889650972703 0.0291989886523471 0.0291989886523477 0.0756712382703955 0.0921808620063633 0.0921808620063642 0.1077784463993308
29.00 0.56571237453403433 0.0000000001438943 0.0161748499500687 0.0161748499500689 0.0252970552360922 0.0298192626962618 0.0298192626962621 0.0720553492974809 0.0956162177408744 0.0956162177408751 0.1062691434698430
29.25 0.56862263157148163 0.0000000001013433 0.0177597969325385 0.0177597969325386 0.0272355465314876 0.0304516724927841 0.0304516724927845 0.0687375540686237 0.0987190763279081 0.0987190763279090 0.1049497013047706
29.50 0.57153221843287527 0.0000000001648903 0.0200502518514750 0.0200502518514756 0.0306622875014384 0.0309118502026631 0.0309118502026643 0.0660111039542540 0.1012722370157103 0.1012722370157109 0.1041149550050560
29.75 0.57444135976800692 0.0000000002412638 0.0228559200581814 0.0228559200581816 0.0311430770118534 0.0311430770118538 0.0350543206895841 0.0639703584715005 0.1032789208602548 0.1032789208602554 0.1039156451818601
30.00 0.57735027890326807 -0.0000000009551341 0.0260017998539073 0.0260017998539076 0.0311880173368934 0.0311880173368937 0.0399645638010695 0.0625675943662666 0.1043314451974288 0.1048471893690748 0.1048471893690768
30.25 0.58025919794625369 0.0000000017755699 0.0293618230759783 0.0293618230759790 0.0311163211348341 0.0311163211348345 0.0451137527626915 0.0617097713489352 0.1052602985907452 0.1060902337347443 0.1060902337347452
30.50 0.58316833788809341 0.0000000002104035 0.0309888009245907 0.0309888009245912 0.0328513970795936 0.0328513970795947 0.0503459609542468 0.0613063068111012 0.1065880008718522 0.1070953665330721 0.1070953665330787
30.75 0.58607791870365555 -0.0000000006304150 0.0308497376033587 0.0308497376033594 0.0364139077230306 0.0364139077230324 0.0555754467873309 0.0612819050938910 0.1079242527184541 0.1079242527184809 0.1082162367538362
31.00 0.58898815944976501 -0.0000000001312277 0.0307289623669601 0.0307289623669606 0.0400106750648554 0.0400106750648564 0.0607533661758854 0.0615765132974021 0.1086197523231653 0.1086197523231665 0.1100681987790259
31.25 0.59189927836156764 -0.0000000004553489 0.0306456350844546 0.0306456350844558 0.0436146466149726 0.0436146466149763 0.0621423052170082 0.0658501025865102 0.1092119813945656 0.1092119813945707 0.1120863448155995
31.50 0.59481149294717062 0.0000000007907982 0.0306114872610161 0.0306114872610164 0.0472065079390286 0.0472065079390290 0.0629406512618598 0.0708463609583166 0.1097225763264345 0.1097225763264359 0.1142282943546114
31.75 0.59772502008068074 0.0000000008806805 0.0306331537455018 0.0306331537455019 0.0507722290662697 0.0507722290662717 0.0639397561030215 0.0757286356719804 0.1101674650835581 0.1101674650835586 0.1164630032192997
32.00 0.60064007609376124 0.0000000004355090 0.0307138033803538 0.0307138033803548 0.0543014922030987 0.0543014922030992 0.0651129725032670 0.0804869050886926 0.1105586578010370 0.1105586578010374 0.1187677113657722
32.25 0.60355687686581816 -0.0000000000754699 0.0308542386939659 0.0308542386939680 0.0577866495684726 0.0577866495684751 0.0664375981983498 0.0851134260346112 0.1109054016338437 0.1109054016338445 0.1201770307017922
32.50 0.60647563791293169 -0.0000000000781391 0.0310536563402127 0.0310536563402134 0.0612219896709171 0.0612219896709189 0.0678940175667101 0.0896020767287513 0.1112149557810278 0.1112149557810290 0.1212291382816317
32.75 0.60939657447563289 -0.0000000007468864 0.0313101642624848 0.0313101642624851 0.0646032349884199 0.0646032349884201 0.0694650976762281 0.0939480105711820 0.1114931028321662 0.1114931028321667 0.1223242224804264
33.00 0.61231990160563299 0.0000000002143114 0.0316211516388776 0.0316211516388782 0.0679271779598957 0.0679271779598971 0.0711357470832152 0.0981474831580830 0.1117445098215219 0.1117445098215225 0.1234571909002567
33.25 0.61524583425160395 0.0000000000854492 0.0319835340506869 0.0319835340506877 0.0711914218049352 0.0711914218049353 0.0728925757886666 0.1021977892090113 0.1119729722975218 0.1119729722975236 0.1246234056011955
33.50 0.61817458734410646 0.0000000000477890 0.0323939446030624 0.0323939446030628 0.0743941726639913 0.0743941726639919 0.0747236485772274 0.1060972392598870 0.1121816082159042 0.1121816082159055 0.1258186318632483
33.75 0.62110637587975959 -0.0358047291347135 -0.0000000061271768 -0.0000000061271762 0.0318770007140010 0.0318770007140042 0.0598401760887249 0.0898846248049688 0.0898846248049724 0.0950568574796840 0.0985326028880425
34.00 0.62404141500474464 -0.1965428916884132 -0.1277780063535389 -0.1277780063527998 -0.0875533862328187 -0.0875533862324003 0.0000000000090923 0.0000000000099402 0.0013870156652028 0.0013870156659444 0.0336035215068158
34.25 0.62697992009773107 -0.0365086762661273 -0.0000000000781141 -0.0000000000781128 0.0338746366399829 0.0338746366399838 0.0648412193929156 0.0902095313049728 0.0902095313049736 0.0968418707983224 0.1038935821171973
35.25 0.63877292046592293 -0.2010519337167360 -0.1211383143630069 -0.1211383143625576 -0.0877646968167495 -0.0877646968165143 -0.0067847593592797 -0.0067847593587477 -0.0000000018626340 -0.0000000018618512 0.0316448094403275
39.25 0.68681509448228206 -0.0498309922065523 -0.0000000023009494 -0.0000000023005722 0.0584497290464199 0.0584497290466907 0.0890603960437921 0.1010857009793111 0.1010857009793342 0.1099727148456982 0.1199973816148904
39.75 0.69294817202571524 -0.2128930048365713 -0.1036129688540465 -0.1036129688530450 -0.0851927588590774 -0.0851927588583090 -0.0250191224827750 -0.0250191224825249 0.0000000072086407 0.0000000072092183 0.0085717851258846
40.00 0.69602759790885060 -0.2133626679809896 -0.1030147130286411 -0.1030147130283507 -0.0849801380945833 -0.0849801380944101 -0.0255287681761749 -0.0255287681760735 -0.0000000000418347 -0.0000000000413752 0.0074702671974844
40.25 0.69911594213045092 -0.0525389978865159 -0.0000000001442606 -0.0000000001442601 0.0639179372145700 0.0639179372145719 0.0890568912014592 0.1033629168560105 0.1033629168560112 0.1117751766844813 0.1175049435471964
40.50 0.70221345280664171 -0.2142404154160052 -0.1019354737507490 -0.1019354737507319 -0.0845568687287749 -0.0845568687287649 -0.0264160794778694 -0.0264160794778646 -0.0000000000562562 -0.0000000000562340 0.0054014645412334
40.75 0.70532038050263912 -0.2146479952911238 -0.1014526730625278 -0.1014526730625269 -0.0843486386980231 -0.0843486386980226 -0.0267980118250617 -0.0267980118250599 0.0000000000188205 0.0000000000188216 0.0044372349038901
41.00 0.70843697833015451 -0.2150343451663151 -0.1010063633677493 -0.1010063633677486 -0.0841442784781578 -0.0841442784781570 -0.0271417792836084 -0.0271417792836071 0.0000000000589844 0.0000000000589856 0.0035216019428951
41.25 0.71156350204645979 -0.2153991778933639 -0.1005954043741850 -0.1005954043741839 -0.0839449786667024 -0.0839449786667017 -0.0274496916206458 -0.0274496916206453 -0.0000000001857463 -0.0000000001857452 0.0026557824967756
41.50 0.71470021015520846 -0.2157422010242219 -0.1002185971890072 -0.1002185971889600 -0.0837519151350925 -0.0837519151350430 -0.0277240770034650 -0.0277240770034557 0.0000000009379666 0.0000000009380438 0.0018408909709472
41.75 0.71784736400909988 -0.2160631251773958 -0.0998747098471710 -0.0998747098471530 -0.0835662452993614 -0.0835662452993481 -0.0279672740838385 -0.0279672740838353 0.0000000011638255 0.0000000011638463 0.0010779482348889
42.00 0.72100522791448773 -0.2163616817036349 -0.0995625079968706 -0.0995625079967057 -0.0833891078507457 -0.0833891078507135 -0.0281815960904110 -0.0281815960904097 -0.0000000076017124 -0.0000000076016104 0.0003678815701869
42.25 0.72417406923802852 -0.2166375230948671 -0.0992807134749594 -0.0992807134749326 -0.0832215584146665 -0.0832215584146405 -0.0283692629386624 -0.0283692629386580 -0.0002884314725624 0.0000000002855876 0.0000000002856232
42.50 0.72735415851547003 -0.0571757136746160 0.0000000008843832 0.0000000008843848 0.0762272075243641 0.0762272075243646 0.0874437189142638 0.1072850904876567 0.1072850904876582 0.1088374894213882 0.1088374894213888
43.50 0.74019252308203054 -0.2176675825358930 -0.0982874488056408 -0.0982874488054951 -0.0825626054574399 -0.0825626054573950 -0.0289801119016566 -0.0289801119016550 -0.0027392657470996 0.0000000001377546 0.0000000001378096
43.75 0.74343302899055930 -0.2178021632600760 -0.0981647301169308 -0.0981647301168566 -0.0824725511664405 -0.0824725511663867 -0.0290492519185314 -0.0290492519185237 -0.0030593315664343 -0.0000000031266072 -0.0000000031265789
44.00 0.74668647900714824 -0.0587780051701143 -0.0000000009135622 -0.0000000009135616 0.0832604147152432 0.0832604147152435 0.0865370951657799 0.1026849263424252 0.1026849263424257 0.1086520115359921 0.1086520115359925
44.25 0.74995316909970178 -0.2179984415890316 -0.0979887089787479 -0.0979887089787293 -0.0823395133406025 -0.0823395133405878 -0.0291455984254776 -0.0291455984254752 -0.0035260549957249 0.0000000002164373 0.0000000002164437
44.50 0.75323339936572720 -0.0590112657378534 -0.0000000002066043 -0.0000000002066018 0.0847363454091327 0.0847363454091350 0.0863930015025735 0.1013223184415471 0.1013223184415483 0.1088516810788976 0.1088516810788984
45.00 0.75983570225832975 -0.2181091380841655 -0.0978910140487734 -0.0978910140487347 -0.0822636041683016 -0.0822636041682684 -0.0291975779913502 -0.0291975779913433 -0.0037892030624507 -0.0000000000364772 -0.0000000000364682
45.25 0.76315839694289456 -0.0590697519237426 -0.0000000003911419 -0.0000000003910924 0.0851474252356862 0.0851474252357062 0.0863564164208638 0.1009390722803521 0.1009390722804261 0.1089017730873590 0.1089017730873603
45.50 0.76649587620041937 -0.2180599075039119 -0.0979343173118079 -0.0979343173113423 -0.0822974339844707 -0.0822974339835385 -0.0291746768248124 -0.0291746768233572 -0.0036721907092757 -0.0000000009579977 -0.0000000009569892
46.00 0.77321648466098036 -0.2179124858606009 -0.0980653513678491 -0.0980653513678144 -0.0823980154626502 -0.0823980154626205 -0.0291040624155519 -0.0291040624155090 -0.0033216900953927 -0.0000000000588194 -0.0000000000587911
46.25 0.77660027458611014 -0.0586037752496134 -0.0000000004297061 -0.0000000004297048 0.0822838904686642 0.0822838904686655 0.0866428013930555 0.1035743828907042 0.1035743828907055 0.1085029924086479 0.1085029924086486
46.50 0.78000017084346973 0.0000000006625573 0.0555049004113162 0.0555049004113166 0.1144565515084226 0.1144565515084237 0.1443747089569713 0.1475030755267885 0.1475030755267898 0.1675577020952281 0.1675577020952311
46.75 0.78341651711948912 -0.0000000016914058 0.0552772861709955 0.0552772861709965 0.1144597866612645 0.1144597866612656 0.1436648660446132 0.1470419497397112 0.1470419497397117 0.1671826327661977 0.1671826329241906
47.00 0.78684966272995749 0.0000000002155824 0.0550161002396343 0.0550161002396351 0.1144630103963258 0.1144630103963262 0.1428563773008782 0.1465093377273940 0.1465093377273949 0.1667524590206059 0.1667524594017175
47.25 0.79029996279364645 0.0000000001646909 0.0547219431890773 0.0547219431890785 0.1144660146900106 0.1144660146900112 0.1419531049297932 0.1459050809217544 0.1459050809217547 0.1662682395107003 0.1662682401561864
47.50 0.79376777841097601 -0.0000000021558704 0.0543954954330771 0.0543954954330795 0.1144685751070941 0.1144685751070944 0.1409590794522217 0.1452290467059820 0.1452290467059822 0.1657311540077019 0.1657311542465807
47.75 0.79725347684792980 -0.0000000002069433 0.0540375163122941 0.0540375163122946 0.1144704582968020 0.1144704582968040 0.1398784256400469 0.1444811360906775 0.1444811360906786 0.1651424951721206 0.1651424951745052
48.00 0.80075743172543956 -0.0000000000811662 0.0536488218355529 0.0536488218355546 0.1144714092278065 0.1144714092278070 0.1387152761501653 0.1436612816022867 0.1436612816022885 0.1645036362354195 0.1645036364203332
48.25 0.80428002321446923 0.0000000000974127 0.0532303043075379 0.0532303043075391 0.1144711692605467 0.1144711692605470 0.1374737429051748 0.1427694655649514 0.1427694655649519 0.1638160468669627 0.1638160469447070
48.50 0.80782163823703412 0.0000000000251591 0.0527829198469989 0.0527829198469994 0.1144694719085825 0.1144694719085847 0.1361578646219418 0.1418057154640133 0.1418057154640135 0.1630812705126202 0.1630812714599542
48.75 0.81138267067340353 0.0000000002210452 0.0523076892050009 0.0523076892050029 0.1144660482178372 0.1144660482178386 0.1347715802133365 0.1407701054911491 0.1407701054911500 0.1623009213888673 0.1623009218677664
49.00 0.81496352157574936 -0.0000000005850449 0.0518056942319643 0.0518056942319645 0.1144606269108072 0.1144606269108086 0.1333187075541136 0.1396627596601971 0.1396627596601981 0.1614766698676015 0.1614766702822922
49.25 0.81856459938850701 0.0000000000053296 0.0512780822115303 0.0512780822115309 0.1144529406484412 0.1144529406484413 0.1318029368704063 0.1384838465814627 0.1384838465814630 0.1606102424640283 0.1606102427172263
49.50 0.82218632017573356 -0.0000000001012062 0.0507260560533644 0.0507260560533646 0.1144427249026877 0.1144427249026887 0.1302278174244773 0.1372335733928669 0.1372335733928670 0.1597034051573263 0.1597034055803183
49.75 0.82582910785575958 0.0000000000157887 0.0501508823307546 0.0501508823307551 0.1144297224172854 0.1144297224172856 0.1285967673556072 0.1359121879844954 0.1359121879844963 0.1587579651082749 0.1587579652449260
50.00 0.82949339444344139 0.0000000002849144 0.0495538859115530 0.0495538859115542 0.1144136830815886 0.1144136830815887 0.1269130743301899 0.1345199653277419 0.1345199653277421 0.1577757588645768 0.1577757590587967
50.75 0.84061969456077290 -0.0000000002360215 0.0476461158184158 0.0476461158184187 0.1143449898031594 0.1143449898031594 0.1215772837847958 0.1299213726227369 0.1299213726227374 0.1546272792966539 0.1546272817588354
51.00 0.84437446779034697 0.0000000000907564 0.0469762934849067 0.0469762934849083 0.1143145027227723 0.1143145027227748 0.1197136819920385 0.1282489677142548 0.1282489677142560 0.1535168424628871 0.1535168425677191
51.25 0.84815303050266300 -0.0000000000426449 0.0462921935406628 0.0462921935406632 0.1142798819795307 0.1142798819795310 0.1178123384843263 0.1265073560196669 0.1265073560196679 0.1523791381836860 0.1523791388572730
51.50 0.85195586884736429 -0.0000000000572084 0.0455955199640763 0.0455955199640770 0.1142409389433872 0.1142409389433887 0.1158760341151527 0.1246968712587297 0.1246968712587298 0.1512161117466847 0.1512161119264217
51.75 0.85578347900834917 0.0000000001045290 0.0448880461402585 0.0448880461402595 0.1139075251738030 0.1141974939147824 0.1141974939147844 0.1228178366960706 0.1228178366960723 0.1500297161459550 0.1500297165979096
52.00 0.85963636751982619 -0.0000000003793936 0.0441716180018164 0.0441716180018174 0.1119095632307931 0.1141493723150920 0.1141493723150944 0.1208705629256588 0.1208705629256610 0.1488219162912371 0.1488219166158858
52.25 0.86351505159349251 0.0000000006818399 0.0434481611535484 0.0434481611535493 0.1098849213094006 0.1140964042552876 0.1140964042552877 0.1188553427729433 0.1188553427729447 0.1475946917164997 0.1475946917949768
52.50 0.86742005945732381 -0.0000000000157412 0.0427196763498139 0.0427196763498164 0.1078364045103809 0.1140384178706055 0.1140384178706076 0.1167724469997551 0.1167724469997566 0.1463500297265153 0.1463500305103656
52.75 0.87135193070649397 0.0000000000376017 0.0419882549160908 0.0419882549160908 0.1057668925427937 0.1139752398346007 0.1139752398346009 0.1146221242489351 0.1146221242489353 0.1450899421857917 0.1450899430207234
53.00 0.87531121666696521 -0.0000000000893286 0.0412560745983710 0.0412560745983720 0.1036793506439576 0.1124046021293605 0.1124046021293606 0.1139066853195234 0.1139066853195252 0.1438164562117553 0.1438164562498966
53.25 0.87929848077231665 0.0000000005571686 0.0405254074214134 0.0405254074214169 0.1015768618903452 0.1101200768460689 0.1101200768460708 0.1138325581679882 0.1138325581679886 0.1425316225950449 0.1425316226364637
53.50 0.88331429895441260 0.0000000001579372 0.0397986232353316 0.0397986232353318 0.0994626577733354 0.1077687274293879 0.1077687274293890 0.1137526360047885 0.1137526360047887 0.1412375213561880 0.1412375216958439
53.75 0.88735926004853483 0.0000000004800667 0.0390781977498281 0.0390781977498290 0.0973401509687717 0.1053507064582283 0.1053507064582294 0.1136666694851477 0.1136666694851479 0.1395714511758049 0.1399362701617522
54.00 0.89143396621364279 0.0000000000017522 0.0383667117900604 0.0383667117900613 0.0952129671534758 0.1028661503450301 0.1028661503450321 0.1135743680383114 0.1135743680383118 0.1371623051658324 0.1386300247332227
54.25 0.89553903336845653 -0.0396860165965659 0.0000000000569871 0.0000000000569873 0.0405400628806359 0.0405400628806371 0.0773059630479332 0.0926057964813082 0.0926057964813089 0.1015629924084685 0.1184757593048307
54.50 0.89967509164409376 -0.2018833098053396 -0.1198705506837045 -0.1198705506834440 -0.0877398855127237 -0.0877398855126369 -0.0082679004816403 -0.0082679004814232 0.0000000000343792 0.0000000000348285 0.0306403717448742
54.75 0.90384278585403033 -0.0384744389601645 -0.0000000001049395 -0.0000000001049379 0.0382244037236729 0.0382244037236736 0.0736213113485334 0.0916303683595348 0.0916303683595361 0.1000801529114205 0.1140869970301782
55.00 0.90804277598219907 -0.2001979176969047 -0.1224298356665558 -0.1224298356665543 -0.0877687319110368 -0.0877687319110348 -0.0052493928199145 -0.0052493928199124 -0.0000000000202417 -0.0000000000202383 0.0324903317875976
55.25 0.91227573769007742 -0.0374062631362143 0.0000000002987887 0.0000000002987911 0.0359973807693268 0.0359973807693280 0.0694524493723132 0.0908142142523987 0.0908142142524001 0.0985105256042831 0.1090850430300319
55.50 0.91654236284366797 -0.1984195695862338 -0.1250735078595194 -0.1250735078595185 -0.0877098424758158 -0.0877098424758151 -0.0020271918344458 -0.0020271918344441 0.0000000001293267 0.0000000001293274 0.0335600489818416
55.75 0.92084336006132139 -0.0365086787903682 0.0000000000849400 0.0000000000849423 0.0338746340818035 0.0338746340818041 0.0648412170711505 0.0902095295789195 0.0902095295789216 0.0968418680945177 0.1038935808258267
56.00 0.92517945528340284 -0.1965428815847787 -0.1277779995996952 -0.1277779995996945 -0.0875533811842133 -0.0875533811842126 0.0000000001139694 0.0000000001139705 0.0013870164594321 0.0013870164594324 0.0336035195322698
56.50 0.93395993369181618 -0.1945619609706092 -0.1305158282500194 -0.1305158282497784 -0.0872885830473858 -0.0872885830472797 0.0000000004607724 0.0000000004615678 0.0049794906925130 0.0049794906931116 0.0325478976133948
56.75 0.93840586082334254 -0.1935305349207531 -0.1318873732346480 -0.1318873732346221 -0.0871118652698713 -0.0871118652698593 0.0000000001552784 0.0000000001553783 0.0068377331075367 0.0068377331075915 0.0316479773604449
57.00 0.94288997515969897 -0.0351417054167148 0.0000000001039722 0.0000000001045106 0.0291805412761451 0.0291805412765727 0.0517637788563358 0.0901411177007362 0.0901411177009166 0.0902423189110182 0.0921040705054840
57.25 0.94741309863831702 -0.1913822372308144 -0.1346128212644921 -0.1346128212644649 -0.0866615586027960 -0.0866615586027724 0.0000000012029646 0.0000000012030123 0.0106674576243079 0.0106674576243335 0.0292629829864014
57.50 0.95197607445894206 -0.0349567165683921 0.0000000000482084 0.0000000000482117 0.0276470437858730 0.0276470437858751 0.0461581146231834 0.0846276855660738 0.0898950002637712 0.0910393703803393 0.0910393703803635
59.50 0.99002339553454166 -0.1803149864017805 -0.1452596760833791 -0.1452596760828619 -0.0826129294384500 -0.0826129294380996 0.0000000060838770 0.0000000060844859 0.0147137420739974 0.0164223386644079 0.0164223386645742
59.75 0.99498689590620693 -0.0349692161385490 0.0000000002148343 0.0000000002148350 0.0253636975186619 0.0253636975186641 0.0301341076670001 0.0637844576243354 0.0773442872857598 0.0898928322442576 0.0898928322442604
60.25 1.0050639437111659 -0.1763481742122900 -0.1472963357081849 -0.1472963357080193 -0.0802859762974513 -0.0802859762973321 0.0000000043145322 0.0000000043146937 0.0098876697534093 0.0098876697534348 0.0102218406730207
60.50 1.0101797939139427 -0.0351934281096738 -0.0000000000060594 -0.0000000000060592 0.0258209890414306 0.0258209890414319 0.0326467084310908 0.0616593645339736 0.0748484358322458 0.0871569159076622 0.0871569159076625
60.75 1.0153487862282633 -0.0354237174841923 -0.0000000077946362 -0.0000000077946360 0.0258594115241175 0.0258594115241181 0.0331486779078086 0.0614876211207473 0.0744445475350714 0.0864838644443724 0.0864838644443738
61.00 1.0205721581109972 0.0000000000655819 0.0161748491562747 0.0161748491562760 0.0252970535849505 0.0298192612286179 0.0298192612286191 0.0720553492128060 0.0956162072039019 0.0956162072039021 0.1062691496976770
61.25 1.0258511839050852 -0.0000000003172189 0.0153934476584474 0.0153934476584476 0.0250889635391904 0.0291989866699996 0.0291989866700014 0.0756712371611561 0.0921808519860463 0.0921808519860484 0.1077784511594888
61.50 1.0311871763068714 -0.0000000001254065 0.0153339762200864 0.0153339762200865 0.0262993259831961 0.0287710659679673 0.0287710659679673 0.0792365057254885 0.0887725100351442 0.0887725100351443 0.1092413089874971
61.75 1.0365814879045478 -0.0000000002804853 0.0158015335761271 0.0158015335761282 0.0283371080379903 0.0285689607329652 0.0285689607329662 0.0825532176380066 0.0856554458717949 0.0856554458717952 0.1105931651849484
62.00 1.0420355127918348 -0.0000000002638425 0.0166071023425087 0.0166071023425099 0.0285086423132959 0.0285086423132967 0.0307311312440762 0.0829125528058689 0.0829125528058691 0.0855866273680966 0.1118654240675993
62.25 1.0475506882612993 -0.0000000001060320 0.0176131815464416 0.0176131815464417 0.0284783749436325 0.0284783749436352 0.0332241002956368 0.0805155898702745 0.0805155898702747 0.0883647763765393 0.1100933419935320
62.50 1.0531284965820111 0.0000000002922793 0.0187274816389571 0.0187274816389578 0.0283836509295850 0.0283836509295881 0.0357005556885484 0.0783990897427769 0.0783990897427780 0.0909007225108633 0.1081482391864194
62.75 1.0587704668665670 0.0000000000531787 0.0198875944524629 0.0198875944524637 0.0281549574280066 0.0281549574280089 0.0381134193550391 0.0764955002770952 0.0764955002770964 0.0931400229314718 0.1066139289827440
63.00 1.0644781770328475 -0.0000000005885117 0.0210498324164728 0.0210498324164730 0.0277430300621326 0.0277430300621340 0.0404430246340599 0.0747465558904377 0.0747465558904382 0.0948926434366469 0.1056078972299515
63.25 1.0702532558662603 0.0000000002606381 0.0221824577788845 0.0221824577788849 0.0271125062994847 0.0271125062994857 0.0426786558197284 0.0731052646240429 0.0731052646240437 0.0957903302594243 0.1054489036226735
63.50 1.0760973851886237 -0.0000000000914956 0.0232615361053412 0.0232615361053438 0.0262368635351635 0.0262368635351650 0.0448112975974251 0.0715350737464083 0.0715350737464099 0.0955805942499579 0.1063540656167592
63.75 1.0820123021402799 -0.0000000002653899 0.0242681772833135 0.0242681772833156 0.0250949025392776 0.0250949025392815 0.0468313047185015 0.0700085240378374 0.0700085240378397 0.0944990945725483 0.1080603180092564
64.00 1.0879998015825072 0.0000000000070046 0.0236685198089565 0.0236685198089582 0.0251864087439590 0.0251864087439593 0.0487279076204173 0.0685059994780920 0.0685059994780923 0.0929096308059759 0.1101801281090944
64.25 1.0940617386278098 -0.0000000004576075 0.0219414308843056 0.0219414308843068 0.0260013182220321 0.0260013182220324 0.0504893712341894 0.0670146494690831 0.0670146494690834 0.0910194384609389 0.1124831117484072
64.50 1.1002000313062268 -0.0000000005545260 0.0198986531392345 0.0198986531392350 0.0266972091928197 0.0266972091928219 0.0521032052135717 0.0655273285515702 0.0655273285515707 0.0889225140946448 0.1138606189407266
64.75 1.1064166633763877 0.0000000002365820 0.0175265299983847 0.0175265299983864 0.0272555737928997 0.0272555737929010 0.0535563208135197 0.0640414832926679 0.0640414832926700 0.0866622683413523 0.1093574099380994
65.00 1.1127136872907215 -0.0000000001837098 0.0148131348407504 0.0148131348407505 0.0276526963547052 0.0276526963547054 0.0548350548800005 0.0625579198396784 0.0625579198396791 0.0842603459747568 0.1045676917458752
65.25 1.1190932273249123 -0.0000000002084464 0.0117488519663491 0.0117488519663496 0.0278566847747013 0.0278566847747025 0.0559251516188288 0.0610795312105897 0.0610795312105903 0.0817283324513998 0.0995730897065295
65.50 1.1255574828824770 -0.0000000001859375 0.0083269603712397 0.0083269603712401 0.0278237219532335 0.0278237219532341 0.0568116578515359 0.0596100576201348 0.0596100576201364 0.0790726063286639 0.0944568733103165
65.75 1.1321087319861824 -0.0000000001216411 0.0045440548240734 0.0045440548240742 0.0274935286498448 0.0274935286498450 0.0574787940726335 0.0581530246423444 0.0581530246423459 0.0762964128008949 0.0893108723538333
66.00 1.1387493349689228 -0.0000000000027695 0.0004002012883092 0.0004002012883093 0.0267845966599485 0.0267845966599485 0.0567109367652800 0.0567109367652803 0.0579097964776463 0.0734007058170161 0.0842422251112480
66.25 1.1454817383776770 -0.0041011925853687 -0.0000000000547604 -0.0000000000547600 0.0255911163685696 0.0255911163685709 0.0552847714073378 0.0552847714073384 0.0580867019409856 0.0703843948846860 0.0793779387801779
66.50 1.1523084791052536 0.0000000000114362 0.0000000003033378 0.0015387983523120 0.0201601390160022 0.0205324410939288 0.0568074695007946 0.0606409133088274 0.0669402628796739 0.0951485882654484 0.1150358861144811
66.75 1.1592321887657087 -0.0000000000104340 0.0033872533802329 0.0033872533802338 0.0167026035026213 0.0167026035026242 0.0592378719147377 0.0592378719147401 0.0717448277228135 0.1035881069251518 0.1139793702768584
67.00 1.1662555983306084 0.0000000003851317 0.0076721976471526 0.0076721976471552 0.0163798384792944 0.0163798384792966 0.0577518647892465 0.0577518647892527 0.0766008480647250 0.1088335351979613 0.1181623570156178
67.25 1.1733815430447392 0.0000000007972952 0.0120009671827896 0.0120009671827905 0.0161245701686833 0.0161245701686834 0.0563108551229539 0.0563108551229550 0.0813785989897199 0.1144584320094554 0.1224858727926020
67.50 1.1806129676413906 -0.0000000000600545 0.0159580442895495 0.0159580442895502 0.0162921541838597 0.0162921541838617 0.0549618310823690 0.0549618310823700 0.0860703994138570 0.1204600556723417 0.1269493795384577
67.75 1.1879529318790409 -0.0000000000292067 0.0159020800107234 0.0159020800107235 0.0204242097048821 0.0204242097048838 0.0537904140967152 0.0537904140967167 0.0906852780282064 0.1268286415480628 0.1311085796899806
68.00 1.1954046164231349 -0.0000000003215419 0.0159783338989470 0.0159783338989484 0.0242108469892999 0.0242108469893015 0.0529459562894818 0.0529459562894840 0.0952510785614401 0.1319560997432861 0.1319560997432875
68.25 1.2029713290986654 0.0000000002075642 0.0162073426002575 0.0162073426002597 0.0273768423991081 0.0273768423991151 0.0526663020789087 0.0526663020789263 0.0998144103568098 0.1320406472725969 0.1320406472726361
68.50 1.2106565115415191 -0.0000000000107090 0.0166072519099464 0.0166072519099468 0.0295876093710968 0.0295876093710976 0.0532487213566536 0.0532487213566552 0.1044378729651860 0.1313006546506834 0.1313006546506854
68.75 1.2184637462790018 -0.0000000009690578 0.0171921839767910 0.0171921839767928 0.0306149529500654 0.0306149529500688 0.0548845983505722 0.0548845983505779 0.1091948302157185 0.1298078522453033 0.1298078522453288
69.00 1.2263967642726714 0.0000000000372413 0.0179701780810451 0.0179701780810460 0.0305221064358872 0.0305221064358911 0.0574747357556315 0.0574747357556331 0.1141627399424105 0.1277451302715563 0.1277451302715716
69.25 1.2344594529595776 0.0000000001257129 0.0189406795316362 0.0189406795316363 0.0295895835189179 0.0295895835189208 0.0607038216909645 0.0607038216909655 0.1194161979648940 0.1253401153350684 0.1253401153350687
69.50 1.2426558648313226 -0.0000000000710697 0.0200916581257415 0.0200916581257418 0.0281064870250195 0.0281064870250201 0.0642496345168260 0.0642496345168267 0.1228175501720763 0.1228175501720779 0.1250204473258178
70.50 1.2768661018621295 0.0000000000813112 0.0198804316234276 0.0198804316234285 0.0257084576971866 0.0257084576971869 0.0778597939880797 0.0778597939880803 0.1155855158543941 0.1155855158543947 0.1465570764893250
70.75 1.2857983717814927 -0.0000000007490052 0.0176511649665084 0.0176511649665095 0.0270263814092680 0.0270263814092698 0.0806568516962187 0.0806568516962195 0.1154473305759655 0.1154473305759659 0.1413015618215277
71.00 1.2948927059181552 -0.0000000001806805 0.0154386576904937 0.0154386576904941 0.0281503858000817 0.0281503858000825 0.0831508510273527 0.0831508510273548 0.1163270500339515 0.1163270500339523 0.1304837843186816
71.25 1.3041546076852373 0.0000000000943295 0.0132687676968120 0.0132687676968127 0.0290315159604264 0.0290315159604267 0.0853653567068892 0.0853653567068901 0.1183449409459746 0.1183449409459753 0.1189063884445605
71.50 1.3135898396745678 0.0000000000257329 0.0111628217511204 0.0111628217511215 0.0296739621449665 0.0296739621449668 0.0873568639181252 0.0873568639181275 0.1068028894202025 0.1215540125027642 0.1215540125027659
71.75 1.3232044396011293 -0.0000000001136173 0.0091400314221171 0.0091400314221177 0.0301558073273695 0.0301558073273719 0.0892192168519988 0.0892192168520006 0.0944039125645216 0.1259203698371283 0.1259203698371288
72.00 1.3330047374615932 -0.0000000000037044 0.0072208966539031 0.0072208966539042 0.0306470074654312 0.0306470074654325 0.0820815297658745 0.0910929879303804 0.0910929879303825 0.1228525759538203 0.1313142110238530
72.25 1.3429973740177321 -0.0000000000347163 0.0054330641870052 0.0054330641870053 0.0314320690658965 0.0314320690658972 0.0704630620095645 0.0931833526545297 0.0931833526545306 0.1180757002897765 0.1375185771178648
72.50 1.3531893207273342 0.0000000006287233 0.0038207282533589 0.0038207282533602 0.0329394796442517 0.0329394796442521 0.0605538632282806 0.0957837017129345 0.0957837017129349 0.1142730192953442 0.1442731452891733
72.75 1.3635879012585173 -0.0000000000685583 0.0024522244110854 0.0024522244110856 0.0357313063926507 0.0357313063926517 0.0537215674180440 0.0992704358032307 0.0992704358032310 0.1121683224790547 0.1513661794812309
73.00 1.3742008147382716 -0.0000000000902097 0.0014022044083348 0.0014022044083348 0.0403200013474576 0.0403200013474589 0.0511861495294779 0.1039815290163852 0.1039815290163857 0.1124859246687395 0.1587097263489737
73.25 1.3850361609029067 0.0000000005212249 0.0006937847924017 0.0006937847924021 0.0468210095156788 0.0468210095156874 0.0531147740085777 0.1099908817073465 0.1099908817073502 0.1154375315418791 0.1662834743877361
73.50 1.3961024673370386 -0.0000000000965759 0.0002690026395014 0.0002690026395017 0.0548833667800492 0.0548833667800511 0.0585255084909537 0.1170693872959291 0.1170693872959313 0.1205680535797487 0.1740381103415461
73.75 1.4074087190092159 0.0000000002016231 0.0000357883751085 0.0000357883751093 0.0640178002829934 0.0640178002829966 0.0661780979981492 0.1249006512655405 0.1249006512655422 0.1271992648151653 0.1819060899759333
74.00 1.4189643903365978 -0.0000824367921724 -0.0000000000298073 -0.0000000000298066 0.0738469126587138 0.0738469126587145 0.0751721578659526 0.1332408509271124 0.1332408509271133 0.1347961640175324 0.1898413175255378
74.25 1.4307794800386300 0.0000000200025138 0.0001369739024984 0.0001369739025001 0.0848059656879317 0.0848463298202338 0.0848463298202349 0.1411059215306368 0.1411059215306369 0.1421805475623695 0.1991047371128994
74.50 1.4428645490710084 0.0000000169167532 0.0001533165099381 0.0001533165099385 0.0954420770485601 0.0954428248260105 0.0954428248260111 0.1502642868678131 0.1502642868678137 0.1511151580694240 0.2068616946393207
74.75 1.4552307619668963 -0.0000001875598482 0.0001506362567265 0.0001506362567270 0.1062419647943050 0.1062419647943084 0.1062625493999554 0.1595735039993600 0.1595735039993652 0.1602516380839958 0.2147173735512992
75.50 1.4941379400594756 0.0000000018775343 0.0001062802790616 0.0001062802790617 0.1396307611650979 0.1396307611650980 0.1396683666704094 0.1882980138206962 0.1882980138206969 0.1886536521615370 0.2388511298271218
75.75 1.5077541156608558 -0.0000000003125866 0.0000899568469905 0.0000899568654954 0.1510448678579343 0.1510448678785269 0.1510818268265179 0.1981152778967586 0.1981152779419781 0.1984051421673477 0.2470826579663118
76.00 1.5217180473945009 0.0000000221780780 0.0000750283314393 0.0000750283314398 0.1625865721159876 0.1625865721159882 0.1626217821736624 0.2080466978875201 0.2080466978875206 0.2082840917535757 0.2554090068990625
76.50 1.5507537964299845 0.0000000055094244 0.0000503375339297 0.0000503375339300 0.1860307988962413 0.1860307988962419 0.1860610959761340 0.2282436144753796 0.2282436144753810 0.2284049593834677 0.2723538672917211
76.75 1.5658605742718710 0.0000000000006002 0.0000406214625529 0.0000406214625531 0.1979251529595784 0.1979251529595789 0.1979527868383436 0.2385070384468259 0.2385070384468268 0.2386408449412284 0.2809774117530825
77.00 1.5813852119866876 0.0000000138401497 0.0000325098948230 0.0000325098948273 0.2099302507483013 0.2099302507483045 0.2099552564012674 0.2488801684681225 0.2488801684681343 0.2489915206340397 0.2897057132034925
78.00 1.6480958607190197 -0.0000000005733180 0.0000122583170481 0.0000122583170494 0.2590193516827182 0.2590193516827198 0.2590351138430458 0.2914857584121990 0.2914857584121997 0.2915405023690625 0.3257402592232158
78.25 1.6660489144325314 0.0000000003695229 0.0000093531075016 0.0000093839829525 0.2715527412563444 0.2715527824946389 0.2715665417099196 0.3024230872141018 0.3024232239725590 0.3024689218852588 0.3350504087209263
78.50 1.6845675376176648 -0.0000000020407455 0.0000031612009222 0.0000051645101627 0.2841802517692003 0.2841832470484995 0.2841889521356925 0.3134843053882320 0.3134943113504357 0.3135121358595601 0.3444866683970574
78.75 1.7036831833639368 -0.0000000108566333 0.0000049088405389 0.0000051555108221 0.2969292485093485 0.2969296656315409 0.2969392612614281 0.3246569801517357 0.3246583783392571 0.3246879051752026 0.3540666390843198
79.00 1.7234297938777567 0.0000000005844979 0.0000040506768228 0.0000040508569824 0.3097750952150813 0.3097750955625289 0.3097841395499149 0.3359583147481733 0.3359583159119340 0.3359854436651392 0.3637848632441374
79.75 1.7868378553155890 -0.0000014237964943 0.0000000001105799 0.0000000886742109 0.3489369469263401 0.3489372524574622 0.3489414475783403 0.3706545182985574 0.3706553793669336 0.3706692849550101 0.3938487581035610
80.50 1.8574471710024862 -0.0000000545749553 -0.0000000000020532 0.0000002590995372 0.3891107835373375 0.3891121860898211 0.3891122814999113 0.4066207079908185 0.4066245115971190 0.4066254302518502 0.4254453287800772
81.00 1.9092530122354845 -0.0000002732867992 -0.0000000047145883 -0.0000000038722729 0.4164908811333529 0.4164908872893224 0.4164926601482588 0.4313913469553747 0.4313913633812235 0.4313967677221349 0.4474747737027242
81.25 1.9367771983277440 -0.0000000737514429 0.0000000000114662 0.0000000538763827 0.4303778363531890 0.4303782924842695 0.4303788260155320 0.4440367580577579 0.4440379667971359 0.4440397166278677 0.4588112504869464
81.50 1.9654877006520655 -0.0000000820147207 0.0000000367887124 0.0000000372729393 0.4444043233012681 0.4444043280334444 0.4444054067959478 0.4568687278368928 0.4568687402966012 0.4568719003674581 0.4703780532661638
82.25 2.0596822134404817 -0.0000000028767951 0.0000000221723207 0.0000000249312515 0.4874184787328644 0.4874185176322191 0.4874188634893808 0.4965958598770072 0.4965959598043861 0.4965968979517670 0.5066033487657324
82.50 2.0941375407372735 -0.0000000173562639 0.0000000006079946 0.0000000008801052 0.5021068576704293 0.5021068617927430 0.5021071362424498 0.5102943925356682 0.5102944029720071 0.5102951121841394 0.5192407681258109
82.75 2.1303392641794385 0.0000000119376763 0.0000000223601436 0.0000000226000278 0.5169947642832580 0.5169947679521164 0.5169949357007051 0.5242482327843221 0.5242482418488006 0.5242486465988360 0.5321905176797715
83.00 2.1684423371644423 -0.0000000043141932 0.0000000016668322 0.0000000017898296 0.5321002474307379 0.5321002490890314 0.5321003414027909 0.5384769361902157 0.5384769400805308 0.5384771340717646 0.5454742107338072
83.25 2.2086216254199424 -0.0000000012827195 0.0000000014815827 0.0000000018106800 0.5474442119531232 0.5474442144790747 0.5474442482294235 0.5530026576213040 0.5530026623891070 0.5530027034858782 0.5591158162630180
83.50 2.2510753219802888 -0.0000000039738916 -0.0000000029549912 -0.0000000025567463 0.5630507641187972 0.5630507734788921 0.5630507744224905 0.5678504854841653 0.5678505101751913 0.5678505199499809 0.5731419346926858
83.75 2.2960291063410230 -0.0000000005669385 0.0000000002224335 0.0000000002878573 0.5789477213325859 0.5789477253480430 0.5789477284393114 0.5830489883187295 0.5830490362480336 0.5830490456057960 0.5834333497132572
84.00 2.3437412473608381 0.0000000233476525 0.0000000237895962 0.0000000237898668 0.5841428777526037 0.5841428842421063 0.5841428842443234 0.5841428869095913 0.5951672147746755 0.5951672497581942 0.5951672497810514
84.25 2.3945089138952178 0.0000000045985891 0.0000000047154822 0.0000000047578683 0.5848253828037178 0.5848253838769478 0.5848253841465089 0.5848253847476185 0.6117462752225177 0.6117462993359128 0.6117463069545037
84.50 2.4486760461856742 0.0000000141296599 0.0000000142505549 0.0000000142506817 0.5854911818642953 0.5854911818647922 0.5854911821337011 0.5854911821343743 0.6287275506452912 0.6287275798002794 0.6287275798561639
84.75 2.5066432657105051 -0.0000001206737011 -0.0000001098966585 -0.0000001098966425 0.5861502985411525 0.5861502985558519 0.5861503035166670 0.5861503035249971 0.6461318956457974 0.6461349658380378 0.6461355761725670
