5 0.22474786951272291
5.25 0.23032811073355966
5.50 0.23578063841929153
5.75 0.24111432303437602
6.00 0.24633708657984518
6.25 0.25145603955751983
6.50 0.25647759350390792
9.50 0.31083002290405076
9.75 0.31497130559833353
10.25 0.32311288880213562
10.50 0.32711702879550453
10.75 0.33107910932596624
11.00 0.33500078657648524
11.25 0.33888362623650670
11.50 0.34272911051981081
12.75 0.36144298565221100
13.25 0.36871119640886968
13.50 0.37230302199327187
13.75 0.37586795042281695
14.00 0.37940689731182314
14.25 0.38292074024700901
14.50 0.38641032113921558
14.75 0.38987644839447261
15.00 0.39331989892118169
15.25 0.39674141998838264
15.50 0.40014173094847860
15.75 0.40352152483640419
16.00 0.40688146985598445
20.75 0.46769483265878409
21.00 0.47076959408630886
21.25 0.47383462028142359
21.50 0.47689026630572684
21.75 0.47993687953036013
22.00 0.48297479998608267
22.25 0.48600436069649899
22.50 0.48902588799549546
22.75 0.49203970182987000
23.00 0.49504611604806875
23.25 0.49804543867587991
23.50 0.50103797217987622
23.75 0.50402401371934424
24.00 0.50700385538738835
24.25 0.50997778444185260
24.50 0.51294608352666027
24.75 0.51590903088413309
25.00 0.51886690055881535
25.25 0.52181996259329522
25.50 0.52476848321648584
25.75 0.52771272502479782
26.00 0.53065294715660993
26.25 0.53358940546042311
26.50 0.53652235265705239
26.75 0.53945203849620049
27.00 0.54237870990772830
27.25 0.54530261114792489
27.50 0.54822398394106098
27.75 0.55114306761649301
28.00 0.55406009924157285
28.25 0.55697531375060216
28.50 0.55988894407005929
28.75 0.56280122124031395
29.00 0.56571237453403433
29.25 0.56862263157148163
29.50 0.57153221843287527
29.75 0.57444135976800692
30.00 0.57735027890326807
30.25 0.58025919794625369
30.50 0.58316833788809341
30.75 0.58607791870365555
31.00 0.58898815944976501
31.25 0.59189927836156764
31.50 0.59481149294717062
31.75 0.59772502008068074
32.00 0.60064007609376124
32.25 0.60355687686581816
32.50 0.60647563791293169
32.75 0.60939657447563289
33.00 0.61231990160563299
33.25 0.61524583425160395
33.50 0.61817458734410646
33.75 0.62110637587975959
34.00 0.62404141500474464
34.25 0.62697992009773107
35.25 0.63877292046592293
39.25 0.68681509448228206
39.75 0.69294817202571524
40.00 0.69602759790885060
40.25 0.69911594213045092
40.50 0.70221345280664171
40.75 0.70532038050263912
41.00 0.70843697833015451
41.25 0.71156350204645979
41.50 0.71470021015520846
41.75 0.71784736400909988
42.00 0.72100522791448773
42.25 0.72417406923802852
42.50 0.72735415851547003
43.50 0.74019252308203054
43.75 0.74343302899055930
44.00 0.74668647900714824
44.25 0.74995316909970178
44.50 0.75323339936572720
45.00 0.75983570225832975
45.25 0.76315839694289456
45.50 0.76649587620041937
46.00 0.77321648466098036
46.25 0.77660027458611014
46.50 0.78000017084346973
46.75 0.78341651711948912
47.00 0.78684966272995749
47.25 0.79029996279364645
47.50 0.79376777841097601
47.75 0.79725347684792980
48.00 0.80075743172543956
48.25 0.80428002321446923
48.50 0.80782163823703412
48.75 0.81138267067340353
49.00 0.81496352157574936
49.25 0.81856459938850701
49.50 0.82218632017573356
49.75 0.82582910785575958
50.00 0.82949339444344139
50.75 0.84061969456077290
51.00 0.84437446779034697
51.25 0.84815303050266300
51.50 0.85195586884736429
51.75 0.85578347900834917
52.00 0.85963636751982619
52.25 0.86351505159349251
52.50 0.86742005945732381
52.75 0.87135193070649397
53.00 0.87531121666696521
53.25 0.87929848077231665
53.50 0.88331429895441260
53.75 0.88735926004853483
54.00 0.89143396621364279
54.25 0.89553903336845653
54.50 0.89967509164409376
54.75 0.90384278585403033
55.00 0.90804277598219907
55.25 0.91227573769007742
55.50 0.91654236284366797
55.75 0.92084336006132139
56.00 0.92517945528340284
56.50 0.93395993369181618
56.75 0.93840586082334254
57.00 0.94288997515969897
57.25 0.94741309863831702
57.50 0.95197607445894206
59.50 0.99002339553454166
59.75 0.99498689590620693
60.25 1.0050639437111659
60.50 1.0101797939139427
60.75 1.0153487862282633
61.00 1.0205721581109972
61.25 1.0258511839050852
61.50 1.0311871763068714
61.75 1.0365814879045478
62.00 1.0420355127918348
62.25 1.0475506882612993
62.50 1.0531284965820111
62.75 1.0587704668665670
63.00 1.0644781770328475
63.25 1.0702532558662603
63.50 1.0760973851886237
63.75 1.0820123021402799
64.00 1.0879998015825072
64.25 1.0940617386278098
64.50 1.1002000313062268
64.75 1.1064166633763877
65.00 1.1127136872907215
65.25 1.1190932273249123
65.50 1.1255574828824770
65.75 1.1321087319861824
66.00 1.1387493349689228
66.25 1.1454817383776770
66.50 1.1523084791052536
66.75 1.1592321887657087
67.00 1.1662555983306084
67.25 1.1733815430447392
67.50 1.1806129676413906
67.75 1.1879529318790409
68.00 1.1954046164231349
68.25 1.2029713290986654
68.50 1.2106565115415191
68.75 1.2184637462790018
69.00 1.2263967642726714
69.25 1.2344594529595776
69.50 1.2426558648313226
70.50 1.2768661018621295
70.75 1.2857983717814927
71.00 1.2948927059181552
71.25 1.3041546076852373
71.50 1.3135898396745678
71.75 1.3232044396011293
72.00 1.3330047374615932
72.25 1.3429973740177321
72.50 1.3531893207273342
72.75 1.3635879012585173
73.00 1.3742008147382716
73.25 1.3850361609029067
73.50 1.3961024673370386
73.75 1.4074087190092159
74.00 1.4189643903365978
74.25 1.4307794800386300
74.50 1.4428645490710084
74.75 1.4552307619668963
75.50 1.4941379400594756
75.75 1.5077541156608558
76.00 1.5217180473945009
76.50 1.5507537964299845
76.75 1.5658605742718710
77.00 1.5813852119866876
78.00 1.6480958607190197
78.25 1.6660489144325314
78.50 1.6845675376176648
78.75 1.7036831833639368
79.00 1.7234297938777567
79.75 1.7868378553155890
80.50 1.8574471710024862
81.00 1.9092530122354845
81.25 1.9367771983277440
81.50 1.9654877006520655
82.25 2.0596822134404817
82.50 2.0941375407372735
82.75 2.1303392641794385
83.00 2.1684423371644423
83.25 2.2086216254199424
83.50 2.2510753219802888
83.75 2.2960291063410230
84.00 2.3437412473608381
84.25 2.3945089138952178
84.50 2.4486760461856742
84.75 2.5066432657105051
