5.0 0.22474786951272291 -0.0845187 -0.0845232 -0.586879
6.0 0.24633708657984518 -0.0485299 -0.0485475 -0.5844453
7.0 0.26625119958804888 -0.0174508 -0.0175063 -0.5819345
8.0 0.28485310431016619 0.0102102 -0.0001926 -0.579008
9.0 0.30239593556098865 0.0347985 -0.0004398 -0.5754608
10.0 0.31906493487798943 0.0542797 -0.0009354 -0.5712151
11.0 0.33500078657648524 0.0602581 -0.001818 -0.5663064
12.0 0.35031356184872481 0.0478911 -0.0032827 -0.5608623
13.0 0.36509151747647400 0.0261011 -0.005621 -0.5550761
14.0 0.37940689731182314 -0.0002838 -0.010975 -0.5491781
15.0 0.39331989892118169 -0.0298052 -0.0394643 -0.5434107
16.0 0.40688146985598445 -0.0618344 -0.0738114 -0.5380077
17.0 0.42013533111630319 -0.0959651 -0.1105487 -0.53318
18.0 0.43311947504735931 -0.1318551 -0.149167 -0.5291058
19.0 0.44586729660476643 -0.1691672 -0.1892611 -0.5259281
20.0 0.45840846314364242 -0.2075187 -0.2304484 -0.5237663
21.0 0.47076959408630886 -0.2463896 -0.2723267 -0.5227992
22.0 0.48297479998608267 -0.2848629 -0.3144077 -0.5237638
23.0 0.49504611604806875 -0.3207767 -0.3560597 -0.5315151
24.0 0.50700385538738835 -0.3480118 -0.3975626 -0.58349
25.0 0.51886690055881535 -0.3442944 -0.4044694 -0.6040014
26.0 0.53065294715660993 -0.344589 -0.4062892 -0.6026641
27.0 0.54237870990772830 -0.3456287 -0.4077203 -0.6002047
28.0 0.55406009924157285 -0.3464834 -0.4087506 -0.5967214
29.0 0.56571237453403433 -0.3467641 -0.4093525 -0.592228
30.0 0.57735027890326807 -0.3462503 -0.4094997 -0.5868606
31.0 0.58898815944976501 -0.3448584 -0.4091733 -0.5809054
32.0 0.60064007609376124 -0.3426449 -0.4083538 -0.574786
33.0 0.61231990160563299 -0.3397964 -0.4070028 -0.5690128
34.0 0.62404141500474464 -0.3366017 -0.4050448 -0.5640919
35.0 0.63581839018712483 -0.3334032 -0.4023641 -0.5603711
36.0 0.64766468140925815 -0.3305125 -0.3988323 -0.5578252
37.0 0.65959430708758449 -0.3280988 -0.3943705 -0.5558945
38.0 0.67162153325915808 -0.3261213 -0.389017 -0.5535941
39.0 0.68376095798003989 -0.3243788 -0.3829607 -0.5499663
40.0 0.69602759790885060 -0.3226576 -0.3765284 -0.5445984
41.0 0.70843697833015451 -0.3208816 -0.3701481 -0.5378204
42.0 0.72100522791448773 -0.3191568 -0.3643114 -0.5305197
43.0 0.73374917958905994 -0.3176978 -0.3595473 -0.5238621
44.0 0.74668647900714824 -0.316722 -0.3563891 -0.5191097
45.0 0.75983570225832975
46.0 0.77321648466098036 -0.316722 -0.3563891 -0.5191097
47.0 0.78684966272995749 -0.3176978 -0.3595473 -0.5238621
48.0 0.80075743172543956 -0.3191568 -0.3643114 -0.5305197
49.0 0.81496352157574936 -0.3208816 -0.3701481 -0.5378204
50.0 0.82949339444344139 -0.3226576 -0.3765284 -0.5445984
51.0 0.84437446779034697 -0.3243788 -0.3829607 -0.5499663
52.0 0.85963636751982619 -0.3261213 -0.389017 -0.5535941
53.0 0.87531121666696521 -0.3280987 -0.3943705 -0.5558945
54.0 0.89143396621364279 -0.3305125 -0.3988323 -0.5578252
55.0 0.90804277598219907 -0.3334032 -0.4023641 -0.5603711
56.0 0.92517945528340284 -0.3366016 -0.4050448 -0.5640919
57.0 0.94288997515969897 -0.3397964 -0.4070028 -0.5690128
58.0 0.96122506680355879 -0.3426449 -0.4083537 -0.574786
59.0 0.98024092421724396 -0.3448584 -0.4091733 -0.5809054
60.0 1.0000000336490449 -0.3462503 -0.4094997 -0.5868606
61.0 1.0205721581109972 -0.3467641 -0.4093525 -0.592228
62.0 1.0420355127918348 -0.3464834 -0.4087506 -0.5967214
63.0 1.0644781770328475 -0.3456287 -0.4077202 -0.6002047
64.0 1.0879998015825072 -0.344589 -0.4062892 -0.6026641
65.0 1.1127136872907215 -0.3442944 -0.4044694 -0.6040014
66.0 1.1387493349689228 -0.3480118 -0.3975625 -0.5834899
67.0 1.1662555983306084 -0.3207767 -0.3560597 -0.531515
68.0 1.1954046164231349 -0.2848628 -0.3144077 -0.5237638
69.0 1.2263967642726714 -0.2463896 -0.2723267 -0.5227992
70.0 1.2594669489559134 -0.2075186 -0.2304483 -0.5237663
71.0 1.2948927059181552 -0.1691671 -0.1892611 -0.5259281
72.0 1.3330047374615932 -0.1318551 -0.149167 -0.5291058
73.0 1.3742008147382716 -0.095965 -0.1105487 -0.53318
74.0 1.4189643903365978 -0.0618344 -0.0738114 -0.5380077
75.0 1.4678899319530556 -0.0298051 -0.0394643 -0.5434107
76.0 1.5217180473945009 -0.0002838 -0.010975 -0.5491781
77.0 1.5813852119866876 0.0261011 -0.005621 -0.5550761
78.0 1.6480958607190197 0.0478911 -0.0032827 -0.5608623
79.0 1.7234297938777567 0.0602581 -0.001818 -0.5663064
80.0 1.8095073443210954 0.0542797 -0.0009354 -0.5712151
81.0 1.9092530122354845 0.0347985 -0.0004398 -0.5754608
82.0 2.0268354180156947 0.0102102 -0.0001926 -0.579008
83.0 2.1684423371644423 -0.0174508 -0.0175063 -0.5819345
84.0 2.3437412473608381 -0.0485298 -0.0485475 -0.5844453
85.0 2.5688804782633659 -0.0845187 -0.0845232 -0.586879
