5.0 0.22474786951272291 -0.95913 -0.95796 -0.73558 -0.73551 -0.20612 -0.16659 -0.16494 0.06975 0.66535 0.66620 1.61839 1.71013 .00165
6.0 0.24633708657984518 -0.93361 -0.91827 -0.72013 -0.72006 -0.20694 -0.20579 -0.16066 0.05949 0.61940 0.62147 1.41893 1.53543 .04513
7.0 0.26625119958804888 -0.91547 -0.88287 -0.70633 -0.70547 -0.24110 -0.20417 -0.15538 0.05278 0.58122 0.58535 1.26140 1.40125 .04879
8.0 0.28485310431016619 -0.90291 -0.85190 -0.69368 -0.69055 -0.27088 -0.20113 -0.14894 0.04774 0.54868 0.55589 1.13238 1.29365 .05219
9.0 0.30239593556098865 -0.89459 -0.82586 -0.68190 -0.67409 -0.29744 -0.19659 -0.14126 0.04322 0.52035 0.53177 1.02389 1.20429 .05533
10.0 0.31906493487798943 -0.88953 -0.80518 -0.67087 -0.65526 -0.32156 -0.19049 -0.13231 0.03848 0.49525 0.51202 0.93086 1.12788 .05818
11.0 0.33500078657648524 -0.88694 -0.78970 -0.66050 -0.63393 -0.34373 -0.18278 -0.12210 0.03311 0.47273 0.49589 0.84995 1.06095 .06068
12.0 0.35031356184872481 -0.88623 -0.77867 -0.65072 -0.61072 -0.36427 -0.17341 -0.11071 0.02691 0.45230 0.48267 0.77893 1.00115 .06270
13.0 0.36509151747647400 -0.88692 -0.77102 -0.64149 -0.58662 -0.38332 -0.16232 -0.09822 0.01984 0.43366 0.47161 0.71637 0.94685 .06410
14.0 0.37940689731182314 -0.88864 -0.76576 -0.63274 -0.56266 -0.40082 -0.14948 -0.08478 0.01199 0.41658 0.46178 0.66154 0.89693 .06470
15.0 0.39331989892118169 -0.89109 -0.76214 -0.62440 -0.53995 -0.41645 -0.13484 -0.07054 0.00353 0.40090 0.45181 0.61449 0.85059 .06430
16.0 0.40688146985598445 -0.89406 -0.75959 -0.61641 -0.51996 -0.42923 -0.11838 -0.05579 -0.00519 0.38648 0.43973 0.57613 0.80723 .06259
17.0 0.42013533111630319 -0.89737 -0.75772 -0.60872 -0.50555 -0.43663 -0.10008 -0.04151 -0.01313 0.37325 0.42317 0.54792 0.76643 .05857
18.0 0.43311947504735931 -0.90092 -0.75627 -0.60126 -0.50085 -0.43473 -0.07996 -0.03391 -0.01403 0.36111 0.40102 0.53021 0.72788 .04605
19.0 0.44586729660476643 -0.90463 -0.75502 -0.59397 -0.50557 -0.42394 -0.05811 -0.03953 -0.00127 0.35003 0.37461 0.52097 0.69131 .01858
20.0 0.45840846314364242 -0.90850 -0.75380 -0.58678 -0.51501 -0.40901 -0.03463 -0.04862 0.01549 0.34002 0.34629 0.51721 0.65654 -.01399
21.0 0.47076959408630886 -0.91256 -0.75241 -0.57960 -0.52626 -0.39291 -0.00972 -0.05825 0.03351 0.31776 0.33116 0.51657 0.62341 -.04853
22.0 0.48297479998608267 -0.91694 -0.75039 -0.57217 -0.53836 -0.37662 0.01634 -0.06779 0.05276 0.28992 0.32381 0.51737 0.59189 -.08413
23.0 0.49504611604806875 -0.92162 -0.74623 -0.56364 -0.55122 -0.35992 0.04326 -0.07654 0.07516 0.26334 0.31919 0.51795 0.56227 -.11980
24.0 0.50700385538738835 -0.92441 -0.73116 -0.56382 -0.54935 -0.33955 0.07157 -0.08448 0.11953 0.23997 0.32375 0.51212 0.53626 -.15605
25.0 0.51886690055881535 -0.92359 -0.72492 -0.56843 -0.54223 -0.32261 0.06265 -0.10226 0.15418 0.22818 0.35807 0.51048 0.51140 -.16491
26.0 0.53065294715660993 -0.92539 -0.72703 -0.57530 -0.53942 -0.30875 0.05100 -0.11501 0.15411 0.22834 0.38750 0.49178 0.51950 -.16601
27.0 0.54237870990772830 -0.92684 -0.72929 -0.58186 -0.53660 -0.29533 0.03974 -0.12666 0.14517 0.23740 0.40387 0.48885 0.52844 -.16640
28.0 0.55406009924157285 -0.92748 -0.73138 -0.58748 -0.53366 -0.28230 0.02866 -0.13768 0.13383 0.25040 0.40007 0.50882 0.53771 -.16634
29.0 0.56571237453403433 -0.92720 -0.73325 -0.59195 -0.53059 -0.26974 0.01768 -0.14814 0.12288 0.26482 0.38601 0.54170 0.54711 -.16582
30.0 0.57735027890326807 -0.92602 -0.73487 -0.59527 -0.52743 -0.25776 0.00679 -0.15807 0.11331 0.27969 0.36969 0.55641 0.57935 -.16486
31.0 0.58898815944976501 -0.92407 -0.73619 -0.59753 -0.52417 -0.24652 -0.00399 -0.16743 0.10535 0.29462 0.35370 0.56539 0.61901 -.16344
32.0 0.60064007609376124 -0.92152 -0.73718 -0.59890 -0.52084 -0.23614 -0.01462 -0.17618 0.09895 0.30949 0.33891 0.57378 0.65960 -.16156
33.0 0.61231990160563299 -0.91861 -0.73775 -0.59960 -0.51746 -0.22672 -0.02504 -0.18426 0.09387 0.32429 0.32569 0.58134 0.70047 -.15922
34.0 0.62404141500474464 -0.91559 -0.73786 -0.59988 -0.51406 -0.21830 -0.03525 -0.19160 0.08980 0.31425 0.33905 0.58780 0.74108 -.15635
35.0 0.63581839018712483 -0.91269 -0.73745 -0.60001 -0.51071 -0.21080 -0.04529 -0.19813 0.08637 0.30477 0.35385 0.59293 0.78086 -.15284
36.0 0.64766468140925815 -0.91014 -0.73650 -0.60024 -0.50750 -0.20405 -0.05525 -0.20380 0.08323 0.29734 0.36872 0.59655 0.81921 -.14855
37.0 0.65959430708758449 -0.90809 -0.73503 -0.60076 -0.50451 -0.19777 -0.06522 -0.20857 0.08014 0.29195 0.38361 0.59858 0.85550 -.14335
38.0 0.67162153325915808 -0.90655 -0.73314 -0.60162 -0.50183 -0.19166 -0.07526 -0.21246 0.07703 0.28842 0.39836 0.59908 0.88912 -.13720
39.0 0.68376095798003989 -0.90547 -0.73099 -0.60275 -0.49954 -0.18547 -0.08533 -0.21551 0.07400 0.28643 0.41266 0.59825 0.91950 -.13018
40.0 0.69602759790885060 -0.90473 -0.72880 -0.60401 -0.49769 -0.17907 -0.09532 -0.21777 0.07121 0.28555 0.42611 0.59636 0.94615 -.12245
41.0 0.70843697833015451 -0.90424 -0.72677 -0.60526 -0.49629 -0.17242 -0.10509 -0.21936 0.06877 0.28534 0.43829 0.59373 0.96863 -.11427
42.0 0.72100522791448773 -0.90393 -0.72506 -0.60639 -0.49530 -0.16551 -0.11450 -0.22042 0.06678 0.28544 0.44872 0.59079 0.98653 -.10592
43.0 0.73374917958905994 -0.90376 -0.72380 -0.60728 -0.49464 -0.15842 -0.12340 -0.22107 0.06531 0.28563 0.45684 0.58802 0.99955 -.09767
44.0 0.74668647900714824 -0.90368 -0.72302 -0.60785 -0.49427 -0.15151 -0.13140 -0.22142 0.06440 0.28577 0.46205 0.58603 1.00746 -.09002
45.0 0.75983570225832975
46.0 0.77321648466098036 -0.90368 -0.72302 -0.60785 -0.49427 -0.15151 -0.13140 -0.22142 0.06440 0.28577 0.46205 0.58603 1.00746 -.09002
47.0 0.78684966272995749 -0.90376 -0.72380 -0.60728 -0.49464 -0.15842 -0.12340 -0.22107 0.06531 0.28563 0.45684 0.58802 0.99955 -.09767
48.0 0.80075743172543956 -0.90393 -0.72506 -0.60639 -0.49530 -0.16551 -0.11450 -0.22042 0.06678 0.28544 0.44872 0.59079 0.98653 -.10592
49.0 0.81496352157574936 -0.90424 -0.72677 -0.60526 -0.49629 -0.17242 -0.10509 -0.21936 0.06877 0.28534 0.43829 0.59373 0.96863 -.11427
50.0 0.82949339444344139 -0.90473 -0.72880 -0.60401 -0.49769 -0.17907 -0.09532 -0.21777 0.07121 0.28555 0.42611 0.59636 0.94615 -.12245
51.0 0.84437446779034697 -0.90547 -0.73099 -0.60275 -0.49954 -0.18547 -0.08533 -0.21551 0.07400 0.28643 0.41266 0.59825 0.91950 -.13018
52.0 0.85963636751982619 -0.90655 -0.73314 -0.60162 -0.50183 -0.19166 -0.07526 -0.21246 0.07703 0.28842 0.39836 0.59908 0.88912 -.13720
53.0 0.87531121666696521 -0.90809 -0.73503 -0.60076 -0.50451 -0.19777 -0.06522 -0.20857 0.08014 0.29195 0.38361 0.59858 0.85550 -.14335
54.0 0.89143396621364279 -0.91014 -0.73650 -0.60024 -0.50750 -0.20405 -0.05525 -0.20380 0.08323 0.29734 0.36872 0.59655 0.81921 -.14855
55.0 0.90804277598219907 -0.91269 -0.73745 -0.60001 -0.51071 -0.21080 -0.04529 -0.19813 0.08637 0.30477 0.35385 0.59293 0.78086 -.15284
56.0 0.92517945528340284 -0.91559 -0.73786 -0.59988 -0.51406 -0.21830 -0.03525 -0.19160 0.08980 0.31425 0.33905 0.58780 0.74108 -.15635
57.0 0.94288997515969897 -0.91861 -0.73775 -0.59960 -0.51746 -0.22672 -0.02504 -0.18426 0.09387 0.32429 0.32569 0.58134 0.70047 -.15922
58.0 0.96122506680355879 -0.92152 -0.73718 -0.59890 -0.52084 -0.23614 -0.01462 -0.17618 0.09895 0.30949 0.33891 0.57378 0.65960 -.16156
59.0 0.98024092421724396 -0.92407 -0.73619 -0.59753 -0.52417 -0.24652 -0.00399 -0.16743 0.10535 0.29462 0.35370 0.56539 0.61901 -.16344
60.0 1.0000000336490449 -0.92602 -0.73487 -0.59527 -0.52743 -0.25776 0.00679 -0.15807 0.11331 0.27969 0.36969 0.55641 0.57935 -.16486
61.0 1.0205721581109972 -0.92720 -0.73325 -0.59195 -0.53059 -0.26974 0.01768 -0.14814 0.12288 0.26482 0.38601 0.54170 0.54711 -.16582
62.0 1.0420355127918348 -0.92748 -0.73138 -0.58748 -0.53366 -0.28230 0.02866 -0.13768 0.13383 0.25040 0.40007 0.50882 0.53771 -.16634
63.0 1.0644781770328475 -0.92684 -0.72929 -0.58186 -0.53660 -0.29533 0.03974 -0.12666 0.14517 0.23740 0.40387 0.48885 0.52844 -.16640
64.0 1.0879998015825072 -0.92539 -0.72703 -0.57530 -0.53942 -0.30875 0.05100 -0.11501 0.15411 0.22834 0.38750 0.49178 0.51950 -.16601
65.0 1.1127136872907215 -0.92359 -0.72492 -0.56843 -0.54223 -0.32261 0.06265 -0.10226 0.15418 0.22818 0.35807 0.51048 0.51140 -.16491
66.0 1.1387493349689228 -0.92441 -0.73116 -0.56382 -0.54935 -0.33955 0.07157 -0.08448 0.11953 0.23997 0.32375 0.51212 0.53626 -.15605
67.0 1.1662555983306084 -0.92162 -0.74623 -0.56364 -0.55122 -0.35992 0.04326 -0.07654 0.07516 0.26334 0.31919 0.51795 0.56227 -.11980
68.0 1.1954046164231349 -0.91694 -0.75039 -0.57217 -0.53836 -0.37662 0.01634 -0.06779 0.05276 0.28992 0.32381 0.51737 0.59189 -.08413
69.0 1.2263967642726714 -0.91256 -0.75241 -0.57960 -0.52626 -0.39291 -0.00972 -0.05825 0.03351 0.31776 0.33116 0.51657 0.62341 -.04853
70.0 1.2594669489559134 -0.90850 -0.75380 -0.58678 -0.51501 -0.40901 -0.03463 -0.04862 0.01549 0.34002 0.34629 0.51721 0.65654 -.01399
71.0 1.2948927059181552 -0.90463 -0.75502 -0.59397 -0.50557 -0.42394 -0.05811 -0.03953 -0.00127 0.35003 0.37461 0.52097 0.69131 .01858
72.0 1.3330047374615932 -0.90092 -0.75627 -0.60126 -0.50085 -0.43473 -0.07996 -0.03391 -0.01403 0.36111 0.40102 0.53021 0.72788 .04605
73.0 1.3742008147382716 -0.89737 -0.75772 -0.60872 -0.50555 -0.43663 -0.10008 -0.04151 -0.01313 0.37325 0.42317 0.54792 0.76643 .05857
74.0 1.4189643903365978 -0.89406 -0.75959 -0.61641 -0.51996 -0.42923 -0.11838 -0.05579 -0.00519 0.38648 0.43973 0.57613 0.80723 .06259
75.0 1.4678899319530556 -0.89109 -0.76214 -0.62440 -0.53995 -0.41645 -0.13484 -0.07054 0.00353 0.40090 0.45181 0.61449 0.85059 .06430
76.0 1.5217180473945009 -0.88864 -0.76576 -0.63274 -0.56266 -0.40082 -0.14948 -0.08478 0.01199 0.41658 0.46178 0.66154 0.89693 .06470
77.0 1.5813852119866876 -0.88692 -0.77102 -0.64149 -0.58662 -0.38332 -0.16232 -0.09822 0.01984 0.43366 0.47161 0.71637 0.94685 .06410
78.0 1.6480958607190197 -0.88623 -0.77867 -0.65072 -0.61072 -0.36427 -0.17341 -0.11071 0.02691 0.45230 0.48267 0.77893 1.00115 .06270
79.0 1.7234297938777567 -0.88694 -0.78970 -0.66050 -0.63393 -0.34373 -0.18278 -0.12210 0.03311 0.47273 0.49589 0.84995 1.06095 .06068
80.0 1.8095073443210954 -0.88953 -0.80518 -0.67087 -0.65526 -0.32156 -0.19049 -0.13231 0.03848 0.49525 0.51202 0.93086 1.12788 .05818
81.0 1.9092530122354845 -0.89459 -0.82586 -0.68190 -0.67409 -0.29744 -0.19659 -0.14126 0.04322 0.52035 0.53177 1.02389 1.20428 .05533
82.0 2.0268354180156947 -0.90291 -0.85190 -0.69368 -0.69055 -0.27088 -0.20113 -0.14894 0.04774 0.54868 0.55589 1.13238 1.29364 .05219
83.0 2.1684423371644423 -0.91547 -0.88287 -0.70633 -0.70547 -0.24110 -0.20417 -0.15538 0.05278 0.58122 0.58535 1.26140 1.40125 .04879
84.0 2.3437412473608381 -0.93361 -0.91827 -0.72013 -0.72006 -0.20694 -0.20579 -0.16066 0.05949 0.61940 0.62147 1.41893 1.53543 .04513
85.0 2.5688804782633659 -0.95913 -0.95796 -0.73558 -0.73551 -0.20612 -0.16659 -0.16494 0.06975 0.66535 0.66620 1.61839 1.71013 .00165
