5.0 0.22474786951272291 -4.09144840737
6.0 0.24633708657984518 -4.58988068912
7.0 0.26625119958804888 -4.94478523844
8.0 0.28485310431016619 -5.20237849864
9.0 0.30239593556098865 -5.38996353462
10.0 0.31906493487798943 -5.52498358932
11.0 0.33500078657648524 -5.61926815932
12.0 0.35031356184872481 -5.68121122683
13.0 0.36509151747647400 -5.71697779429
14.0 0.37940689731182314 -5.73121900865
15.0 0.39331989892118169 -5.72752202788
16.0 0.40688146985598445 -5.70870815488
17.0 0.42013533111630319 -5.67704020636
18.0 0.43311947504735931 -5.63437501478
19.0 0.44586729660476643 -5.58228622870
20.0 0.45840846314364242 -5.52218314317
21.0 0.47076959408630886 -5.45547263147
22.0 0.48297479998608267 -5.38390790442
23.0 0.49504611604806875 -5.31077163177
24.0 0.50700385538738835 -5.24833533174
25.0 0.51886690055881535 -5.23035033839
26.0 0.53065294715660993 -5.22028308738
27.0 0.54237870990772830 -5.20950454993
28.0 0.55406009924157285 -5.19719302793
29.0 0.56571237453403433 -5.18340162003
30.0 0.57735027890326807 -5.16842452107
31.0 0.58898815944976501 -5.15264494869
32.0 0.60064007609376124 -5.13648476422
33.0 0.61231990160563299 -5.12038296742
34.0 0.62404141500474464 -5.10477875954
35.0 0.63581839018712483 -5.09008531054
36.0 0.64766468140925815 -5.07664936272
37.0 0.65959430708758449 -5.06470896016
38.0 0.67162153325915808 -5.05437608206
39.0 0.68376095798003989 -5.04565847509
40.0 0.69602759790885060 -5.03850170974
41.0 0.70843697833015451 -5.03282287788
42.0 0.72100522791448773 -5.02852994198
43.0 0.73374917958905994 -5.02553559703
44.0 0.74668647900714824 -5.02376927510
45.0 0.75983570225832975
46.0 0.77321648466098036 -5.02376927941
47.0 0.78684966272995749 -5.02553560564
48.0 0.80075743172543956 -5.02852995486
49.0 0.81496352157574936 -5.03282289498
50.0 0.82949339444344139 -5.03850173100
51.0 0.84437446779034697 -5.04565850044
52.0 0.85963636751982619 -5.05437611142
53.0 0.87531121666696521 -5.06470899344
54.0 0.89143396621364279 -5.07664939982
55.0 0.90804277598219907 -5.09008535134
56.0 0.92517945528340284 -5.10477880391
57.0 0.94288997515969897 -5.12038301523
58.0 0.96122506680355879 -5.13648481533
59.0 0.98024092421724396 -5.15264500302
60.0 1.0000000336490449 -5.16842457854
61.0 1.0205721581109972 -5.18340168060
62.0 1.0420355127918348 -5.19719309163
63.0 1.0644781770328475 -5.20950461682
64.0 1.0879998015825072 -5.22028315762
65.0 1.1127136872907215 -5.23035041241
66.0 1.1387493349689228 -5.24833541580
67.0 1.1662555983306084 -5.31077172707
68.0 1.1954046164231349 -5.38390800286
69.0 1.2263967642726714 -5.45547273173
70.0 1.2594669489559134 -5.52218324510
71.0 1.2948927059181552 -5.58228633265
72.0 1.3330047374615932 -5.63437512152
73.0 1.3742008147382716 -5.67704031712
74.0 1.4189643903365978 -5.70870827148
75.0 1.4678899319530556 -5.72752215290
76.0 1.5217180473945009 -5.73121914575
77.0 1.5813852119866876 -5.71697794860
78.0 1.6480958607190197 -5.68121140565
79.0 1.7234297938777567 -5.61926837312
80.0 1.8095073443210954 -5.52498385336
81.0 1.9092530122354845 -5.38996387168
82.0 2.0268354180156947 -5.20237894364
83.0 2.1684423371644423 -4.94478584679
84.0 2.3437412473608381 -4.58988155309
85.0 2.5688804782633659 -4.09144969094
