#HF isntabilities: hessian eigenvalues
#y,rrhf,crhf,ruhf
0.25 0.2139617 0.0776336 -0.3313182
.275 0.2465168 0.1010249 -0.2925384
.300 0.2779985 0.1252724 -0.2541368
.325 0.3077237 0.1493955 -0.216524
.350 0.3354464 0.1722979 -0.1802179
.375 0.3612733 0.1929376 -0.14587
.400 0.3853905 0.2105973 -0.1141976
.425 0.4060699 0.2250473 -0.0858599
.450 0.3718786 0.2364765 -0.0613203
.475 0.3260271 0.2452861 -0.040735
.500 0.2818924 0.2262454 -0.0238933
.525 0.2402468 0.1834272 -0.0102232
.550 0.2021558 0.1438981 -0.009671
.575 0.1695588 0.1090194 -0.0420277
.600 0.145521 0.081022 -0.070039
.625 0.1329031 0.0628448 -0.0915881
.650 0.1318426 0.0565339 -0.1038139
.675 0.1404426 0.0617272 -0.1046284
.700 0.1567284 0.0761572 -0.0946403
.725 0.1788286 0.0970694 -0.0766981
.750 0.2049341 0.1221618 -0.0538659
.775 0.2335715 0.1498408 -0.0283871
.800 0.2637458 0.1791002 -0.0017033
.825 0.2948454 0.209314 0.0252481
.850 0.3265039 0.2400848 0.0517967
.875 0.3584835 0.2711317 0.0773723
.900 0.3746194 0.3022105 0.1013955
.925 0.387059 0.3330161 0.123199
.950 0.398014 0.3629185 0.1419352
.975 0.4065146 0.3898235 0.1563002
1.000 0.4102418 0.4047708 0.1628067
1.025 0.404815 0.3895629 0.1553696
1.050 0.3876008 0.3616371 0.1403654
1.075 0.362329 0.3310143 0.124162
1.100 0.3335641 0.3001086 0.1082229
1.125 0.303623 0.2695782 0.0929336
1.150 0.2735041 0.2396564 0.0784328
1.175 0.2436622 0.2104405 0.0647792
1.200 0.2143176 0.1819689 0.0519981
1.225 0.1855791 0.1542499 0.0400981
1.250 0.1575018 0.1272795 0.0290778
1.275 0.1301084 0.1010434 0.0189297
1.300 0.1034064 0.0755252 0.0096417
1.325 0.0773913 0.0507041 0.0011985
1.350 0.0520505 0.0265563 -0.0190662
1.375 0.0273735 0.0030631 -0.0395462
1.400 0.0033415 -0.0198002 -0.0596008
1.425 0.0387365 -0.0185553 -0.1867109
1.450 0.0775268 -0.0148113 -0.243914
1.475 0.1100813 -0.0119647 -0.28083
1.500 0.1376469 -0.009732 -0.3080802
1.525 0.1612731 -0.0079528 -0.3294389
1.550 0.1817641 -0.0065217 -0.3467455
1.575 0.1997395 -0.0053637 -0.3610701
1.600 0.2156742 -0.0044225 -0.3731033
1.625 0.2299396 -0.0036551 -0.3833254
1.650 0.2428298 -0.0030275 -0.3920881
1.675 0.2545786 -0.0025129 -0.3996563
1.700 0.2653718 -0.00209 -0.4062349
1.725 0.2753611 -0.0017417 -0.411986
1.750 0.2846693 -0.0014542 -0.4170393
1.775 0.2933979 -0.0012164 -0.4215002
1.800 0.3016281 -0.0010193 -0.4254539
1.825 0.3094297 -0.0008555 -0.4289717
1.850 0.3168582 -0.0007193 -0.4321119
1.875 0.3239604 -0.0006057 -0.4349233
1.900 0.3307759 -0.0005108 -0.4374469
1.925 0.3373356 -0.0004315 -0.4397171
1.950 0.3436673 -0.0003649 -0.4417631
1.975 0.3497931 -0.0003091 -0.4436097
2.000 0.3557307 -0.0002621 -0.4452778
2.025 0.3614952 -0.0002225 -0.4467855
2.050 0.3670979 -0.0001891 -0.4481483
2.075 0.3725475 -0.0001609 -0.4493794
2.100 0.377851 -0.0001371 -0.4504904
2.125 0.38301 -0.0001169 -0.4514912
2.150 0.3880266 -0.0000997 -0.4523904
2.175 0.3928988 -0.0000852 -0.4531956
2.200 0.3976206 -0.0000728 -0.4539133
2.225 0.4021813 -0.0000623 -0.4545496
2.250 0.4065687 -0.0000533 -0.4551092
2.275 0.4107637 -0.0000457 -0.4555967
2.300 0.4147417 -0.0000392 -0.4560161
2.325 0.4184721 -0.0000336 -0.456371
2.350 0.4219218 -0.0000288 -0.4566644
2.375 0.4250559 -0.0000247 -0.4568992
2.400 0.4278449 -0.0000212 -0.4570781
2.425 0.430271 -0.0000183 -0.4572031
2.450 0.4323323 -0.0000157 -0.4572765
2.475 0.434045 -0.0000135 -0.4572996
2.500 0.4354391 -0.0000116 -0.4572751
2.525 0.4365522 -0.00001 -0.4572034
2.550 0.4374237 -0.0000086 -0.4570867
2.575 0.4380905 -0.0000074 -0.4569262
2.600 0.4385841 -0.0000064 -0.456723
2.625 0.4389311 -0.0000055 -0.4564782
2.650 0.4391537 -0.0000047 -0.4561936
2.675 0.4392678 -0.0000041 -0.4558685
2.700 0.4392888 -0.0000035 -0.4555057
2.725 0.4392268 -0.000003 -0.4551048
2.750 0.4390913 -0.0000026 -0.4546673
2.775 0.4388895 -0.0000022 -0.454194
2.800 0.4386268 -0.0000019 -0.4536849
2.825 0.4383085 -0.0000017 -0.4531413
2.850 0.4379394 -0.0000014 -0.4525647
2.875 0.4375214 -0.0000012 -0.4519541
2.900 0.4370587 -0.0000011 -0.4513114
2.925 0.4365528 -0.0000009 -0.4506364
2.950 0.4360065 -0.0000008 -0.4499303
2.975 0.4354223 -0.0000007 -0.4491943
3.000 0.4348008 -0.0000006 -0.4484279
3.025 0.4341431 -0.0000005 -0.4476313
3.050 0.4334522 -0.0000004 -0.4468067
3.075 0.4327278 -0.0000004 -0.4459532
3.100 0.4319717 -0.0000003 -0.4450721
3.125 0.4311845 -0.0000003 -0.4441634
3.150 0.4303667 -0.0000002 -0.4432271
3.175 0.4295207 -0.0000002 -0.4422656
3.200 0.4286457 -0.0000002 -0.4412775
3.225 0.4277443 -0.0000001 -0.4402653
3.250 0.4268155 -0.0000001 -0.4392277
3.275 0.4258604 -0.0000001 -0.4381657
3.300 0.4248791 -0.0000001 -0.437079
3.325 0.4238741 -0.0000001 -0.4359701
3.350 0.4228438 -0.0000001 -0.4348374
3.375 0.4217895 -0.0000001 -0.4336819
3.400 0.4207123 0. -0.4325046
3.425 0.4196132 0. -0.4313066
3.450 0.4184906 0. -0.430086
3.475 0.4173468 0. -0.4288452
