   85.000000000000000        2.5688804782633659       0.43932909999999997       4.79999999999999978E-006 -0.58688960000000001     
   84.000000000000000        2.3437412473608381       0.41293079999999999       2.44999999999999992E-005 -0.58435999999999999     
   83.000000000000000        2.1684423371644423       0.38697219999999999       8.72999999999999942E-005 -0.58153560000000004     
   82.000000000000000        2.0268354180156947       0.36256850000000002       2.46999999999999986E-004 -0.57783730000000000     
   81.000000000000000        1.9092530122354845       0.34127210000000002       5.92500000000000036E-004 -0.57268220000000003     
   80.000000000000000        1.8095073443210954       0.32457989999999998       1.25249999999999992E-003 -0.56547480000000006     
   79.000000000000000        1.7234297938777567       0.31372139999999998       2.38980000000000008E-003 -0.55564429999999998     
   78.000000000000000        1.6480958607190197       0.29444140000000002       4.17999999999999969E-003 -0.54273620000000000     
   77.000000000000000        1.5813852119866876       0.24392110000000000       6.77840000000000040E-003 -0.52651320000000001     
   76.000000000000000        1.5217180473945009       0.19408880000000001       1.02807999999999997E-002 -0.50697539999999996     
   75.000000000000000        1.4678899319530556       0.14546539999999999       1.46514000000000002E-002 -0.48424679999999998     
   74.000000000000000        1.4189643903365978       9.89107000000000042E-002  1.93498000000000003E-002 -0.45835979999999998     
   73.000000000000000        1.3742008147382716       5.57122999999999993E-002  1.95584999999999995E-002 -0.42901760000000000     
   72.000000000000000        1.3330047374615932       1.79168000000000001E-002 -4.67029999999999963E-003 -0.39548539999999999     
   71.000000000000000        1.2948927059181552      -1.12967999999999992E-002 -3.75206000000000012E-002 -0.35731249999999998     
   70.000000000000000        1.2594669489559134      -2.87450999999999991E-002 -6.47425999999999974E-002 -0.31768530000000000     
   69.000000000000000        1.2263967642726714      -3.52818000000000020E-002 -8.46809000000000034E-002 -0.28688970000000003     
   68.000000000000000        1.1954046164231349      -3.66922999999999971E-002 -9.90903999999999952E-002 -0.27443380000000001     
   67.000000000000000        1.1662555983306084      -3.89697000000000029E-002 -0.11012540000000000      -0.27607579999999998     
   66.000000000000000        1.1387493349689228      -4.59839000000000012E-002 -0.11897560000000000      -0.27793420000000002     
   65.000000000000000        1.1127136872907215      -5.68921999999999969E-002 -0.12383690000000000      -0.26266309999999998     
   64.000000000000000        1.0879998015825072      -6.02337000000000011E-002 -0.12097579999999999      -0.23773320000000001     
   63.000000000000000        1.0644781770328475      -5.98194999999999977E-002 -0.11487559999999999      -0.21891569999999999     
   62.000000000000000        1.0420355127918348      -5.67413000000000015E-002 -0.10697980000000000      -0.20479810000000001     
   61.000000000000000        1.0205721581109972      -5.08453000000000030E-002 -9.77549000000000057E-002 -0.19383590000000001     
   60.000000000000000        1.0000000336490449      -4.27613000000000021E-002 -8.77220999999999973E-002 -0.18490229999999999     
   59.000000000000000       0.98024092421724396      -3.32830000000000001E-002 -7.73404000000000036E-002 -0.17730119999999999     
   58.000000000000000       0.96122506680355879      -2.30332000000000002E-002 -6.69470000000000065E-002 -0.17065820000000001     
   57.000000000000000       0.94288997515969897      -1.24391999999999992E-002 -5.67763999999999977E-002 -0.16477810000000001     
   56.000000000000000       0.92517945528340284      -1.78860000000000000E-003 -4.69945000000000015E-002 -0.15955380000000000     
   55.000000000000000       0.90804277598219907       8.71809999999999946E-003 -3.77240000000000006E-002 -0.15491969999999999     
   54.000000000000000       0.89143396621364279       1.89300999999999983E-002 -2.90614000000000011E-002 -0.15083030000000000     
   53.000000000000000       0.87531121666696521       2.87223999999999986E-002 -2.10872000000000004E-002 -0.14725120000000000     
   52.000000000000000       0.85963636751982619       3.79782999999999996E-002 -1.38709999999999996E-002 -0.14415400000000000     
   51.000000000000000       0.84437446779034697       4.65756000000000017E-002 -7.47529999999999983E-003 -0.14151530000000001     
   50.000000000000000       0.82949339444344139       5.43753000000000014E-002 -1.95649999999999991E-003 -0.13931510000000000     
   49.000000000000000       0.81496352157574936       6.12122000000000013E-002  2.63500000000000019E-003 -0.13753699999999999     
   48.000000000000000       0.80075743172543956       6.68891999999999959E-002  6.25540000000000037E-003 -0.13616760000000000     
   47.000000000000000       0.78684966272995749       7.11842000000000030E-002  8.86860000000000079E-003 -0.13519680000000001     
   46.000000000000000       0.77321648466098036       7.38763999999999948E-002  1.04477000000000007E-002 -0.13461730000000000     
   45.000000000000000       0.75983570225832975       7.47955000000000009E-002  1.09759999999999996E-002 -0.13442450000000000     
   44.000000000000000       0.74668647900714824       7.38763999999999948E-002  1.04477000000000007E-002 -0.13461730000000000     
   43.000000000000000       0.73374917958905994       7.11842000000000030E-002  8.86860000000000079E-003 -0.13519680000000001     
   42.000000000000000       0.72100522791448773       6.68891999999999959E-002  6.25540000000000037E-003 -0.13616760000000000     
   41.000000000000000       0.70843697833015451       6.12122000000000013E-002  2.63500000000000019E-003 -0.13753699999999999     
   40.000000000000000       0.69602759790885060       5.43753000000000014E-002 -1.95649999999999991E-003 -0.13931510000000000     
   39.000000000000000       0.68376095798003989       4.65756000000000017E-002 -7.47529999999999983E-003 -0.14151530000000001     
   38.000000000000000       0.67162153325915808       3.79782999999999996E-002 -1.38709999999999996E-002 -0.14415400000000000     
   37.000000000000000       0.65959430708758449       2.87223999999999986E-002 -2.10872000000000004E-002 -0.14725120000000000     
   36.000000000000000       0.64766468140925815       1.89300999999999983E-002 -2.90614000000000011E-002 -0.15083030000000000     
   35.000000000000000       0.63581839018712483       8.71809999999999946E-003 -3.77240000000000006E-002 -0.15491969999999999     
   34.000000000000000       0.62404141500474464      -1.78860000000000000E-003 -4.69945000000000015E-002 -0.15955380000000000     
   33.000000000000000       0.61231990160563299      -1.24391999999999992E-002 -5.67763999999999977E-002 -0.16477810000000001     
   32.000000000000000       0.60064007609376124      -2.30332000000000002E-002 -6.69470000000000065E-002 -0.17065820000000001     
   31.000000000000000       0.58898815944976501      -3.32830000000000001E-002 -7.73404000000000036E-002 -0.17730119999999999     
   30.000000000000000       0.57735027890326807      -4.27613000000000021E-002 -8.77220999999999973E-002 -0.18490229999999999     
   29.000000000000000       0.56571237453403433      -5.08453000000000030E-002 -9.77549000000000057E-002 -0.19383590000000001     
   28.000000000000000       0.55406009924157285      -5.67413000000000015E-002 -0.10697980000000000      -0.20479810000000001     
   27.000000000000000       0.54237870990772830      -5.98194999999999977E-002 -0.11487559999999999      -0.21891569999999999     
   26.000000000000000       0.53065294715660993      -6.02337000000000011E-002 -0.12097579999999999      -0.23773320000000001     
   25.000000000000000       0.51886690055881535      -5.68922999999999998E-002 -0.12383690000000000      -0.26266309999999998     
   24.000000000000000       0.50700385538738835      -4.59839000000000012E-002 -0.11897570000000000      -0.27793420000000002     
   23.000000000000000       0.49504611604806875      -3.89697000000000029E-002 -0.11012540000000000      -0.27607579999999998     
   22.000000000000000       0.48297479998608267      -3.66922999999999971E-002 -9.90903999999999952E-002 -0.27443380000000001     
   21.000000000000000       0.47076959408630886      -3.52818000000000020E-002 -8.46810000000000063E-002 -0.28688970000000003     
   20.000000000000000       0.45840846314364242      -2.87450999999999991E-002 -6.47425999999999974E-002 -0.31768530000000000     
   19.000000000000000       0.44586729660476643      -1.12967999999999992E-002 -3.75206999999999971E-002 -0.35731249999999998     
   18.000000000000000       0.43311947504735931       1.79167000000000007E-002 -4.67029999999999963E-003 -0.39548539999999999     
   17.000000000000000       0.42013533111630319       5.57122999999999993E-002  1.95584999999999995E-002 -0.42901760000000000     
   16.000000000000000       0.40688146985598445       9.89107000000000042E-002  1.93498000000000003E-002 -0.45835969999999998     
   15.000000000000000       0.39331989892118169       0.14546539999999999       1.46514000000000002E-002 -0.48424679999999998     
   15.000000000000000       0.39331989892118169       0.14546539999999999       1.46514000000000002E-002 -0.48424679999999998     
   14.000000000000000       0.37940689731182314       0.19408880000000001       1.02807999999999997E-002 -0.50697539999999996     
   13.000000000000000       0.36509151747647400       0.24392110000000000       6.77840000000000040E-003 -0.52651320000000001     
   12.000000000000000       0.35031356184872481       0.29444140000000002       4.17999999999999969E-003 -0.54273620000000000     
   11.000000000000000       0.33500078657648524       0.31372139999999998       2.38980000000000008E-003 -0.55564429999999998     
   10.000000000000000       0.31906493487798943       0.32457999999999998       1.25249999999999992E-003 -0.56547470000000000     
   9.0000000000000000       0.30239593556098865       0.34127210000000002       5.92500000000000036E-004 -0.57268220000000003     
   8.0000000000000000       0.28485310431016619       0.36256850000000002       2.46999999999999986E-004 -0.57783730000000000     
   7.0000000000000000       0.26625119958804888       0.38697219999999999       8.72999999999999942E-005 -0.58153560000000004     
   6.0000000000000000       0.24633708657984518       0.41293089999999999       2.44999999999999992E-005 -0.58435999999999999     
