0.5 -1.3348020773
.55 -1.3203853700
.60 -1.3445680475
.65 -1.3628087120
.70 -1.3781396744
.75 -1.3909056055
.80 -1.3966842443
.85 -1.3952327368
.90 -1.3928829885
.95 -1.3903284818
1.00 -1.3884046604
1.05 -1.3879718298
1.10 -1.3895995925
1.15 -1.3931688243
1.20 -1.3978952059
1.25 -1.4028520167
1.30 -1.4073779713
1.35 -1.4059144693
1.40 -1.4016017882
1.45 -1.3973505240
1.50 -1.3935790774
1.55 -1.3906549884
1.60 -1.3887868436
1.65 -1.3879688774
1.70 -1.3880246785
1.75 -1.3887044011
1.80 -1.3897646208
1.85 -1.3910058366
1.90 -1.3922796537
1.95 -1.3934828116
2.00 -1.3945474371
2.05 -1.3954320671
2.10 -1.3961141438
2.15 -1.3965843401
2.20 -1.3968422628
2.25 -1.3951502646
2.30 -1.3915938149
2.35 -1.3878725051
2.40 -1.3840229774
2.45 -1.3800821194
2.50 -1.3760843885
2.55 -1.3720587879
2.60 -1.3680255604
2.65 -1.3639935622
2.70 -1.3599595849
2.75 -1.3559096390
2.80 -1.3518222509
2.85 -1.3476725287
2.90 -1.3434355808
2.95 -1.3390892537
3.00 -1.3346151375
3.05 -1.3299990720
3.10 -1.3252308265
3.15 -1.3203036034
3.20 -1.3222890230
3.25 -1.3249620514
3.30 -1.3274929349
3.35 -1.3298827022
3.40 -1.3321310813
3.45 -1.3342354237
3.50 -1.3361884656
3.55 -1.3379724631
3.60 -1.3395421869
3.65 -1.3407658953
3.70 -1.3412283281
3.75 -1.3402143584
3.80 -1.3379713041
3.85 -1.3352148652
3.90 -1.3322344386
