   85.000000000000000        2.5688804782633659      -0.71692000000000000      -0.20194000000000001      -0.16767000000000001       0.59926999999999997       3.42700000000000018E-002
   84.000000000000000        2.3437412473608381      -0.68738999999999995      -0.20105999999999999      -0.16350999999999999       0.53256000000000003       3.75500000000000000E-002
   83.000000000000000        2.1684423371644423      -0.65710999999999997      -0.19886999999999999      -0.15828000000000000       0.47503000000000001       4.05900000000000011E-002
   82.000000000000000        2.0268354180156947      -0.62648000000000004      -0.19527000000000000      -0.15176000000000001       0.42471999999999999       4.35100000000000001E-002
   81.000000000000000        1.9092530122354845      -0.59589999999999999      -0.19014000000000000      -0.14377000000000001       0.38005000000000000       4.63700000000000015E-002
   80.000000000000000        1.8095073443210954      -0.56579999999999997      -0.18340999999999999      -0.13411000000000001       0.33970000000000000       4.92999999999999966E-002
   79.000000000000000        1.7234297938777567      -0.53661999999999999      -0.17505999999999999      -0.12257999999999999       0.30256000000000000       5.24799999999999989E-002
   78.000000000000000        1.6480958607190197      -0.50876999999999994      -0.16511000000000001      -0.10902000000000001       0.26768999999999998       5.60900000000000010E-002
   77.000000000000000        1.5813852119866876      -0.48259000000000002      -0.15372000000000000      -9.33299999999999963E-002  0.23435000000000000       6.03899999999999992E-002
   76.000000000000000        1.5217180473945009      -0.45823000000000003      -0.14118000000000000      -7.55399999999999960E-002  0.20205999999999999       6.56400000000000039E-002
   75.000000000000000        1.4678899319530556      -0.43559999999999999      -0.12803999999999999      -5.58900000000000022E-002  0.17061999999999999       7.21500000000000058E-002
   74.000000000000000        1.4189643903365978      -0.41408000000000000      -0.11545000000000000      -3.49199999999999997E-002  0.14029000000000000       8.05300000000000044E-002
   73.000000000000000        1.3742008147382716      -0.39113999999999999      -0.10691000000000001      -1.36600000000000003E-002  0.11218000000000000       9.32499999999999996E-002
   72.000000000000000        1.3330047374615932      -0.35916999999999999      -0.11337999999999999       8.64999999999999970E-003  8.79999999999999949E-002  0.12203000000000000     
   71.000000000000000        1.2948927059181552      -0.32178000000000001      -0.14119999999999999       3.81799999999999987E-002  6.76400000000000057E-002  0.17938000000000001     
   70.000000000000000        1.2594669489559134      -0.29774000000000000      -0.17190000000000000       5.40700000000000000E-002  6.12600000000000020E-002  0.22597000000000000     
   69.000000000000000        1.2263967642726714      -0.28466999999999998      -0.19796000000000000       4.88099999999999992E-002  6.77399999999999947E-002  0.24676999999999999     
   68.000000000000000        1.1954046164231349      -0.27639000000000002      -0.22234999999999999       3.81700000000000025E-002  7.85000000000000003E-002  0.26051999999999997     
   67.000000000000000        1.1662555983306084      -0.27061000000000002      -0.24637999999999999       2.75500000000000016E-002  8.89199999999999990E-002  0.27393000000000001     
   66.000000000000000        1.1387493349689228      -0.27071000000000001      -0.26688000000000001       1.84299999999999985E-002  9.63799999999999935E-002  0.28531000000000001     
   65.000000000000000        1.1127136872907215      -0.29548999999999997      -0.26549000000000000       1.15700000000000004E-002  9.92600000000000010E-002  0.27705999999999997     
   64.000000000000000        1.0879998015825072      -0.31957999999999998      -0.26671000000000000       7.32999999999999971E-003  9.76899999999999991E-002  0.27404000000000001     
   63.000000000000000        1.0644781770328475      -0.34112999999999999      -0.27013999999999999       5.53000000000000019E-003  9.36599999999999933E-002  0.27567000000000003     
   62.000000000000000        1.0420355127918348      -0.35931000000000002      -0.27509000000000000       5.79999999999999960E-003  8.90100000000000058E-002  0.28088999999999997     
   61.000000000000000        1.0205721581109972      -0.37435000000000002      -0.28098000000000001       7.84999999999999934E-003  8.45599999999999963E-002  0.28882999999999998     
   60.000000000000000        1.0000000336490449      -0.38685999999999998      -0.28744999999999998       1.13699999999999999E-002  8.05000000000000021E-002  0.29881999999999997     
   59.000000000000000       0.98024092421724396      -0.39737000000000000      -0.29415999999999998       1.60000000000000003E-002  7.67599999999999949E-002  0.31015999999999999     
   58.000000000000000       0.96122506680355879      -0.40622000000000003      -0.30087000000000003       2.13400000000000013E-002  7.32700000000000018E-002  0.32221000000000000     
   57.000000000000000       0.94288997515969897      -0.41354000000000002      -0.30739000000000000       2.70700000000000003E-002  6.99800000000000005E-002  0.33445999999999998     
   56.000000000000000       0.92517945528340284      -0.41930000000000001      -0.31357000000000002       3.29300000000000009E-002  6.68799999999999950E-002  0.34649999999999997     
   55.000000000000000       0.90804277598219907      -0.42342000000000002      -0.31934000000000001       3.87499999999999997E-002  6.39900000000000052E-002  0.35809000000000002     
   54.000000000000000       0.89143396621364279      -0.42601000000000000      -0.32462000000000002       4.43699999999999997E-002  6.13199999999999995E-002  0.36898999999999998     
   53.000000000000000       0.87531121666696521      -0.42740000000000000      -0.32940000000000003       4.97000000000000011E-002  5.89000000000000010E-002  0.37909999999999999     
   52.000000000000000       0.85963636751982619      -0.42803999999999998      -0.33365000000000000       5.46299999999999980E-002  5.67399999999999988E-002  0.38828000000000001     
   51.000000000000000       0.84437446779034697      -0.42825000000000002      -0.33733999999999997       5.48599999999999990E-002  5.90899999999999967E-002  0.39219999999999999     
   50.000000000000000       0.82949339444344139      -0.42825000000000002      -0.34048000000000000       5.32499999999999987E-002  6.30099999999999966E-002  0.39373000000000002     
   49.000000000000000       0.81496352157574936      -0.42814000000000002      -0.34305999999999998       5.19299999999999970E-002  6.63099999999999939E-002  0.39499000000000001     
   48.000000000000000       0.80075743172543956      -0.42801000000000000      -0.34505999999999998       5.09000000000000008E-002  6.89499999999999974E-002  0.39595999999999998     
   47.000000000000000       0.78684966272995749      -0.42788999999999999      -0.34649999999999997       5.01600000000000032E-002  7.08700000000000024E-002  0.39666000000000001     
   46.000000000000000       0.77321648466098036      -0.42781000000000002      -0.34736000000000000       4.97200000000000003E-002  7.20299999999999968E-002  0.39707999999999999     
   45.000000000000000       0.75983570225832975      -0.42779000000000000      -0.34764000000000000       4.95700000000000029E-002  7.24199999999999983E-002  0.39721000000000001     
   45.000000000000000       0.75983570225832975      -0.42779000000000000      -0.34764000000000000       4.95700000000000029E-002  7.24199999999999983E-002  0.39721000000000001     
   44.000000000000000       0.74668647900714824      -0.42781000000000002      -0.34736000000000000       4.97200000000000003E-002  7.20299999999999968E-002  0.39707999999999999     
   43.000000000000000       0.73374917958905994      -0.42788999999999999      -0.34649999999999997       5.01600000000000032E-002  7.08700000000000024E-002  0.39666000000000001     
   42.000000000000000       0.72100522791448773      -0.42801000000000000      -0.34505999999999998       5.09000000000000008E-002  6.89499999999999974E-002  0.39595999999999998     
   41.000000000000000       0.70843697833015451      -0.42814000000000002      -0.34305999999999998       5.19299999999999970E-002  6.63099999999999939E-002  0.39499000000000001     
   40.000000000000000       0.69602759790885060      -0.42825000000000002      -0.34048000000000000       5.32499999999999987E-002  6.30099999999999966E-002  0.39373000000000002     
   39.000000000000000       0.68376095798003989      -0.42825000000000002      -0.33733999999999997       5.48599999999999990E-002  5.90899999999999967E-002  0.39219999999999999     
   38.000000000000000       0.67162153325915808      -0.42803999999999998      -0.33365000000000000       5.46299999999999980E-002  5.67399999999999988E-002  0.38828000000000001     
   37.000000000000000       0.65959430708758449      -0.42740000000000000      -0.32940000000000003       4.97000000000000011E-002  5.89000000000000010E-002  0.37909999999999999     
   36.000000000000000       0.64766468140925815      -0.42601000000000000      -0.32462000000000002       4.43699999999999997E-002  6.13199999999999995E-002  0.36898999999999998     
   35.000000000000000       0.63581839018712483      -0.42342000000000002      -0.31934000000000001       3.87499999999999997E-002  6.39900000000000052E-002  0.35809000000000002     
   34.000000000000000       0.62404141500474464      -0.41930000000000001      -0.31357000000000002       3.29300000000000009E-002  6.68799999999999950E-002  0.34649999999999997     
   33.000000000000000       0.61231990160563299      -0.41354000000000002      -0.30739000000000000       2.70700000000000003E-002  6.99800000000000005E-002  0.33445999999999998     
   32.000000000000000       0.60064007609376124      -0.40622000000000003      -0.30087000000000003       2.13400000000000013E-002  7.32700000000000018E-002  0.32221000000000000     
   31.000000000000000       0.58898815944976501      -0.39737000000000000      -0.29415999999999998       1.60000000000000003E-002  7.67599999999999949E-002  0.31015999999999999     
   30.000000000000000       0.57735027890326807      -0.38685999999999998      -0.28744999999999998       1.13699999999999999E-002  8.05000000000000021E-002  0.29881999999999997     
   29.000000000000000       0.56571237453403433      -0.37435000000000002      -0.28098000000000001       7.84999999999999934E-003  8.45599999999999963E-002  0.28882999999999998     
   28.000000000000000       0.55406009924157285      -0.35931000000000002      -0.27509000000000000       5.79999999999999960E-003  8.90100000000000058E-002  0.28088999999999997     
   27.000000000000000       0.54237870990772830      -0.34112999999999999      -0.27013999999999999       5.53000000000000019E-003  9.36599999999999933E-002  0.27567000000000003     
   26.000000000000000       0.53065294715660993      -0.31957999999999998      -0.26671000000000000       7.32999999999999971E-003  9.76899999999999991E-002  0.27404000000000001     
   25.000000000000000       0.51886690055881535      -0.29548999999999997      -0.26549000000000000       1.15700000000000004E-002  9.92600000000000010E-002  0.27705999999999997     
   24.000000000000000       0.50700385538738835      -0.27071000000000001      -0.26688000000000001       1.84299999999999985E-002  9.63799999999999935E-002  0.28531000000000001     
   23.000000000000000       0.49504611604806875      -0.27061000000000002      -0.24637999999999999       2.75500000000000016E-002  8.89199999999999990E-002  0.27393000000000001     
   22.000000000000000       0.48297479998608267      -0.27639000000000002      -0.22234999999999999       3.81700000000000025E-002  7.85000000000000003E-002  0.26051999999999997     
   21.000000000000000       0.47076959408630886      -0.28466999999999998      -0.19796000000000000       4.88099999999999992E-002  6.77399999999999947E-002  0.24676999999999999     
   20.000000000000000       0.45840846314364242      -0.29774000000000000      -0.17190000000000000       5.40700000000000000E-002  6.12600000000000020E-002  0.22597000000000000     
   19.000000000000000       0.44586729660476643      -0.32178000000000001      -0.14119999999999999       3.81799999999999987E-002  6.76400000000000057E-002  0.17938000000000001     
   18.000000000000000       0.43311947504735931      -0.35916999999999999      -0.11337999999999999       8.64999999999999970E-003  8.79999999999999949E-002  0.12203000000000000     
   17.000000000000000       0.42013533111630319      -0.39113999999999999      -0.10691000000000001      -1.36600000000000003E-002  0.11218000000000000       9.32499999999999996E-002
   16.000000000000000       0.40688146985598445      -0.41408000000000000      -0.11545000000000000      -3.49199999999999997E-002  0.14029000000000000       8.05300000000000044E-002
   15.000000000000000       0.39331989892118169      -0.43559999999999999      -0.12803999999999999      -5.58900000000000022E-002  0.17061999999999999       7.21500000000000058E-002
   14.000000000000000       0.37940689731182314      -0.45823000000000003      -0.14118000000000000      -7.55399999999999960E-002  0.20205999999999999       6.56400000000000039E-002
   13.000000000000000       0.36509151747647400      -0.48259000000000002      -0.15372000000000000      -9.33299999999999963E-002  0.23435000000000000       6.03899999999999992E-002
   12.000000000000000       0.35031356184872481      -0.50876999999999994      -0.16511000000000001      -0.10902000000000001       0.26768999999999998       5.60900000000000010E-002
   11.000000000000000       0.33500078657648524      -0.53661999999999999      -0.17505999999999999      -0.12257999999999999       0.30256000000000000       5.24799999999999989E-002
   10.000000000000000       0.31906493487798943      -0.56579999999999997      -0.18340999999999999      -0.13411000000000001       0.33970000000000000       4.92999999999999966E-002
   9.0000000000000000       0.30239593556098865      -0.59589999999999999      -0.19014000000000000      -0.14377000000000001       0.38005000000000000       4.63700000000000015E-002
   8.0000000000000000       0.28485310431016619      -0.62648000000000004      -0.19527000000000000      -0.15176000000000001       0.42471999999999999       4.35100000000000001E-002
   7.0000000000000000       0.26625119958804888      -0.65710999999999997      -0.19886999999999999      -0.15828000000000000       0.47503000000000001       4.05900000000000011E-002
   6.0000000000000000       0.24633708657984518      -0.68738999999999995      -0.20105999999999999      -0.16350999999999999       0.53256000000000003       3.75500000000000000E-002
