   85.000000000000000        2.5688804782633659       -5.1228836508100004     
   84.000000000000000        2.3437412473608381       -5.4396675045100000     
   83.000000000000000        2.1684423371644423       -5.6526788550499996     
   82.000000000000000        2.0268354180156947       -5.7948848144599996     
   81.000000000000000        1.9092530122354845       -5.8860384740600002     
   80.000000000000000        1.8095073443210954       -5.9390279893800004     
   79.000000000000000        1.7234297938777567       -5.9628575845400000     
   78.000000000000000        1.6480958607190197       -5.9641729112300004     
   77.000000000000000        1.5813852119866876       -5.9480958754200000     
   76.000000000000000        1.5217180473945009       -5.9187119033400002     
   75.000000000000000        1.4678899319530556       -5.8794024633899999     
   74.000000000000000        1.4189643903365978       -5.8332249266399998     
   73.000000000000000        1.3742008147382716       -5.7839530022299996     
   72.000000000000000        1.3330047374615932       -5.7401215063800004     
   71.000000000000000        1.2948927059181552       -5.7180626548799998     
   70.000000000000000        1.2594669489559134       -5.7207646266900003     
   69.000000000000000        1.2263967642726714       -5.7333974366999998     
   68.000000000000000        1.1954046164231349       -5.7469101642400000     
   67.000000000000000        1.1662555983306084       -5.7588827158300004     
   66.000000000000000        1.1387493349689228       -5.7693557877800004     
   65.000000000000000        1.1127136872907215       -5.7793280002599996     
   64.000000000000000        1.0879998015825072       -5.7900836039700003     
   63.000000000000000        1.0644781770328475       -5.8024296756200000     
   62.000000000000000        1.0420355127918348       -5.8163182701600000     
   61.000000000000000        1.0205721581109972       -5.8311178961000003     
   60.000000000000000        1.0000000336490449       -5.8460258288800002     
   59.000000000000000       0.98024092421724396       -5.8603486686200004     
   58.000000000000000       0.96122506680355879       -5.8736215294500003     
   57.000000000000000       0.94288997515969897       -5.8856009501999997     
   56.000000000000000       0.92517945528340284       -5.8962036993100000     
   55.000000000000000       0.90804277598219907       -5.9054451349699999     
   54.000000000000000       0.89143396621364279       -5.9133947685599999     
   53.000000000000000       0.87531121666696521       -5.9201480889999996     
   52.000000000000000       0.85963636751982619       -5.9258095356000000     
   51.000000000000000       0.84437446779034697       -5.9304823237699997     
   50.000000000000000       0.82949339444344139       -5.9342623309300002     
   49.000000000000000       0.81496352157574936       -5.9372343754800001     
   48.000000000000000       0.80075743172543956       -5.9394699205199997     
   47.000000000000000       0.78684966272995749       -5.9410256428299997     
   46.000000000000000       0.77321648466098036       -5.9419425432699997     
   45.000000000000000       0.75983570225832975       -5.9422454117900001     
   45.000000000000000       0.75983570225832975       -5.9422454117900001     
   44.000000000000000       0.74668647900714824       -5.9419425416599996     
   43.000000000000000       0.73374917958905994       -5.9410256396100003     
   42.000000000000000       0.72100522791448773       -5.9394699157200002     
   41.000000000000000       0.70843697833015451       -5.9372343691099996     
   40.000000000000000       0.69602759790885060       -5.9342623230299996     
   39.000000000000000       0.68376095798003989       -5.9304823143699998     
   38.000000000000000       0.67162153325915808       -5.9258095247400000     
   37.000000000000000       0.65959430708758449       -5.9201480767200003     
   36.000000000000000       0.64766468140925815       -5.9133947549099997     
   35.000000000000000       0.63581839018712483       -5.9054451200100004     
   34.000000000000000       0.62404141500474464       -5.8962036830800004     
   33.000000000000000       0.61231990160563299       -5.8856009327500001     
   32.000000000000000       0.60064007609376124       -5.8736215108299996     
   31.000000000000000       0.58898815944976501       -5.8603486488399996     
   30.000000000000000       0.57735027890326807       -5.8460258079600003     
   29.000000000000000       0.56571237453403433       -5.8311178740000003     
   28.000000000000000       0.55406009924157285       -5.8163182468099999     
   27.000000000000000       0.54237870990772830       -5.8024296509199997     
   26.000000000000000       0.53065294715660993       -5.7900835778299999     
   25.000000000000000       0.51886690055881535       -5.7793279726700000     
   24.000000000000000       0.50700385538738835       -5.7693557587699997     
   23.000000000000000       0.49504611604806875       -5.7588826853799997     
   22.000000000000000       0.48297479998608267       -5.7469101320300000     
   21.000000000000000       0.47076959408630886       -5.7333974016599996     
   20.000000000000000       0.45840846314364242       -5.7207645855000004     
   19.000000000000000       0.44586729660476643       -5.7180625986700004     
   18.000000000000000       0.43311947504735931       -5.7401214268800000     
   17.000000000000000       0.42013533111630319       -5.7839529066199997     
   16.000000000000000       0.40688146985598445       -5.8332248215100000     
   15.000000000000000       0.39331989892118169       -5.8794023494400003     
   14.000000000000000       0.37940689731182314       -5.9187117790499997     
   13.000000000000000       0.36509151747647400       -5.9480957379600001     
   12.000000000000000       0.35031356184872481       -5.9641727562100000     
   11.000000000000000       0.33500078657648524       -5.9628574053000003     
   10.000000000000000       0.31906493487798943       -5.9390277757999996     
   9.0000000000000000       0.30239593556098865       -5.8860382105999998     
   8.0000000000000000       0.28485310431016619       -5.7948844768300001     
   7.0000000000000000       0.26625119958804888       -5.6526784042599996     
   6.0000000000000000       0.24633708657984518       -5.4396668753100004     
