   85.000000000000000        2.5688804782633659       0.44086189999999997       3.99999999999999982E-007 -0.59376580000000001     
   84.000000000000000        2.3437412473608381       0.41564790000000001       3.09999999999999997E-006 -0.59193309999999999     
   83.000000000000000        2.1684423371644423       0.39204919999999999       1.43999999999999993E-005 -0.58982720000000000     
   82.000000000000000        2.0268354180156947       0.36713699999999999       5.02000000000000005E-005 -0.58695960000000003     
   81.000000000000000        1.9092530122354845       0.34317150000000002       1.43699999999999996E-004 -0.58287210000000000     
   80.000000000000000        1.8095073443210954       0.32180579999999998       3.54499999999999997E-004 -0.57710689999999998     
   79.000000000000000        1.7234297938777567       0.30446590000000001       7.77000000000000021E-004 -0.56918630000000003     
   78.000000000000000        1.6480958607190197       0.29170560000000001       1.54159999999999996E-003 -0.55862299999999998     
   77.000000000000000        1.5813852119866876       0.25386370000000003       2.80569999999999995E-003 -0.54496639999999996     
   76.000000000000000        1.5217180473945009       0.20459069999999999       4.73479999999999995E-003 -0.52782669999999998     
   75.000000000000000        1.4678899319530556       0.15586130000000001       7.49480000000000025E-003 -0.50667169999999995     
   74.000000000000000        1.4189643903365978       0.10984400000000000       1.13144000000000005E-002 -0.47965320000000000     
   73.000000000000000        1.3742008147382716       7.35433000000000059E-002  1.69009000000000000E-002 -0.43778010000000001     
   72.000000000000000        1.3330047374615932       5.87514000000000022E-002  2.66574000000000012E-002 -0.35549449999999999     
   71.000000000000000        1.2948927059181552       5.93356999999999982E-002  2.55735999999999984E-002 -0.25918289999999999     
   70.000000000000000        1.2594669489559134       7.49689000000000050E-002  3.71232000000000020E-002 -0.19858419999999999     
   69.000000000000000        1.2263967642726714       9.43771000000000054E-002  5.54808999999999997E-002 -0.16511930000000000     
   68.000000000000000        1.1954046164231349       9.24959999999999949E-002  6.25634000000000051E-002 -0.14741280000000001     
   67.000000000000000        1.1662555983306084       7.79804000000000053E-002  5.32275999999999999E-002 -0.13512910000000000     
   66.000000000000000        1.1387493349689228       6.65586999999999984E-002  4.10360999999999990E-002 -0.12310190000000000     
   65.000000000000000        1.1127136872907215       6.10978999999999967E-002  3.16567999999999988E-002 -0.10843319999999999     
   64.000000000000000        1.0879998015825072       6.19528999999999982E-002  2.67597000000000008E-002 -8.94787999999999972E-002
   63.000000000000000        1.0644781770328475       6.62695999999999980E-002  2.60728999999999995E-002 -6.73117000000000021E-002
   62.000000000000000        1.0420355127918348       7.11257000000000000E-002  2.86320000000000012E-002 -6.54041000000000067E-002
   61.000000000000000        1.0205721581109972       7.60890000000000039E-002  3.36733000000000032E-002 -6.39889000000000013E-002
   60.000000000000000        1.0000000336490449       8.19982999999999962E-002  4.05854999999999966E-002 -6.14460000000000006E-002
   59.000000000000000       0.98024092421724396       8.92956000000000027E-002  4.87401000000000015E-002 -5.87627000000000010E-002
   58.000000000000000       0.96122506680355879       9.77583000000000063E-002  5.75292999999999985E-002 -5.64237000000000002E-002
   57.000000000000000       0.94288997515969897       0.10690139999999999       6.64561000000000041E-002 -5.46453999999999968E-002
   56.000000000000000       0.92517945528340284       0.11626520000000000       7.51592999999999983E-002 -5.35032999999999967E-002
   55.000000000000000       0.90804277598219907       0.12549710000000000       8.33924999999999944E-002 -5.29868000000000006E-002
   54.000000000000000       0.89143396621364279       0.13411909999999999       9.09926999999999958E-002 -5.30288000000000009E-002
   53.000000000000000       0.87531121666696521       0.13543420000000000       9.78553999999999952E-002 -5.35262999999999989E-002
   52.000000000000000       0.85963636751982619       0.13650850000000000       0.10391739999999999      -5.43570999999999985E-002
   51.000000000000000       0.84437446779034697       0.13737510000000000       0.10914600000000001      -5.53924000000000014E-002
   50.000000000000000       0.82949339444344139       0.13806240000000000       0.11353130000000000      -5.65075000000000022E-002
   49.000000000000000       0.81496352157574936       0.13859420000000000       0.11707950000000000      -5.75880000000000003E-002
   48.000000000000000       0.80075743172543956       0.13898920000000001       0.11980700000000000      -5.85352999999999984E-002
   47.000000000000000       0.78684966272995749       0.13926150000000001       0.12173470000000000      -5.92702999999999980E-002
   46.000000000000000       0.77321648466098036       0.13942099999999999       0.12288200000000001      -5.97347000000000017E-002
   45.000000000000000       0.75983570225832975       0.13947350000000000       0.12326280000000001      -5.98935000000000023E-002
   45.000000000000000       0.75983570225832975       0.13947350000000000       0.12326280000000001      -5.98935000000000023E-002
   44.000000000000000       0.74668647900714824       0.13942099999999999       0.12288200000000001      -5.97347000000000017E-002
   43.000000000000000       0.73374917958905994       0.13926150000000001       0.12173470000000000      -5.92702999999999980E-002
   42.000000000000000       0.72100522791448773       0.13898920000000001       0.11980700000000000      -5.85352999999999984E-002
   41.000000000000000       0.70843697833015451       0.13859420000000000       0.11707950000000000      -5.75880000000000003E-002
   40.000000000000000       0.69602759790885060       0.13806240000000000       0.11353130000000000      -5.65075000000000022E-002
   39.000000000000000       0.68376095798003989       0.13737510000000000       0.10914600000000001      -5.53924000000000014E-002
   38.000000000000000       0.67162153325915808       0.13650850000000000       0.10391739999999999      -5.43570000000000025E-002
   37.000000000000000       0.65959430708758449       0.13543420000000000       9.78553999999999952E-002 -5.35262999999999989E-002
   36.000000000000000       0.64766468140925815       0.13411909999999999       9.09926999999999958E-002 -5.30288000000000009E-002
   35.000000000000000       0.63581839018712483       0.12549710000000000       8.33924999999999944E-002 -5.29868000000000006E-002
   34.000000000000000       0.62404141500474464       0.11626520000000000       7.51592999999999983E-002 -5.35032999999999967E-002
   33.000000000000000       0.61231990160563299       0.10690139999999999       6.64561000000000041E-002 -5.46453999999999968E-002
   32.000000000000000       0.60064007609376124       9.77583000000000063E-002  5.75292999999999985E-002 -5.64237000000000002E-002
   31.000000000000000       0.58898815944976501       8.92956000000000027E-002  4.87401000000000015E-002 -5.87627000000000010E-002
   30.000000000000000       0.57735027890326807       8.19982999999999962E-002  4.05854999999999966E-002 -6.14460000000000006E-002
   29.000000000000000       0.56571237453403433       7.60890000000000039E-002  3.36733000000000032E-002 -6.39889000000000013E-002
   28.000000000000000       0.55406009924157285       7.11257000000000000E-002  2.86320000000000012E-002 -6.54041000000000067E-002
   27.000000000000000       0.54237870990772830       6.62695999999999980E-002  2.60728999999999995E-002 -6.73117000000000021E-002
   26.000000000000000       0.53065294715660993       6.19528999999999982E-002  2.67597000000000008E-002 -8.94787999999999972E-002
   25.000000000000000       0.51886690055881535       6.10978999999999967E-002  3.16567999999999988E-002 -0.10843319999999999     
   24.000000000000000       0.50700385538738835       6.65586999999999984E-002  4.10360999999999990E-002 -0.12310190000000000     
   23.000000000000000       0.49504611604806875       7.79804000000000053E-002  5.32275999999999999E-002 -0.13512910000000000     
   22.000000000000000       0.48297479998608267       9.24959999999999949E-002  6.25634000000000051E-002 -0.14741280000000001     
   21.000000000000000       0.47076959408630886       9.43771000000000054E-002  5.54808999999999997E-002 -0.16511930000000000     
   20.000000000000000       0.45840846314364242       7.49689000000000050E-002  3.71232999999999980E-002 -0.19858410000000001     
   19.000000000000000       0.44586729660476643       5.93356999999999982E-002  2.55735999999999984E-002 -0.25918279999999999     
   18.000000000000000       0.43311947504735931       5.87514000000000022E-002  2.66574000000000012E-002 -0.35549439999999999     
   17.000000000000000       0.42013533111630319       7.35433000000000059E-002  1.69009000000000000E-002 -0.43778000000000000     
   16.000000000000000       0.40688146985598445       0.10984389999999999       1.13144000000000005E-002 -0.47965320000000000     
   15.000000000000000       0.39331989892118169       0.15586130000000001       7.49480000000000025E-003 -0.50667169999999995     
   14.000000000000000       0.37940689731182314       0.20459069999999999       4.73479999999999995E-003 -0.52782669999999998     
   13.000000000000000       0.36509151747647400       0.25386370000000003       2.80569999999999995E-003 -0.54496630000000001     
   12.000000000000000       0.35031356184872481       0.29170560000000001       1.54159999999999996E-003 -0.55862299999999998     
   11.000000000000000       0.33500078657648524       0.30446600000000001       7.77000000000000021E-004 -0.56918630000000003     
   10.000000000000000       0.31906493487798943       0.32180579999999998       3.54499999999999997E-004 -0.57710689999999998     
   9.0000000000000000       0.30239593556098865       0.34317150000000002       1.43699999999999996E-004 -0.58287210000000000     
   8.0000000000000000       0.28485310431016619       0.36713699999999999       5.02000000000000005E-005 -0.58695960000000003     
   7.0000000000000000       0.26625119958804888       0.39204919999999999       1.43999999999999993E-005 -0.58982720000000000     
   6.0000000000000000       0.24633708657984518       0.41564800000000002       3.09999999999999997E-006 -0.59193309999999999     
