45.0 0.75983570225832975 -0.0260618 -0.0327413 -0.0559579
44.95 0.75917290940448456 -0.0268389 -0.0335351 -0.0567361
44.90 0.75851069267822968 -0.0276152 -0.034328 -0.0575135
44.85 0.75784904956591581 -0.0283907 -0.03512 -0.0582901
44.80 0.75718797756129208 -0.0291654 -0.0359112 -0.059066
44.75 0.75652747416546084 -0.0299394 -0.0367014 -0.059841
44.70 0.75586753688683117 -0.0307125 -0.0374908 -0.0606152
44.65 0.75520816324107432 -0.0314849 -0.0382794 -0.0613887
44.60 0.75454935075107776 -0.0322564 -0.0390671 -0.0621614
44.55 0.75389109694690015 -0.0330273 -0.0398539 -0.0629332
44.50 0.75323339936572720 -0.0337973 -0.0406399 -0.0637044
44.45 0.75257625555182672 -0.0345666 -0.041425 -0.0644747
44.40 0.75191966305650404 -0.0353351 -0.0422093 -0.0652442
44.35 0.75126361943805864 -0.0361028 -0.0429927 -0.066013
44.30 0.75060812226173934 -0.0368698 -0.0437753 -0.066781
44.25 0.74995316909970178 -0.037636 -0.0445571 -0.0675483
44.20 0.74929875753096364 -0.0384015 -0.0453381 -0.0683148
44.15 0.74864488514136263 -0.0391662 -0.0461182 -0.0690805
44.10 0.74799154952351277 -0.0399302 -0.0468975 -0.0698454
44.05 0.74733874827676172 -0.0406934 -0.047676 -0.0706097
44.00 0.74668647900714824 -0.0414559 -0.0484536 -0.0713731
43.95 0.74603473932735997 -0.0422177 -0.0492305 -0.0721358
43.90 0.74538352685669107 -0.0429787 -0.0500065 -0.0728978
43.85 0.74473283922100009 -0.043739 -0.0507818 -0.073659
43.80 0.74408267405266870 -0.0444986 -0.0515562 -0.0744195
43.75 0.74343302899055930 -0.0452574 -0.0523298 -0.0751792
43.70 0.74278390167997466 -0.0460155 -0.0531027 -0.0759382
43.65 0.74213528977261611 -0.046773 -0.0538747 -0.0766965
43.60 0.74148719092654247 -0.0475297 -0.054646 -0.077454
43.55 0.74083960280612982 -0.0482856 -0.0554165 -0.0782109
43.50 0.74019252308203054 -0.0490409 -0.0561862 -0.078967
43.45 0.73954594943113283 -0.0497955 -0.0569552 -0.0797223
43.40 0.73889987953652059 -0.0505494 -0.0577233 -0.080477
43.35 0.73825431108743367 -0.0513026 -0.0584907 -0.0812309
43.30 0.73760924177922782 -0.0520551 -0.0592573 -0.0819841
43.25 0.73696466931333482 -0.0528069 -0.0600232 -0.0827367
43.20 0.73632059139722317 -0.053558 -0.0607883 -0.0834885
43.15 0.73567700574435957 -0.0543084 -0.0615527 -0.0842396
43.10 0.73503391007416841 -0.0550582 -0.0623163 -0.08499
43.05 0.73439130211199355 -0.0558072 -0.0630792 -0.0857397
43.00 0.73374917958905994 -0.0565556 -0.0638413 -0.0864887
42.95 0.73310754024243474 -0.0573034 -0.0646027 -0.0872371
42.90 0.73246638181498858 -0.0580504 -0.0653634 -0.0879847
42.85 0.73182570205535757 -0.0587968 -0.0661233 -0.0887316
42.80 0.73118549871790539 -0.0595426 -0.0668825 -0.0894779
42.75 0.73054576956268569 -0.0602877 -0.0676409 -0.0902235
42.70 0.72990651235540349 -0.0610321 -0.0683987 -0.0909684
42.65 0.72926772486737823 -0.0617759 -0.0691557 -0.0917127
42.60 0.72862940487550631 -0.062519 -0.0699121 -0.0924562
42.55 0.72799155016222405 -0.0632615 -0.0706677 -0.0931991
42.50 0.72735415851547003 -0.0640034 -0.0714226 -0.0939414
42.45 0.72671722772864877 -0.0695904 -0.076979 -0.0996118
42.40 0.72608075560059371 -0.0688391 -0.0762331 -0.0989088
42.35 0.72544473993553082 -0.068089 -0.0754884 -0.0982075
42.30 0.72480917854304194 -0.06734 -0.074745 -0.0975079
42.25 0.72417406923802852 -0.0665923 -0.0740028 -0.0968099
42.20 0.72353940984067577 -0.0658458 -0.0732619 -0.0961137
42.15 0.72290519817641630 -0.0651006 -0.0725222 -0.0954192
42.10 0.72227143207589473 -0.0643565 -0.0717838 -0.0947264
42.05 0.72163810937493145 -0.0636137 -0.0710467 -0.0940354
42.00 0.72100522791448773 -0.0628721 -0.0703108 -0.0933461
41.95 0.72037278554063011 -0.0621317 -0.0695761 -0.0926585
41.90 0.71974078010449472 -0.0613926 -0.0688427 -0.0919727
41.85 0.71910920946225287 -0.0606546 -0.0681106 -0.0912886
41.80 0.71847807147507592 -0.0599179 -0.0673797 -0.0906064
41.75 0.71784736400909988 -0.0591824 -0.0666501 -0.0899259
41.70 0.71721708493539160 -0.0584481 -0.0659218 -0.0892472
41.65 0.71658723212991393 -0.0577151 -0.0651947 -0.0885703
41.60 0.71595780347349092 -0.0569832 -0.0644689 -0.0878952
41.55 0.71532879685177420 -0.0562527 -0.0637444 -0.0872219
41.50 0.71470021015520846 -0.0555233 -0.0630211 -0.0865505
41.45 0.71407204127899770 -0.0547951 -0.0622992 -0.0858809
41.40 0.71344428812307092 -0.0540682 -0.0615785 -0.0852132
41.35 0.71281694859204914 -0.0533425 -0.060859 -0.0845473
41.30 0.71219002059521097 -0.0526181 -0.0601409 -0.0838833
41.25 0.71156350204645979 -0.0518949 -0.0594241 -0.0832212
41.20 0.71093739086429042 -0.0511729 -0.0587085 -0.082561
41.15 0.71031168497175501 -0.0504522 -0.0579943 -0.0819027
41.10 0.70968638229643122 -0.0497326 -0.0572813 -0.0812464
41.05 0.70906148077038822 -0.0490144 -0.0565696 -0.080592
41.00 0.70843697833015451 -0.0482973 -0.0558593 -0.0799395
40.95 0.70781287291668460 -0.0475816 -0.0551502 -0.079289
40.90 0.70718916247532726 -0.046867 -0.0544425 -0.0786405
40.85 0.70656584495579211 -0.0461537 -0.0537361 -0.077994
40.80 0.70594291831211764 -0.0454417 -0.0530309 -0.0773494
40.75 0.70532038050263912 -0.0447309 -0.0523272 -0.076707
40.70 0.70469822948995642 -0.0440213 -0.0516247 -0.0760665
40.65 0.70407646324090134 -0.043313 -0.0509236 -0.0754281
40.60 0.70345507972650678 -0.042606 -0.0502237 -0.0747918
40.55 0.70283407692197408 -0.0419002 -0.0495253 -0.0741576
40.50 0.70221345280664171 -0.0411957 -0.0488282 -0.0735255
40.45 0.70159320536395353 -0.0404924 -0.0481324 -0.0728955
40.40 0.70097333258142724 -0.0397904 -0.047438 -0.0722676
40.35 0.70035383245062366 -0.0390897 -0.0467449 -0.0716419
40.30 0.69973470296711415 -0.0383903 -0.0460532 -0.0710184
40.25 0.69911594213045092 -0.0376921 -0.0453628 -0.0707985
40.20 0.69849754794413488 -0.0369952 -0.0446739 -0.0711384
40.15 0.69787951841558515 -0.0362996 -0.0439863 -0.0714784
40.10 0.69726185155610820 -0.0356052 -0.0433001 -0.0718185
40.05 0.69664454538086706 -0.0349122 -0.0426153 -0.0721586
40.00 0.69602759790885060 -0.0342204 -0.0419319 -0.0724989
39.95 0.69541100716284310 -0.0335299 -0.0412499 -0.0728392
39.90 0.69479477116939314 -0.0328408 -0.0405693 -0.0731797
39.85 0.69417888795878446 -0.0321529 -0.0398901 -0.0735203
39.80 0.69356335556500459 -0.0314663 -0.0392123 -0.0738609
39.75 0.69294817202571524 -0.0307811 -0.038536 -0.0742017
39.70 0.69233333538222186 -0.0300971 -0.0378611 -0.0745426
39.65 0.69171884367944381 -0.0294145 -0.0371876 -0.0748836
39.60 0.69110469496588456 -0.0287332 -0.0365157 -0.0752246
39.55 0.69049088729360164 -0.0280532 -0.0358451 -0.0755658
39.50 0.68987741871817743 -0.0273746 -0.0351761 -0.0759071
39.45 0.68926428729868816 -0.0266972 -0.0345085 -0.0762486
39.40 0.68865149109767598 -0.0260213 -0.0338424 -0.0765901
39.35 0.68803902818111884 -0.0253466 -0.0331778 -0.0769317
39.30 0.68742689661840040 -0.0246734 -0.0325147 -0.0772735
39.25 0.68681509448228206 -0.0240014 -0.0318531 -0.0776154
39.20 0.68620361984887257 -0.0233309 -0.0311931 -0.0779574
39.15 0.68559247079759911 -0.0226617 -0.0305345 -0.0782995
39.10 0.68498164541117901 -0.0219938 -0.0298776 -0.0786418
39.05 0.68437114177558944 -0.0213274 -0.0292221 -0.0789841
39.00 0.68376095798003989 -0.0206623 -0.0285683 -0.0793266
38.95 0.68315109211694214 -0.0199987 -0.027916 -0.0796693
38.90 0.68254154228188213 -0.0193364 -0.0272653 -0.080012
38.85 0.68193230657359116 -0.0186755 -0.0266163 -0.0803549
38.80 0.68132338309391693 -0.0180161 -0.0259688 -0.0806979
38.75 0.68071476994779589 -0.0173581 -0.0253229 -0.0810411
38.70 0.68010646524322338 -0.0167015 -0.0246787 -0.0813843
38.65 0.67949846709122641 -0.0160463 -0.0240362 -0.0817278
38.60 0.67889077360583494 -0.0153926 -0.0233953 -0.0820713
38.55 0.67828338290405310 -0.0147403 -0.0227561 -0.082415
38.50 0.67767629310583211 -0.0140895 -0.0221186 -0.0827589
38.45 0.67706950233404084 -0.0134401 -0.0214828 -0.0831029
38.40 0.67646300871443843 -0.0127923 -0.0208488 -0.083447
38.35 0.67585681037564649 -0.0121459 -0.0202165 -0.0837913
38.30 0.67525090544912036 -0.011501 -0.0195859 -0.0841357
38.25 0.67464529206912238 -0.0108576 -0.0189571 -0.0844803
38.20 0.67403996837269264 -0.0102157 -0.0183301 -0.084825
38.15 0.67343493249962227 -0.0095754 -0.0177049 -0.0851699
38.10 0.67283018259242555 -0.0089365 -0.0170816 -0.0855149
38.05 0.67222571679631171 -0.0082993 -0.0164601 -0.0858601
38.00 0.67162153325915808 -0.0076636 -0.0158404 -0.0862054
37.95 0.67101763013148197 -0.0070294 -0.0152227 -0.0865509
37.90 0.67041400556641328 -0.0063968 -0.0146069 -0.0868966
37.85 0.66981065771966752 -0.0057659 -0.0139929 -0.0872424
37.80 0.66920758474951780 -0.0051365 -0.013381 -0.0875884
37.75 0.66860478481676788 -0.0045088 -0.012771 -0.0879346
37.70 0.66800225608472497 -0.0038826 -0.012163 -0.0882809
37.65 0.66739999671917172 -0.0032581 -0.011557 -0.0886274
37.60 0.66679800488834029 -0.0026353 -0.0109531 -0.088974
37.55 0.66619627876288412 -0.0020142 -0.0103512 -0.0893209
37.50 0.66559481651585173 -0.0013947 -0.0097514 -0.0896679
37.45 0.66499361632265863 -0.0007769 -0.0091538 -0.090015
37.40 0.66439267636106136 -0.0001609 -0.0085583 -0.0903624
37.35 0.66379199481112994 0.0004534 -0.007965 -0.0907099
37.30 0.66319156985522110 0.001066 -0.0073738 -0.0910577
37.25 0.66259139967795155 0.0016768 -0.0067849 -0.0914056
37.20 0.66199148246617079 0.0022858 -0.0061983 -0.0917536
37.15 0.66139181640893463 0.0028931 -0.005614 -0.0921019
37.10 0.66079239969747838 0.0034985 -0.005032 -0.0924504
37.05 0.66019323052519030 0.0041021 -0.0044523 -0.092799
37.00 0.65959430708758449 0.0047038 -0.0038751 -0.0931478
36.95 0.65899562758227459 0.0053036 -0.0033003 -0.0934969
36.90 0.65839719020894694 0.0059016 -0.0027279 -0.0938461
36.85 0.65779899316933454 0.0064976 -0.0021581 -0.0941955
36.80 0.65720103466718971 0.0070917 -0.0015908 -0.0945451
36.75 0.65660331290825846 0.0076838 -0.0010261 -0.0948949
36.70 0.65600582610025293 0.008274 -0.000464 -0.0952449
36.65 0.65540857245282624 0.0088621 0.0000955 -0.0955952
36.60 0.65481155017754511 0.0094482 0.0006522 -0.0959456
36.55 0.65421475748786373 0.0100323 0.0012061 -0.0962962
36.50 0.65361819259909770 0.0106142 0.0017573 -0.096647
36.45 0.65302185372839705 0.0111941 0.0023056 -0.0969981
36.40 0.65242573909472057 0.0117718 0.0028511 -0.0973493
36.35 0.65182984691880952 0.0123474 0.0033935 -0.0977008
36.30 0.65123417542316075 0.0129208 0.003933 -0.0980525
36.25 0.65063872283200119 0.013492 0.0044695 -0.0984044
36.20 0.65004348737126105 0.0140609 0.0050028 -0.0987565
36.15 0.64944846726854788 0.0146275 0.0055329 -0.0991088
36.10 0.64885366075312068 0.0151918 0.0060599 -0.0994614
36.05 0.64825906605586314 0.0157538 0.0065836 -0.0998141
36.00 0.64766468140925815 0.0163134 0.0071039 -0.1001671
35.95 0.64707050504736097 0.0168706 0.0076208 -0.1005204
35.90 0.64647653520577386 0.0174253 0.0081343 -0.1008738
35.85 0.64588277012161954 0.0179776 0.0086442 -0.1012275
35.80 0.64528920803351497 0.0185273 0.0091505 -0.1015814
35.75 0.64469584718154593 0.0190744 0.0096531 -0.1019355
35.70 0.64410268580724028 0.019619 0.010152 -0.1022899
35.65 0.64350972215354219 0.0201609 0.010647 -0.1026446
35.60 0.64291695446478636 0.0207001 0.0111382 -0.1029994
35.55 0.64232438098667155 0.0212366 0.0116253 -0.1033545
35.50 0.64173199996623487 0.0217703 0.0121084 -0.1037098
35.45 0.64113980965182582 0.0223012 0.0125873 -0.1040654
35.40 0.64054780829307956 0.0228292 0.013062 -0.1044213
35.35 0.63995599414089233 0.0233543 0.0135323 -0.1047773
35.30 0.63936436544739395 0.0238765 0.0139982 -0.1051337
35.25 0.63877292046592293 0.0243956 0.0144596 -0.1054902
35.20 0.63818165745099997 0.0249116 0.0149163 -0.1058471
35.15 0.63759057465830182 0.0254245 0.0153683 -0.1062041
35.10 0.63699967034463578 0.0259342 0.0158155 -0.1065615
35.05 0.63640894276791349 0.0264406 0.0162577 -0.1069191
35.00 0.63581839018712483 0.0269438 0.0166949 -0.1072769
34.95 0.63522801086231206 0.0274435 0.0171269 -0.1076351
34.90 0.63463780305454343 0.0279399 0.0175536 -0.1079934
34.85 0.63404776502588822 0.0284327 0.0179749 -0.1083521
34.80 0.63345789503938943 0.028922 0.0183906 -0.108711
34.75 0.63286819135903882 0.0294076 0.0188007 -0.1090702
34.70 0.63227865224975011 0.0298895 0.019205 -0.1094296
34.65 0.63168927597733326 0.0303676 0.0196033 -0.1097894
34.60 0.63110006080846870 0.0308419 0.0199955 -0.1101494
34.55 0.63051100501068102 0.0313122 0.0203815 -0.1105096
34.50 0.62992210685231265 0.0317784 0.0207612 -0.1108702
34.45 0.62933336460249822 0.0322406 0.0211342 -0.111231
34.40 0.62874477653113825 0.0326986 0.0215006 -0.1115921
34.35 0.62815634090887318 0.0331523 0.0218602 -0.1119535
34.30 0.62756805600705678 0.0336016 0.0222127 -0.1123152
34.25 0.62697992009773107 0.0340464 0.022558 -0.1126772
34.20 0.62639193145359873 0.0344867 0.0228959 -0.1130394
34.15 0.62580408834799783 0.0349223 0.0232263 -0.113402
34.10 0.62521638905487575 0.0353532 0.0235489 -0.1137648
34.05 0.62462883184876250 0.0357791 0.0238637 -0.1141279
34.00 0.62404141500474464 0.0362001 0.0241702 -0.1144914
33.95 0.62345413679843897 0.036616 0.0244685 -0.1148551
33.90 0.62286699550596603 0.0370266 0.0247582 -0.1152191
33.85 0.62227998940392448 0.0374319 0.0250392 -0.1155834
33.80 0.62169311676936412 0.0378318 0.0253112 -0.1159481
33.75 0.62110637587975959 0.038226 0.0255741 -0.116313
33.70 0.62051976501298423 0.0386146 0.0258276 -0.1166782
33.65 0.61993328244728318 0.0389973 0.0260714 -0.1170438
33.60 0.61934692646124778 0.039374 0.0263054 -0.1174096
33.55 0.61876069533378786 0.0397446 0.0265293 -0.1177758
33.50 0.61817458734410646 0.0401089 0.0267428 -0.1181423
33.45 0.61758860077167221 0.0404668 0.0269458 -0.1185091
33.40 0.61700273389619331 0.0408181 0.0271379 -0.1188762
33.35 0.61641698499759090 0.0411626 0.0273189 -0.1192436
33.30 0.61583135235597231 0.0415003 0.0274886 -0.1196114
33.25 0.61524583425160395 0.0418309 0.0276467 -0.1199794
33.20 0.61466042896488526 0.0421542 0.0277929 -0.1203478
33.15 0.61407513477632125 0.0424701 0.027927 -0.1207166
33.10 0.61348994996649608 0.0427785 0.0280486 -0.1210856
33.05 0.61290487281604611 0.043079 0.0281576 -0.121455
33.00 0.61231990160563299 0.0433716 0.0282537 -0.1218247
32.95 0.61173503461591627 0.043656 0.0283365 -0.1221948
32.90 0.61115027012752698 0.043932 0.0284058 -0.1225652
32.85 0.61056560642104030 0.0441995 0.0284614 -0.1229359
32.80 0.60998104177694812 0.0444582 0.0285029 -0.123307
32.75 0.60939657447563289 0.0447079 0.0285301 -0.1236784
32.70 0.60881220279733894 0.0449483 0.0285427 -0.1240501
32.65 0.60822792502214618 0.0451794 0.0285404 -0.1244222
32.60 0.60764373942994288 0.0454008 0.028523 -0.1247946
32.55 0.60705964430039738 0.0456122 0.0284903 -0.1251674
32.50 0.60647563791293169 0.0458136 0.0284418 -0.1255406
32.45 0.60589171854669355 0.0460046 0.0283775 -0.125914
32.40 0.60530788448052819 0.0461849 0.0282971 -0.1262879
32.35 0.60472413399295200 0.0463544 0.0282002 -0.1266621
32.30 0.60414046536212396 0.0465127 0.0280867 -0.1270366
32.25 0.60355687686581816 0.0466597 0.0279564 -0.1274115
32.20 0.60297336678139601 0.0467951 0.027809 -0.1277868
32.15 0.60238993338577806 0.0469185 0.0276444 -0.1281624
32.10 0.60180657495541667 0.0470297 0.0274623 -0.1285384
32.05 0.60122328976626727 0.0471286 0.0272626 -0.1289148
32.00 0.60064007609376124 0.0472147 0.027045 -0.1292915
31.95 0.60005693221277612 0.0472878 0.0268094 -0.1296686
31.90 0.59947385639760953 0.0473477 0.0265558 -0.1300461
31.85 0.59889084692194905 0.047394 0.0262838 -0.130424
31.80 0.59830790205884488 0.0474265 0.0259936 -0.1308022
31.75 0.59772502008068074 0.047445 0.0256848 -0.1311808
31.70 0.59714219925914636 0.0474491 0.0253575 -0.1315598
31.65 0.59655943786520738 0.0474385 0.0250115 -0.1319391
31.60 0.59597673416907782 0.0474131 0.0246468 -0.1323189
31.55 0.59539408644019098 0.0473724 0.0242635 -0.132699
31.50 0.59481149294717062 0.0473163 0.0238614 -0.1330795
31.45 0.59422895195780179 0.0472446 0.0234405 -0.1334604
31.40 0.59364646173900193 0.0471568 0.0230009 -0.1338417
31.35 0.59306402055679219 0.0470528 0.0225426 -0.1342234
31.30 0.59248162667626747 0.0469324 0.0220656 -0.1346055
31.25 0.59189927836156764 0.0467953 0.0215701 -0.134988
31.20 0.59131697387584792 0.0466412 0.021056 -0.1353708
31.15 0.59073471148124979 0.04647 0.0205235 -0.1357541
31.10 0.59015248943887078 0.0462814 0.0199727 -0.1361378
31.05 0.58957030600873539 0.0460752 0.0194037 -0.1365218
31.00 0.58898815944976501 0.0458512 0.0188167 -0.1369063
30.95 0.58840604801974816 0.0456092 0.0182117 -0.1372912
30.90 0.58782396997531072 0.0453492 0.017589 -0.1376765
30.85 0.58724192357188520 0.0450708 0.0169488 -0.1380622
30.80 0.58665990706368132 0.044774 0.0162912 -0.1384483
30.75 0.58607791870365555 0.0444586 0.0156165 -0.1388348
30.70 0.58549595674348021 0.0441245 0.0149248 -0.1392217
30.65 0.58491401943351373 0.0437717 0.0142164 -0.1396091
30.60 0.58433210502276955 0.0433999 0.0134915 -0.1399969
30.55 0.58375021175888564 0.0430092 0.0127504 -0.140385
30.50 0.58316833788809341 0.0425995 0.0119932 -0.1407737
30.45 0.58258648165518689 0.0421707 0.0112203 -0.1411627
30.40 0.58200464130349217 0.0417229 0.0104318 -0.1415522
30.35 0.58142281507483518 0.041256 0.0096281 -0.141942
30.30 0.58084100120951132 0.04077 0.0088095 -0.1423324
30.25 0.58025919794625369 0.040265 0.0079761 -0.1427231
30.20 0.57967740352220132 0.039741 0.0071283 -0.1431143
30.15 0.57909561617286820 0.039198 0.0062664 -0.1435059
30.10 0.57851383413211033 0.0386362 0.0053905 -0.1438979
30.05 0.57793205563209493 0.0380556 0.0045011 -0.1442904
30.00 0.57735027890326807 0.0374563 0.0035983 -0.1446833
29.95 0.57676850217432185 0.0368385 0.0026825 -0.1450767
29.90 0.57618672367216306 0.0362022 0.0017538 -0.1454705
29.85 0.57560494162187992 0.0355477 0.0008127 -0.1458648
29.80 0.57502315424671002 0.0348751 -0.0001407 -0.1462595
29.75 0.57444135976800692 0.0341846 -0.001106 -0.1466546
29.70 0.57385955640520825 0.0334763 -0.0020831 -0.1470502
29.65 0.57327774237580176 0.0327504 -0.0030716 -0.1474462
29.60 0.57269591589529301 0.0320073 -0.0040713 -0.1478427
29.55 0.57211407517717083 0.0312469 -0.0050819 -0.1482397
29.50 0.57153221843287527 0.0304697 -0.0061032 -0.1486371
29.45 0.57095034387176313 0.0296758 -0.0071349 -0.149035
29.40 0.57036844970107436 0.0288655 -0.0081767 -0.1494333
29.35 0.56978653412589808 0.028039 -0.0092286 -0.1498321
29.30 0.56920459534913859 0.0271965 -0.0102901 -0.1502313
29.25 0.56862263157148163 0.0263384 -0.011361 -0.150631
29.20 0.56804064099135865 0.0254648 -0.0124413 -0.1510312
29.15 0.56745862180491358 0.0245761 -0.0135305 -0.1514318
29.10 0.56687657220596777 0.0236726 -0.0146285 -0.1518329
29.05 0.56629449038598434 0.0227543 -0.0157352 -0.1522345
29.00 0.56571237453403433 0.0218218 -0.0168502 -0.1526366
28.95 0.56513022283676029 0.0208752 -0.0179733 -0.1530391
28.90 0.56454803347834170 0.0199147 -0.0191045 -0.1534421
28.85 0.56396580464045909 0.0189408 -0.0202434 -0.1538456
28.80 0.56338353450225820 0.0179536 -0.02139 -0.1542496
28.75 0.56280122124031395 0.0169534 -0.0225439 -0.154654
28.70 0.56221886302859492 0.0159405 -0.0237051 -0.1550589
28.65 0.56163645803842610 0.0149151 -0.0248733 -0.1554643
28.60 0.56105400443845332 0.0138775 -0.0260485 -0.1558702
28.55 0.56047150039460558 0.012828 -0.0272303 -0.1562766
28.50 0.55988894407005929 0.0117669 -0.0284187 -0.1566834
28.45 0.55930633362520032 0.0106943 -0.0296135 -0.1570908
28.40 0.55872366721758682 0.0096106 -0.0308146 -0.1574986
28.35 0.55814094300191230 0.0085159 -0.0320218 -0.157907
28.30 0.55755815912996731 0.0074106 -0.0332349 -0.1583158
28.25 0.55697531375060216 0.0062949 -0.0344538 -0.1587251
28.20 0.55639240500968834 0.005169 -0.0356785 -0.159135
28.15 0.55580943105008029 0.0040331 -0.0369087 -0.1595453
28.10 0.55522639001157725 0.0028875 -0.0381443 -0.1599561
28.05 0.55464328003088403 0.0017324 -0.0393852 -0.1603674
28.00 0.55406009924157285 0.000568 -0.0406313 -0.1607792
27.95 0.55347684577404310 -0.0006055 -0.0418824 -0.1611916
27.90 0.55289351775548301 -0.0017879 -0.0431385 -0.1616044
27.85 0.55231011330982938 -0.0029789 -0.0443995 -0.1620178
27.80 0.55172663055772764 -0.0041784 -0.0456651 -0.1624316
27.75 0.55114306761649301 -0.0053861 -0.0469354 -0.162846
27.70 0.55055942260006829 -0.0066019 -0.0482103 -0.1632608
27.65 0.54997569361898513 -0.0078257 -0.0494895 -0.1636762
27.60 0.54939187878032203 -0.0090571 -0.0507731 -0.1640921
27.55 0.54880797618766397 -0.0102961 -0.052061 -0.1645085
27.50 0.54822398394106098 -0.0115424 -0.053353 -0.1649255
27.45 0.54763990013698649 -0.012796 -0.054649 -0.1653429
27.40 0.54705572286829596 -0.0140566 -0.0559491 -0.1657609
27.35 0.54647145022418464 -0.015324 -0.057253 -0.1661794
27.30 0.54588708029014499 -0.0165982 -0.0585608 -0.1665984
27.25 0.54530261114792489 -0.017879 -0.0598723 -0.1670179
27.20 0.54471804087548426 -0.0191662 -0.0611875 -0.167438
27.15 0.54413336754695263 -0.0204597 -0.0625063 -0.1678585
27.10 0.54354858923258453 -0.0217593 -0.0638287 -0.1682797
27.05 0.54296370399871785 -0.0230649 -0.0651545 -0.1687013
27.00 0.54237870990772830 -0.0243765 -0.0664837 -0.1691235
26.95 0.54179360501798601 -0.0256938 -0.0678162 -0.1695462
26.90 0.54120838738381127 -0.0270167 -0.069152 -0.1699694
26.85 0.54062305505542918 -0.0283452 -0.0704911 -0.1703931
26.80 0.54003760607892537 -0.0198022 -0.0454813 -0.1254069
26.75 0.53945203849620049 -0.0185521 -0.0441434 -0.1239738
26.70 0.53886635034492414 -0.0173022 -0.0428058 -0.1225407
26.65 0.53828053965848977 -0.0160525 -0.0414684 -0.1211074
26.60 0.53769460446596806 -0.0148031 -0.0401313 -0.1196741
26.55 0.53710854279206044 -0.0135538 -0.0387943 -0.1182406
26.50 0.53652235265705239 -0.0123048 -0.0374576 -0.1168071
26.45 0.53593603207676654 -0.0110559 -0.036121 -0.1153734
26.40 0.53534957906251479 -0.0098073 -0.0347847 -0.1139397
26.35 0.53476299162105112 -0.0085588 -0.0334486 -0.1125058
26.30 0.53417626775452287 -0.0073105 -0.0321127 -0.1110718
26.25 0.53358940546042311 -0.0060624 -0.0307771 -0.1096377
26.20 0.53300240273154131 -0.0048146 -0.0294416 -0.1082035
26.15 0.53241525755591457 -0.0035669 -0.0281064 -0.1067692
26.10 0.53182796791677822 -0.0023194 -0.0267713 -0.1053347
26.05 0.53124053179251596 -0.001072 -0.0254365 -0.1039
26.00 0.53065294715660993 0.0001751 -0.0241018 -0.1024653
25.95 0.53006521197759027 0.0014221 -0.0227674 -0.1010304
25.90 0.52947732421898386 0.0026689 -0.0214332 -0.0995953
25.85 0.52888928183926420 0.0039155 -0.0200992 -0.0981601
25.80 0.52830108279179877 0.005162 -0.0187654 -0.0967247
25.75 0.52771272502479782 0.0064083 -0.0174317 -0.0952892
25.70 0.52712420648126190 0.0076544 -0.0160983 -0.0938535
25.65 0.52653552509892954 0.0089004 -0.0147651 -0.0924176
25.60 0.52594667881022350 0.0101462 -0.013432 -0.0909816
25.55 0.52535766554219843 0.0113918 -0.0120992 -0.0895454
25.50 0.52476848321648584 0.0126373 -0.0107665 -0.088109
25.45 0.52417912974924130 0.0138827 -0.0094341 -0.0866724
25.40 0.52358960305108848 0.0151279 -0.0081018 -0.0852356
25.35 0.52299990102706539 0.0163729 -0.0067697 -0.0837986
25.30 0.52241002157656802 0.0176179 -0.0054378 -0.0823615
25.25 0.52181996259329522 0.0188626 -0.004106 -0.0809241
25.20 0.52122972196519191 0.0201073 -0.0027745 -0.0794865
25.15 0.52063929757439309 0.0213518 -0.0014431 -0.0780487
25.10 0.52004868729716613 0.0225962 -0.0001119 -0.0766107
25.05 0.51945788900385370 0.0238404 0.0012191 -0.0751725
25.00 0.51886690055881535 0.0250846 0.0025499 -0.073734
24.95 0.51827571982036957 0.0263286 0.0038806 -0.0722953
24.90 0.51768434464073498 0.0275725 0.0052111 -0.0708564
24.85 0.51709277286597055 0.0288163 0.0065414 -0.0694172
24.80 0.51650100233591645 0.03006 0.0078716 -0.0679778
24.75 0.51590903088413309 0.0313035 0.0092016 -0.0665382
24.70 0.51531685633784119 0.032547 0.0105315 -0.0650983
24.65 0.51472447651786013 0.0337904 0.0118612 -0.0636581
24.60 0.51413188923854658 0.0350337 0.0131907 -0.063401
24.55 0.51353909230773198 0.0362769 0.0145201 -0.0642862
24.50 0.51294608352666027 0.03752 0.0158493 -0.0651742
24.45 0.51235286068992469 0.038763 0.0171783 -0.0660647
24.40 0.51175942158540400 0.040006 0.0185073 -0.066958
24.35 0.51116576399419855 0.0412488 0.019836 -0.0678539
24.30 0.51057188569056522 0.0424916 0.0211647 -0.0687524
24.25 0.50997778444185260 0.0437344 0.0224932 -0.0696536
24.20 0.50938345800843532 0.044977 0.0238215 -0.0705575
24.15 0.50878890414364741 0.0462197 0.0251497 -0.0714641
24.10 0.50819412059371571 0.0474622 0.0264778 -0.0723732
24.05 0.50759910509769279 0.0487047 0.0278058 -0.0732851
24.00 0.50700385538738835 0.0499472 0.0291336 -0.0741996
23.95 0.50640836918730148 0.0511896 0.0304613 -0.0751167
23.90 0.50581264421455108 0.052432 0.0317889 -0.0760365
23.85 0.50521667817880678 0.0536744 0.0331163 -0.0769589
23.80 0.50462046878221822 0.0549167 0.0344437 -0.077884
23.75 0.50402401371934424 0.056159 0.0357709 -0.0788117
23.70 0.50342731067708213 0.0574013 0.037098 -0.079742
23.65 0.50283035733459502 0.0586436 0.038425 -0.080675
23.60 0.50223315136323943 0.0598859 0.0397519 -0.0816107
23.55 0.50163569042649214 0.0611282 0.0410787 -0.0825489
23.50 0.50103797217987622 0.0623705 0.0424054 -0.0834899
23.45 0.50043999427088670 0.0636128 0.0437321 -0.0844334
23.40 0.49984175433891520 0.0648551 0.0450586 -0.0853796
23.35 0.49924325001517428 0.0660974 0.046385 -0.0863284
23.30 0.49864447892262104 0.0673397 0.0477114 -0.0872798
23.25 0.49804543867587991 0.0685821 0.0490376 -0.0882339
23.20 0.49744612688116491 0.0698245 0.0503638 -0.0891906
23.15 0.49684654113620130 0.071067 0.0516899 -0.0901499
23.10 0.49624667903014597 0.0723095 0.053016 -0.0911119
23.05 0.49564653814350829 0.073552 0.054342 -0.0920764
23.00 0.49504611604806875 0.0747946 0.0556679 -0.0930436
22.95 0.49444541030679834 0.0760373 0.0569937 -0.0940135
22.90 0.49384441847377619 0.07728 0.0583195 -0.0949859
22.85 0.49324313809410680 0.0785229 0.0596453 -0.095961
22.80 0.49264156670383669 0.0797658 0.060971 -0.0969387
22.75 0.49203970182987000 0.0810088 0.0622967 -0.097919
22.70 0.49143754098988363 0.0822519 0.0636223 -0.0989019
22.65 0.49083508169224127 0.0834951 0.0649479 -0.0998875
22.60 0.49023232143590700 0.0847384 0.0662735 -0.1008756
22.55 0.48962925771035787 0.0859818 0.0675991 -0.1018664
22.50 0.48902588799549546 0.0872253 0.0689246 -0.1028598
22.45 0.48842220976155742 0.088469 0.0702502 -0.1038558
22.40 0.48781822046902723 0.0897128 0.0715757 -0.1048544
22.35 0.48721391756854376 0.0909568 0.0729012 -0.1058557
22.30 0.48660929850080958 0.0922009 0.0742267 -0.1068595
22.25 0.48600436069649899 0.0934452 0.0755523 -0.107866
22.20 0.48539910157616445 0.0946896 0.0768778 -0.1088751
22.15 0.48479351855014252 0.0959342 0.0782034 -0.1098867
22.10 0.48418760901845936 0.097179 0.079529 -0.110901
22.05 0.48358137037073412 0.098424 0.0808546 -0.1119179
22.00 0.48297479998608267 0.0996691 0.0821803 -0.1129374
21.95 0.48236789523301982 0.1009145 0.083506 -0.1139596
21.90 0.48176065346936059 0.1021601 0.0848317 -0.1149843
21.85 0.48115307204212066 0.1034059 0.0861576 -0.1160116
21.80 0.48054514828741574 0.104652 0.0874834 -0.1170415
21.75 0.47993687953036013 0.1058982 0.0888094 -0.1180741
21.70 0.47932826308496429 0.1071448 0.0901354 -0.1191092
21.65 0.47871929625403137 0.1083916 0.0914615 -0.1201469
21.60 0.47810997632905239 0.1096386 0.0927877 -0.1211873
21.55 0.47750030059010101 0.1108859 0.094114 -0.1222302
21.50 0.47689026630572684 0.1121335 0.0954404 -0.1232757
21.45 0.47627987073284805 0.1133814 0.0967669 -0.1243239
21.40 0.47566911111664228 0.1146296 0.0980936 -0.1253746
21.35 0.47505798469043725 0.1158781 0.0994203 -0.126428
21.30 0.47444648867559963 0.117127 0.1007472 -0.1274839
21.25 0.47383462028142359 0.1183761 0.1020743 -0.1285424
21.20 0.47322237670501677 0.1196256 0.1034015 -0.1296035
21.15 0.47260975513118736 0.1208755 0.1047288 -0.1306673
21.10 0.47199675273232761 0.1221257 0.1060563 -0.1317336
21.05 0.47138336666829789 0.1233763 0.107384 -0.1328025
21.00 0.47076959408630886 0.1246273 0.1087119 -0.133874
20.95 0.47015543212080257 0.1258786 0.11004 -0.134948
20.90 0.46954087789333243 0.1271304 0.1113682 -0.1360247
20.85 0.46892592851244164 0.1283825 0.1126967 -0.137104
20.80 0.46831058107354084 0.1296351 0.1140254 -0.1381858
20.75 0.46769483265878409 0.1308882 0.1153544 -0.1392703
20.70 0.46707868033694405 0.1321417 0.1166836 -0.1403573
20.65 0.46646212116328506 0.1333956 0.118013 -0.1414469
20.60 0.46584515217943595 0.13465 0.1193427 -0.1425391
20.55 0.46522777041326047 0.1359049 0.1206727 -0.1436338
20.50 0.46460997287872730 0.1371603 0.1220029 -0.1447312
20.45 0.46399175657577785 0.1384162 0.1233335 -0.1458311
20.40 0.46337311849019369 0.1396726 0.1246643 -0.1469336
20.35 0.46275405559346122 0.1409295 0.1259955 -0.1480387
20.30 0.46213456484263626 0.142187 0.127327 -0.1491464
20.25 0.46151464318020630 0.1434451 0.1286588 -0.1502566
20.20 0.46089428753395190 0.1447037 0.129991 -0.1513694
20.15 0.46027349481680574 0.1459629 0.1313236 -0.1524848
20.10 0.45965226192671138 0.1472227 0.1326565 -0.1536027
20.05 0.45903058574647937 0.1484831 0.1339898 -0.1547232
20.00 0.45840846314364242 0.1497441 0.1353235 -0.1558463
19.95 0.45778589097030903 0.1510058 0.1366576 -0.156972
19.90 0.45716286606301498 0.1522681 0.1379922 -0.1581002
19.85 0.45653938524257409 0.153531 0.1393271 -0.159231
19.80 0.45591544531392630 0.1547947 0.1406626 -0.1603643
19.75 0.45529104306598517 0.1560591 0.1419985 -0.1615002
19.70 0.45466617527148268 0.1573241 0.1433349 -0.1626386
19.65 0.45404083868681316 0.1585899 0.1446717 -0.1637796
19.60 0.45341503005187517 0.1598564 0.1460091 -0.1649232
19.55 0.45278874608991104 0.1611237 0.147347 -0.1660693
19.50 0.45216198350734593 0.1623918 0.1486855 -0.167218
19.45 0.45153473899362395 0.1636606 0.1500245 -0.1683692
19.40 0.45090700922104293 0.1649303 0.151364 -0.1695229
19.35 0.45027879084458722 0.1662007 0.1527042 -0.1706792
19.30 0.44965008050175848 0.167472 0.1540449 -0.171838
19.25 0.44902087481240505 0.1687442 0.1550348 -0.1729994
19.20 0.44839117037854909 0.1700172 0.1544256 -0.1741632
19.15 0.44776096378421115 0.1712911 0.1538161 -0.1753297
19.10 0.44713025159523395 0.1725659 0.1532063 -0.1764986
19.05 0.44649903035910310 0.1738416 0.1525961 -0.1776701
19.00 0.44586729660476643 0.1751183 0.1519857 -0.1788441
18.95 0.44523504684245080 0.1763959 0.1513749 -0.1800206
18.90 0.44460227756347698 0.1776745 0.1507639 -0.1811996
18.85 0.44396898524007278 0.1789541 0.1501526 -0.1823812
18.80 0.44333516632518272 0.1802346 0.1495411 -0.1835652
18.75 0.44270081725227745 0.1815163 0.1489293 -0.1847518
18.70 0.44206593443515912 0.1827989 0.1483172 -0.1859408
18.65 0.44143051426776569 0.1840827 0.1477049 -0.1871324
18.60 0.44079455312397198 0.1853675 0.1470923 -0.1883264
18.55 0.44015804735738923 0.1866534 0.1464795 -0.189523
18.50 0.43952099330116196 0.1879404 0.1458665 -0.190722
18.45 0.43888338726776216 0.1892286 0.1452532 -0.1919235
18.40 0.43824522554878126 0.190518 0.1446398 -0.1931275
18.35 0.43760650441471993 0.1918085 0.1440261 -0.194334
18.30 0.43696722011477462 0.1931003 0.1434122 -0.1955429
18.25 0.43632736887662232 0.1943933 0.1427982 -0.1967543
18.20 0.43568694690620202 0.1956875 0.1421839 -0.1979682
18.15 0.43504595038749433 0.196983 0.1415695 -0.1991845
18.10 0.43440437548229766 0.1982798 0.1409549 -0.2004033
18.05 0.43376221833000173 0.1995779 0.1403402 -0.2016245
18.00 0.43311947504735931 0.2008774 0.1397253 -0.2028481
17.95 0.43247614172825383 0.2021782 0.1391103 -0.2040742
17.90 0.43183221444346498 0.2034804 0.1384951 -0.2053028
17.85 0.43118768924043122 0.204784 0.1378798 -0.2065337
17.80 0.43054256214300907 0.206089 0.1372643 -0.2077671
17.75 0.42989682915123001 0.2073954 0.1366488 -0.2090029
17.70 0.42925048624105394 0.2087034 0.1360331 -0.210241
17.65 0.42860352936411933 0.2100128 0.1354173 -0.2114816
17.60 0.42795595444749102 0.2113238 0.1348014 -0.2127246
17.55 0.42730775739340404 0.2126363 0.1341855 -0.21397
17.50 0.42665893407900496 0.2139504 0.1335695 -0.2152177
17.45 0.42600948035608893 0.2152661 0.1329533 -0.2164679
17.40 0.42535939205083484 0.2165834 0.1323372 -0.2177204
17.35 0.42470866496353571 0.2179024 0.1317209 -0.2189752
17.30 0.42405729486832622 0.219223 0.1311046 -0.2202324
17.25 0.42340527751290741 0.2205453 0.1304883 -0.221492
17.20 0.42275260861826658 0.2218694 0.1298719 -0.2227538
17.15 0.42209928387839457 0.2231952 0.1292555 -0.2240181
17.10 0.42144529895999888 0.2245228 0.1286391 -0.2252846
17.05 0.42079064950221312 0.2258522 0.1280227 -0.2265534
17.00 0.42013533111630319 0.2271834 0.1274063 -0.2278246
16.95 0.41947933938536919 0.2285165 0.1267898 -0.229098
16.90 0.41882266986404287 0.2298515 0.1261734 -0.2303738
16.85 0.41816531807818275 0.2311884 0.125557 -0.2316518
16.80 0.41750727952456318 0.2325272 0.1249406 -0.2329321
16.75 0.41684854967056112 0.233868 0.1243242 -0.2342146
16.70 0.41618912395383745 0.2352109 0.1237079 -0.2354994
16.65 0.41552899778201507 0.2365557 0.1230917 -0.2367864
16.60 0.41486816653235176 0.2379027 0.1224754 -0.2380756
16.55 0.41420662555140919 0.2372593 0.1218593 -0.2393671
16.50 0.41354437015471773 0.2361613 0.1212432 -0.2406608
16.45 0.41288139562643611 0.2350634 0.1206272 -0.2419566
16.40 0.41221769721900697 0.2339658 0.1200113 -0.2432547
16.35 0.41155327015280768 0.2328685 0.1193955 -0.2445549
16.30 0.41088810961579586 0.2317715 0.1187797 -0.2458573
16.25 0.41022221076315113 0.2306747 0.1181641 -0.2471618
16.20 0.40955556871691118 0.2295783 0.1175486 -0.2484685
16.15 0.40888817856560256 0.2284823 0.1169332 -0.2497773
16.10 0.40822003536386753 0.2273866 0.116318 -0.2510881
16.05 0.40755113413208455 0.2262913 0.1157029 -0.2524011
16.00 0.40688146985598445 0.2251964 0.1150879 -0.2537162
15.95 0.40621103748626042 0.2241019 0.1144731 -0.2550333
15.90 0.40553983193817339 0.2230079 0.1138585 -0.2563525
15.85 0.40486784809115106 0.2219143 0.1132441 -0.2576738
15.80 0.40419508078838223 0.2208212 0.1126298 -0.258997
15.75 0.40352152483640419 0.2197287 0.1120157 -0.2603223
15.70 0.40284717500468581 0.2186366 0.1114018 -0.2616496
15.65 0.40217202602520330 0.2175451 0.1107881 -0.2629788
15.60 0.40149607259201053 0.2164542 0.1101746 -0.26431
15.55 0.40081930936080368 0.2153638 0.1095614 -0.2656432
15.50 0.40014173094847860 0.2142741 0.1089484 -0.2669783
15.45 0.39946333193268280 0.2131849 0.1083356 -0.2683153
15.40 0.39878410685136023 0.2120965 0.107723 -0.2696542
15.35 0.39810405020228995 0.2110087 0.1071108 -0.2709949
15.30 0.39742315644261811 0.2099215 0.1064987 -0.2723376
15.25 0.39674141998838264 0.2088351 0.105887 -0.273682
15.20 0.39605883521403118 0.2077495 0.1052755 -0.2750283
15.15 0.39537539645193265 0.2066645 0.1046643 -0.2763764
15.10 0.39469109799188024 0.2055804 0.1040535 -0.2777263
15.05 0.39400593408058848 0.2044971 0.1034429 -0.2790779
15.00 0.39331989892118169 0.2034145 0.1028326 -0.2804313
14.95 0.39263298667267577 0.2023328 0.1022227 -0.2817864
14.90 0.39194519144945134 0.201252 0.1016131 -0.2831432
14.85 0.39125650732071982 0.2001721 0.1010038 -0.2845017
14.80 0.39056692830998108 0.1990931 0.1003949 -0.2858618
14.75 0.38987644839447261 0.198015 0.0997863 -0.2872236
14.70 0.38918506150461102 0.1969379 0.0991781 -0.288587
14.65 0.38849276152342449 0.1958617 0.0985703 -0.2899519
14.60 0.38779954228597707 0.1947866 0.0979629 -0.2913185
14.55 0.38710539757878348 0.1937124 0.0973559 -0.2926865
14.50 0.38641032113921558 0.1926394 0.0967492 -0.2940561
14.45 0.38571430665489931 0.1915674 0.096143 -0.2954272
14.40 0.38501734776310242 0.1904965 0.0955372 -0.2967997
14.35 0.38431943805011287 0.1894267 0.0949318 -0.2981736
14.30 0.38362057105060715 0.188358 0.0943269 -0.299549
14.25 0.38292074024700901 0.1872906 0.0937224 -0.3009257
14.20 0.38221993906883789 0.1862243 0.0931184 -0.3023038
14.15 0.38151816089204771 0.1851592 0.0925148 -0.3036832
14.10 0.38081539903835421 0.1840954 0.0919117 -0.3050639
14.05 0.38011164677455245 0.1830329 0.0913091 -0.3064459
14.00 0.37940689731182314 0.1819716 0.090707 -0.3078291
13.95 0.37870114380502756 0.1809117 0.0901054 -0.3092135
13.90 0.37799437935199204 0.1798531 0.0895043 -0.3105991
13.85 0.37728659699277994 0.1787958 0.0889038 -0.3119858
13.80 0.37657778970895234 0.17774 0.0883038 -0.3133736
13.75 0.37586795042281695 0.1766856 0.0877043 -0.3147625
13.70 0.37515707199666415 0.1756326 0.0871054 -0.3161525
13.65 0.37444514723199135 0.1745811 0.086507 -0.3175434
13.60 0.37373216886871380 0.1735312 0.0859092 -0.3189353
13.55 0.37301812958436309 0.1724827 0.085312 -0.3203282
13.50 0.37230302199327187 0.1714358 0.0847154 -0.3217219
13.45 0.37158683864574560 0.1703904 0.0841194 -0.3231165
13.40 0.37086957202721976 0.1693467 0.0835241 -0.324512
13.35 0.37015121455740396 0.1683046 0.0829293 -0.3259082
13.30 0.36943175858941057 0.1672642 0.0823352 -0.3273052
13.25 0.36871119640886968 0.1662254 0.0817417 -0.3287028
13.20 0.36798952023302828 0.1651884 0.0811489 -0.3301012
13.15 0.36726672220983475 0.1641531 0.0805568 -0.3315002
13.10 0.36654279441700738 0.1631196 0.0799653 -0.3328997
13.05 0.36581772886108715 0.1620879 0.0793745 -0.3342998
13.00 0.36509151747647400 0.161058 0.0787844 -0.3357004
12.95 0.36436415212444700 0.16003 0.0781951 -0.3371015
12.90 0.36363562459216681 0.1590038 0.0776064 -0.338503
12.85 0.36290592659166121 0.1579796 0.0770185 -0.3399048
12.80 0.36217504975879339 0.1569573 0.0764314 -0.341307
12.75 0.36144298565221100 0.155937 0.075845 -0.3427094
12.70 0.36070972575227789 0.1549186 0.0752593 -0.344112
12.65 0.35997526145998643 0.1539023 0.0746745 -0.3455149
12.60 0.35923958409585033 0.1528881 0.0740904 -0.3469178
12.55 0.35850268489877835 0.151876 0.0735072 -0.3483209
12.50 0.35776455502492738 0.1508659 0.0729247 -0.349724
12.45 0.35702518554653512 0.1498581 0.0723431 -0.351127
12.40 0.35628456745073178 0.1488524 0.0717623 -0.35253
12.35 0.35554269163833013 0.1478489 0.0711824 -0.3539328
12.30 0.35479954892259385 0.1468476 0.0706034 -0.3553355
12.25 0.35405513002798283 0.1458486 0.0700252 -0.3567379
12.20 0.35330942558887629 0.1448519 0.0694479 -0.3581401
12.15 0.35256242614827166 0.1438576 0.0688715 -0.3595419
12.10 0.35181412215645985 0.1428656 0.068296 -0.3609432
12.05 0.35106450396967603 0.141876 0.0677215 -0.3623442
12.00 0.35031356184872481 0.1408888 0.0671479 -0.3637446
11.95 0.34956128595758001 0.1399041 0.0665752 -0.3651444
11.90 0.34880766636195842 0.1389218 0.0660035 -0.3665435
11.85 0.34805269302786601 0.1379421 0.0654328 -0.367942
11.80 0.34729635582011686 0.1369649 0.0648631 -0.3693397
11.75 0.34653864450082428 0.1359904 0.0642944 -0.3707366
11.70 0.34577954872786260 0.1350184 0.0637267 -0.3721325
11.65 0.34501905805329952 0.134049 0.0631601 -0.3735276
11.60 0.34425716192179839 0.1330824 0.0625945 -0.3749215
11.55 0.34349384966898983 0.1321184 0.06203 -0.3763144
11.50 0.34272911051981081 0.1311572 0.0614665 -0.3777062
11.45 0.34196293358681218 0.1301988 0.0609042 -0.3790967
11.40 0.34119530786843266 0.1292432 0.0603429 -0.3804859
11.35 0.34042622224723856 0.1282904 0.0597828 -0.3818737
11.30 0.33965566548812931 0.1273405 0.0592238 -0.3832601
11.25 0.33888362623650670 0.1263934 0.058666 -0.384645
11.20 0.33811009301640765 0.1254494 0.0581093 -0.3860283
11.15 0.33733505422859994 0.1245082 0.0575538 -0.3874099
11.10 0.33655849814863903 0.1235701 0.0569995 -0.3887898
11.05 0.33578041292488614 0.1226351 0.0564465 -0.3901679
11.00 0.33500078657648524 0.121703 0.0558947 -0.3915442
10.95 0.33421960699129954 0.1207741 0.0553441 -0.3929184
10.90 0.33343686192380506 0.1198484 0.0547948 -0.3942906
10.85 0.33265253899294100 0.1189258 0.0542467 -0.3956607
10.80 0.33186662567991565 0.1180064 0.0537 -0.3970286
10.75 0.33107910932596624 0.1170902 0.0531546 -0.3983942
10.70 0.33028997713007269 0.1161773 0.0526105 -0.3997574
10.65 0.32949921614662253 0.1152677 0.0520678 -0.4011182
10.60 0.32870681328302698 0.1143614 0.0515265 -0.4024765
10.55 0.32791275529728653 0.1134585 0.0509865 -0.4038321
10.50 0.32711702879550453 0.112559 0.0504479 -0.4051851
10.45 0.32631962022934713 0.111663 0.0499108 -0.4065352
10.40 0.32552051589344949 0.1107704 0.0493751 -0.4078825
10.35 0.32471970192276511 0.1098813 0.0488409 -0.4092269
10.30 0.32391716428985806 0.1089957 0.0483082 -0.4105681
10.25 0.32311288880213562 0.1081137 0.0477769 -0.4119063
10.20 0.32230686109902068 0.1072353 0.0472472 -0.4132413
10.15 0.32149906664906186 0.1063605 0.046719 -0.4145729
10.10 0.32068949074697878 0.1054894 0.0461924 -0.4159011
10.05 0.31987811851064291 0.104622 0.0456674 -0.4172259
10.00 0.31906493487798943 0.1037584 0.045144 -0.418547
9.95 0.31824992460386070 0.1028985 0.0446222 -0.4198645
9.90 0.31743307225677786 0.1020424 0.0441021 -0.4211782
9.85 0.31661436221563910 0.1011901 0.0435836 -0.4224881
9.80 0.31579377866634295 0.1003417 0.0430668 -0.423794
9.75 0.31497130559833353 0.0994972 0.0425518 -0.4250958
9.70 0.31414692680106648 0.0986566 0.0420384 -0.4263935
9.65 0.31332062586039267 0.09782 0.0415269 -0.427687
9.60 0.31249238615485792 0.0969873 0.0410171 -0.4289761
9.55 0.31166219085191565 0.0961587 0.0405091 -0.4302609
9.50 0.31083002290405076 0.0953342 0.040003 -0.4315411
9.45 0.30999586504481119 0.0945137 0.0394987 -0.4328167
9.40 0.30915969978474567 0.0936974 0.0389963 -0.4340875
9.35 0.30832150940724323 0.0928852 0.0384959 -0.4353536
9.30 0.30748127596427399 0.0920772 0.0379973 -0.4366148
9.25 0.30663898127202549 0.0912734 0.0375007 -0.437871
9.20 0.30579460690643406 0.0904738 0.0370061 -0.4391221
9.15 0.30494813419860595 0.0896785 0.0365135 -0.440368
9.10 0.30409954423012653 0.0888875 0.036023 -0.4416086
9.05 0.30324881782825319 0.0881009 0.0355345 -0.4428439
9.00 0.30239593556098865 0.0873186 0.0350481 -0.4440737
8.95 0.30154087773203153 0.0865407 0.0345638 -0.445298
8.90 0.30068362437559926 0.0857672 0.0340817 -0.4465166
8.85 0.29982415525112072 0.0849982 0.0336018 -0.4477294
8.80 0.29896244983779341 0.0842336 0.0331241 -0.4489364
8.75 0.29809848732900202 0.0834735 0.0326486 -0.4501375
8.70 0.29723224662659264 0.082718 0.0321754 -0.4513326
8.65 0.29636370633499964 0.081967 0.0317044 -0.4525216
8.60 0.29549284475521920 0.0812207 0.0312359 -0.4537044
8.55 0.29461963987862538 0.0804789 0.0307696 -0.4548809
8.50 0.29374406938062309 0.0797417 0.0303058 -0.4560511
8.45 0.29286611061413348 0.0790092 0.0298444 -0.4572148
8.40 0.29198574060290522 0.0782814 0.0293854 -0.458372
8.35 0.29110293603464699 0.0775583 0.028929 -0.4595226
8.30 0.29021767325397441 0.0768399 0.0284751 -0.4606664
8.25 0.28932992825516618 0.0761263 0.0280237 -0.4618036
8.20 0.28843967667472209 0.0754175 0.0275749 -0.4629338
8.15 0.28754689378371695 0.0747134 0.0271287 -0.4640572
8.10 0.28665155447994300 0.0740142 0.0266852 -0.4651735
8.05 0.28575363327983461 0.0733198 0.0262444 -0.4662828
8.00 0.28485310431016619 0.0726302 0.0258063 -0.467385
7.95 0.28394994129951745 0.0719456 0.025371 -0.4684799
7.90 0.28304411756949560 0.0712658 0.0249384 -0.4695676
7.85 0.28213560602570920 0.0705909 0.0245087 -0.470648
7.80 0.28122437914848114 0.069921 0.0240819 -0.4717209
7.75 0.28031040898329512 0.069256 0.023658 -0.4727865
7.70 0.27939366713096336 0.068596 0.023237 -0.4738445
7.65 0.27847412473750777 0.0679409 0.022819 -0.474895
7.60 0.27755175248374220 0.0672908 0.022404 -0.4759379
7.55 0.27662652057454717 0.0666457 0.021992 -0.4769731
7.50 0.27569839872782342 0.0660056 0.0215832 -0.4780007
7.45 0.27476735616311498 0.0653706 0.0211775 -0.4790205
7.40 0.27383336158988730 0.0647405 0.0207749 -0.4800325
7.35 0.27289638319544918 0.0641155 0.0203755 -0.4810368
7.30 0.27195638863250449 0.0634956 0.0199794 -0.4820332
7.25 0.27101334500631991 0.0628807 0.0195865 -0.4830218
7.20 0.27006721886149349 0.0622708 0.0191969 -0.4840025
7.15 0.26911797616831001 0.061666 0.0188107 -0.4849752
7.10 0.26816558230866605 0.0610663 0.0184279 -0.4859401
7.05 0.26721000206154838 0.0604717 0.0180485 -0.4868971
7.00 0.26625119958804888 0.0598821 0.0176725 -0.4878461
6.95 0.26528913841589680 0.0592976 0.0173 -0.4887872
6.90 0.26432378142348961 0.0587182 0.0169311 -0.4897203
6.85 0.26335509082340303 0.0581438 0.0165657 -0.4906456
6.80 0.26238302814535797 0.0575745 0.0162039 -0.4915629
6.75 0.26140755421862366 0.0570103 0.0158458 -0.4924723
6.70 0.26042862915383336 0.0564511 0.0154913 -0.4933738
6.65 0.25944621232418863 0.055897 0.0151405 -0.4942674
6.60 0.25846026234602637 0.0553479 0.0147934 -0.4951532
6.55 0.25747073705872320 0.0548038 0.0144502 -0.4960311
6.50 0.25647759350390792 0.0542648 0.0141107 -0.4969013
6.45 0.25548078790395357 0.0537308 0.0137751 -0.4977638
6.40 0.25448027563971826 0.0532018 0.0134433 -0.4986185
6.35 0.25347601122750207 0.0526778 0.0131154 -0.4994656
6.30 0.25246794829518643 0.0521588 0.0127914 -0.5003051
6.25 0.25145603955751983 0.0516447 0.0124714 -0.5011371
6.20 0.25044023679051242 0.0511356 0.0121554 -0.5019616
6.15 0.24942049080490034 0.0506313 0.0118434 -0.5027787
