45.0 0.75983570225832975 -4.85718400137
44.95 0.75917290940448456 -4.85624328535
44.90 0.75851069267822968 -4.85529936240
44.85 0.75784904956591581 -4.85435223659
44.80 0.75718797756129208 -4.85340191195
44.75 0.75652747416546084 -4.85244839237
44.70 0.75586753688683117 -4.85149168169
44.65 0.75520816324107432 -4.85053178366
44.60 0.75454935075107776 -4.84956870193
44.55 0.75389109694690015 -4.84860244009
44.50 0.75323339936572720 -4.84763300162
44.45 0.75257625555182672 -4.84666038994
44.40 0.75191966305650404 -4.84568460836
44.35 0.75126361943805864 -4.84470566012
44.30 0.75060812226173934 -4.84372354839
44.25 0.74995316909970178 -4.84273827621
44.20 0.74929875753096364 -4.84174984659
44.15 0.74864488514136263 -4.84075826243
44.10 0.74799154952351277 -4.83976352653
44.05 0.74733874827676172 -4.83876564163
44.00 0.74668647900714824 -4.83776461037
43.95 0.74603473932735997 -4.83676043533
43.90 0.74538352685669107 -4.83575311898
43.85 0.74473283922100009 -4.83474266371
43.80 0.74408267405266870 -4.83372907184
43.75 0.74343302899055930 -4.83271234559
43.70 0.74278390167997466 -4.83169248710
43.65 0.74213528977261611 -4.83066949844
43.60 0.74148719092654247 -4.82964338157
43.55 0.74083960280612982 -4.82861413839
43.50 0.74019252308203054 -4.82758177069
43.45 0.73954594943113283 -4.82654628021
43.40 0.73889987953652059 -4.82550766857
43.35 0.73825431108743367 -4.82446593734
43.30 0.73760924177922782 -4.82342108797
43.25 0.73696466931333482 -4.82237312186
43.20 0.73632059139722317 -4.82132204030
43.15 0.73567700574435957 -4.82026784451
43.10 0.73503391007416841 -4.81921053562
43.05 0.73439130211199355 -4.81815011468
43.00 0.73374917958905994 -4.81708658264
42.95 0.73310754024243474 -4.81601994039
42.90 0.73246638181498858 -4.81495018872
42.85 0.73182570205535757 -4.81387732835
42.80 0.73118549871790539 -4.81280135988
42.75 0.73054576956268569 -4.81172228388
42.70 0.72990651235540349 -4.81064010078
42.65 0.72926772486737823 -4.80955481097
42.60 0.72862940487550631 -4.80846641472
42.55 0.72799155016222405 -4.80737491224
42.50 0.72735415851547003 -4.80628030365
42.45 0.72671722772864877 -4.80020935969
42.40 0.72608075560059371 -4.80064297597
42.35 0.72544473993553082 -4.80107175202
42.30 0.72480917854304194 -4.80149569410
42.25 0.72417406923802852 -4.80191480840
42.20 0.72353940984067577 -4.80232910106
42.15 0.72290519817641630 -4.80273857808
42.10 0.72227143207589473 -4.80314324544
42.05 0.72163810937493145 -4.80354310900
42.00 0.72100522791448773 -4.80393817454
41.95 0.72037278554063011 -4.80432844778
41.90 0.71974078010449472 -4.80471393434
41.85 0.71910920946225287 -4.80509463977
41.80 0.71847807147507592 -4.80547056954
41.75 0.71784736400909988 -4.80584172901
41.70 0.71721708493539160 -4.80620812350
41.65 0.71658723212991393 -4.80656975823
41.60 0.71595780347349092 -4.80692663834
41.55 0.71532879685177420 -4.80727876889
41.50 0.71470021015520846 -4.80762615484
41.45 0.71407204127899770 -4.80796880111
41.40 0.71344428812307092 -4.80830671250
41.35 0.71281694859204914 -4.80863989374
41.30 0.71219002059521097 -4.80896834950
41.25 0.71156350204645979 -4.80929208434
41.20 0.71093739086429042 -4.80961110274
41.15 0.71031168497175501 -4.80992540914
41.10 0.70968638229643122 -4.81023500784
41.05 0.70906148077038822 -4.81053990309
41.00 0.70843697833015451 -4.81084009907
40.95 0.70781287291668460 -4.81113559985
40.90 0.70718916247532726 -4.81142640944
40.85 0.70656584495579211 -4.81171253176
40.80 0.70594291831211764 -4.81199397065
40.75 0.70532038050263912 -4.81227072988
40.70 0.70469822948995642 -4.81254281311
40.65 0.70407646324090134 -4.81281022395
40.60 0.70345507972650678 -4.81307296591
40.55 0.70283407692197408 -4.81333104243
40.50 0.70221345280664171 -4.81358445685
40.45 0.70159320536395353 -4.81383321246
40.40 0.70097333258142724 -4.81407731243
40.35 0.70035383245062366 -4.81431675988
40.30 0.69973470296711415 -4.81455155784
40.25 0.69911594213045092 -4.81478170925
40.20 0.69849754794413488 -4.81500721697
40.15 0.69787951841558515 -4.81522808379
40.10 0.69726185155610820 -4.81544431241
40.05 0.69664454538086706 -4.81565590544
40.00 0.69602759790885060 -4.81586286543
39.95 0.69541100716284310 -4.81606519483
39.90 0.69479477116939314 -4.81626289601
39.85 0.69417888795878446 -4.81645597126
39.80 0.69356335556500459 -4.81664442280
39.75 0.69294817202571524 -4.81682825275
39.70 0.69233333538222186 -4.81700746316
39.65 0.69171884367944381 -4.81718205599
39.60 0.69110469496588456 -4.81735203313
39.55 0.69049088729360164 -4.81751739637
39.50 0.68987741871817743 -4.81767814743
39.45 0.68926428729868816 -4.81783428795
39.40 0.68865149109767598 -4.81798581947
39.35 0.68803902818111884 -4.81813274348
39.30 0.68742689661840040 -4.81827506136
39.25 0.68681509448228206 -4.81841277440
39.20 0.68620361984887257 -4.81854588384
39.15 0.68559247079759911 -4.81867439082
39.10 0.68498164541117901 -4.81879829639
39.05 0.68437114177558944 -4.81891760153
39.00 0.68376095798003989 -4.81903230713
38.95 0.68315109211694214 -4.81914241400
38.90 0.68254154228188213 -4.81924792286
38.85 0.68193230657359116 -4.81934883436
38.80 0.68132338309391693 -4.81944514905
38.75 0.68071476994779589 -4.81953686742
38.70 0.68010646524322338 -4.81962398985
38.65 0.67949846709122641 -4.81970651666
38.60 0.67889077360583494 -4.81978444806
38.55 0.67828338290405310 -4.81985778421
38.50 0.67767629310583211 -4.81992652516
38.45 0.67706950233404084 -4.81999067089
38.40 0.67646300871443843 -4.82005022128
38.35 0.67585681037564649 -4.82010517614
38.30 0.67525090544912036 -4.82015553520
38.25 0.67464529206912238 -4.82020129810
38.20 0.67403996837269264 -4.82024246439
38.15 0.67343493249962227 -4.82027903353
38.10 0.67283018259242555 -4.82031100492
38.05 0.67222571679631171 -4.82033837786
38.00 0.67162153325915808 -4.82036115155
37.95 0.67101763013148197 -4.82037932515
37.90 0.67041400556641328 -4.82039289768
37.85 0.66981065771966752 -4.82040186811
37.80 0.66920758474951780 -4.82040623532
37.75 0.66860478481676788 -4.82040599810
37.70 0.66800225608472497 -4.82040115516
37.65 0.66739999671917172 -4.82039170511
37.60 0.66679800488834029 -4.82037764649
37.55 0.66619627876288412 -4.82035897775
37.50 0.66559481651585173 -4.82033569725
37.45 0.66499361632265863 -4.82030780327
37.40 0.66439267636106136 -4.82027529401
37.35 0.66379199481112994 -4.82023816756
37.30 0.66319156985522110 -4.82019642195
37.25 0.66259139967795155 -4.82015005510
37.20 0.66199148246617079 -4.82009906487
37.15 0.66139181640893463 -4.82004344901
37.10 0.66079239969747838 -4.81998320519
37.05 0.66019323052519030 -4.81991833101
37.00 0.65959430708758449 -4.81984882395
36.95 0.65899562758227459 -4.81977468143
36.90 0.65839719020894694 -4.81969590077
36.85 0.65779899316933454 -4.81961247921
36.80 0.65720103466718971 -4.81952441390
36.75 0.65660331290825846 -4.81943170189
36.70 0.65600582610025293 -4.81933434016
36.65 0.65540857245282624 -4.81923232559
36.60 0.65481155017754511 -4.81912565499
36.55 0.65421475748786373 -4.81901432505
36.50 0.65361819259909770 -4.81889833239
36.45 0.65302185372839705 -4.81877767356
36.40 0.65242573909472057 -4.81865234498
36.35 0.65182984691880952 -4.81852234300
36.30 0.65123417542316075 -4.81838766390
36.25 0.65063872283200119 -4.81824830385
36.20 0.65004348737126105 -4.81810425893
36.15 0.64944846726854788 -4.81795552514
36.10 0.64885366075312068 -4.81780209837
36.05 0.64825906605586314 -4.81764397445
36.00 0.64766468140925815 -4.81748114910
35.95 0.64707050504736097 -4.81731361795
35.90 0.64647653520577386 -4.81714137655
35.85 0.64588277012161954 -4.81696442036
35.80 0.64528920803351497 -4.81678274472
35.75 0.64469584718154593 -4.81659634492
35.70 0.64410268580724028 -4.81640521613
35.65 0.64350972215354219 -4.81620935344
35.60 0.64291695446478636 -4.81600875185
35.55 0.64232438098667155 -4.81580340626
35.50 0.64173199996623487 -4.81559331149
35.45 0.64113980965182582 -4.81537846226
35.40 0.64054780829307956 -4.81515885320
35.35 0.63995599414089233 -4.81493447884
35.30 0.63936436544739395 -4.81470533363
35.25 0.63877292046592293 -4.81447141191
35.20 0.63818165745099997 -4.81423270795
35.15 0.63759057465830182 -4.81398921590
35.10 0.63699967034463578 -4.81374092985
35.05 0.63640894276791349 -4.81348784377
35.00 0.63581839018712483 -4.81322995153
34.95 0.63522801086231206 -4.81296724693
34.90 0.63463780305454343 -4.81269972367
34.85 0.63404776502588822 -4.81242737535
34.80 0.63345789503938943 -4.81215019547
34.75 0.63286819135903882 -4.81186817744
34.70 0.63227865224975011 -4.81158131457
34.65 0.63168927597733326 -4.81128960010
34.60 0.63110006080846870 -4.81099302714
34.55 0.63051100501068102 -4.81069158873
34.50 0.62992210685231265 -4.81038527779
34.45 0.62933336460249822 -4.81007408717
34.40 0.62874477653113825 -4.80975800960
34.35 0.62815634090887318 -4.80943703773
34.30 0.62756805600705678 -4.80911116412
34.25 0.62697992009773107 -4.80878038120
34.20 0.62639193145359873 -4.80844468133
34.15 0.62580408834799783 -4.80810405678
34.10 0.62521638905487575 -4.80775849969
34.05 0.62462883184876250 -4.80740800213
34.00 0.62404141500474464 -4.80705255605
33.95 0.62345413679843897 -4.80669215333
33.90 0.62286699550596603 -4.80632678573
33.85 0.62227998940392448 -4.80595644492
33.80 0.62169311676936412 -4.80558112246
33.75 0.62110637587975959 -4.80520080982
33.70 0.62051976501298423 -4.80481549837
33.65 0.61993328244728318 -4.80442517937
33.60 0.61934692646124778 -4.80402984401
33.55 0.61876069533378786 -4.80362948334
33.50 0.61817458734410646 -4.80322408833
33.45 0.61758860077167221 -4.80281364986
33.40 0.61700273389619331 -4.80239815868
33.35 0.61641698499759090 -4.80197760547
33.30 0.61583135235597231 -4.80155198078
33.25 0.61524583425160395 -4.80112127507
33.20 0.61466042896488526 -4.80068547872
33.15 0.61407513477632125 -4.80024458197
33.10 0.61348994996649608 -4.79979857497
33.05 0.61290487281604611 -4.79934744779
33.00 0.61231990160563299 -4.79889119037
32.95 0.61173503461591627 -4.79842979256
32.90 0.61115027012752698 -4.79796324409
32.85 0.61056560642104030 -4.79749153461
32.80 0.60998104177694812 -4.79701465365
32.75 0.60939657447563289 -4.79653259063
32.70 0.60881220279733894 -4.79604533490
32.65 0.60822792502214618 -4.79555287565
32.60 0.60764373942994288 -4.79505520202
32.55 0.60705964430039738 -4.79455230301
32.50 0.60647563791293169 -4.79404416752
32.45 0.60589171854669355 -4.79353078435
32.40 0.60530788448052819 -4.79301214219
32.35 0.60472413399295200 -4.79248822963
32.30 0.60414046536212396 -4.79195903514
32.25 0.60355687686581816 -4.79142454709
32.20 0.60297336678139601 -4.79088475376
32.15 0.60238993338577806 -4.79033964329
32.10 0.60180657495541667 -4.78978920372
32.05 0.60122328976626727 -4.78923342301
32.00 0.60064007609376124 -4.78867228897
31.95 0.60005693221277612 -4.78810578934
31.90 0.59947385639760953 -4.78753391172
31.85 0.59889084692194905 -4.78695664361
31.80 0.59830790205884488 -4.78637397241
31.75 0.59772502008068074 -4.78578588540
31.70 0.59714219925914636 -4.78519236975
31.65 0.59655943786520738 -4.78459341252
31.60 0.59597673416907782 -4.78398900066
31.55 0.59539408644019098 -4.78337912102
31.50 0.59481149294717062 -4.78276376031
31.45 0.59422895195780179 -4.78214290515
31.40 0.59364646173900193 -4.78151654205
31.35 0.59306402055679219 -4.78088465739
31.30 0.59248162667626747 -4.78024723745
31.25 0.59189927836156764 -4.77960426839
31.20 0.59131697387584792 -4.77895573627
31.15 0.59073471148124979 -4.77830162701
31.10 0.59015248943887078 -4.77764192644
31.05 0.58957030600873539 -4.77697662026
31.00 0.58898815944976501 -4.77630569407
30.95 0.58840604801974816 -4.77562913334
30.90 0.58782396997531072 -4.77494692343
30.85 0.58724192357188520 -4.77425904958
30.80 0.58665990706368132 -4.77356549693
30.75 0.58607791870365555 -4.77286625048
30.70 0.58549595674348021 -4.77216129512
30.65 0.58491401943351373 -4.77145061564
30.60 0.58433210502276955 -4.77073419669
30.55 0.58375021175888564 -4.77001202280
30.50 0.58316833788809341 -4.76928407841
30.45 0.58258648165518689 -4.76855034781
30.40 0.58200464130349217 -4.76781081518
30.35 0.58142281507483518 -4.76706546459
30.30 0.58084100120951132 -4.76631427999
30.25 0.58025919794625369 -4.76555724518
30.20 0.57967740352220132 -4.76479434389
30.15 0.57909561617286820 -4.76402555968
30.10 0.57851383413211033 -4.76325087601
30.05 0.57793205563209493 -4.76247027622
30.00 0.57735027890326807 -4.76168374353
29.95 0.57676850217432185 -4.76089126103
29.90 0.57618672367216306 -4.76009281168
29.85 0.57560494162187992 -4.75928837834
29.80 0.57502315424671002 -4.75847794371
29.75 0.57444135976800692 -4.75766149040
29.70 0.57385955640520825 -4.75683900088
29.65 0.57327774237580176 -4.75601045749
29.60 0.57269591589529301 -4.75517584246
29.55 0.57211407517717083 -4.75433513787
29.50 0.57153221843287527 -4.75348832571
29.45 0.57095034387176313 -4.75263538780
29.40 0.57036844970107436 -4.75177630586
29.35 0.56978653412589808 -4.75091106148
29.30 0.56920459534913859 -4.75003963611
29.25 0.56862263157148163 -4.74916201109
29.20 0.56804064099135865 -4.74827816761
29.15 0.56745862180491358 -4.74738808674
29.10 0.56687657220596777 -4.74649174942
29.05 0.56629449038598434 -4.74558913647
29.00 0.56571237453403433 -4.74468022856
28.95 0.56513022283676029 -4.74376500623
28.90 0.56454803347834170 -4.74284344991
28.85 0.56396580464045909 -4.74191553988
28.80 0.56338353450225820 -4.74098125628
28.75 0.56280122124031395 -4.74004057913
28.70 0.56221886302859492 -4.73909348832
28.65 0.56163645803842610 -4.73813996360
28.60 0.56105400443845332 -4.73717998457
28.55 0.56047150039460558 -4.73621353072
28.50 0.55988894407005929 -4.73524058139
28.45 0.55930633362520032 -4.73426111579
28.40 0.55872366721758682 -4.73327511298
28.35 0.55814094300191230 -4.73228255190
28.30 0.55755815912996731 -4.73128341135
28.25 0.55697531375060216 -4.73027766998
28.20 0.55639240500968834 -4.72926530631
28.15 0.55580943105008029 -4.72824629871
28.10 0.55522639001157725 -4.72722062543
28.05 0.55464328003088403 -4.72618826456
28.00 0.55406009924157285 -4.72514919406
27.95 0.55347684577404310 -4.72410339175
27.90 0.55289351775548301 -4.72305083529
27.85 0.55231011330982938 -4.72199150223
27.80 0.55172663055772764 -4.72092536994
27.75 0.55114306761649301 -4.71985241567
27.70 0.55055942260006829 -4.71877261652
27.65 0.54997569361898513 -4.71768594944
27.60 0.54939187878032203 -4.71659239125
27.55 0.54880797618766397 -4.71549191860
27.50 0.54822398394106098 -4.71438450802
27.45 0.54763990013698649 -4.71327013586
27.40 0.54705572286829596 -4.71214877835
27.35 0.54647145022418464 -4.71102041157
27.30 0.54588708029014499 -4.70988501143
27.25 0.54530261114792489 -4.70874255372
27.20 0.54471804087548426 -4.70759301404
27.15 0.54413336754695263 -4.70643636788
27.10 0.54354858923258453 -4.70527259055
27.05 0.54296370399871785 -4.70410165723
27.00 0.54237870990772830 -4.70292354292
26.95 0.54179360501798601 -4.70173822249
26.90 0.54120838738381127 -4.70054567065
26.85 0.54062305505542918 -4.69934586194
26.80 0.54003760607892537 -4.72645797261
26.75 0.53945203849620049 -4.72815356544
26.70 0.53886635034492414 -4.72984252578
26.65 0.53828053965848977 -4.73152483752
26.60 0.53769460446596806 -4.73320048445
26.55 0.53710854279206044 -4.73486945024
26.50 0.53652235265705239 -4.73653171848
26.45 0.53593603207676654 -4.73818727267
26.40 0.53534957906251479 -4.73983609618
26.35 0.53476299162105112 -4.74147817232
26.30 0.53417626775452287 -4.74311348426
26.25 0.53358940546042311 -4.74474201509
26.20 0.53300240273154131 -4.74636374781
26.15 0.53241525755591457 -4.74797866528
26.10 0.53182796791677822 -4.74958675031
26.05 0.53124053179251596 -4.75118798557
26.00 0.53065294715660993 -4.75278235363
25.95 0.53006521197759027 -4.75436983698
25.90 0.52947732421898386 -4.75595041798
25.85 0.52888928183926420 -4.75752407890
25.80 0.52830108279179877 -4.75909080190
25.75 0.52771272502479782 -4.76065056903
25.70 0.52712420648126190 -4.76220336227
25.65 0.52653552509892954 -4.76374916343
25.60 0.52594667881022350 -4.76528795428
25.55 0.52535766554219843 -4.76681971643
25.50 0.52476848321648584 -4.76834443142
25.45 0.52417912974924130 -4.76986208066
25.40 0.52358960305108848 -4.77137264547
25.35 0.52299990102706539 -4.77287610703
25.30 0.52241002157656802 -4.77437244645
25.25 0.52181996259329522 -4.77586164469
25.20 0.52122972196519191 -4.77734368265
25.15 0.52063929757439309 -4.77881854107
25.10 0.52004868729716613 -4.78028620060
25.05 0.51945788900385370 -4.78174664179
25.00 0.51886690055881535 -4.78319984505
24.95 0.51827571982036957 -4.78464579071
24.90 0.51768434464073498 -4.78608445896
24.85 0.51709277286597055 -4.78751582988
24.80 0.51650100233591645 -4.78893988344
24.75 0.51590903088413309 -4.79035659951
24.70 0.51531685633784119 -4.79176595783
24.65 0.51472447651786013 -4.79316793801
24.60 0.51413188923854658 -4.79456251957
24.55 0.51353909230773198 -4.79594968190
24.50 0.51294608352666027 -4.79732940428
24.45 0.51235286068992469 -4.79870166586
24.40 0.51175942158540400 -4.80006644568
24.35 0.51116576399419855 -4.80142372265
24.30 0.51057188569056522 -4.80277347558
24.25 0.50997778444185260 -4.80411568314
24.20 0.50938345800843532 -4.80545032390
24.15 0.50878890414364741 -4.80677737629
24.10 0.50819412059371571 -4.80809681861
24.05 0.50759910509769279 -4.80940862907
24.00 0.50700385538738835 -4.81071278573
23.95 0.50640836918730148 -4.81200926653
23.90 0.50581264421455108 -4.81329804929
23.85 0.50521667817880678 -4.81457911172
23.80 0.50462046878221822 -4.81585243136
23.75 0.50402401371934424 -4.81711798568
23.70 0.50342731067708213 -4.81837575198
23.65 0.50283035733459502 -4.81962570744
23.60 0.50223315136323943 -4.82086782913
23.55 0.50163569042649214 -4.82210209398
23.50 0.50103797217987622 -4.82332847878
23.45 0.50043999427088670 -4.82454696021
23.40 0.49984175433891520 -4.82575751480
23.35 0.49924325001517428 -4.82696011896
23.30 0.49864447892262104 -4.82815474896
23.25 0.49804543867587991 -4.82934138094
23.20 0.49744612688116491 -4.83051999090
23.15 0.49684654113620130 -4.83169055473
23.10 0.49624667903014597 -4.83285304815
23.05 0.49564653814350829 -4.83400744677
23.00 0.49504611604806875 -4.83515372604
22.95 0.49444541030679834 -4.83629186129
22.90 0.49384441847377619 -4.83742182770
22.85 0.49324313809410680 -4.83854360033
22.80 0.49264156670383669 -4.83965715409
22.75 0.49203970182987000 -4.84076246372
22.70 0.49143754098988363 -4.84185950386
22.65 0.49083508169224127 -4.84294824899
22.60 0.49023232143590700 -4.84402867345
22.55 0.48962925771035787 -4.84510075143
22.50 0.48902588799549546 -4.84616445698
22.45 0.48842220976155742 -4.84721976399
22.40 0.48781822046902723 -4.84826664623
22.35 0.48721391756854376 -4.84930507729
22.30 0.48660929850080958 -4.85033503064
22.25 0.48600436069649899 -4.85135647959
22.20 0.48539910157616445 -4.85236939729
22.15 0.48479351855014252 -4.85337375674
22.10 0.48418760901845936 -4.85436953081
22.05 0.48358137037073412 -4.85535669218
22.00 0.48297479998608267 -4.85633521340
21.95 0.48236789523301982 -4.85730506687
21.90 0.48176065346936059 -4.85826622481
21.85 0.48115307204212066 -4.85921865929
21.80 0.48054514828741574 -4.86016234223
21.75 0.47993687953036013 -4.86109724539
21.70 0.47932826308496429 -4.86202334036
21.65 0.47871929625403137 -4.86294059857
21.60 0.47810997632905239 -4.86384899129
21.55 0.47750030059010101 -4.86474848963
21.50 0.47689026630572684 -4.86563906452
21.45 0.47627987073284805 -4.86652068673
21.40 0.47566911111664228 -4.86739332686
21.35 0.47505798469043725 -4.86825695536
21.30 0.47444648867559963 -4.86911154248
21.25 0.47383462028142359 -4.86995705832
21.20 0.47322237670501677 -4.87079347279
21.15 0.47260975513118736 -4.87162075564
21.10 0.47199675273232761 -4.87243887644
21.05 0.47138336666829789 -4.87324780458
21.00 0.47076959408630886 -4.87404750927
20.95 0.47015543212080257 -4.87483795954
20.90 0.46954087789333243 -4.87561912426
20.85 0.46892592851244164 -4.87639097207
20.80 0.46831058107354084 -4.87715347148
20.75 0.46769483265878409 -4.87790659078
20.70 0.46707868033694405 -4.87865029808
20.65 0.46646212116328506 -4.87938456130
20.60 0.46584515217943595 -4.88010934818
20.55 0.46522777041326047 -4.88082462625
20.50 0.46460997287872730 -4.88153036288
20.45 0.46399175657577785 -4.88222652519
20.40 0.46337311849019369 -4.88291308017
20.35 0.46275405559346122 -4.88358999454
20.30 0.46213456484263626 -4.88425723489
20.25 0.46151464318020630 -4.88491476754
20.20 0.46089428753395190 -4.88556255866
20.15 0.46027349481680574 -4.88620057419
20.10 0.45965226192671138 -4.88682877987
20.05 0.45903058574647937 -4.88744714121
20.00 0.45840846314364242 -4.88805562353
19.95 0.45778589097030903 -4.88865419194
19.90 0.45716286606301498 -4.88924281131
19.85 0.45653938524257409 -4.88982144632
19.80 0.45591544531392630 -4.89039006141
19.75 0.45529104306598517 -4.89094862081
19.70 0.45466617527148268 -4.89149708851
19.65 0.45404083868681316 -4.89203542828
19.60 0.45341503005187517 -4.89256360369
19.55 0.45278874608991104 -4.89308157802
19.50 0.45216198350734593 -4.89358931438
19.45 0.45153473899362395 -4.89408677559
19.40 0.45090700922104293 -4.89457392428
19.35 0.45027879084458722 -4.89505072279
19.30 0.44965008050175848 -4.89551713325
19.25 0.44902087481240505 -4.89597311748
19.20 0.44839117037854909 -4.89641863723
19.15 0.44776096378421115 -4.89685365381
19.10 0.44713025159523395 -4.89727812834
19.05 0.44649903035910310 -4.89769202168
19.00 0.44586729660476643 -4.89809529444
18.95 0.44523504684245080 -4.89848790695
18.90 0.44460227756347698 -4.89886981929
18.85 0.44396898524007278 -4.89924099128
18.80 0.44333516632518272 -4.89960138243
18.75 0.44270081725227745 -4.89995095201
18.70 0.44206593443515912 -4.90028965900
18.65 0.44143051426776569 -4.90061746209
18.60 0.44079455312397198 -4.90093431970
18.55 0.44015804735738923 -4.90124018995
18.50 0.43952099330116196 -4.90153503068
18.45 0.43888338726776216 -4.90181879941
18.40 0.43824522554878126 -4.90209145338
18.35 0.43760650441471993 -4.90235294952
18.30 0.43696722011477462 -4.90260324446
18.25 0.43632736887662232 -4.90284229451
18.20 0.43568694690620202 -4.90307005567
18.15 0.43504595038749433 -4.90328648362
18.10 0.43440437548229766 -4.90349153371
18.05 0.43376221833000173 -4.90368516097
18.00 0.43311947504735931 -4.90386732009
17.95 0.43247614172825383 -4.90403796544
17.90 0.43183221444346498 -4.90419705102
17.85 0.43118768924043122 -4.90434453051
17.80 0.43054256214300907 -4.90448035723
17.75 0.42989682915123001 -4.90460448414
17.70 0.42925048624105394 -4.90471686385
17.65 0.42860352936411933 -4.90481744859
17.60 0.42795595444749102 -4.90490619023
17.55 0.42730775739340404 -4.90498304026
17.50 0.42665893407900496 -4.90504794980
17.45 0.42600948035608893 -4.90510086955
17.40 0.42535939205083484 -4.90514174985
17.35 0.42470866496353571 -4.90517054063
17.30 0.42405729486832622 -4.90518719141
17.25 0.42340527751290741 -4.90519165131
17.20 0.42275260861826658 -4.90518386902
17.15 0.42209928387839457 -4.90516379282
17.10 0.42144529895999888 -4.90513137054
17.05 0.42079064950221312 -4.90508654960
17.00 0.42013533111630319 -4.90502927696
16.95 0.41947933938536919 -4.90495949912
16.90 0.41882266986404287 -4.90487716215
16.85 0.41816531807818275 -4.90478221163
16.80 0.41750727952456318 -4.90467459269
16.75 0.41684854967056112 -4.90455424994
16.70 0.41618912395383745 -4.90442112756
16.65 0.41552899778201507 -4.90427516918
16.60 0.41486816653235176 -4.90411631797
16.55 0.41420662555140919 -4.90394451654
16.50 0.41354437015471773 -4.90375970703
16.45 0.41288139562643611 -4.90356183101
16.40 0.41221769721900697 -4.90335082954
16.35 0.41155327015280768 -4.90312664310
16.30 0.41088810961579586 -4.90288921165
16.25 0.41022221076315113 -4.90263847455
16.20 0.40955556871691118 -4.90237437060
16.15 0.40888817856560256 -4.90209683802
16.10 0.40822003536386753 -4.90180581441
16.05 0.40755113413208455 -4.90150123678
16.00 0.40688146985598445 -4.90118304151
15.95 0.40621103748626042 -4.90085116436
15.90 0.40553983193817339 -4.90050554045
15.85 0.40486784809115106 -4.90014610423
15.80 0.40419508078838223 -4.89977278950
15.75 0.40352152483640419 -4.89938552937
15.70 0.40284717500468581 -4.89898425628
15.65 0.40217202602520330 -4.89856890196
15.60 0.40149607259201053 -4.89813939740
15.55 0.40081930936080368 -4.89769567290
15.50 0.40014173094847860 -4.89723765799
15.45 0.39946333193268280 -4.89676528145
15.40 0.39878410685136023 -4.89627847130
15.35 0.39810405020228995 -4.89577715475
15.30 0.39742315644261811 -4.89526125822
15.25 0.39674141998838264 -4.89473070732
15.20 0.39605883521403118 -4.89418542682
15.15 0.39537539645193265 -4.89362534064
15.10 0.39469109799188024 -4.89305037184
15.05 0.39400593408058848 -4.89246044258
15.00 0.39331989892118169 -4.89185547414
14.95 0.39263298667267577 -4.89123538687
14.90 0.39194519144945134 -4.89060010018
14.85 0.39125650732071982 -4.88994953253
14.80 0.39056692830998108 -4.88928360140
14.75 0.38987644839447261 -4.88860222327
14.70 0.38918506150461102 -4.88790531362
14.65 0.38849276152342449 -4.88719278688
14.60 0.38779954228597707 -4.88646455642
14.55 0.38710539757878348 -4.88572053453
14.50 0.38641032113921558 -4.88496063241
14.45 0.38571430665489931 -4.88418476011
14.40 0.38501734776310242 -4.88339282654
14.35 0.38431943805011287 -4.88258473946
14.30 0.38362057105060715 -4.88176040540
14.25 0.38292074024700901 -4.88091972968
14.20 0.38221993906883789 -4.88006261636
14.15 0.38151816089204771 -4.87918896822
14.10 0.38081539903835421 -4.87829868676
14.05 0.38011164677455245 -4.87739167210
14.00 0.37940689731182314 -4.87646782306
13.95 0.37870114380502756 -4.87552703702
13.90 0.37799437935199204 -4.87456920995
13.85 0.37728659699277994 -4.87359423636
13.80 0.37657778970895234 -4.87260200930
13.75 0.37586795042281695 -4.87159242027
13.70 0.37515707199666415 -4.87056535924
13.65 0.37444514723199135 -4.86952071457
13.60 0.37373216886871380 -4.86845837303
13.55 0.37301812958436309 -4.86737821970
13.50 0.37230302199327187 -4.86628013798
13.45 0.37158683864574560 -4.86516400953
13.40 0.37086957202721976 -4.86402971425
13.35 0.37015121455740396 -4.86287713020
13.30 0.36943175858941057 -4.86170613361
13.25 0.36871119640886968 -4.86051659881
13.20 0.36798952023302828 -4.85930839816
13.15 0.36726672220983475 -4.85808140207
13.10 0.36654279441700738 -4.85683547890
13.05 0.36581772886108715 -4.85557049494
13.00 0.36509151747647400 -4.85428631435
12.95 0.36436415212444700 -4.85298279910
12.90 0.36363562459216681 -4.85165980896
12.85 0.36290592659166121 -4.85031720141
12.80 0.36217504975879339 -4.84895483158
12.75 0.36144298565221100 -4.84757255225
12.70 0.36070972575227789 -4.84617021371
12.65 0.35997526145998643 -4.84474766379
12.60 0.35923958409585033 -4.84330474774
12.55 0.35850268489877835 -4.84184130820
12.50 0.35776455502492738 -4.84035718511
12.45 0.35702518554653512 -4.83885221568
12.40 0.35628456745073178 -4.83732623429
12.35 0.35554269163833013 -4.83577907246
12.30 0.35479954892259385 -4.83421055869
12.25 0.35405513002798283 -4.83262051863
12.20 0.35330942558887629 -4.83100877473
12.15 0.35256242614827166 -4.82937514615
12.10 0.35181412215645985 -4.82771944898
12.05 0.35106450396967603 -4.82604149595
12.00 0.35031356184872481 -4.82434109634
11.95 0.34956128595758001 -4.82261805598
11.90 0.34880766636195842 -4.82087217712
11.85 0.34805269302786601 -4.81910325835
11.80 0.34729635582011686 -4.81731109451
11.75 0.34653864450082428 -4.81549547658
11.70 0.34577954872786260 -4.81365619164
11.65 0.34501905805329952 -4.81179302272
11.60 0.34425716192179839 -4.80990574871
11.55 0.34349384966898983 -4.80799414427
11.50 0.34272911051981081 -4.80605797974
11.45 0.34196293358681218 -4.80409702098
11.40 0.34119530786843266 -4.80211102933
11.35 0.34042622224723856 -4.80009976143
11.30 0.33965566548812931 -4.79806296914
11.25 0.33888362623650670 -4.79600039944
11.20 0.33811009301640765 -4.79391179424
11.15 0.33733505422859994 -4.79179689033
11.10 0.33655849814863903 -4.78965541921
11.05 0.33578041292488614 -4.78748710694
11.00 0.33500078657648524 -4.78529167405
10.95 0.33421960699129954 -4.78306883539
10.90 0.33343686192380506 -4.78081829994
10.85 0.33265253899294100 -4.77853977073
10.80 0.33186662567991565 -4.77623294465
10.75 0.33107910932596624 -4.77389751228
10.70 0.33028997713007269 -4.77153315778
10.65 0.32949921614662253 -4.76913955869
10.60 0.32870681328302698 -4.76671638577
10.55 0.32791275529728653 -4.76426330283
10.50 0.32711702879550453 -4.76177996654
10.45 0.32631962022934713 -4.75926602629
10.40 0.32552051589344949 -4.75672112394
10.35 0.32471970192276511 -4.75414489369
10.30 0.32391716428985806 -4.75153696185
10.25 0.32311288880213562 -4.74889694663
10.20 0.32230686109902068 -4.74622445798
10.15 0.32149906664906186 -4.74351909730
10.10 0.32068949074697878 -4.74078045730
10.05 0.31987811851064291 -4.73800812175
10.00 0.31906493487798943 -4.73520166520
9.95 0.31824992460386070 -4.73236065284
9.90 0.31743307225677786 -4.72948464016
9.85 0.31661436221563910 -4.72657317276
9.80 0.31579377866634295 -4.72362578608
9.75 0.31497130559833353 -4.72064200515
9.70 0.31414692680106648 -4.71762134426
9.65 0.31332062586039267 -4.71456330676
9.60 0.31249238615485792 -4.71146738476
9.55 0.31166219085191565 -4.70833305877
9.50 0.31083002290405076 -4.70515979748
9.45 0.30999586504481119 -4.70194705743
9.40 0.30915969978474567 -4.69869428266
9.35 0.30832150940724323 -4.69540090442
9.30 0.30748127596427399 -4.69206634080
9.25 0.30663898127202549 -4.68868999643
9.20 0.30579460690643406 -4.68527126209
9.15 0.30494813419860595 -4.68180951437
9.10 0.30409954423012653 -4.67830411528
9.05 0.30324881782825319 -4.67475441185
9.00 0.30239593556098865 -4.67115973578
8.95 0.30154087773203153 -4.66751940301
8.90 0.30068362437559926 -4.66383271327
8.85 0.29982415525112072 -4.66009894971
8.80 0.29896244983779341 -4.65631737843
8.75 0.29809848732900202 -4.65248724799
8.70 0.29723224662659264 -4.64860778901
8.65 0.29636370633499964 -4.64467821363
8.60 0.29549284475521920 -4.64069771506
8.55 0.29461963987862538 -4.63666546703
8.50 0.29374406938062309 -4.63258062329
8.45 0.29286611061413348 -4.62844231705
8.40 0.29198574060290522 -4.62424966043
8.35 0.29110293603464699 -4.62000174383
8.30 0.29021767325397441 -4.61569763570
8.25 0.28932992825516618 -4.61133638123
8.20 0.28843967667472209 -4.60691700240
8.15 0.28754689378371695 -4.60243849690
8.10 0.28665155447994300 -4.59789983767
8.05 0.28575363327983461 -4.59329997218
8.00 0.28485310431016619 -4.58863782168
7.95 0.28394994129951745 -4.58391228050
7.90 0.28304411756949560 -4.57912221528
7.85 0.28213560602570920 -4.57426646418
7.80 0.28122437914848114 -4.56934383614
7.75 0.28031040898329512 -4.56435310994
7.70 0.27939366713096336 -4.55929303342
7.65 0.27847412473750777 -4.55416232255
7.60 0.27755175248374220 -4.54895966055
7.55 0.27662652057454717 -4.54368369690
7.50 0.27569839872782342 -4.53833304646
7.45 0.27476735616311498 -4.53290628818
7.40 0.27383336158988730 -4.52740196440
7.35 0.27289638319544918 -4.52181857957
7.30 0.27195638863250449 -4.51615459912
7.25 0.27101334500631991 -4.51040844832
7.20 0.27006721886149349 -4.50457851109
7.15 0.26911797616831001 -4.49866312869
7.10 0.26816558230866605 -4.49266059847
7.05 0.26721000206154838 -4.48656917249
7.00 0.26625119958804888 -4.48038705609
6.95 0.26528913841589680 -4.47411240648
6.90 0.26432378142348961 -4.46774333121
6.85 0.26335509082340303 -4.46127788658
6.80 0.26238302814535797 -4.45471407600
6.75 0.26140755421862366 -4.44804984830
6.70 0.26042862915383336 -4.44128309597
6.65 0.25944621232418863 -4.43441165329
6.60 0.25846026234602637 -4.42743329442
6.55 0.25747073705872320 -4.42034573139
6.50 0.25647759350390792 -4.41314661203
6.45 0.25548078790395357 -4.40583351778
6.40 0.25448027563971826 -4.39840396144
6.35 0.25347601122750207 -4.39085538476
6.30 0.25246794829518643 -4.38318515603
6.25 0.25145603955751983 -4.37539056744
6.20 0.25044023679051242 -4.36746883243
6.15 0.24942049080490034 -4.35941708282
