# h4 energies for multiplicity =  1
# atoms arranged in rhombic structure of 2 isosceles triangles, definied by single parameter y = the height of the triangles 
# y, E(n=1), E(n=2), E(n=3), E(n=4), E(n=5)
0.25 -2.9295168389  -2.3785585126  -2.3785458208 
.255 -2.9522840316  -2.4032599738  -2.4032372408 
.260 -2.9733144021  -2.4264382324  -2.4263992971 
.265 -2.9926877340  -2.4482241688  -2.4481601497 
.270 -3.0104779374  -2.4687488461  -2.4686476958 
.275 -3.0267537140  -2.4881406907  -2.4879873293 
.280 -3.0415792820  -2.5065193038  -2.5062969366 
.285 -3.0550148778  -2.5239870090  -2.5236803875 
.290 -3.0671174291  -2.5406205246  -2.5402222251 
.295 -3.0779407887  -2.5564671036  -2.5559892346 
.300 -3.0875365353  -2.5715468538  -2.5710459027 
.305 -3.0959537395  -2.5858613122  -2.5855029354 
.310 -3.1032400856  -2.5996708609  -2.5994035300 
.315 -3.1094413398  -2.6145748365  -2.6121681776 
.320 -3.1146020148  -2.6320989160  -2.6241591213 
.325 -3.1187658210  -2.6516793986  -2.6353962191 
.330 -3.1219752443  -2.6714821646  -2.6459234406 
.335 -3.1242720751  -2.6907958343  -2.6558204974 
.340 -3.1256978102  -2.7094151913  -2.6652195909 
.345 -3.1262929017  -2.7272799427  -2.6743191449 
.350 -3.1260977519  -2.7443767346  -2.6833603188 
.355 -3.1251522620  -2.7607104411  -2.6925222634 
.360 -3.1234963652  -2.7762935890  -2.7018024156 
.365 -3.1211693731  -2.7911425140  -2.7110429907 
.370 -3.1182104705  -2.8052751793  -2.7200610069 
.375 -3.1146581562  -2.8187104475  -2.7287243611 
.380 -3.1105514464  -2.8314671070  -2.7369582168 
.385 -3.1059287017  -2.8435640552  -2.7447287036 
.390 -3.1008271101  -2.8550201958  -2.7520280753 
.395 -3.0952843638  -2.8658538221  -2.7588659190 
.400 -3.0893368295  -2.8760830575  -2.7652638035 
.405 -3.0830209594  -2.8857254514  -2.7712535315 
.410 -3.0763711804  -2.8947983667  -2.7768763086 
.415 -3.0694218043  -2.9033185667  -2.7821844481 
.420 -3.0622056878  -2.9113024492  -2.7872433825 
.425 -3.0547545443  -2.9187659791  -2.7921352364 
.430 -3.0470983706  -2.9257247384  -2.7969628957 
.435 -3.0392658364  -2.9321938869  -2.8018540122 
.440 -3.0312837435  -2.9381882000  -2.8069617774 
.445 -3.0231786098  -2.9437220735  -2.8124582191 
.450 -3.0149735753  -2.9488095679  -2.8185127987 
.455 -3.0066917097  -2.9534644078  -2.8252571662 
.460 -2.9983546995  -2.9577000202  -2.8327459728 
.465 -2.9899826727  -2.9615294637  -2.8409381788 
.470 -2.9815966716  -2.9649655705  -2.8497117310 
.475 -2.9732195008  -2.9680209858  -2.8589003582 
.480 -2.9707079177  -2.9648766165  -2.8683289941 
.485 -2.9730383342  -2.9566039582  -2.8778304853 
.490 -2.9750242974  -2.9484650283  -2.8872378415 
.495 -2.9766774271  -2.9405980321  -2.8963346224 
.500 -2.9780088971  -2.9334251512  -2.9046422148 
.505 -2.9790300793  -2.9287177621  -2.9103518326 
.510 -2.9797521716  -2.9306689569  -2.9092466509 
.515 -2.9801857433  -2.9373337160  -2.9032574446 
.520 -2.9803417371  -2.9450838998  -2.8960075625 
.525 -2.9802301802  -2.9529689863  -2.8884474798 
.530 -2.9798620935  -2.9607400358  -2.8808335940 
.535 -2.9792470029  -2.9683103959  -2.8732613943 
.540 -2.9783952657  -2.9756431549  -2.8657819956 
.545 -2.9827218497  -2.9773164446  -2.8584276240 
.550 -2.9895393860  -2.9760201507  -2.8512238100 
.555 -2.9960936752  -2.9745161209  -2.8441933168 
.560 -3.0023858257  -2.9728135244  -2.8373562067 
.565 -3.0084188492  -2.9709212582  -2.8307310997 
.570 -3.0141967894  -2.9688487790  -2.8243367024 
.575 -3.0197248826  -2.9666040655  -2.8181876265 
.580 -3.0250086206  -2.9641960892  -2.8122985128 
.585 -3.0300540075  -2.9616331632  -2.8066803838 
.590 -3.0348673024  -2.9589233349  -2.8013409027 
.595 -3.0394548642  -2.9560748914  -2.7962848093 
.600 -3.0438232001  -2.9530953695  -2.7915122115 
.605 -3.0479787933  -2.9499925615  -2.7870203008 
.610 -3.0519281473  -2.9467728783  -2.7828013332 
.615 -3.0556776194  -2.9434447086  -2.7788480100 
.620 -3.0592335570  -2.9400151164  -2.7751493538 
.625 -3.0626021518  -2.9364896508  -2.7716913646 
.630 -3.0657895012  -2.9328760383  -2.7684625447 
.635 -3.0688015039  -2.9291798882  -2.7654487484 
.640 -3.0716438963  -2.9254071493  -2.7626368562 
.645 -3.0743223651  -2.9215648958  -2.7600159291 
.650 -3.0768423308  -2.9176586341  -2.7575740871 
.655 -3.0792089134  -2.9136928640  -2.7552994087 
.660 -3.0814273831  -2.9096747495  -2.7531841812 
.665 -3.0835023524  -2.9056075582  -2.7512173083 
.670 -3.0854387434  -2.9014980878  -2.7493927206 
.675 -3.0872409718  -2.8973506934  -2.7477025393 
.680 -3.0889133669  -2.8931703237  -2.7500230210 
.685 -3.0904600667  -2.8889617965  -2.7548080967 
.690 -3.0918848469  -2.8847289905  -2.7595671843 
.695 -3.0931916080  -2.8804774091  -2.7642979871 
.700 -3.0943841015  -2.8762126620  -2.7689979520 
.705 -3.0954653245  -2.8719379145  -2.7736637001 
.710 -3.0964388490  -2.8676602053  -2.7782918798 
.715 -3.0973074746  -2.8633846188  -2.7828778022 
.720 -3.0980744745  -2.8591202215  -2.7874157881 
.725 -3.0987422908  -2.8548755702  -2.7918972974 
.730 -3.0993133984  -2.8506642254  -2.7963096501 
.735 -3.0997906269  -2.8465096370  -2.8006323263 
.740 -3.1001761654  -2.8424499528  -2.8048277614 
.745 -3.1004717484  -2.8385603001  -2.8088200874 
.750 -3.1006800897  -2.8350163232  -2.8124373117 
.755 -3.1008026399  -2.8322468782  -2.8152495360 
.760 -3.1008412862  -2.8311567676  -2.8163530551 
.765 -3.1007978046  -2.8323742934  -2.8151205462 
.770 -3.1006735275  -2.8351439659  -2.8123071681 
.775 -3.1004703393  -2.8385850590  -2.8087955772 
.780 -3.1001889934  -2.8422961603  -2.8049854048 
.785 -3.0998315410  -2.8461170733  -2.8010397882 
.790 -3.0993985112  -2.8499763551  -2.7970281548 
.795 -3.0988910436  -2.8538386743  -2.7929861426 
.800 -3.0983105964  -2.8576846749  -2.7889345809 
.805 -3.0976581825  -2.8615025416  -2.7848854520 
.810 -3.0969343211  -2.8652844108  -2.7808454418 
.815 -3.0961398513  -2.8690249681  -2.7768198579 
.820 -3.0952755466  -2.8727203239  -2.7728125167 
.825 -3.0943425717  -2.8763676722  -2.7688273795 
.830 -3.0933411478  -2.8799644491  -2.7648655377 
.835 -3.0922723476  -2.8835088630  -2.7609298372 
.840 -3.0911362634  -2.8869990621  -2.7570205326 
.845 -3.0899338884  -2.8904337691  -2.7531398656 
.850 -3.0886657058  -2.8938116960  -2.7492887400 
.855 -3.0873321551  -2.8971316859  -2.7476173417 
.860 -3.0859336350  -2.9003926877  -2.7489279912 
.865 -3.0844705053  -2.9035937376  -2.7503035142 
.870 -3.0829441975  -2.9067343138  -2.7517458927 
.875 -3.0813533724  -2.9098130436  -2.7532535588 
.880 -3.0796999841  -2.9128297159  -2.7548294421 
.885 -3.0779843290  -2.9157836244  -2.7564743693 
.890 -3.0762060725  -2.9186739184  -2.7581886123 
.895 -3.0743660327  -2.9215001700  -2.7599739196 
.900 -3.0724644237  -2.9242618039  -2.7618314299 
.905 -3.0705020740  -2.9269584831  -2.7637629695 
.910 -3.0684785343  -2.9295895091  -2.7657691395 
.915 -3.0663952769  -2.9321548269  -2.7678523625 
.920 -3.0642524989  -2.9346540178  -2.7700137605 
.925 -3.0620503771  -2.9370866932  -2.7722543827 
.930 -3.0597890681  -2.9394524926  -2.7745751590 
.935 -3.0574694273  -2.9417513060  -2.7769773377 
.940 -3.0550923451  -2.9439830659  -2.7794618505 
.945 -3.0526572581  -2.9461472800  -2.7820283783 
.950 -3.0501658081  -2.9482441747  -2.7846776192 
.955 -3.0476174121  -2.9502733059  -2.7874085403 
.960 -3.0450129894  -2.9522347264  -2.7902205395 
.965 -3.0423535007  -2.9541285280  -2.7931124960 
.970 -3.0396391334  -2.9559545810  -2.7960824499 
.975 -3.0368708919  -2.9577130377  -2.7991283116 
.980 -3.0340481356  -2.9594035414  -2.8022469671 
.985 -3.0311735939  -2.9610268410  -2.8054359964 
.990 -3.0282466634  -2.9625826280  -2.8086915067 
.995 -3.0252675629  -2.9640708695  -2.8120096281 
1.000 -3.0222383142  -2.9654921410  -2.8153866250 
1.005 -3.0191582946  -2.9668461562  -2.8188179844 
1.010 -3.0160296254  -2.9681335507  -2.8222995811 
1.015 -3.0128536011  -2.9693546998  -2.8258269836 
1.020 -3.0096286844  -2.9705090163  -2.8293954188 
1.025 -3.0063581350  -2.9715975475  -2.8330007028 
1.030 -3.0030424237  -2.9726203918  -2.8366383542 
1.035 -2.9996820472  -2.9735776439  -2.8403040125 
1.040 -2.9962785670  -2.9744697588  -2.8439934851 
1.045 -2.9928336571  -2.9752972195  -2.8477026652 
1.050 -2.9893480614  -2.9760601527  -2.8514275266 
1.055 -2.9858236902  -2.9767590682  -2.8551641665 
1.060 -2.9822626382  -2.9773945020  -2.8589087371 
1.065 -2.9786650143  -2.9779661883  -2.8626574568 
1.070 -2.9784755012  -2.9750355779  -2.8664064525 
1.075 -2.9789226174  -2.9713761702  -2.8701517797 
1.080 -2.9793072512  -2.9676879161  -2.8738893259 
1.085 -2.9796308764  -2.9639771634  -2.8776143921 
1.090 -2.9798932089  -2.9602466253  -2.8813217336 
1.095 -2.9800948531  -2.9565027159  -2.8850048397 
1.100 -2.9802364333  -2.9527540437  -2.8886552429 
1.105 -2.9803185935  -2.9490127498  -2.8922611812 
1.110 -2.9803419967  -2.9452969625  -2.8958051439 
1.115 -2.9803062762  -2.9416331613  -2.8992591574 
1.120 -2.9802131327  -2.9380733326  -2.9025746398 
1.125 -2.9800621865  -2.9347069614  -2.9056610524 
1.130 -2.9798540980  -2.9317158537  -2.9083381136 
1.135 -2.9795895434  -2.9294574827  -2.9102501317 
1.140 -2.9792692139  -2.9284807601  -2.9108502425 
1.145 -2.9788938158  -2.9291064034  -2.9098200545 
1.150 -2.9784628430  -2.9309927457  -2.9075013372 
1.155 -2.9779782037  -2.9335939663  -2.9044453023 
1.160 -2.9774393653  -2.9365607269  -2.9010019755 
1.165 -2.9768476612  -2.9397169790  -2.8973522180 
1.170 -2.9762031560  -2.9429745202  -2.8935868491 
1.175 -2.9755065522  -2.9462863979  -2.8897570904 
1.180 -2.9747585637  -2.9496258175  -2.8858944089 
1.185 -2.9739599151  -2.9529764728  -2.8820202026 
1.190 -2.9731106156  -2.9563279826  -2.8781490398 
1.195 -2.9722113667  -2.9596732524  -2.8742939533 
1.200 -2.9712628788  -2.9630072704  -2.8704663290 
1.205 -2.9702651006  -2.9663264788  -2.8666751600 
1.210 -2.9696278418  -2.9692202886  -2.8629333483 
1.215 -2.9729095332  -2.9681268194  -2.8592461257 
1.220 -2.9761696666  -2.9669861635  -2.8556244172 
1.225 -2.9794066660  -2.9657998620  -2.8520789328 
1.230 -2.9826195340  -2.9645669767  -2.8486156455 
1.235 -2.9858070885  -2.9632890478  -2.8452445071 
1.240 -2.9889685059  -2.9619659213  -2.8419718786 
1.245 -2.9921029455  -2.9605982841  -2.8388047210 
1.250 -2.9952096460  -2.9591868293  -2.8357488756 
1.255 -2.9982879095  -2.9577322563  -2.8328088298 
1.260 -3.0013371869  -2.9562343197  -2.8299861023 
1.265 -3.0043567721  -2.9546946477  -2.8272833904 
1.270 -3.0073461875  -2.9531129720  -2.8246988140 
1.275 -3.0103048863  -2.9514899634  -2.8222302203 
1.280 -3.0132323489  -2.9498262977  -2.8198738742 
1.285 -3.0161280798  -2.9481226559  -2.8176246551 
1.290 -3.0189916061  -2.9463797243  -2.8154763082 
1.295 -3.0218225369  -2.9445971182  -2.8134203707 
1.300 -3.0246204215  -2.9427754787  -2.8114491816 
1.305 -3.0273847784  -2.9409165643  -2.8095561200 
1.310 -3.0301152958  -2.9390188170  -2.8077304504 
1.315 -3.0328115198  -2.9370839853  -2.8059656109 
1.320 -3.0354730681  -2.9351127273  -2.8042539689 
1.325 -3.0380995757  -2.9331057056  -2.8025882838 
1.330 -3.0406907214  -2.9310611692  -2.8009590743 
1.335 -3.0432461104  -2.9289833577  -2.7993641207 
1.340 -3.0457654450  -2.9268692602  -2.7977936022 
1.345 -3.0482483899  -2.9247207056  -2.7962436328 
1.350 -3.0506946403  -2.9225383172  -2.7947094792 
1.355 -3.0531039082  -2.9203227222  -2.7931868914 
1.360 -3.0554759235  -2.9180745517  -2.7916720733 
1.365 -3.0578103870  -2.9157930908  -2.7901602395 
1.370 -3.0601070361  -2.9134789160  -2.7886483701 
1.375 -3.0623656910  -2.9111339986  -2.7871352328 
1.380 -3.0645860014  -2.9087561597  -2.7856156227 
1.385 -3.0667678994  -2.9063487895  -2.7840903691 
1.390 -3.0689110303  -2.9039096316  -2.7825547712 
1.395 -3.0710154038  -2.9014421675  -2.7810102143 
1.400 -3.0730806596  -2.8989440626  -2.7794523967 
1.405 -3.0751066276  -2.8964158516  -2.7778801326 
1.410 -3.0770932968  -2.8938596140  -2.7762939450 
1.415 -3.0790404139  -2.8912743926  -2.7746914768 
1.420 -3.0809478623  -2.8886607313  -2.7730720181 
1.425 -3.0828157210  -2.8860207852  -2.7714365717 
1.430 -3.0846435656  -2.8833519098  -2.7697815281 
1.435 -3.0864314988  -2.8806562440  -2.7681081010 
1.440 -3.0881794753  -2.8779343441  -2.7664160375 
1.445 -3.0898874680  -2.8751867694  -2.7647051767 
1.450 -3.0915552247  -2.8724123604  -2.7629737772 
1.455 -3.0931829693  -2.8696133593  -2.7612234743 
1.460 -3.0947704570  -2.8667885664  -2.7594526462 
1.465 -3.0963176889  -2.8639384843  -2.7576613899 
1.470 -3.0978249807  -2.8610654343  -2.7558516036 
1.475 -3.0992917828  -2.8581663162  -2.7540200652 
1.480 -3.1007187566  -2.8552452977  -2.7521705509 
1.485 -3.1021056693  -2.8523010774  -2.7503016797 
1.490 -3.1034522439  -2.8493322612  -2.7484120642 
1.495 -3.1047589046  -2.8463412338  -2.7465039475 
1.500 -3.1060257629  -2.8433285195  -2.7445778674 
1.505 -3.1072525405  -2.8402926605  -2.7426325741 
1.510 -3.1084397517  -2.8372361241  -2.7406705525 
1.515 -3.1095871151  -2.8341574096  -2.7386906559 
1.520 -3.1106947515  -2.8310569803  -2.7366936454 
1.525 -3.1117632652  -2.8279373878  -2.7346822704 
1.530 -3.1127923664  -2.8247970668  -2.7326555693 
1.535 -3.1137817111  -2.8216343546  -2.7306126128 
1.540 -3.1147324630  -2.8184539738  -2.7285583652 
1.545 -3.1156443197  -2.8152542940  -2.7264921049 
1.550 -3.1165174782  -2.8120357987  -2.7244151415 
1.555 -3.1173515730  -2.8087967370  -2.7223269173 
1.560 -3.1181473626  -2.8055397865  -2.7202309398 
1.565 -3.1189044676  -2.8022631518  -2.7181268841 
1.570 -3.1196243328  -2.7989718865  -2.7160205360 
1.575 -3.1203053247  -2.7956595442  -2.7139078223 
1.580 -3.1209489269  -2.7923312129  -2.7117947955 
1.585 -3.1215547278  -2.7889850091  -2.7096816231 
1.590 -3.1221236579  -2.7856237923  -2.7075725886 
1.595 -3.1226552874  -2.7822456354  -2.7054680396 
1.600 -3.1231491183  -2.7788485101  -2.7033683817 
1.605 -3.1236068700  -2.7754377930  -2.7012800188 
1.610 -3.1240280814  -2.7720114932  -2.6992032908 
1.615 -3.1244130228  -2.7685700745  -2.6971404103 
1.620 -3.1247619726  -2.7651140072  -2.6950933821 
1.625 -3.1250743747  -2.7616411578  -2.6930619814 
1.630 -3.1253513249  -2.7581545675  -2.6910495330 
1.635 -3.1255931243  -2.7546547288  -2.6890569638 
1.640 -3.1257991774  -2.7511394511  -2.6870828297 
1.645 -3.1259706624  -2.7476118836  -2.6851290160 
1.650 -3.1261079020  -2.7440725485  -2.6831949942 
1.655 -3.1262102579  -2.7405192056  -2.6812779318 
1.660 -3.1262780022  -2.7369523202  -2.6793764953 
1.665 -3.1263114126  -2.7333723729  -2.6774890284 
1.670 -3.1263118049  -2.7297827176  -2.6756154618 
1.675 -3.1262784790  -2.7261810692  -2.6737519092 
1.680 -3.1262117296  -2.7225679664  -2.6718962545 
1.685 -3.1261129550  -2.7189469114  -2.6700481961 
1.690 -3.1259802850  -2.7153126487  -2.6682020381 
1.695 -3.1258151058  -2.7116687170  -2.6663576349 
1.700 -3.1256177321  -2.7080157838  -2.6645131542 
1.705 -3.1253884830  -2.7043545638  -2.6626669152 
1.710 -3.1251276826  -2.7006858270  -2.6608173994 
1.715 -3.1248356594  -2.6970104097  -2.6589632540 
1.720 -3.1245114878  -2.6933261051  -2.6571014293 
1.725 -3.1241567168  -2.6896369961  -2.6552327293 
1.730 -3.1237716873  -2.6859442102  -2.6533562673 
1.735 -3.1233554156  -2.6822458222  -2.6514693967 
1.740 -3.1229095323  -2.6785464229  -2.6495733671 
1.745 -3.1224330135  -2.6748444342  -2.6476657447 
1.750 -3.1219275444  -2.6711449779  -2.6457480281 
1.755 -3.1213920602  -2.6674470420  -2.6438179519 
1.760 -3.1208268516  -2.6637532588  -2.6418752480 
1.765 -3.1202336861  -2.6600701018  -2.6399217211 
1.770 -3.1196114356  -2.6563981415  -2.6379552855 
1.775 -3.1189603996  -2.6527420744  -2.6359758785 
1.780 -3.1182824285  -2.6491109715  -2.6339855455 
1.785 -3.1175747560  -2.6455052575  -2.6319802395 
1.790 -3.1168408110  -2.6419401354  -2.6299641722 
1.795 -3.1160777323  -2.6384193347  -2.6279333020 
1.800 -3.1152890542  -2.6349614859  -2.6258919936 
1.805 -3.1144718193  -2.6315736509  -2.6238361923 
1.810 -3.1136296684  -2.6282764028  -2.6217704030 
1.815 -3.1127595467  -2.6250767413  -2.6196905431 
1.820 -3.1118634502  -2.6219881919  -2.6175990319 
1.825 -3.1109417031  -2.6190160680  -2.6154961558 
1.830 -3.1099928278  -2.6161565987  -2.6133799619 
1.835 -3.1090207340  -2.6134084247  -2.6112552636 
1.840 -3.1080221181  -2.6107544260  -2.6091178588 
1.845 -3.1069972331  -2.6081808585  -2.6069680296 
1.850 -3.1059501529  -2.6056787738  -2.6048107538 
1.855 -3.1048774208  -2.6032297289  -2.6026417329 
1.860 -3.1037792944  -2.6008223056  -2.6004612757 
1.865 -3.1026580232  -2.5984494972  -2.5982721048 
1.870 -3.1015119311  -2.5961009743  -2.5960721755 
1.875 -3.1003433248  -2.5938642631  -2.5937730625 
1.880 -3.0991504772  -2.5916462862  -2.5914582962 
1.885 -3.0979336528  -2.5894185727  -2.5891527916 
1.890 -3.0966952445  -2.5871839687  -2.5868560609 
1.895 -3.0954334473  -2.5849403291  -2.5845631619 
1.900 -3.0941485295  -2.5826879809  -2.5822722174 
1.905 -3.0928429713  -2.5804298322  -2.5799843694 
1.910 -3.0915126498  -2.5781610599  -2.5776932649 
1.915 -3.0901622863  -2.5758871707  -2.5754032544 
1.920 -3.0887899432  -2.5736058938  -2.5731110409 
1.925 -3.0873958946  -2.5713175365  -2.5708161004 
1.930 -3.0859804157  -2.5690223994  -2.5685180383 
1.935 -3.0845437827  -2.5667207764  -2.5662165634 
1.940 -3.0830862729  -2.5644129533  -2.5639114677 
1.945 -3.0816081646  -2.5620992080  -2.5616026093 
1.950 -3.0801097371  -2.5597798092  -2.5592898996 
1.955 -3.0785887747  -2.5574522082  -2.5569704838 
1.960 -3.0770505219  -2.5551222484  -2.5546499445 
1.965 -3.0754902394  -2.5527845299  -2.5523226560 
1.970 -3.0739132904  -2.5504449672  -2.5499943352 
1.975 -3.0723148206  -2.5480980474  -2.5476593046 
1.980 -3.0706976697  -2.5457468326  -2.5453204779 
1.985 -3.0690594512  -2.5433885722  -2.5429749817 
1.990 -3.0674030652  -2.5410263529  -2.5406257890 
1.995 -3.0657287996  -2.5386603499  -2.5382729792 
2.000 -3.0640369430  -2.5362907279  -2.5359166337 
2.005 -3.0623249930  -2.5339145991  -2.5335537974 
2.010 -3.0605931496  -2.5315320356  -2.5311844805 
2.015 -3.0588473192  -2.5291492815  -2.5288148629 
2.020 -3.0570792354  -2.5267571885  -2.5264357654 
2.025 -3.0552977499  -2.5243651468  -2.5240565228 
2.030 -3.0534973596  -2.5219670085  -2.5216709640 
2.035 -3.0516782676  -2.5195627997  -2.5192790865 
2.040 -3.0498406772  -2.5171525385  -2.5168808842 
2.045 -3.0479878291  -2.5147394768  -2.5144795843 
2.050 -3.0461200208  -2.5123236956  -2.5120752520 
2.055 -3.0442344515  -2.5099019787  -2.5096646633 
2.060 -3.0423313267  -2.5074743203  -2.5072478026 
2.065 -3.0404108526  -2.5050407099  -2.5048246522 
2.070 -3.0384764289  -2.5026045043  -2.5023985596 
2.075 -3.0365251324  -2.5001623680  -2.4999661914 
2.080 -3.0345571708  -2.4977142817  -2.4975275272 
2.085 -3.0325727524  -2.4952602239  -2.4950825464 
2.090 -3.0305754055  -2.4928036511  -2.4926347036 
2.095 -3.0285587315  -2.4903376096  -2.4901770566 
2.100 -3.0265296117  -2.4878690619  -2.4877165648 
2.105 -3.0244849367  -2.4853945070  -2.4852497366 
2.110 -3.0224249173  -2.4829139239  -2.4827765573 
2.115 -3.0203497647  -2.4804272932  -2.4802970143 
2.120 -3.0182632038  -2.4779382442  -2.4778147416 
2.125 -3.0161584535  -2.4754394968  -2.4753224735 
2.130 -3.0140392072  -2.4729346573  -2.4728238212 
2.135 -3.0119056782  -2.4704237166  -2.4703187845 
2.140 -3.0097580805  -2.4679066693  -2.4678073668 
2.145 -3.0075966286  -2.4653835135  -2.4652895755 
2.150 -3.0054252471  -2.4628580739  -2.4627692417 
2.155 -3.0032330228  -2.4603188905  -2.4602349221 
2.160 -3.0010313006  -2.4577774411  -2.4576980963 
2.165 -2.9988165876  -2.4552299191  -2.4551549692 
2.170 -2.9965891013  -2.4526763451  -2.4526055707 
2.175 -2.9943451835  -2.4501127712  -2.4500459633 
2.180 -2.9920888616  -2.4475431395  -2.4474800961 
2.185 -2.9898203545  -2.4449674852  -2.4449080126 
2.190 -2.9875398816  -2.4423858483  -2.4423297615 
2.195 -2.9852436523  -2.4397941762  -2.4397412998 
2.200 -2.9829358302  -2.4371965543  -2.4371467192 
2.205 -2.9806166365  -2.4345930378  -2.4345460824 
2.210 -2.9782862931  -2.4319836869  -2.4319394575 
2.215 -2.9759408750  -2.4293643421  -2.4293226933 
2.220 -2.9735846840  -2.4267392348  -2.4267000268 
2.225 -2.9712179438  -2.4241084401  -2.4240715400 
2.230 -2.9688366280  -2.4214677163  -2.4214329986 
2.235 -2.9664451428  -2.4188214052  -2.4187887497 
2.240 -2.9640393939  -2.4161652091  -2.4161345023 
2.245 -2.9616238576  -2.4135035440  -2.4134746775 
2.250 -2.9591987606  -2.4108365089  -2.4108093794 
2.255 -2.9567599055  -2.4081597203  -2.4081342309 
2.260 -2.9543074151  -2.4054731861  -2.4054492448 
2.265 -2.9518459075  -2.4027814718  -2.4027589907 
2.270 -2.9493756116  -2.4000846937  -2.4000635893 
2.275 -2.9468921918  -2.3973783509  -2.3973585450 
2.280 -2.9443957723  -2.3946624665  -2.3946438848 
2.285 -2.9418911142  -2.3919417563  -2.3919243280 
2.290 -2.9393784491  -2.3892163526  -2.3892000107 
2.295 -2.9368485938  -2.3864768757  -2.3864615578 
2.300 -2.9343110541  -2.3837328439  -2.3837184902 
2.305 -2.9317660635  -2.3809844009  -2.3809709545 
2.310 -2.9292090409  -2.3782268316  -2.3782142395 
2.315 -2.9266401134  -2.3754601822  -2.3754483941 
2.320 -2.9240594081  -2.3726845017  -2.3726734701 
2.325 -2.9214719768  -2.3699048090  -2.3698944888 
2.330 -2.9188730963  -2.3671162621  -2.3671066110 
2.335 -2.9162678918  -2.3643239562  -2.3643149339 
2.340 -2.9136465351  -2.3615179114  -2.3615094805 
2.345 -2.9110191859  -2.3587083016  -2.3587004262 
2.350 -2.9083809773  -2.3558901545  -2.3558828010 
2.355 -2.9057371833  -2.3530687185  -2.3530618550 
2.360 -2.9030776839  -2.3502337384  -2.3502273354 
2.365 -2.9004129348  -2.3473956842  -2.3473897133 
2.370 -2.8977379239  -2.3445494503  -2.3445438849 
2.375 -2.8950527833  -2.3416951138  -2.3416899289 
2.380 -2.8923629748  -2.3388381158  -2.3388332877 
2.385 -2.8896580103  -2.3359678507  -2.3359633575 
2.390 -2.8869487192  -2.3330951622  -2.3330909828 
2.395 -2.8842244647  -2.3302093025  -2.3302054174 
2.400 -2.8814962268  -2.3273212659  -2.3273176564 
2.405 -2.8787587367  -2.3244257069  -2.3244223556 
2.410 -2.8760121296  -2.3215227170  -2.3215196074 
2.415 -2.8732565416  -2.3186123893  -2.3186095061 
2.420 -2.8704921090  -2.3156948188  -2.3156921476 
2.425 -2.8677189688  -2.3127701023  -2.3127676293 
2.430 -2.8649372582  -2.3098383383  -2.3098360506 
2.435 -2.8621471153  -2.3068996267  -2.3068975124 
2.440 -2.8593486784  -2.3039540693  -2.3039521171 
2.445 -2.8565479081  -2.3010076152  -2.3010058142 
2.450 -2.8537333389  -2.2980487160  -2.2980470564 
2.455 -2.8509108941  -2.2950832860  -2.2950817583 
2.460 -2.8480807141  -2.2921114332  -2.2921100287 
2.465 -2.8452429400  -2.2891332672  -2.2891319775 
2.470 -2.8423977133  -2.2861488989  -2.2861477162 
2.475 -2.8395391221  -2.2831523659  -2.2831512831 
2.480 -2.8366793783  -2.2801558933  -2.2801549035 
2.485 -2.8338126101  -2.2771535600  -2.2771526567 
2.490 -2.8309327895  -2.2741392918  -2.2741384691 
2.495 -2.8280461542  -2.2711193200  -2.2711185721 
2.500 -2.8251590991  -2.2681000323  -2.2680993540 
2.505 -2.8222593084  -2.2650690508  -2.2650684372 
2.510 -2.8193531391  -2.2620327270  -2.2620321734 
2.515 -2.8164343686  -2.2589847978  -2.2589843000 
2.520 -2.8135158425  -2.2559381207  -2.2559376744 
2.525 -2.8105849305  -2.2528800091  -2.2528796107 
2.530 -2.8076481498  -2.2498169760  -2.2498166219 
2.535 -2.8047056493  -2.2467491491  -2.2467488359 
2.540 -2.8017575785  -2.2436766575  -2.2436763821 
2.545 -2.7987974783  -2.2405930075  -2.2405927672 
2.550 -2.7958320280  -2.2375048747  -2.2375046666 
2.555 -2.7928613787  -2.2344123915  -2.2344122130 
2.560 -2.7898856823  -2.2313156912  -2.2313155401 
2.565 -2.7868983203  -2.2282081245  -2.2282079985 
2.570 -2.7839061355  -2.2250965309  -2.2250964279 
2.575 -2.7809092813  -2.2219810470  -2.2219809652 
2.580 -2.7779079120  -2.2188618107  -2.2188617483 
2.585 -2.7748952488  -2.2157320151  -2.2157319703 
2.590 -2.7718782990  -2.2125986650  -2.2125986363 
2.595 -2.7688502029  -2.2094548737  -2.2094548597 
2.600 -2.7658180506  -2.2063077291  -2.2063077285 
2.605 -2.7627819995  -2.2031573858  -2.2031573743 
2.610 -2.7597422074  -2.2000039756  -2.2000039532 
2.615 -2.7566916519  -2.1968404515  -2.1968404193 
2.620 -2.7536303680  -2.1936668360  -2.1936667949 
2.625 -2.7505656547  -2.1904904264  -2.1904903773 
2.630 -2.7474976722  -2.1873113706  -2.1873113144 
2.635 -2.7444265816  -2.1841298175  -2.1841297550 
2.640 -2.7413451554  -2.1809385182  -2.1809384501 
2.645 -2.7382534301  -2.1777374985  -2.1777374256 
2.650 -2.7351663894  -2.1745417498  -2.1745416726 
2.655 -2.7320617767  -2.1713289773  -2.1713288964 
2.660 -2.7289546187  -2.1681142156  -2.1681141316 
2.665 -2.7258450801  -2.1648976192  -2.1648975326 
2.670 -2.7227333263  -2.1616793436  -2.1616792547 
2.675 -2.7196041543  -2.1584441593  -2.1584440686 
2.680 -2.7164806576  -2.1552151755  -2.1552150834 
2.685 -2.7133475916  -2.1519771222  -2.1519770290 
2.690 -2.7102049966  -2.1487300309  -2.1487299370 
2.695 -2.7070607684  -2.1454817968  -2.1454817024 
2.700 -2.7039071780  -2.1422246750  -2.1422245804 
2.705 -2.7007522082  -2.1389666473  -2.1389665527 
2.710 -2.6975880453  -2.1356998848  -2.1356997906 
2.715 -2.6944227589  -2.1324324566  -2.1324323628 
2.720 -2.6912484502  -2.1291564495  -2.1291563563 
2.725 -2.6880651623  -2.1258718993  -2.1258718069 
2.730 -2.6848810959  -2.1225870061  -2.1225869146 
2.735 -2.6816964250  -2.1193019367  -2.1193018462 
2.740 -2.6784948352  -2.1160003575  -2.1160002682 
2.745 -2.6752928167  -2.1126987646  -2.1126986765 
2.750 -2.6720905455  -2.1093973272  -2.1093972405 
2.755 -2.6688798225  -2.1060878340  -2.1060877487 
2.760 -2.6656606934  -2.1027703249  -2.1027702411 
2.765 -2.6624416683  -2.0994533095  -2.0994532272 
2.770 -2.6592144181  -2.0961284472  -2.0961283665 
2.775 -2.6559875419  -2.0928043368  -2.0928042577 
2.780 -2.6527440271  -2.0894639499  -2.0894638725 
2.785 -2.6495097108  -2.0861331335  -2.0861330578 
2.790 -2.6462588523  -2.0827861265  -2.0827860525 
2.795 -2.6430088262  -2.0794403084  -2.0794402361 
2.800 -2.6397510411  -2.0760870777  -2.0760870072 
2.805 -2.6364855464  -2.0727264794  -2.0727264106 
2.810 -2.6332212561  -2.0693674269  -2.0693673598 
2.815 -2.6299494462  -2.0660011873  -2.0660011219 
2.820 -2.6266791213  -2.0626367649  -2.0626367011 
2.825 -2.6233924704  -2.0592563358  -2.0592562737 
2.830 -2.6201074976  -2.0558779082  -2.0558778479 
2.835 -2.6168153014  -2.0524925724  -2.0524925137 
2.840 -2.6135250688  -2.0491095151  -2.0491094581 
2.845 -2.6102278091  -2.0457197378  -2.0457196824 
2.850 -2.6069235759  -2.0423232902  -2.0423232364 
2.855 -2.6036124231  -2.0389202225  -2.0389201703 
2.860 -2.6002944050  -2.0355105854  -2.0355105348 
2.865 -2.5969789384  -2.0321037955  -2.0321037464 
2.870 -2.5936568079  -2.0286906304  -2.0286905827 
2.875 -2.5903280691  -2.0252711423  -2.0252710961 
2.880 -2.5869927781  -2.0218453840  -2.0218453393 
2.885 -2.5836605372  -2.0184229578  -2.0184229145 
2.890 -2.5803219497  -2.0149944606  -2.0149944186 
2.895 -2.5769770731  -2.0115599466  -2.0115599060 
2.900 -2.5736259652  -2.0081194709  -2.0081194317 
2.905 -2.5702686843  -2.0046730888  -2.0046730508 
2.910 -2.5669150666  -2.0012306363  -2.0012305996 
2.915 -2.5635456626  -1.9977726558  -1.9977726202 
2.920 -2.5601801336  -1.9943188110  -1.9943187767 
2.925 -2.5568087622  -1.9908593794  -1.9908593462 
2.930 -2.5534316088  -1.9873944187  -1.9873943866 
2.935 -2.5500587457  -1.9839340010  -1.9839339700 
2.940 -2.5466702586  -1.9804582049  -1.9804581750 
2.945 -2.5432862790  -1.9769871640  -1.9769871351 
2.950 -2.5398867054  -1.9735007700  -1.9735007422 
2.955 -2.5364918585  -1.9700193458  -1.9700193189 
2.960 -2.5330916961  -1.9665328446  -1.9665328187 
2.965 -2.5296862818  -1.9630413279  -1.9630413029 
2.970 -2.5262860217  -1.9595552018  -1.9595551776 
2.975 -2.5228703439  -1.9560538879  -1.9560538647 
2.980 -2.5194496076  -1.9525477458  -1.9525477234 
2.985 -2.5160343634  -1.9490473257  -1.9490473041 
2.990 -2.5126037545  -1.9455317653  -1.9455317445 
2.995 -2.5091788653  -1.9420221509  -1.9420221308 
