5.0 0.22474786951272291 -0.6623289 -0.7147066 -0.7757683
6.0 0.24633708657984518 -0.6002076 -0.6492843 -0.7080629
7.0 0.26625119958804888 -0.5424054 -0.5883992 -0.6451964
8.0 0.28485310431016619 -0.4864273 -0.5299626 -0.5855912
9.0 0.30239593556098865 -0.4315139 -0.4732194 -0.5285303
10.0 0.31906493487798943 -0.3776073 -0.4179384 -0.4736051
11.0 0.33500078657648524 -0.3247821 -0.3640149 -0.4205258
12.0 0.35031356184872481 -0.2730706 -0.3113537 -0.3690781
13.0 0.36509151747647400 -0.2224487 -0.2598521 -0.319112
14.0 0.37940689731182314 -0.1728562 -0.2094068 -0.2705388
15.0 0.39331989892118169 -0.1242181 -0.1599207 -0.2233338
16.0 0.40688146985598445 -0.0764594 -0.1113101 -0.1775482
17.0 0.42013533111630319 -0.0295172 -0.0635094 -0.1333337
18.0 0.43311947504735931 0.016648 -0.0164795 -0.0909905
19.0 0.44586729660476643 0.0620345 0.029779 -0.0510501
20.0 0.45840846314364242 0.106565 0.0751974 -0.014412
21.0 0.47076959408630886 0.1500025 0.1195712 0.0174638
22.0 0.48297479998608267 0.1917088 0.1623685 0.0424245
23.0 0.49504611604806875 0.2298081 0.2020068 0.0579866
24.0 0.50700385538738835 0.241354 0.2320494 0.0627239
25.0 0.51886690055881535 0.2382134 0.2338451 0.0576897
26.0 0.53065294715660993 0.2301008 0.2141699 0.0456979
27.0 0.54237870990772830 0.2146062 0.1897794 0.0294503
28.0 0.55406009924157285 0.1908333 0.1644641 0.0107523
29.0 0.56571237453403433 0.160583 0.1390725 -0.0093376
30.0 0.57735027890326807 0.1265537 0.0993165 -0.0302064
31.0 0.58898815944976501 0.0907107 0.059352 -0.0514797
32.0 0.60064007609376124 0.0541991 0.0196765 -0.0729001
