5.0 0.22474786951272291 -0.14536 -0.14198 -0.63330 0.51059 -.49132
6.0 0.24633708657984518 -0.17934 -0.17196 -0.59357 0.46492 -.42161
7.0 0.26625119958804888 -0.21113 -0.19810 -0.55431 0.43015 -.35621
8.0 0.28485310431016619 -0.24189 -0.22204 -0.51496 0.40362 -.29292
9.0 0.30239593556098865 -0.27128 -0.24400 -0.47528 0.38253 -.23128
10.0 0.31906493487798943 -0.29883 -0.26388 -0.43527 0.36441 -.17139
11.0 0.33500078657648524 -0.32438 -0.28173 -0.39503 0.34762 -.11330
12.0 0.35031356184872481 -0.34799 -0.29771 -0.35467 0.33137 -.05696
13.0 0.36509151747647400 -0.36987 -0.31204 -0.31428 0.31543 -.00224
14.0 0.37940689731182314 -0.39022 -0.32493 -0.27393 0.29983 .05100
15.0 0.39331989892118169 -0.40927 -0.33656 -0.23366 0.28470 .10290
16.0 0.40688146985598445 -0.42718 -0.34712 -0.19350 0.27014 .15362
17.0 0.42013533111630319 -0.44409 -0.35673 -0.15348 0.25622 .20325
18.0 0.43311947504735931 -0.46013 -0.36551 -0.11364 0.24301 .25187
19.0 0.44586729660476643 -0.45660 -0.37354 -0.07403 0.23052 .29951
20.0 0.45840846314364242 -0.43801 -0.38092 -0.03478 0.21877 .34614
21.0 0.47076959408630886 -0.41937 -0.38771 0.00394 0.20777 .39165
22.0 0.48297479998608267 -0.40069 -0.39396 0.04175 0.19751 .43571
23.0 0.49504611604806875 -0.39973 -0.38193 0.07794 0.18798 .45987
24.0 0.50700385538738835 -0.40504 -0.36308 0.11106 0.17916 .47414
25.0 0.51886690055881535 -0.40994 -0.34411 0.13816 0.17104 .48227
26.0 0.53065294715660993 -0.41446 -0.32502 0.15438 0.16359 .47940
27.0 0.54237870990772830 -0.41861 -0.30578 0.15647 0.15680 .46225
28.0 0.55406009924157285 -0.42242 -0.28638 0.14741 0.15064 .43379
29.0 0.56571237453403433 -0.42591 -0.26680 0.13248 0.14508 .39928
30.0 0.57735027890326807 -0.42908 -0.24703 0.11503 0.14009 .36206
31.0 0.58898815944976501 -0.43195 -0.22709 0.09668 0.13565 .32377
32.0 0.60064007609376124 -0.43452 -0.20697 0.07816 0.13170 .28513
