5.0 0.22474786951272291 -2.84750897911
6.0 0.24633708657984518 -3.53199393007
7.0 0.26625119958804888 -4.04616757597
8.0 0.28485310431016619 -4.44612019423
9.0 0.30239593556098865 -4.76438634813
10.0 0.31906493487798943 -5.02141241118
11.0 0.33500078657648524 -5.23091395609
12.0 0.35031356184872481 -5.40256250911
13.0 0.36509151747647400 -5.54343823068
14.0 0.37940689731182314 -5.65887471813
15.0 0.39331989892118169 -5.75298200478
16.0 0.40688146985598445 -5.82898697735
17.0 0.42013533111630319 -5.88946378263
18.0 0.43311947504735931 -5.93649459554
19.0 0.44586729660476643 -5.97178452815
20.0 0.45840846314364242 -5.99674537752
21.0 0.47076959408630886 -6.01255766571
22.0 0.48297479998608267 -6.02021725648
23.0 0.49504611604806875 -6.02057084170
24.0 0.50700385538738835 -6.01434330053
25.0 0.51886690055881535 -6.00215907781
26.0 0.53065294715660993 -5.98455915157
27.0 0.54237870990772830 -5.96201477385
28.0 0.55406009924157285 -5.93493892328
29.0 0.56571237453403433 -5.90369628538
30.0 0.57735027890326807 -5.86861259448
31.0 0.58898815944976501 -5.82998441497
32.0 0.60064007609376124 -5.78809115346
