45.0 0.75983570225832975 0.1768477 0.1783197 -0.0058977
46.0 0.77321648466098036 0.1642486 0.1640102 -0.0151298
47.0 0.78684966272995749 0.1508334 0.1492792 -0.0245867
48.0 0.80075743172543956 0.1368823 0.1343124 -0.034224
49.0 0.81496352157574936 0.1225726 0.1192056 -0.0440154
50.0 0.82949339444344139 0.1080142 0.1040083 -0.0539495
51.0 0.84437446779034697 0.0932751 0.0887449 -0.0640295
52.0 0.85963636751982619 0.0783966 0.0734253 -0.07428
53.0 0.87531121666696521 0.0634045 0.0580511 -0.0847638
54.0 0.89143396621364279 0.0483173 0.0426204 -0.0956319
55.0 0.90804277598219907 0.0331529 0.0271322 -0.1072663
56.0 0.92517945528340284 0.017937 0.0061209 -0.1207212
57.0 0.94288997515969897 0.0027145 -0.0341039 -0.1387785
58.0 0.96122506680355879 -0.0310884 -0.0748992 -0.1652677
59.0 0.98024092421724396 -0.073361 -0.1162023 -0.1994033
60.0 1.0000000336490449 -0.1165472 -0.1579127 -0.2378974
61.0 1.0205721581109972 -0.1605693 -0.1997921 -0.2793386
62.0 1.0420355127918348 -0.204896 -0.2411512 -0.3240741
63.0 1.0644781770328475 -0.245777 -0.279406 -0.3743146
64.0 1.0879998015825072 -0.2622812 -0.3042092 -0.4282756
65.0 1.1127136872907215 -0.2444114 -0.3078698 -0.4627125
66.0 1.1387493349689228 -0.2244502 -0.3016162 -0.475734
67.0 1.1662555983306084 -0.2078103 -0.291159 -0.4775538
68.0 1.1954046164231349 -0.1928892 -0.2786444 -0.4736872
69.0 1.2263967642726714 -0.1790258 -0.2651508 -0.4668195
70.0 1.2594669489559134 -0.16615 -0.2512827 -0.4583227
71.0 1.2948927059181552 -0.1543949 -0.2374147 -0.4489436
72.0 1.3330047374615932 -0.1580576 -0.2238085 -0.4391111
73.0 1.3742008147382716 -0.1893983 -0.229315 -0.4290813
74.0 1.4189643903365978 -0.2216951 -0.2620365 -0.419008
75.0 1.4678899319530556 -0.2549534 -0.2959843 -0.4089831
76.0 1.5217180473945009 -0.2891508 -0.3311785 -0.3990654
77.0 1.5813852119866876 -0.3242208 -0.3676254 -0.4351264
78.0 1.6480958607190197 -0.3600439 -0.4053027 -0.473088
79.0 1.7234297938777567 -0.3964681 -0.4441599 -0.5129073
80.0 1.8095073443210954 -0.4333951 -0.4841616 -0.5545982
81.0 1.9092530122354845 -0.4709635 -0.5254066 -0.5981871
82.0 2.0268354180156947 -0.5098045 -0.5683325 -0.6438637
83.0 2.1684423371644423 -0.5512838 -0.6139638 -0.6922442
84.0 2.3437412473608381 -0.5976992 -0.664164 -0.7446926
85.0 2.5688804782633659 -0.6525536 -0.7219532 -0.8036951
