45.0 0.75983570225832975 -0.37765 -0.35997 0.11111 0.11111 .47108
46.0 0.77321648466098036 -0.38445 -0.35279 0.10770 0.11504 .46049
47.0 0.78684966272995749 -0.39578 -0.34033 0.10482 0.11948 .44515
48.0 0.80075743172543956 -0.40756 -0.32666 0.10246 0.12439 .42912
49.0 0.81496352157574936 -0.41926 -0.31231 0.10062 0.12971 .41293
50.0 0.82949339444344139 -0.43075 -0.29739 0.09932 0.13529 .39671
51.0 0.84437446779034697 -0.44201 -0.28192 0.09854 0.14065 .38046
52.0 0.85963636751982619 -0.44495 -0.26589 0.09830 0.14413 .36419
53.0 0.87531121666696521 -0.44290 -0.24927 0.09859 0.14012 .34786
54.0 0.89143396621364279 -0.44056 -0.23206 0.09941 0.12480 .33147
55.0 0.90804277598219907 -0.43794 -0.21422 0.10078 0.10452 .31500
56.0 0.92517945528340284 -0.43503 -0.19575 0.08289 0.10269 .27864
57.0 0.94288997515969897 -0.43184 -0.17664 0.06083 0.10515 .23747
58.0 0.96122506680355879 -0.42838 -0.15691 0.03859 0.10819 .19550
59.0 0.98024092421724396 -0.42466 -0.13661 0.01612 0.11183 .15273
60.0 1.0000000336490449 -0.42073 -0.11589 -0.00674 0.11614 .10915
61.0 1.0205721581109972 -0.41666 -0.09506 -0.03041 0.12132 .06465
62.0 1.0420355127918348 -0.41259 -0.07488 -0.05579 0.12797 .01909
63.0 1.0644781770328475 -0.40858 -0.05747 -0.08467 0.13844 -.02720
64.0 1.0879998015825072 -0.40343 -0.04957 -0.11635 0.15962 -.06678
65.0 1.1127136872907215 -0.39564 -0.05823 -0.14050 0.18484 -.08227
66.0 1.1387493349689228 -0.38742 -0.07882 -0.16033 0.20263 -.08151
67.0 1.1662555983306084 -0.37943 -0.10588 -0.18040 0.21599 -.07452
68.0 1.1954046164231349 -0.37148 -0.13633 -0.20137 0.22768 -.06504
69.0 1.2263967642726714 -0.36334 -0.16861 -0.22314 0.23893 -.05453
70.0 1.2594669489559134 -0.35487 -0.20188 -0.24557 0.25025 -.04369
71.0 1.2948927059181552 -0.34594 -0.23570 -0.26854 0.26187 -.03284
72.0 1.3330047374615932 -0.33649 -0.26983 -0.29202 0.27391 -.02219
73.0 1.3742008147382716 -0.32643 -0.30411 -0.31597 0.28644 -.01186
74.0 1.4189643903365978 -0.33844 -0.31574 -0.34041 0.29948 -.02467
75.0 1.4678899319530556 -0.34791 -0.30441 -0.36533 0.31308 -.06092
76.0 1.5217180473945009 -0.33073 -0.29244 -0.39075 0.32733 -.09831
77.0 1.5813852119866876 -0.31315 -0.27991 -0.41669 0.34238 -.13678
78.0 1.6480958607190197 -0.29530 -0.26698 -0.44315 0.35856 -.17617
79.0 1.7234297938777567 -0.27744 -0.25386 -0.47016 0.37639 -.21630
80.0 1.8095073443210954 -0.25984 -0.24082 -0.49778 0.39661 -.25696
81.0 1.9092530122354845 -0.24272 -0.22801 -0.52618 0.42017 -.29817
82.0 2.0268354180156947 -0.22602 -0.21529 -0.55566 0.44812 -.34037
83.0 2.1684423371644423 -0.20916 -0.20191 -0.58670 0.48140 -.38479
84.0 2.3437412473608381 -0.19062 -0.18619 -0.61994 0.52086 -.43375
85.0 2.5688804782633659 -0.16740 -0.16501 -0.65603 0.56718 -.49102
