45.0 0.75983570225832975 -5.91767473520
46.0 0.77321648466098036 -5.91648093008
47.0 0.78684966272995749 -5.91288925481
48.0 0.80075743172543956 -5.90686892150
49.0 0.81496352157574936 -5.89836858194
50.0 0.82949339444344139 -5.88731630512
51.0 0.84437446779034697 -5.87361961543
52.0 0.85963636751982619 -5.85716568724
53.0 0.87531121666696521 -5.83782186725
54.0 0.89143396621364279 -5.81543683420
55.0 0.90804277598219907 -5.78984296951
56.0 0.92517945528340284 -5.76086104109
57.0 0.94288997515969897 -5.72830942176
58.0 0.96122506680355879 -5.69202260446
59.0 0.98024092421724396 -5.65189004144
60.0 1.0000000336490449 -5.60794348210
61.0 1.0205721581109972 -5.56057447696
62.0 1.0420355127918348 -5.51115994456
63.0 1.0644781770328475 -5.46420260095
64.0 1.0879998015825072 -5.43362066171
65.0 1.1127136872907215 -5.43457606397
66.0 1.1387493349689228 -5.45581056925
67.0 1.1662555983306084 -5.48306972916
68.0 1.1954046164231349 -5.50922666932
69.0 1.2263967642726714 -5.53067922911
70.0 1.2594669489559134 -5.54519714182
71.0 1.2948927059181552 -5.55105025368
72.0 1.3330047374615932 -5.54663160515
73.0 1.3742008147382716 -5.53026204134
74.0 1.4189643903365978 -5.50005923709
75.0 1.4678899319530556 -5.45382178544
76.0 1.5217180473945009 -5.38890127147
77.0 1.5813852119866876 -5.30203941313
78.0 1.6480958607190197 -5.18914026839
79.0 1.7234297938777567 -5.04492701341
80.0 1.8095073443210954 -4.86239039720
81.0 1.9092530122354845 -4.63185767508
82.0 2.0268354180156947 -4.33937119865
83.0 2.1684423371644423 -3.96378383788
84.0 2.3437412473608381 -3.47128085185
85.0 2.5688804782633659 -2.80410770150
