0.5 -1.6791242267
.55 -1.7264354590
.60 -1.7624556629
.65 -1.7903032767
.70 -1.8122704744
.75 -1.8300753420
.80 -1.8449632816
.85 -1.8577645016
.90 -1.8689631382
.95 -1.8757706016
1.00 -1.8685770914
1.05 -1.8631707268
1.10 -1.8592315996
1.15 -1.8564685197
1.20 -1.8546417628
1.25 -1.8535690655
1.30 -1.8531205837
1.35 -1.8532092014
1.40 -1.8537802527
1.45 -1.8548024334
1.50 -1.8562601570
1.55 -1.8581470088
1.60 -1.8604601782
1.65 -1.8631958917
1.70 -1.8663461009
1.75 -1.8698964314
1.80 -1.8738254879
1.85 -1.8762160102
1.90 -1.8713616298
1.95 -1.8664560884
2.00 -1.8615131027
2.05 -1.8565386564
2.10 -1.8515326796
2.15 -1.8464905254
2.20 -1.8414045323
2.25 -1.8362650901
2.30 -1.8310617212
2.35 -1.8257838522
2.40 -1.8204213523
2.45 -1.8149650782
2.50 -1.8094069390
2.55 -1.8037401396
2.60 -1.7979592303
2.65 -1.7920599206
2.70 -1.7860392423
2.75 -1.7798952410
2.80 -1.7736268474
2.85 -1.7672339123
2.90 -1.7607167812
2.95 -1.7540766061
3.00 -1.7473147760
3.05 -1.7404330860
3.10 -1.7334335406
3.15 -1.7263183461
3.20 -1.7190898311
3.25 -1.7117504234
3.30 -1.7043024279
3.35 -1.6967482634
3.40 -1.6890902491
3.45 -1.6813307651
3.50 -1.6734720139
3.55 -1.6655162459
3.60 -1.6574656083
3.65 -1.6493221042
3.70 -1.6410878956
3.75 -1.6327649280
3.80 -1.6243551929
3.85 -1.6158605677
3.90 -1.6072829620
