0.25 -4.864559594759 -4.864559594086 -4.281888037396 -4.281885147649 -4.238044487460
.26 -4.953201511421 -4.953201508894 -4.372489964698 -4.372483716706 -4.341250558578
.27 -5.028602701891 -5.028602693534 -4.450298034544 0.000123027727 0.000000000000
.28 -5.091869071498 -5.091869046541 -4.516708509571 -4.516680665827 -4.508461057050
.29 -5.143955093447 -5.143955025034 -4.575900549376 0.000123027727 0.000000000000
.30 -5.185700368371 -5.185700193957 -4.633100759438 -4.631839884204 -4.631308489080
.31 -5.217858524781 -5.217858107078 -4.698088837164 -4.695876344994 -4.692862410379
.32 -5.241119916843 -5.241118969697 -4.756715225281 -4.754041956378 -4.750328838212
.33 -5.256129383824 -5.256127337715 -4.807622214332 -4.804432552482 -4.799906816040
.34 -5.263500198322 -5.263495966159 -4.851274498809 -4.847519293629 -4.842041110666
.35 -5.263825236583 -5.263816820986 -4.888160546123 -4.883799738673 -4.877205064874
.36 -5.257686371225 -5.257670226257 -4.918752617987 -4.913758340076 -4.905854918455
.37 -5.245663172243 -5.245633183922 -4.943505256745 -4.937866097480 -4.928429502038
.38 -5.228342343191 -5.228288180354 -4.962856620203 -4.956583197508 -4.945353230511
.39
.40 -5.180273219213 -5.180105697114 -4.987024266615 -4.979645791943 -4.963886761546
.41 -5.150896575957 -5.150600448072 -4.992620158032 -4.984878311260 -4.966286253478
.42 -5.119090060366 -5.118542205444 -4.994346325924 -4.986503028022 -4.964603317508
.43 -5.086115753037 -5.085000418447 -4.992436516344 -4.984980394901 -4.959155664418
.44 -5.054129289057 -5.051534297096 -4.986934393048 -4.980821372084 -4.950147872744
.45 -5.027110642278 -5.020588311769 -4.977913201674 -4.974666457127 -4.937591763661
.46 -5.009928864267 -4.995590116675 -4.967669813261 -4.967364734771 -4.921626893322
.47 -5.003485800517 -4.979611968572 -4.959437138102 -4.959399935191 -4.903897167106
.48
.49 -5.009601345278 -4.972890815714 -4.943303370683 -4.941054222741 -4.896934004392
.50 -5.015604224709 -4.975421624787 -4.938310109701 -4.932706016985 -4.901449301995
.51 -5.021619210919 -4.979269998521 -4.939303987467 -4.926151728255 -4.907689737576
.52 -5.027313243720 -4.983952032690 -4.944841685057 -4.924281664353 -4.909589205260
.53 -5.032663167357 -4.989280945221 -4.951367188945 -4.927443029175 -4.904820360726
.54 -5.037734637519 -4.994996887763 -4.957061939365 -4.930482042871 -4.898090892597
.55 -5.042576334676 -5.000703754819 -4.961545657439 -4.932106658243 -4.891268765679
.56 -5.047192407138 -5.005991777762 -4.965206655544 -4.932546952210 -4.898644762125
.57 -5.051566715577 -5.010547045712 -4.968811092258 -4.932251960435 -4.905239465333
.58 -5.055701723884 -5.014178006478 -4.973019930355 -4.931586599782 -4.908593514420
.59 -5.059641771392 -5.016794647313 -4.977868320540 -4.930761366871 -4.908339431446
.60 -5.063469152099 -5.018378551545 -4.982757624441 -4.929850630510 -4.904992394305
.61 -5.067275740258 -5.018958495268 -4.986929829350 -4.928841905468 -4.900661595642
.62 -5.071122993226 -5.018593477436 -4.989821729763 -4.927680815379 -4.909111012655
.63 -5.075011108092 -5.017361452817 -4.991142344429 -4.926317438375 -4.917287998056
.64 -5.078874922338 -5.015351798907 -4.990822379590 -4.925954484935 -4.923684529136
.65 -5.082606005600 -5.012660098529 -4.988934888192 -4.932589702974 -4.922094889219
.66 -5.086083942829 -5.009384443920 -4.985624869781 -4.939196569128 -4.919393511796
.67 -5.089200416689 -5.005623113709 -4.981061537067 -4.945203343080 -4.916041174155
.68 -5.091870754600 -5.001474332987 -4.975413628593 -4.950566953361 -4.912004530713
.69 -5.094035822054 -4.997040399137 -4.968842128081 -4.955261482342 -4.907260704618
.70 -5.095659015121 -4.992442233373 -4.961506546999 -4.959242259180 -4.901819104179
.71 -5.096721771050 -4.987860980378 -4.962398744284 -4.953591967784 -4.908145917811
.72 -5.097219329755 -4.983648348667 -4.964442887350 -4.945413326883 -4.914922506881
.73 -5.097157389191 -4.980511619225 -4.964725221355 -4.938014488483 -4.920369252445
.74 -5.096549773571 -4.979187334190 -4.962563827382 -4.935879604915 -4.920009595224
.75 -5.095417042690 -4.979327303137 -4.958361846211 -4.940295725365 -4.912597623438
.76 -5.093785938634 -4.980073409452 -4.953036534252 -4.946233953123 -4.903239409939
.77 -5.091689599177 -4.980965120985 -4.952282543505 -4.947115720925 -4.893479294987
.78 -5.089168521844 -4.981844861091 -4.958124541513 -4.940836772620 -4.887923431605
.79 -5.086272316638 -4.982681193522 -4.963633095908 -4.934329567597 -4.892365670248
.80 -5.083062316060 -4.983492547885 -4.968724754299 -4.927706022247 -4.896258720946
.81 -5.079615071249 -4.984314956350 -4.973322093284 -4.921132906304 -4.899407636043
.82 -5.076026549240 -4.985184780896 -4.977338803322 -4.915008515094 -4.901475356905
.83 -5.072416261818 -4.986127317266 -4.980671554903 -4.910569829389 -4.901451551697
.84 -5.068929337829 -4.987149502605 -4.983196400671 -4.909253114567 -4.898453907804
.85 -5.065732683460 -4.988237154403 -4.984772207896 -4.909395279766 -4.895085420115
.86 -5.063000032810 -4.989356886849 -4.985255806334 -4.909761323783 -4.892979362600
.87 -5.060883248455 -4.990461589662 -4.984531284142 -4.910192372742 -4.891563743292
.88 -5.059476863060 -4.991497448801 -4.982546374902 -4.910763399512 -4.890101321177
.89 -5.058794133498 -4.992410584075 -4.979337702346 -4.911545293214 -4.888306921551
.90 -5.058770583578 -4.993152201253 -4.975029077971 -4.912556228606 -4.886194386023
.91 -5.059291911719 -4.993682060492 -4.969806387964 -4.913778109754 -4.883937568211
.92 -5.060227812098 -4.993970641509 -4.963888433874 -4.915183180189 -4.881794349032
.93 -5.061456369694 -4.994000601216 -4.957511071500 -4.916748246217 -4.882118949899
.94 -5.062875491748 -4.993768115765 -4.950932604064 -4.918456453038 -4.885925144638
.95 -5.064405122749 -4.993284616477 -4.944466108831 -4.920291787353 -4.889742680576
.96 -5.065984957398 -4.992579328136 -4.938550241638 -4.922229635429 -4.893176811157
.97 -5.067570747755 -4.991702858667 -4.933854439598 -4.924225062896 -4.895579579904
.98 -5.069130680007 -4.990731702684 -4.931250186388 -4.926200413815 -4.896076580541
.99 -5.070642331223 -4.989772564323 -4.931237335995 -4.928034967017 -4.894151492305
1.00 -5.072090271212 -4.988963448556 -4.933343475407 -4.929561253838 -4.890259909797
1.01 -5.073464211547 -4.988465734363 -4.936650822530 -4.930574517865 -4.889436693030
1.02 -5.074757567197 -4.988440671849 -4.940456008844 -4.930861218871 -4.891436918150
1.03 -5.075966308540 -4.989010830563 -4.944341371804 -4.930244401443 -4.893217644165
1.04 -5.077088009654 -4.990222825338 -4.948064433744 -4.928627929292 -4.894767748310
1.05 -5.078121030302 -4.992035620421 -4.951477357110 -4.926014493534 -4.896104779959
1.06 -5.079063799341 -4.994341712557 -4.954485075409 -4.922490756676 -4.897273507176
1.07 -5.079914193890 -4.997003610932 -4.957024379005 -4.918200624045 -4.898347238985
1.08 -5.080669029090 -4.999884175566 -4.959053125617 -4.913342810421 -4.899418305908
1.09 -5.081323685058 -5.002862767756 -4.960544394043 -4.908312355613 -4.900463369437
1.10 -5.081871898804 -5.005840097825 -4.961483161411 -4.905239034122 -4.899812187444
1.11 -5.082305739701 -5.008737163029 -4.961864364060 -4.906919756712 -4.895182790327
1.12 -5.082615770320 -5.011492075087 -4.961691840870 -4.910535663455 -4.889868132500
1.13 -5.082791375166 -5.014056653227 -4.960978048607 -4.915271611487 -4.884998864985
1.14 -5.082821223849 -5.016393483009 -4.959744798964 -4.920815655315 -4.880935278392
1.15 -5.082693827028 -5.018473597510 -4.958025825713 -4.926896467451 -4.881224845827
1.16 -5.082398145222 -5.020274737370 -4.955873248182 -4.933307464543 -4.889261132740
1.17 -5.081924221634 -5.021780100038 -4.953373466419 -4.939915904764 -4.897754670860
1.18 -5.081263828343 -5.022977505236 -4.950688944913 -4.946648150883 -4.906387890133
1.19 -5.080411138173 -5.023858950342 -4.953469487896 -4.948179168033 -4.914633757635
1.20 -5.079363461118 -5.024420607448 -4.960365413891 -4.946745915744 -4.921458597942
1.21 -5.078122115099 -5.024663459492 -4.967325382070 -4.948196262141 -4.924978622979
1.22 -5.076693539136 -5.024595094735 -4.974328903372 -4.953296245748 -4.924418302783
1.23 -5.075090807009 -5.024233998803 -4.981333597571 -4.960350987352 -4.921555004667
1.24 -5.073335764516 -5.023620047522 -4.988262196694 -4.967948229791 -4.918021316797
1.25 -5.071462086731 -5.022842554702 -4.994976641061 -4.975473616772 -4.916468494920
1.26 -5.069519590726 -5.022123684834 -5.001199651762 -4.982632508903 -4.920253093644
1.27 -5.067579997575 -5.022060789988 -5.006278006283 -4.989233039120 -4.923351352460
1.28 -5.065743617351 -5.023847622449 -5.008965950624 -4.995107738399 -4.925877423748
1.29 -5.064144308119 -5.027866369296 -5.008836174782 -5.000081999341 -4.928011926778
1.30 -5.062945675889 -5.032973119995 -5.006995887579 -5.003966710812 -4.930077952998
1.31 -5.062316811960 -5.038322065137 -5.006577348922 -5.004263212189 -4.932641753784
1.32 -5.062381271715 -5.043570785984 -5.007782547929 -5.000962160513 -4.936292308609
1.33 -5.063160073384 -5.048575110162 -5.007560205444 -4.997228373356 -4.940953394741
1.34 -5.064554401217 -5.053264145515 -5.006015191969 -4.993135906240 -4.946067594744
1.35 -5.066386000644 -5.057598354105 -5.003341146471 -4.988743898253 -4.951219938441
1.36 -5.068459011359 -5.061553874578 -4.999764271288 -4.984124089735 -4.956198762565
1.37 -5.070601989456 -5.065115766369 -4.995515064315 -4.979398737492 -4.960892471948
1.38 -5.072681976343 -5.068274695153 -4.990849881103 -4.974839542145 -4.965207823545
1.39 -5.074602157246 -5.071025116927 -4.986151737583 -4.971464775569 -4.968627486630
1.40 -5.076294184546 -5.073364188843 -4.982178909760 -4.973407626561 -4.968020005843
1.41 -5.077710524986 -5.075291067008 -4.980145409755 -4.976567376584 -4.968161250462
1.42 -5.078818426535 -5.076806427373 -4.980333896419 -4.979437510310 -4.969767880556
1.43 -5.079595563712 -5.077912124141 -4.981940502749 -4.981641038403 -4.971894265669
1.44 -5.080027000470 -5.078610937707 -4.984061342103 -4.983213040081 -4.974128057968
1.45 -5.080103091831 -5.078906383564 -4.985795963597 -4.984687235657 -4.976394535619
1.46 -5.079818029571 -5.078802564266 -4.987143991449 -4.985916172272 -4.978250968216
1.47 -5.079168824495 -5.078304052676 -4.988106822613 -4.986834957417 -4.979700457667
1.48 -5.078154584974 -5.077415798542 -4.988686902418 -4.987413079297 -4.980746645424
1.49 -5.076775998050 -5.076143052790 -4.988887375904 -4.987635944732 -4.981393605911
1.50 -5.075034950609 -5.074491305521 -4.988711889247 -4.987497053917 -4.981645761971
1.51 -5.072934248684 -5.072466234750 -4.988164462700 -4.986994351745 -4.981507817021
1.52 -5.070477406445 -5.070073663695 -4.987249402492 -4.986128381638 -4.980984700047
1.53 -5.067668485395 -5.067319524920 -4.985971236225 -4.984901284741 -4.980081520543
1.54 -5.064511970214 -5.064209830062 -4.984334663579 -4.983316224750 -4.978803531261
1.55 -5.061012671754 -5.060750644117 -4.982344517578 -4.981377040378 -4.977156097122
1.56 -5.057175650378 -5.056948063510 -4.980005733497 -4.979088026062 -4.975144669064
1.57 -5.053006154760 -5.052808197308 -4.977323323452 -4.976453788210 -4.972774761870
1.58
1.59 -5.043691390417 -5.043541012988 -4.970947935467 -4.970169072144 -4.966981777577
1.60 -5.038557160991 -5.038425841770 -4.967265193243 -4.966528626414 -4.963569891851
1.61 -5.033112476062 -5.032997656371 -4.963259269005 -4.962562937431 -4.959821883512
1.62 -5.027362944041 -5.027262426954 -4.958935302974 -4.958277166913 -4.955743349817
1.63 -5.021314171310 -5.021226067135 -4.954298426010 -4.953676490856 -4.951339870553
1.64 -5.014971746605 -5.014894427265 -4.949353751567 -4.948766083507 -4.946616999893
1.65 -5.008341227919 -5.008273288644 -4.944106368739 -4.943551104713 -4.941580259232
1.66 -5.001428131488 -5.001368358529 -4.938561336193 -4.938036689796 -4.936235130889
1.67 -4.994237922535 -4.994185265871 -4.932723676904 -4.932227941353 -4.930587052556
1.68 -4.986776007464 -4.986729557666 -4.926598373551 -4.926129922561 -4.924641412404
1.69 -4.979047727316 -4.979006695881 -4.920190364506 -4.919747651655 -4.918403544782
1.70 -4.971058352269 -4.971022054864 -4.913504540342 -4.913086097342 -4.911878726424
1.71 -4.962813077052 -4.962780919207 -4.906545740799 -4.906150174986 -4.905072173133
1.72 -4.954317017142 -4.954288482005 -4.899318752166 -4.898944743405 -4.897989036865
1.73 -4.945575205623 -4.945549843471 -4.891828305045 -4.891474602191 -4.890634403205
1.74 -4.936592590644 -4.936570009868 -4.884079072471 -4.883744489453 -4.883013289162
1.75 -4.927374033383 -4.927353892735 -4.876075668398 -4.875759079936 -4.875130641286
1.76 -4.917924306450 -4.917906308373 -4.867822646546 -4.867522983439 -4.866991334051
1.77 -4.908248092693 -4.908231977560 -4.859324499674 -4.859040743510 -4.858600168497
1.78 -4.898349984338 -4.898335525480 -4.850585659367 -4.850316836368 -4.849961871092
1.79 -4.888234482439 -4.888221481849 -4.841610496559 -4.841355670034 -4.841081092818
1.80
1.81 -4.867368844898 -4.867358263350 -4.822968395499 -4.822738846870 -4.822610315930
1.82 -4.856627254097 -4.856617673963 -4.813309921379 -4.813091659628 -4.813029236114
1.83 -4.845685359948 -4.845676665289 -4.803432073827 -4.803224151711 -4.803223512379
1.84 -4.834547207722 -4.834539296989 -4.793339020078 -4.793197410581 -4.793140382698
1.85
1.86 -4.811697861784 -4.811691262882 -4.772524415662 -4.772500748707 -4.772339948371
1.87 -4.799994312746 -4.799988262286 -4.761838333291 -4.761812377116 -4.761662421115
1.88 -4.788109796880 -4.788104234773 -4.750971829679 -4.750905510110 -4.750792751162
1.89 -4.776047919266 -4.776042792736 -4.739905118286 -4.739812376763 -4.739712167936
1.90 -4.763812200096 -4.763807462762 -4.728642003553 -4.728537818112 -4.728423269998
1.91 -4.751406075910 -4.751401686990 -4.717186214502 -4.717079681759 -4.716935505751
1.92 -4.738832900887 -4.738828824492 -4.705541405354 -4.705436486496 -4.705257509830
1.93 -4.726095948181 -4.726092152711 -4.693711156215 -4.693609496635 -4.693395029910
1.94 -4.713198411310 -4.713194868915 -4.681698973806 -4.681601263310 -4.681352386648
1.95 -4.700143405566 -4.700140091686 -4.669508292252 -4.669414795534 -4.669133303970
1.96 -4.686933969468 -4.686930862423 -4.657142473906 -4.657053249373 -4.656741221340
1.97 -4.673573066232 -4.673570146863 -4.644604810219 -4.644519809448 -4.644179413774
1.98 -4.660063585255 -4.660060836620 -4.631898522642 -4.631817639748 -4.631451042619
1.99 -4.646408343623 -4.646405750719 -4.619026763564 -4.618949861543 -4.618559179311
2.00
2.01 -4.618671494249 -4.618669174396 -4.592799100935 -4.592729693386 -4.592296880449
2.02 -4.604595172740 -4.604592973011 -4.579449165628 -4.579383262012 -4.578932224279
2.03 -4.590383666077 -4.590381577126 -4.565945697345 -4.565883135867 -4.565415641824
2.04
2.05 -4.561564947038 -4.561563055524 -4.538489386720 -4.538433038202 -4.537937562685
2.06 -4.546962502948 -4.546960699761 -4.524542000444 -4.524488532488 -4.523981349859
2.07 -4.532234413251 -4.532232692412 -4.510451995469 -4.510401264921 -4.509883781093
2.08 -4.517382912175 -4.517381268306 -4.496221948294 -4.496173817930 -4.495647355561
2.09 -4.502410176611 -4.502408604867 -4.481854376758 -4.481808715355 -4.481274517337
2.10 -4.487318327547 -4.487316823552 -4.467351741129 -4.467308423436 -4.466767656434
2.11 -4.472109431484 -4.472107991275 -4.452716445196 -4.452675351830 -4.452129109807
2.12 -4.456785501833 -4.456784121810 -4.437950837359 -4.437911854658 -4.437361162347
2.13 -4.441348500285 -4.441347177169 -4.423057211715 -4.423020231563 -4.422466047853
2.14 -4.425800338164 -4.425799068962 -4.408037809148 -4.408002728773 -4.407445950001
2.15 -4.410142877756 -4.410141659726 -4.392894818404 -4.392861540173 -4.392303003303
2.16 -4.394377933612 -4.394376764233 -4.377630377172 -4.377598808371 -4.377039294060
2.17 -4.378507273828 -4.378506150777 -4.362246573144 -4.362216625768 -4.361656861305
2.18 -4.362532621297 -4.362531542429 -4.346745445082 -4.346717035614 -4.346157697747
2.19 -4.346455654945 -4.346454618268 -4.331128983863 -4.331102033069 -4.330543750700
2.20 -4.330278010927 -4.330277014591 -4.315399133525 -4.315373566245 -4.314816923017
2.21 -4.314001283811 -4.314000326087 -4.299557792295 -4.299533537245 -4.298979074001
2.22 -4.297627027725 -4.297626106999 -4.283606813609 -4.283583803191 -4.283032020328
2.23 -4.281156757488 -4.281155872242 -4.267548007122 -4.267526177234 -4.266977536942
2.24 -4.264591949704 -4.264591098512 -4.251383139701 -4.251362429562 -4.250817357956
2.25 -4.247934043840 -4.247933225357 -4.235113936408 -4.235094288391 -4.234553177540
2.26
2.27 -4.214344516318 -4.214343759500 -4.202269219232 -4.202251534382 -4.201719394624
2.28
2.29 -4.180398987090 -4.180398287350 -4.169026856394 0.000123027727 0.000000000000
2.30
2.31 -4.146107738548 -4.146107091722 -4.135399239457 0.000123027727 0.000000000000
2.32 -4.128835545316 -4.128834923500 -4.118444664938 0.000123027727 0.000000000000
2.33 -4.111480553227 -4.111479955509 -4.101398178826 0.000123027727 0.000000000000
2.34 -4.094043911647 -4.094043337154 -4.084261138356 0.000123027727 0.000000000000
2.35 -4.076526742165 -4.076526190057 -4.067034934234 0.000123027727 0.000000000000
2.36 -4.058930139397 -4.058929608866 -4.049720868396 0.000123027727 0.000000000000
2.37 -4.041255171767 -4.041254662037 -4.032320243936 0.000123027727 0.000000000000
2.38 -4.023502882273 -4.023502392594 -4.014834325864 0.000123027727 0.000000000000
2.39
2.40 -3.987770384706 0.000000000000 0.000000000000 0.000123027727 0.000000000000
2.41 -3.969792142322 0.000000000000 0.000000000000 0.000123027727 0.000000000000
2.42 -3.951740508403 0.000000000000 0.000000000000 0.000123027727 0.000000000000
2.43 -3.933616408312 0.000000000000 0.000000000000 0.000123027727 0.000000000000
2.44 -3.915420744120 0.000000000000 0.000000000000 0.000123027727 0.000000000000
2.45 -3.897154403270 0.000000000000 0.000000000000 0.000123027727 0.000000000000
2.46
2.47 -3.860413120003 0.000000000000 0.000000000000 0.000123027727 0.000000000000
2.48 -3.841939867872 0.000000000000 0.000000000000 0.000123027727 0.000000000000
2.49 -3.823399292661 0.000000000000 0.000000000000 0.000123027727 0.000000000000
