5.0 0.22474786951272291 -0.20186 0.20894 -0.30933 -0.16759 -.51827
5.25 0.23032811073355966 -0.20172 0.19325 -0.31054 -0.16661 -.50379
5.50 0.23578063841929153 -0.20152 0.17822 -0.31171 -0.16557 -.48993
5.75 0.24111432303437602 -0.20125 0.16388 -0.31276 -0.16450 -.47664
6.00 0.24633708657984518 -0.20093 0.15029 -0.31361 -0.16338 -.46390
6.25 0.25145603955751983 -0.20056 0.13746 -0.31420 -0.16222 -.45166
6.50 0.25647759350390792 -0.20014 0.12544 -0.31449 -0.16103 -.43993
6.75 0.26140755421862366 -0.19967 0.11422 -0.31443 -0.15980 -.42865
7.00 0.26625119958804888 -0.19917 0.10379 -0.31401 -0.15854 -.41780
7.25 0.27101334500631991 -0.19863 0.09410 -0.31321 -0.15726 -.40731
7.50 0.27569839872782342 -0.19806 0.08509 -0.31203 -0.15594 -.39712
7.75 0.28031040898329512 -0.19746 0.07668 -0.31047 -0.15459 -.38715
8.00 0.28485310431016619 -0.19682 0.06875 -0.30853 -0.15321 -.37728
8.25 0.28932992825516618 -0.19616 0.06121 -0.30619 -0.15178 -.36740
8.50 0.29374406938062309 -0.19545 0.05394 -0.30346 -0.15030 -.35740
8.75 0.29809848732900202 -0.19470 0.04683 -0.30032 -0.14876 -.34715
9.00 0.30239593556098865 -0.19390 0.03978 -0.29678 -0.14715 -.33656
9.25 0.30663898127202549 -0.19304 0.03272 -0.29282 -0.14544 -.32554
9.50 0.31083002290405076 -0.19211 0.02561 -0.28848 -0.14363 -.31409
9.75 0.31497130559833353 -0.19111 0.01842 -0.28378 -0.14171 -.30220
10.00 0.31906493487798943 -0.19003 0.01115 -0.27876 -0.13966 -.28991
10.25 0.32311288880213562 -0.18887 0.00380 -0.27347 -0.13747 -.27727
10.50 0.32711702879550453 -0.18763 -0.00360 -0.26797 -0.13512 -.26437
10.75 0.33107910932596624 -0.18631 -0.01104 -0.26230 -0.13261 -.25126
11.00 0.33500078657648524 -0.18491 -0.01848 -0.25652 -0.12992 -.23804
11.25 0.33888362623650670 -0.18342 -0.02592 -0.25067 -0.12704 -.22475
11.50 0.34272911051981081 -0.18186 -0.03333 -0.24479 -0.12396 -.21146
11.75 0.34653864450082428 -0.18022 -0.04069 -0.23894 -0.12067 -.19825
12.00 0.35031356184872481 -0.17851 -0.04800 -0.23313 -0.11715 -.18513
12.25 0.35405513002798283 -0.17672 -0.05523 -0.22741 -0.11339 -.17218
12.50 0.35776455502492738 -0.17487 -0.06239 -0.22181 -0.10939 -.15942
12.75 0.36144298565221100 -0.17295 -0.06945 -0.21634 -0.10513 -.14689
13.00 0.36509151747647400 -0.17097 -0.07642 -0.21103 -0.10061 -.13461
13.25 0.36871119640886968 -0.16893 -0.08328 -0.20589 -0.09583 -.12261
13.50 0.37230302199327187 -0.16685 -0.09003 -0.20094 -0.09078 -.11091
13.75 0.37586795042281695 -0.16473 -0.09666 -0.19618 -0.08547 -.09952
14.00 0.37940689731182314 -0.16259 -0.10316 -0.19161 -0.07991 -.08845
14.25 0.38292074024700901 -0.16044 -0.10951 -0.18724 -0.07410 -.07773
14.50 0.38641032113921558 -0.15831 -0.11568 -0.18306 -0.06805 -.06738
14.75 0.38987644839447261 -0.15628 -0.12160 -0.17907 -0.06179 -.05747
15.00 0.39331989892118169 -0.15446 -0.12717 -0.17525 -0.05533 -.04808
15.25 0.39674141998838264 -0.15312 -0.13211 -0.17159 -0.04869 -.03948
15.50 0.40014173094847860 -0.15286 -0.13582 -0.16809 -0.04189 -.03227
15.75 0.40352152483640419 -0.15449 -0.13752 -0.16473 -0.03494 -.02721
16.00 0.40688146985598445 -0.15799 -0.13721 -0.16150 -0.02788 -.02429
16.25 0.41022221076315113 -0.16252 -0.13574 -0.15840 -0.02072 -.02266
16.50 0.41354437015471773 -0.16748 -0.13371 -0.15540 -0.01348 -.02169
16.75 0.41684854967056112 -0.17262 -0.13140 -0.15251 -0.00621 -.02111
17.00 0.42013533111630319 -0.17779 -0.12892 -0.14971 0.00109 -.02079
17.25 0.42340527751290741 -0.18295 -0.12636 -0.14700 0.00837 -.02064
17.50 0.42665893407900496 -0.18807 -0.12373 -0.14437 0.01558 -.02064
17.75 0.42989682915123001 -0.19312 -0.12106 -0.14181 0.02268 -.02075
18.00 0.43311947504735931 -0.19811 -0.11836 -0.13932 0.02960 -.02096
18.25 0.43632736887662232 -0.20302 -0.11566 -0.13690 0.03624 -.02124
18.50 0.43952099330116196 -0.20785 -0.11295 -0.13454 0.04249 -.02159
18.75 0.44270081725227745 -0.21260 -0.11025 -0.13223 0.04817 -.02198
19.00 0.44586729660476643 -0.21726 -0.10756 -0.12999 0.05310 -.02243
19.25 0.44902087481240505 -0.22184 -0.10489 -0.12780 0.05706 -.02291
19.50 0.45216198350734593 -0.22633 -0.10225 -0.12566 0.05989 -.02341
19.75 0.45529104306598517 -0.23073 -0.09964 -0.12358 0.06151 -.02394
20.00 0.45840846314364242 -0.23504 -0.09708 -0.12155 0.06201 -.02447
20.25 0.46151464318020630 -0.23927 -0.09456 -0.11957 0.06155 -.02501
20.50 0.46460997287872730 -0.24341 -0.09210 -0.11765 0.06036 -.02555
20.75 0.46769483265878409 -0.24747 -0.08970 -0.11578 0.05864 -.02608
21.00 0.47076959408630886 -0.25143 -0.08738 -0.11398 0.05653 -.02660
21.25 0.47383462028142359 -0.25531 -0.08513 -0.11223 0.05416 -.02710
21.50 0.47689026630572684 -0.25911 -0.08297 -0.11054 0.05163 -.02757
21.75 0.47993687953036013 -0.26282 -0.08089 -0.10892 0.04899 -.02803
22.00 0.48297479998608267 -0.26644 -0.07892 -0.10737 0.04630 -.02845
22.25 0.48600436069649899 -0.26999 -0.07704 -0.10589 0.04359 -.02885
22.50 0.48902588799549546 -0.27346 -0.07528 -0.10449 0.04090 -.02921
22.75 0.49203970182987000 -0.27685 -0.07363 -0.10317 0.03824 -.02954
23.00 0.49504611604806875 -0.28018 -0.07209 -0.10193 0.03564 -.02984
23.25 0.49804543867587991 -0.28343 -0.07068 -0.10078 0.03311 -.03010
23.50 0.50103797217987622 -0.28663 -0.06940 -0.09972 0.03067 -.03032
23.75 0.50402401371934424 -0.28977 -0.06824 -0.09876 0.02833 -.03052
24.00 0.50700385538738835 -0.29285 -0.06722 -0.09791 0.02611 -.03069
24.25 0.50997778444185260 -0.29590 -0.06633 -0.09716 0.02401 -.03083
24.50 0.51294608352666027 -0.29891 -0.06557 -0.09652 0.02204 -.03095
24.75 0.51590903088413309 -0.30188 -0.06495 -0.09600 0.02021 -.03105
25.00 0.51886690055881535 -0.30483 -0.06448 -0.09559 0.01853 -.03111
25.25 0.52181996259329522 -0.30776 -0.06414 -0.09531 0.01700 -.03117
25.50 0.52476848321648584 -0.31068 -0.06395 -0.09516 0.01563 -.03121
25.75 0.52771272502479782 -0.31358 -0.06389 -0.09513 0.01443 -.03124
26.00 0.53065294715660993 -0.31647 -0.06399 -0.09522 0.01338 -.03123
26.25 0.53358940546042311 -0.31936 -0.06422 -0.09545 0.01250 -.03123
26.50 0.53652235265705239 -0.32223 -0.06459 -0.09580 0.01177 -.03121
26.75 0.53945203849620049 -0.32510 -0.06510 -0.09627 0.01121 -.03117
27.00 0.54237870990772830 -0.32796 -0.06574 -0.09686 0.01080 -.03112
27.25 0.54530261114792489 -0.33081 -0.06649 -0.09756 0.01053 -.03107
27.50 0.54822398394106098 -0.33364 -0.06737 -0.09837 0.01041 -.03100
27.75 0.55114306761649301 -0.33645 -0.06835 -0.09928 0.01041 -.03093
28.00 0.55406009924157285 -0.33923 -0.06942 -0.10028 0.01053 -.03086
28.25 0.55697531375060216 -0.34200 -0.07058 -0.10137 0.01077 -.03079
28.50 0.55988894407005929 -0.34473 -0.07181 -0.10253 0.01110 -.03072
28.75 0.56280122124031395 -0.34743 -0.07310 -0.10375 0.01152 -.03065
29.00 0.56571237453403433 -0.35009 -0.07445 -0.10503 0.01202 -.03058
29.25 0.56862263157148163 -0.35272 -0.07585 -0.10636 0.01259 -.03051
29.50 0.57153221843287527 -0.35531 -0.07728 -0.10774 0.01323 -.03046
29.75 0.57444135976800692 -0.35786 -0.07875 -0.10914 0.01391 -.03039
30.00 0.57735027890326807 -0.36036 -0.08024 -0.11058 0.01465 -.03034
30.25 0.58025919794625369 -0.36283 -0.08175 -0.11204 0.01542 -.03029
30.50 0.58316833788809341 -0.36525 -0.08327 -0.11351 0.01623 -.03024
30.75 0.58607791870365555 -0.36762 -0.08480 -0.11500 0.01707 -.03020
31.00 0.58898815944976501 -0.36995 -0.08634 -0.11650 0.01792 -.03016
31.25 0.59189927836156764 -0.37223 -0.08788 -0.11800 0.01880 -.03012
31.50 0.59481149294717062 -0.37447 -0.08941 -0.11950 0.01970 -.03009
31.75 0.59772502008068074 -0.37665 -0.09094 -0.12100 0.02060 -.03006
32.00 0.60064007609376124 -0.37879 -0.09246 -0.12249 0.02151 -.03003
32.25 0.60355687686581816 -0.38088 -0.09397 -0.12398 0.02243 -.03001
32.50 0.60647563791293169 -0.38292 -0.09547 -0.12545 0.02335 -.02998
32.75 0.60939657447563289 -0.38491 -0.09696 -0.12691 0.02427 -.02995
33.00 0.61231990160563299 -0.38685 -0.09843 -0.12836 0.02519 -.02993
33.25 0.61524583425160395 -0.38874 -0.09989 -0.12979 0.02611 -.02990
33.50 0.61817458734410646 -0.39058 -0.10132 -0.13120 0.02702 -.02988
33.75 0.62110637587975959 -0.39236 -0.10274 -0.13260 0.02792 -.02986
34.00 0.62404141500474464 -0.39408 -0.10413 -0.13397 0.02881 -.02984
34.25 0.62697992009773107 -0.39576 -0.10551 -0.13533 0.02970 -.02982
34.50 0.62992210685231265 -0.39737 -0.10686 -0.13666 0.03057 -.02980
34.75 0.63286819135903882 -0.39892 -0.10819 -0.13796 0.03143 -.02977
35.00 0.63581839018712483 -0.40041 -0.10950 -0.13925 0.03228 -.02975
35.25 0.63877292046592293 -0.40184 -0.11078 -0.14050 0.03311 -.02972
35.50 0.64173199996623487 -0.40320 -0.11203 -0.14174 0.03393 -.02971
35.75 0.64469584718154593 -0.40449 -0.11326 -0.14294 0.03473 -.02968
36.00 0.64766468140925815 -0.40570 -0.11446 -0.14412 0.03552 -.02966
36.25 0.65063872283200119 -0.40684 -0.11564 -0.14527 0.03629 -.02963
36.50 0.65361819259909770 -0.40789 -0.11678 -0.14640 0.03704 -.02962
36.75 0.65660331290825846 -0.40885 -0.11790 -0.14749 0.03777 -.02959
37.00 0.65959430708758449 -0.40971 -0.11899 -0.14856 0.03849 -.02957
37.25 0.66259139967795155 -0.41049 -0.12005 -0.14959 0.03918 -.02954
37.50 0.66559481651585173 -0.41116 -0.12109 -0.15060 0.03986 -.02951
37.75 0.66860478481676788 -0.41173 -0.12209 -0.15158 0.04051 -.02949
38.00 0.67162153325915808 -0.41221 -0.12306 -0.15252 0.04115 -.02946
38.25 0.67464529206912238 -0.41259 -0.12400 -0.15344 0.04177 -.02944
38.50 0.67767629310583211 -0.41289 -0.12491 -0.15432 0.04236 -.02941
38.75 0.68071476994779589 -0.41310 -0.12579 -0.15518 0.04293 -.02939
39.00 0.68376095798003989 -0.41325 -0.12663 -0.15600 0.04349 -.02937
39.25 0.68681509448228206 -0.41334 -0.12745 -0.15679 0.04402 -.02934
39.50 0.68987741871817743 -0.41338 -0.12823 -0.15754 0.04452 -.02931
39.75 0.69294817202571524 -0.41337 -0.12898 -0.15827 0.04501 -.02929
40.00 0.69602759790885060 -0.41334 -0.12969 -0.15896 0.04548 -.02927
40.25 0.69911594213045092 -0.41328 -0.13037 -0.15962 0.04592 -.02925
40.50 0.70221345280664171 -0.41319 -0.13102 -0.16025 0.04634 -.02923
40.75 0.70532038050263912 -0.41310 -0.13164 -0.16084 0.04674 -.02920
41.00 0.70843697833015451 -0.41299 -0.13222 -0.16140 0.04711 -.02918
41.25 0.71156350204645979 -0.41288 -0.13277 -0.16193 0.04747 -.02916
41.50 0.71470021015520846 -0.41276 -0.13328 -0.16242 0.04780 -.02914
41.75 0.71784736400909988 -0.41264 -0.13376 -0.16288 0.04811 -.02912
42.00 0.72100522791448773 -0.41252 -0.13420 -0.16331 0.04839 -.02911
42.25 0.72417406923802852 -0.41241 -0.13461 -0.16370 0.04866 -.02909
42.50 0.72735415851547003 -0.41231 -0.13499 -0.16406 0.04890 -.02907
42.75 0.73054576956268569 -0.41221 -0.13532 -0.16439 0.04911 -.02907
43.00 0.73374917958905994 -0.41211 -0.13563 -0.16468 0.04931 -.02905
43.25 0.73696466931333482 -0.41203 -0.13590 -0.16494 0.04948 -.02904
43.50 0.74019252308203054 -0.41196 -0.13613 -0.16516 0.04963 -.02903
43.75 0.74343302899055930 -0.41189 -0.13632 -0.16535 0.04975 -.02903
44.00 0.74668647900714824 -0.41184 -0.13649 -0.16550 0.04986 -.02901
44.25 0.74995316909970178 -0.41180 -0.13661 -0.16562 0.04994 -.02901
44.50 0.75323339936572720 -0.41177 -0.13670 -0.16571 0.04999 -.02901
44.75 0.75652747416546084 -0.41175 -0.13675 -0.16576 0.05003 -.02901
45.00 0.75983570225832975 -0.41175 -0.13677 -0.16578 0.05004 -.02901
45.25 0.76315839694289456 -0.41175 -0.13675 -0.16576 0.05003 -.02901
45.50 0.76649587620041937 -0.41177 -0.13670 -0.16571 0.04999 -.02901
45.75 0.76984846284222430 -0.41180 -0.13661 -0.16562 0.04994 -.02901
46.00 0.77321648466098036 -0.41184 -0.13649 -0.16550 0.04986 -.02901
46.25 0.77660027458611014 -0.41189 -0.13632 -0.16535 0.04975 -.02903
46.50 0.78000017084346973 -0.41196 -0.13613 -0.16516 0.04963 -.02903
46.75 0.78341651711948912 -0.41203 -0.13590 -0.16494 0.04948 -.02904
47.00 0.78684966272995749 -0.41211 -0.13563 -0.16468 0.04931 -.02905
47.25 0.79029996279364645 -0.41221 -0.13532 -0.16439 0.04911 -.02907
47.50 0.79376777841097601 -0.41231 -0.13499 -0.16406 0.04890 -.02907
47.75 0.79725347684792980 -0.41241 -0.13461 -0.16370 0.04866 -.02909
48.00 0.80075743172543956 -0.41252 -0.13420 -0.16331 0.04839 -.02911
48.25 0.80428002321446923 -0.41264 -0.13376 -0.16288 0.04811 -.02912
48.50 0.80782163823703412 -0.41276 -0.13328 -0.16242 0.04780 -.02914
48.75 0.81138267067340353 -0.41288 -0.13277 -0.16193 0.04747 -.02916
49.00 0.81496352157574936 -0.41299 -0.13222 -0.16140 0.04711 -.02918
49.25 0.81856459938850701 -0.41310 -0.13164 -0.16084 0.04674 -.02920
49.50 0.82218632017573356 -0.41319 -0.13102 -0.16025 0.04634 -.02923
49.75 0.82582910785575958 -0.41328 -0.13037 -0.15962 0.04592 -.02925
50.00 0.82949339444344139 -0.41334 -0.12969 -0.15896 0.04548 -.02927
50.25 0.83317962030033754 -0.41337 -0.12898 -0.15827 0.04501 -.02929
50.50 0.83688823439314863 -0.41338 -0.12823 -0.15754 0.04452 -.02931
50.75 0.84061969456077290 -0.41334 -0.12745 -0.15679 0.04402 -.02934
51.00 0.84437446779034697 -0.41325 -0.12663 -0.15600 0.04349 -.02937
51.25 0.84815303050266300 -0.41310 -0.12579 -0.15518 0.04293 -.02939
51.50 0.85195586884736429 -0.41289 -0.12491 -0.15432 0.04236 -.02941
51.75 0.85578347900834917 -0.41259 -0.12400 -0.15344 0.04177 -.02944
52.00 0.85963636751982619 -0.41221 -0.12306 -0.15252 0.04115 -.02946
52.25 0.86351505159349251 -0.41173 -0.12209 -0.15158 0.04051 -.02949
52.50 0.86742005945732381 -0.41116 -0.12109 -0.15060 0.03986 -.02951
52.75 0.87135193070649397 -0.41049 -0.12005 -0.14959 0.03918 -.02954
53.00 0.87531121666696521 -0.40971 -0.11899 -0.14856 0.03849 -.02957
53.25 0.87929848077231665 -0.40885 -0.11790 -0.14749 0.03777 -.02959
53.50 0.88331429895441260 -0.40789 -0.11678 -0.14640 0.03704 -.02962
53.75 0.88735926004853483 -0.40684 -0.11564 -0.14527 0.03629 -.02963
54.00 0.89143396621364279 -0.40570 -0.11446 -0.14412 0.03552 -.02966
54.25 0.89553903336845653 -0.40449 -0.11326 -0.14294 0.03473 -.02968
54.50 0.89967509164409376 -0.40320 -0.11203 -0.14174 0.03393 -.02971
54.75 0.90384278585403033 -0.40184 -0.11078 -0.14050 0.03311 -.02972
55.00 0.90804277598219907 -0.40041 -0.10950 -0.13925 0.03228 -.02975
55.25 0.91227573769007742 -0.39892 -0.10819 -0.13796 0.03143 -.02977
55.50 0.91654236284366797 -0.39737 -0.10686 -0.13666 0.03057 -.02980
55.75 0.92084336006132139 -0.39576 -0.10551 -0.13533 0.02970 -.02982
56.00 0.92517945528340284 -0.39408 -0.10413 -0.13397 0.02881 -.02984
56.25 0.92955139236486140 -0.39236 -0.10274 -0.13260 0.02792 -.02986
56.50 0.93395993369181618 -0.39058 -0.10132 -0.13120 0.02702 -.02988
56.75 0.93840586082334254 -0.38874 -0.09989 -0.12979 0.02611 -.02990
57.00 0.94288997515969897 -0.38685 -0.09843 -0.12836 0.02519 -.02993
57.25 0.94741309863831702 -0.38491 -0.09696 -0.12691 0.02427 -.02995
57.50 0.95197607445894206 -0.38292 -0.09547 -0.12545 0.02335 -.02998
57.75 0.95657976783940157 -0.38088 -0.09397 -0.12398 0.02243 -.03001
58.00 0.96122506680355879 -0.37879 -0.09246 -0.12249 0.02151 -.03003
58.25 0.96591288300310196 -0.37665 -0.09094 -0.12100 0.02060 -.03006
58.50 0.97064415257492132 -0.37447 -0.08941 -0.11950 0.01970 -.03009
58.75 0.97541983703592194 -0.37223 -0.08788 -0.11800 0.01880 -.03012
59.00 0.98024092421724396 -0.36995 -0.08634 -0.11650 0.01792 -.03016
59.25 0.98510842923997155 -0.36762 -0.08480 -0.11500 0.01707 -.03020
59.50 0.99002339553454166 -0.36525 -0.08327 -0.11351 0.01623 -.03024
59.75 0.99498689590620693 -0.36283 -0.08175 -0.11204 0.01542 -.03029
60.00 1.0000000336490449 -0.36036 -0.08024 -0.11058 0.01465 -.03034
60.25 1.0050639437111659 -0.35786 -0.07875 -0.10914 0.01391 -.03039
60.50 1.0101797939139427 -0.35531 -0.07728 -0.10774 0.01323 -.03046
60.75 1.0153487862282633 -0.35272 -0.07585 -0.10636 0.01259 -.03051
61.00 1.0205721581109972 -0.35009 -0.07445 -0.10503 0.01202 -.03058
61.25 1.0258511839050852 -0.34743 -0.07310 -0.10375 0.01152 -.03065
61.50 1.0311871763068714 -0.34473 -0.07181 -0.10253 0.01110 -.03072
61.75 1.0365814879045478 -0.34200 -0.07058 -0.10137 0.01077 -.03079
62.00 1.0420355127918348 -0.33923 -0.06942 -0.10028 0.01053 -.03086
62.25 1.0475506882612993 -0.33645 -0.06835 -0.09928 0.01041 -.03093
62.50 1.0531284965820111 -0.33364 -0.06737 -0.09837 0.01041 -.03100
62.75 1.0587704668665670 -0.33081 -0.06649 -0.09756 0.01053 -.03107
63.00 1.0644781770328475 -0.32796 -0.06574 -0.09686 0.01080 -.03112
63.25 1.0702532558662603 -0.32510 -0.06510 -0.09627 0.01121 -.03117
63.50 1.0760973851886237 -0.32223 -0.06459 -0.09580 0.01177 -.03121
63.75 1.0820123021402799 -0.31936 -0.06422 -0.09545 0.01250 -.03123
64.00 1.0879998015825072 -0.31647 -0.06399 -0.09522 0.01338 -.03123
64.25 1.0940617386278098 -0.31358 -0.06389 -0.09513 0.01443 -.03124
64.50 1.1002000313062268 -0.31068 -0.06395 -0.09516 0.01563 -.03121
64.75 1.1064166633763877 -0.30776 -0.06414 -0.09531 0.01700 -.03117
65.00 1.1127136872907215 -0.30483 -0.06448 -0.09559 0.01853 -.03111
65.25 1.1190932273249123 -0.30188 -0.06495 -0.09600 0.02021 -.03105
65.50 1.1255574828824770 -0.29891 -0.06557 -0.09652 0.02204 -.03095
65.75 1.1321087319861824 -0.29590 -0.06633 -0.09716 0.02401 -.03083
66.00 1.1387493349689228 -0.29285 -0.06722 -0.09791 0.02611 -.03069
66.25 1.1454817383776770 -0.28977 -0.06824 -0.09876 0.02833 -.03052
66.50 1.1523084791052536 -0.28663 -0.06940 -0.09972 0.03067 -.03032
66.75 1.1592321887657087 -0.28343 -0.07068 -0.10078 0.03311 -.03010
67.00 1.1662555983306084 -0.28018 -0.07209 -0.10193 0.03564 -.02984
67.25 1.1733815430447392 -0.27685 -0.07363 -0.10317 0.03824 -.02954
67.50 1.1806129676413906 -0.27346 -0.07528 -0.10449 0.04090 -.02921
67.75 1.1879529318790409 -0.26999 -0.07704 -0.10589 0.04359 -.02885
68.00 1.1954046164231349 -0.26644 -0.07892 -0.10737 0.04630 -.02845
68.25 1.2029713290986654 -0.26282 -0.08089 -0.10892 0.04899 -.02803
68.50 1.2106565115415191 -0.25911 -0.08297 -0.11054 0.05163 -.02757
68.75 1.2184637462790018 -0.25531 -0.08513 -0.11223 0.05416 -.02710
69.00 1.2263967642726714 -0.25143 -0.08738 -0.11398 0.05653 -.02660
69.25 1.2344594529595776 -0.24747 -0.08970 -0.11578 0.05864 -.02608
69.50 1.2426558648313226 -0.24341 -0.09210 -0.11765 0.06036 -.02555
69.75 1.2509902265939778 -0.23927 -0.09456 -0.11957 0.06155 -.02501
70.00 1.2594669489559134 -0.23504 -0.09708 -0.12155 0.06201 -.02447
70.25 1.2680906370950717 -0.23073 -0.09964 -0.12358 0.06151 -.02394
70.50 1.2768661018621295 -0.22633 -0.10225 -0.12566 0.05989 -.02341
70.75 1.2857983717814927 -0.22184 -0.10489 -0.12780 0.05706 -.02291
71.00 1.2948927059181552 -0.21726 -0.10756 -0.12999 0.05310 -.02243
71.25 1.3041546076852373 -0.21260 -0.11025 -0.13223 0.04817 -.02198
71.50 1.3135898396745678 -0.20785 -0.11295 -0.13454 0.04249 -.02159
71.75 1.3232044396011293 -0.20302 -0.11566 -0.13690 0.03624 -.02124
72.00 1.3330047374615932 -0.19811 -0.11836 -0.13932 0.02960 -.02096
72.25 1.3429973740177321 -0.19312 -0.12106 -0.14181 0.02268 -.02075
72.50 1.3531893207273342 -0.18807 -0.12373 -0.14437 0.01558 -.02064
72.75 1.3635879012585173 -0.18295 -0.12636 -0.14700 0.00837 -.02064
73.00 1.3742008147382716 -0.17779 -0.12892 -0.14971 0.00109 -.02079
73.25 1.3850361609029067 -0.17262 -0.13140 -0.15251 -0.00621 -.02111
73.50 1.3961024673370386 -0.16748 -0.13371 -0.15540 -0.01348 -.02169
73.75 1.4074087190092159 -0.16252 -0.13574 -0.15840 -0.02072 -.02266
74.00 1.4189643903365978 -0.15799 -0.13721 -0.16150 -0.02788 -.02429
74.25 1.4307794800386300 -0.15449 -0.13752 -0.16473 -0.03494 -.02721
74.50 1.4428645490710084 -0.15286 -0.13582 -0.16809 -0.04189 -.03227
74.75 1.4552307619668963 -0.15312 -0.13211 -0.17159 -0.04869 -.03948
75.00 1.4678899319530556 -0.15446 -0.12717 -0.17525 -0.05533 -.04808
75.25 1.4808545702551064 -0.15628 -0.12160 -0.17907 -0.06179 -.05747
75.50 1.4941379400594756 -0.15831 -0.11568 -0.18306 -0.06805 -.06738
75.75 1.5077541156608558 -0.16044 -0.10951 -0.18724 -0.07410 -.07773
76.00 1.5217180473945009 -0.16259 -0.10316 -0.19161 -0.07991 -.08845
76.25 1.5360456330340897 -0.16473 -0.09666 -0.19618 -0.08547 -.09952
76.50 1.5507537964299845 -0.16685 -0.09003 -0.20094 -0.09078 -.11091
76.75 1.5658605742718710 -0.16893 -0.08328 -0.20589 -0.09583 -.12261
77.00 1.5813852119866876 -0.17097 -0.07642 -0.21103 -0.10061 -.13461
77.25 1.5973482699307082 -0.17295 -0.06945 -0.21634 -0.10513 -.14689
77.50 1.6137717412076256 -0.17487 -0.06239 -0.22181 -0.10939 -.15942
77.75 1.6306791826473761 -0.17672 -0.05523 -0.22741 -0.11339 -.17218
78.00 1.6480958607190197 -0.17851 -0.04800 -0.23313 -0.11715 -.18513
78.25 1.6660489144325314 -0.18022 -0.04069 -0.23894 -0.12067 -.19825
78.50 1.6845675376176648 -0.18186 -0.03333 -0.24479 -0.12396 -.21146
78.75 1.7036831833639368 -0.18342 -0.02592 -0.25067 -0.12704 -.22475
79.00 1.7234297938777567 -0.18491 -0.01848 -0.25652 -0.12992 -.23804
79.25 1.7438440595774944 -0.18631 -0.01104 -0.26230 -0.13261 -.25126
79.50 1.7649657119256603 -0.18763 -0.00360 -0.26797 -0.13512 -.26437
79.75 1.7868378553155890 -0.18887 0.00380 -0.27347 -0.13747 -.27727
80.00 1.8095073443210954 -0.19003 0.01115 -0.27876 -0.13966 -.28991
80.25 1.8330252138232914 -0.19111 0.01842 -0.28378 -0.14171 -.30220
80.50 1.8574471710024862 -0.19211 0.02561 -0.28848 -0.14363 -.31409
80.75 1.8828341599932619 -0.19304 0.03272 -0.29282 -0.14544 -.32554
81.00 1.9092530122354845 -0.19390 0.03978 -0.29678 -0.14715 -.33656
81.25 1.9367771983277440 -0.19470 0.04683 -0.30032 -0.14876 -.34715
81.50 1.9654877006520655 -0.19545 0.05394 -0.30346 -0.15030 -.35740
81.75 1.9954740303864316 -0.19616 0.06121 -0.30619 -0.15178 -.36740
82.00 2.0268354180156947 -0.19682 0.06875 -0.30853 -0.15321 -.37728
82.25 2.0596822134404817 -0.19746 0.07668 -0.31047 -0.15459 -.38715
82.50 2.0941375407372735 -0.19806 0.08509 -0.31203 -0.15594 -.39712
82.75 2.1303392641794385 -0.19863 0.09410 -0.31321 -0.15726 -.40731
83.00 2.1684423371644423 -0.19917 0.10379 -0.31401 -0.15854 -.41780
83.25 2.2086216254199424 -0.19967 0.11422 -0.31443 -0.15980 -.42865
83.50 2.2510753219802888 -0.20014 0.12544 -0.31449 -0.16103 -.43993
83.75 2.2960291063410230 -0.20056 0.13746 -0.31420 -0.16222 -.45166
84.00 2.3437412473608381 -0.20093 0.15029 -0.31361 -0.16338 -.46390
84.25 2.3945089138952178 -0.20125 0.16388 -0.31276 -0.16450 -.47664
84.50 2.4486760461856742 -0.20152 0.17822 -0.31171 -0.16557 -.48993
84.75 2.5066432657105051 -0.20172 0.19325 -0.31054 -0.16661 -.50379
