5.0 0.22474786951272291 -3.22962306860
5.25 0.23032811073355966 -3.35686210183
5.50 0.23578063841929153 -3.47435387890
5.75 0.24111432303437602 -3.58321088201
6.00 0.24633708657984518 -3.68438931141
6.25 0.25145603955751983 -3.77871848139
6.50 0.25647759350390792 -3.86692299428
6.75 0.26140755421862366 -3.94963926297
7.00 0.26625119958804888 -4.02742764673
7.25 0.27101334500631991 -4.10078125713
7.50 0.27569839872782342 -4.17013234255
7.75 0.28031040898329512 -4.23585703492
8.00 0.28485310431016619 -4.29827914361
8.25 0.28932992825516618 -4.35767362328
8.50 0.29374406938062309 -4.41427030419
8.75 0.29809848732900202 -4.46825838984
9.00 0.30239593556098865 -4.51979200309
9.25 0.30663898127202549 -4.56899667868
9.50 0.31083002290405076 -4.61597627281
9.75 0.31497130559833353 -4.66081950835
10.00 0.31906493487798943 -4.70360544344
10.25 0.32311288880213562 -4.74440748339
10.50 0.32711702879550453 -4.78329594372
10.75 0.33107910932596624 -4.82033943828
11.00 0.33500078657648524 -4.85560545675
11.25 0.33888362623650670 -4.88916046166
11.50 0.34272911051981081 -4.92106974686
11.75 0.34653864450082428 -4.95139721083
12.00 0.35031356184872481 -4.98020512914
12.25 0.35405513002798283 -5.00755396600
12.50 0.35776455502492738 -5.03350223792
12.75 0.36144298565221100 -5.05810642967
13.00 0.36509151747647400 -5.08142095567
13.25 0.36871119640886968 -5.10349815905
13.50 0.37230302199327187 -5.12438833952
13.75 0.37586795042281695 -5.14413980327
14.00 0.37940689731182314 -5.16279892855
14.25 0.38292074024700901 -5.18041024224
14.50 0.38641032113921558 -5.19701650381
14.75 0.38987644839447261 -5.21265879357
15.00 0.39331989892118169 -5.22737660350
15.25 0.39674141998838264 -5.24120792899
15.50 0.40014173094847860 -5.25418936036
15.75 0.40352152483640419 -5.26635617364
16.00 0.40688146985598445 -5.27774242005
16.25 0.41022221076315113 -5.28838101405
16.50 0.41354437015471773 -5.29830381978
16.75 0.41684854967056112 -5.30754173587
17.00 0.42013533111630319 -5.31612477884
17.25 0.42340527751290741 -5.32408216512
17.50 0.42665893407900496 -5.33144239179
17.75 0.42989682915123001 -5.33823331632
18.00 0.43311947504735931 -5.34448223530
18.25 0.43632736887662232 -5.35021596230
18.50 0.43952099330116196 -5.35546090478
18.75 0.44270081725227745 -5.36024314005
19.00 0.44586729660476643 -5.36458848977
19.25 0.44902087481240505 -5.36852259284
19.50 0.45216198350734593 -5.37207097567
19.75 0.45529104306598517 -5.37525911950
20.00 0.45840846314364242 -5.37811252227
20.25 0.46151464318020630 -5.38065675497
20.50 0.46460997287872730 -5.38291750941
20.75 0.46769483265878409 -5.38492063541
21.00 0.47076959408630886 -5.38669216469
21.25 0.47383462028142359 -5.38825831840
21.50 0.47689026630572684 -5.38964549520
21.75 0.47993687953036013 -5.39088023671
22.00 0.48297479998608267 -5.39198916725
22.25 0.48600436069649899 -5.39299890543
22.50 0.48902588799549546 -5.39393594554
22.75 0.49203970182987000 -5.39482650769
23.00 0.49504611604806875 -5.39569635642
23.25 0.49804543867587991 -5.39657058860
23.50 0.50103797217987622 -5.39747339238
23.75 0.50402401371934424 -5.39842777965
24.00 0.50700385538738835 -5.39945529573
24.25 0.50997778444185260 -5.40057571079
24.50 0.51294608352666027 -5.40180669928
24.75 0.51590903088413309 -5.40316351576
25.00 0.51886690055881535 -5.40465867897
25.25 0.52181996259329522 -5.40630168014
25.50 0.52476848321648584 -5.40809873663
25.75 0.52771272502479782 -5.41005261607
26.00 0.53065294715660993 -5.41216255905
26.25 0.53358940546042311 -5.41442432614
26.50 0.53652235265705239 -5.41683038800
26.75 0.53945203849620049 -5.41937026288
27.00 0.54237870990772830 -5.42203098818
27.25 0.54530261114792489 -5.42479769338
27.50 0.54822398394106098 -5.42765422733
27.75 0.55114306761649301 -5.43058378719
28.00 0.55406009924157285 -5.43356949955
28.25 0.55697531375060216 -5.43659491693
28.50 0.55988894407005929 -5.43964440830
28.75 0.56280122124031395 -5.44270343842
29.00 0.56571237453403433 -5.44575874331
29.25 0.56862263157148163 -5.44879841696
29.50 0.57153221843287527 -5.45181192790
29.75 0.57444135976800692 -5.45479008439
30.00 0.57735027890326807 -5.45772496466
30.25 0.58025919794625369 -5.46060982592
30.50 0.58316833788809341 -5.46343900249
30.75 0.58607791870365555 -5.46620780065
31.00 0.58898815944976501 -5.46891239518
31.25 0.59189927836156764 -5.47154973101
31.50 0.59481149294717062 -5.47411743175
31.75 0.59772502008068074 -5.47661371610
32.00 0.60064007609376124 -5.47903732219
32.25 0.60355687686581816 -5.48138744001
32.50 0.60647563791293169 -5.48366365114
32.75 0.60939657447563289 -5.48586587543
33.00 0.61231990160563299 -5.48799432398
33.25 0.61524583425160395 -5.49004945772
33.50 0.61817458734410646 -5.49203195099
33.75 0.62110637587975959 -5.49394265956
34.00 0.62404141500474464 -5.49578259263
34.25 0.62697992009773107 -5.49755288815
34.50 0.62992210685231265 -5.49925479123
34.75 0.63286819135903882 -5.50088963517
35.00 0.63581839018712483 -5.50245882474
35.25 0.63877292046592293 -5.50396382156
35.50 0.64173199996623487 -5.50540613111
35.75 0.64469584718154593 -5.50678729141
36.00 0.64766468140925815 -5.50810886292
36.25 0.65063872283200119 -5.50937241971
36.50 0.65361819259909770 -5.51057954155
36.75 0.65660331290825846 -5.51173180698
37.00 0.65959430708758449 -5.51283078714
37.25 0.66259139967795155 -5.51387804028
37.50 0.66559481651585173 -5.51487510686
37.75 0.66860478481676788 -5.51582350523
38.00 0.67162153325915808 -5.51672472771
38.25 0.67464529206912238 -5.51758023715
38.50 0.67767629310583211 -5.51839146384
38.75 0.68071476994779589 -5.51915980266
39.00 0.68376095798003989 -5.51988661062
39.25 0.68681509448228206 -5.52057320461
39.50 0.68987741871817743 -5.52122085933
39.75 0.69294817202571524 -5.52183080554
40.00 0.69602759790885060 -5.52240422830
40.25 0.69911594213045092 -5.52294226558
40.50 0.70221345280664171 -5.52344600682
40.75 0.70532038050263912 -5.52391649175
41.00 0.70843697833015451 -5.52435470928
41.25 0.71156350204645979 -5.52476159645
41.50 0.71470021015520846 -5.52513803758
41.75 0.71784736400909988 -5.52548486337
42.00 0.72100522791448773 -5.52580285022
42.25 0.72417406923802852 -5.52609271950
42.50 0.72735415851547003 -5.52635513695
42.75 0.73054576956268569 -5.52659071218
43.00 0.73374917958905994 -5.52679999812
43.25 0.73696466931333482 -5.52698349061
43.50 0.74019252308203054 -5.52714162803
43.75 0.74343302899055930 -5.52727479097
44.00 0.74668647900714824 -5.52738330192
44.25 0.74995316909970178 -5.52746742507
44.50 0.75323339936572720 -5.52752736609
44.75 0.75652747416546084 -5.52756327200
45.00 0.75983570225832975 -5.52757523103
45.25 0.76315839694289456 -5.52756327262
45.50 0.76649587620041937 -5.52752736733
45.75 0.76984846284222430 -5.52746742694
46.00 0.77321648466098036 -5.52738330441
46.25 0.77660027458611014 -5.52727479408
46.50 0.78000017084346973 -5.52714163176
46.75 0.78341651711948912 -5.52698349496
47.00 0.78684966272995749 -5.52680000309
47.25 0.79029996279364645 -5.52659071778
47.50 0.79376777841097601 -5.52635514317
47.75 0.79725347684792980 -5.52609272633
48.00 0.80075743172543956 -5.52580285767
48.25 0.80428002321446923 -5.52548487144
48.50 0.80782163823703412 -5.52513804626
48.75 0.81138267067340353 -5.52476160575
49.00 0.81496352157574936 -5.52435471919
49.25 0.81856459938850701 -5.52391650228
49.50 0.82218632017573356 -5.52344601796
49.75 0.82582910785575958 -5.52294227733
50.00 0.82949339444344139 -5.52240424067
50.25 0.83317962030033754 -5.52183081851
50.50 0.83688823439314863 -5.52122087291
50.75 0.84061969456077290 -5.52057321879
51.00 0.84437446779034697 -5.51988662542
51.25 0.84815303050266300 -5.51915981806
51.50 0.85195586884736429 -5.51839147984
51.75 0.85578347900834917 -5.51758025375
52.00 0.85963636751982619 -5.51672474490
52.25 0.86351505159349251 -5.51582352302
52.50 0.86742005945732381 -5.51487512525
52.75 0.87135193070649397 -5.51387805927
53.00 0.87531121666696521 -5.51283080672
53.25 0.87929848077231665 -5.51173182715
53.50 0.88331429895441260 -5.51057956231
53.75 0.88735926004853483 -5.50937244106
54.00 0.89143396621364279 -5.50810888486
54.25 0.89553903336845653 -5.50678731393
54.50 0.89967509164409376 -5.50540615421
54.75 0.90384278585403033 -5.50396384524
55.00 0.90804277598219907 -5.50245884901
55.25 0.91227573769007742 -5.50088966001
55.50 0.91654236284366797 -5.49925481665
55.75 0.92084336006132139 -5.49755291414
56.00 0.92517945528340284 -5.49578261920
56.25 0.92955139236486140 -5.49394268670
56.50 0.93395993369181618 -5.49203197870
56.75 0.93840586082334254 -5.49004948601
57.00 0.94288997515969897 -5.48799435283
57.25 0.94741309863831702 -5.48586590485
57.50 0.95197607445894206 -5.48366368112
57.75 0.95657976783940157 -5.48138747056
58.00 0.96122506680355879 -5.47903735331
58.25 0.96591288300310196 -5.47661374778
58.50 0.97064415257492132 -5.47411746400
58.75 0.97541983703592194 -5.47154976382
59.00 0.98024092421724396 -5.46891242855
59.25 0.98510842923997155 -5.46620783459
59.50 0.99002339553454166 -5.46343903700
59.75 0.99498689590620693 -5.46060986099
60.00 1.0000000336490449 -5.45772500031
60.25 1.0050639437111659 -5.45479012061
60.50 1.0101797939139427 -5.45181196470
60.75 1.0153487862282633 -5.44879845434
61.00 1.0205721581109972 -5.44575878128
61.25 1.0258511839050852 -5.44270347698
61.50 1.0311871763068714 -5.43964444746
61.75 1.0365814879045478 -5.43659495670
62.00 1.0420355127918348 -5.43356953995
62.25 1.0475506882612993 -5.43058382822
62.50 1.0531284965820111 -5.42765426901
62.75 1.0587704668665670 -5.42479773571
63.00 1.0644781770328475 -5.42203103119
63.25 1.0702532558662603 -5.41937030658
63.50 1.0760973851886237 -5.41683043240
63.75 1.0820123021402799 -5.41442437127
64.00 1.0879998015825072 -5.41216260491
64.25 1.0940617386278098 -5.41005266268
64.50 1.1002000313062268 -5.40809878400
64.75 1.1064166633763877 -5.40630172828
65.00 1.1127136872907215 -5.40465872789
65.25 1.1190932273249123 -5.40316356547
65.50 1.1255574828824770 -5.40180674978
65.75 1.1321087319861824 -5.40057576208
66.00 1.1387493349689228 -5.39945534781
66.25 1.1454817383776770 -5.39842783253
66.50 1.1523084791052536 -5.39747344605
66.75 1.1592321887657087 -5.39657064307
67.00 1.1662555983306084 -5.39569641168
67.25 1.1733815430447392 -5.39482656375
67.50 1.1806129676413906 -5.39393600240
67.75 1.1879529318790409 -5.39299896308
68.00 1.1954046164231349 -5.39198922570
68.25 1.2029713290986654 -5.39088029597
68.50 1.2106565115415191 -5.38964555528
68.75 1.2184637462790018 -5.38825837930
69.00 1.2263967642726714 -5.38669222643
69.25 1.2344594529595776 -5.38492069800
69.50 1.2426558648313226 -5.38291757286
69.75 1.2509902265939778 -5.38065681931
70.00 1.2594669489559134 -5.37811258753
70.25 1.2680906370950717 -5.37525918571
70.50 1.2768661018621295 -5.37207104285
70.75 1.2857983717814927 -5.36852266104
71.00 1.2948927059181552 -5.36458855903
71.25 1.3041546076852373 -5.36024321041
71.50 1.3135898396745678 -5.35546097631
71.75 1.3232044396011293 -5.35021603504
72.00 1.3330047374615932 -5.34448230933
72.25 1.3429973740177321 -5.33823339171
72.50 1.3531893207273342 -5.33144246863
72.75 1.3635879012585173 -5.32408224349
73.00 1.3742008147382716 -5.31612485883
73.25 1.3850361609029067 -5.30754181759
73.50 1.3961024673370386 -5.29830390335
73.75 1.4074087190092159 -5.28838109960
74.00 1.4189643903365978 -5.27774250771
74.25 1.4307794800386300 -5.26635626357
74.50 1.4428645490710084 -5.25418945273
74.75 1.4552307619668963 -5.24120802397
75.00 1.4678899319530556 -5.22737670128
75.25 1.4808545702551064 -5.21265889438
75.50 1.4941379400594756 -5.19701660789
75.75 1.5077541156608558 -5.18041034984
76.00 1.5217180473945009 -5.16279903995
76.25 1.5360456330340897 -5.14413991878
76.50 1.5507537964299845 -5.12438845948
76.75 1.5658605742718710 -5.10349828382
77.00 1.5813852119866876 -5.08142108568
77.25 1.5973482699307082 -5.05810656536
77.50 1.6137717412076256 -5.03350237978
77.75 1.6306791826473761 -5.00755411458
78.00 1.6480958607190197 -4.98020528506
78.25 1.6660489144325314 -4.95139737474
78.50 1.6845675376176648 -4.92106991953
78.75 1.7036831833639368 -4.88916064391
79.00 1.7234297938777567 -4.85560564953
79.25 1.7438440595774944 -4.82033964262
79.50 1.7649657119256603 -4.78329616080
79.75 1.7868378553155890 -4.74440771453
80.00 1.8095073443210954 -4.70360569012
80.25 1.8330252138232914 -4.66081977222
80.50 1.8574471710024862 -4.61597655570
80.75 1.8828341599932619 -4.56899698261
81.00 1.9092530122354845 -4.51979233026
81.25 1.9367771983277440 -4.46825874260
81.50 1.9654877006520655 -4.41427068507
81.75 1.9954740303864316 -4.35767403492
82.00 2.0268354180156947 -4.29827958884
82.25 2.0596822134404817 -4.23585751673
82.50 2.0941375407372735 -4.17013286416
82.75 2.1303392641794385 -4.10078182204
83.00 2.1684423371644423 -4.02742825881
83.25 2.2086216254199424 -3.94963992654
83.50 2.2510753219802888 -3.86692371427
83.75 2.2960291063410230 -3.77871926344
84.00 2.3437412473608381 -3.68439016205
84.25 2.3945089138952178 -3.58321180881
84.50 2.4486760461856742 -3.47435489072
84.75 2.5066432657105051 -3.35686320912
