5 0.22474786951272291 -0.73204 -0.73195 -0.55536
5.25 0.23032811073355966 -0.72770 -0.72754 -0.55579
5.50 0.23578063841929153 -0.72355 -0.72330 -0.55624
5.75 0.24111432303437602 -0.71958 -0.71921 -0.55669
6.00 0.24633708657984518 -0.71580 -0.71528 -0.55711
6.25 0.25145603955751983 -0.71222 -0.71150 -0.55747
6.50 0.25647759350390792 -0.70884 -0.70788 -0.55777
6.75 0.26140755421862366 -0.70567 -0.70440 -0.55798
7.00 0.26625119958804888 -0.70271 -0.70107 -0.55808
7.25 0.27101334500631991 -0.69996 -0.69789 -0.55807
7.50 0.27569839872782342 -0.69744 -0.69484 -0.55792
7.75 0.28031040898329512 -0.69513 -0.69193 -0.55764
8.00 0.28485310431016619 -0.69304 -0.68916 -0.55720
8.25 0.28932992825516618 -0.69118 -0.68652 -0.55661
8.50 0.29374406938062309 -0.68954 -0.68401 -0.55587
8.75 0.29809848732900202 -0.68811 -0.68162 -0.55497
9.00 0.30239593556098865 -0.68689 -0.67935 -0.55391
9.25 0.30663898127202549 -0.68588 -0.67719 -0.55271
9.50 0.31083002290405076 -0.68507 -0.67515 -0.55137
9.75 0.31497130559833353 -0.68444 -0.67322 -0.54989
10.00 0.31906493487798943 -0.68399 -0.67139 -0.54829
10.25 0.32311288880213562 -0.68371 -0.66965 -0.54657
10.50 0.32711702879550453 -0.68358 -0.66802 -0.54476
10.75 0.33107910932596624 -0.68359 -0.66648 -0.54285
11.00 0.33500078657648524 -0.68374 -0.66502 -0.54087
11.25 0.33888362623650670 -0.68400 -0.66365 -0.53881
11.50 0.34272911051981081 -0.68438 -0.66236 -0.53670
11.75 0.34653864450082428 -0.68485 -0.66115 -0.53454
12.00 0.35031356184872481 -0.68542 -0.66000 -0.53235
12.25 0.35405513002798283 -0.68607 -0.65893 -0.53013
12.50 0.35776455502492738 -0.68679 -0.65793 -0.52788
12.75 0.36144298565221100 -0.68758 -0.65699 -0.52563
13.00 0.36509151747647400 -0.68843 -0.65611 -0.52337
13.25 0.36871119640886968 -0.68934 -0.65529 -0.52111
13.50 0.37230302199327187 -0.69029 -0.65452 -0.51885
13.75 0.37586795042281695 -0.69129 -0.65381 -0.51661
14.00 0.37940689731182314 -0.69232 -0.65314 -0.51438
14.25 0.38292074024700901 -0.69339 -0.65253 -0.51217
14.50 0.38641032113921558 -0.69450 -0.65196 -0.50998
14.75 0.38987644839447261 -0.69563 -0.65144 -0.50781
15.00 0.39331989892118169 -0.69680 -0.65096 -0.50567
15.25 0.39674141998838264 -0.69799 -0.65052 -0.50356
15.50 0.40014173094847860 -0.69920 -0.65012 -0.50148
15.75 0.40352152483640419 -0.70044 -0.64977 -0.49943
16.00 0.40688146985598445 -0.70170 -0.64945 -0.49742
16.25 0.41022221076315113 -0.70298 -0.64918 -0.49544
16.50 0.41354437015471773 -0.70429 -0.64894 -0.49349
16.75 0.41684854967056112 -0.70562 -0.64875 -0.49158
17.00 0.42013533111630319 -0.70697 -0.64859 -0.48971
17.25 0.42340527751290741 -0.70835 -0.64848 -0.48788
17.50 0.42665893407900496 -0.70977 -0.64842 -0.48609
17.75 0.42989682915123001 -0.71121 -0.64840 -0.48434
18.00 0.43311947504735931 -0.71269 -0.64844 -0.48264
18.25 0.43632736887662232 -0.71421 -0.64853 -0.48097
18.50 0.43952099330116196 -0.71577 -0.64868 -0.47936
18.75 0.44270081725227745 -0.71738 -0.64889 -0.47780
19.00 0.44586729660476643 -0.71905 -0.64918 -0.47630
19.25 0.44902087481240505 -0.72077 -0.64954 -0.47485
19.50 0.45216198350734593 -0.72255 -0.64998 -0.47347
19.75 0.45529104306598517 -0.72440 -0.65052 -0.47216
20.00 0.45840846314364242 -0.72632 -0.65114 -0.47093
20.25 0.46151464318020630 -0.72830 -0.65185 -0.46978
20.50 0.46460997287872730 -0.73035 -0.65265 -0.46871
20.75 0.46769483265878409 -0.73245 -0.65352 -0.46773
21.00 0.47076959408630886 -0.73460 -0.65446 -0.46683
21.25 0.47383462028142359 -0.73678 -0.65545 -0.46601
21.50 0.47689026630572684 -0.73898 -0.65647 -0.46526
21.75 0.47993687953036013 -0.74119 -0.65749 -0.46457
22.00 0.48297479998608267 -0.74337 -0.65849 -0.46393
22.25 0.48600436069649899 -0.74552 -0.65945 -0.46333
22.50 0.48902588799549546 -0.74763 -0.66035 -0.46275
22.75 0.49203970182987000 -0.74968 -0.66116 -0.46218
23.00 0.49504611604806875 -0.75165 -0.66187 -0.46160
23.25 0.49804543867587991 -0.75354 -0.66247 -0.46102
23.50 0.50103797217987622 -0.75535 -0.66294 -0.46042
23.75 0.50402401371934424 -0.75705 -0.66329 -0.45979
24.00 0.50700385538738835 -0.75866 -0.66351 -0.45913
24.25 0.50997778444185260 -0.76017 -0.66360 -0.45845
24.50 0.51294608352666027 -0.76158 -0.66356 -0.45773
24.75 0.51590903088413309 -0.76289 -0.66340 -0.45700
25.00 0.51886690055881535 -0.76410 -0.66313 -0.45623
25.25 0.52181996259329522 -0.76522 -0.66276 -0.45545
25.50 0.52476848321648584 -0.76625 -0.66229 -0.45466
25.75 0.52771272502479782 -0.76720 -0.66174 -0.45386
26.00 0.53065294715660993 -0.76807 -0.66112 -0.45306
26.25 0.53358940546042311 -0.76887 -0.66044 -0.45226
26.50 0.53652235265705239 -0.76961 -0.65972 -0.45147
26.75 0.53945203849620049 -0.77030 -0.65897 -0.45070
27.00 0.54237870990772830 -0.77094 -0.65820 -0.44995
27.25 0.54530261114792489 -0.77154 -0.65742 -0.44922
27.50 0.54822398394106098 -0.77211 -0.65665 -0.44851
27.75 0.55114306761649301 -0.77266 -0.65588 -0.44783
28.00 0.55406009924157285 -0.77318 -0.65514 -0.44718
28.25 0.55697531375060216 -0.77369 -0.65442 -0.44656
28.50 0.55988894407005929 -0.77419 -0.65374 -0.44596
28.75 0.56280122124031395 -0.77468 -0.65309 -0.44539
29.00 0.56571237453403433 -0.77517 -0.65247 -0.44485
29.25 0.56862263157148163 -0.77566 -0.65190 -0.44433
29.50 0.57153221843287527 -0.77615 -0.65136 -0.44383
29.75 0.57444135976800692 -0.77665 -0.65087 -0.44334
30.00 0.57735027890326807 -0.77715 -0.65042 -0.44288
30.25 0.58025919794625369 -0.77765 -0.65000 -0.44243
30.50 0.58316833788809341 -0.77815 -0.64963 -0.44200
30.75 0.58607791870365555 -0.77866 -0.64928 -0.44158
31.00 0.58898815944976501 -0.77918 -0.64897 -0.44117
31.25 0.59189927836156764 -0.77970 -0.64870 -0.44077
31.50 0.59481149294717062 -0.78022 -0.64845 -0.44037
31.75 0.59772502008068074 -0.78074 -0.64823 -0.43999
32.00 0.60064007609376124 -0.78127 -0.64803 -0.43961
32.25 0.60355687686581816 -0.78179 -0.64786 -0.43924
32.50 0.60647563791293169 -0.78231 -0.64771 -0.43887
32.75 0.60939657447563289 -0.78284 -0.64757 -0.43851
33.00 0.61231990160563299 -0.78336 -0.64746 -0.43816
33.25 0.61524583425160395 -0.78388 -0.64736 -0.43780
33.50 0.61817458734410646 -0.78440 -0.64728 -0.43746
33.75 0.62110637587975959 -0.78491 -0.64721 -0.43711
34.00 0.62404141500474464 -0.78541 -0.64715 -0.43677
34.25 0.62697992009773107 -0.78592 -0.64710 -0.43643
34.50 0.62992210685231265 -0.78641 -0.64706 -0.43610
34.75 0.63286819135903882 -0.78690 -0.64704 -0.43577
35.00 0.63581839018712483 -0.78738 -0.64701 -0.43544
35.25 0.63877292046592293 -0.78786 -0.64700 -0.43512
35.50 0.64173199996623487 -0.78832 -0.64699 -0.43480
35.75 0.64469584718154593 -0.78878 -0.64699 -0.43448
36.00 0.64766468140925815 -0.78923 -0.64699 -0.43417
36.25 0.65063872283200119 -0.78967 -0.64699 -0.43387
36.50 0.65361819259909770 -0.79010 -0.64700 -0.43356
36.75 0.65660331290825846 -0.79052 -0.64701 -0.43327
37.00 0.65959430708758449 -0.79093 -0.64702 -0.43298
37.25 0.66259139967795155 -0.79133 -0.64704 -0.43269
37.50 0.66559481651585173 -0.79172 -0.64706 -0.43241
37.75 0.66860478481676788 -0.79209 -0.64708 -0.43213
38.00 0.67162153325915808 -0.79246 -0.64710 -0.43186
38.25 0.67464529206912238 -0.79281 -0.64712 -0.43160
38.50 0.67767629310583211 -0.79316 -0.64714 -0.43135
38.75 0.68071476994779589 -0.79349 -0.64716 -0.43110
39.00 0.68376095798003989 -0.79381 -0.64718 -0.43085
39.25 0.68681509448228206 -0.79411 -0.64720 -0.43062
39.50 0.68987741871817743 -0.79441 -0.64722 -0.43039
39.75 0.69294817202571524 -0.79469 -0.64724 -0.43018
40.00 0.69602759790885060 -0.79496 -0.64727 -0.42996
40.25 0.69911594213045092 -0.79522 -0.64729 -0.42976
40.50 0.70221345280664171 -0.79546 -0.64730 -0.42957
40.75 0.70532038050263912 -0.79569 -0.64732 -0.42939
41.00 0.70843697833015451 -0.79591 -0.64734 -0.42921
41.25 0.71156350204645979 -0.79612 -0.64736 -0.42904
41.50 0.71470021015520846 -0.79631 -0.64737 -0.42889
41.75 0.71784736400909988 -0.79649 -0.64739 -0.42874
42.00 0.72100522791448773 -0.79666 -0.64740 -0.42861
42.25 0.72417406923802852 -0.79681 -0.64742 -0.42848
42.50 0.72735415851547003 -0.79695 -0.64743 -0.42836
42.75 0.73054576956268569 -0.79708 -0.64744 -0.42826
43.00 0.73374917958905994 -0.79719 -0.64745 -0.42816
43.25 0.73696466931333482 -0.79729 -0.64746 -0.42808
43.50 0.74019252308203054 -0.79738 -0.64746 -0.42801
43.75 0.74343302899055930 -0.79745 -0.64747 -0.42795
44.00 0.74668647900714824 -0.79751 -0.64747 -0.42790
44.25 0.74995316909970178 -0.79756 -0.64748 -0.42786
44.50 0.75323339936572720 -0.79759 -0.64748 -0.42783
44.75 0.75652747416546084 -0.79762 -0.64748 -0.42781
45.00 0.75983570225832975 -0.79762 -0.64748 -0.42781
45.25 0.76315839694289456 -0.79762 -0.64748 -0.42781
45.50 0.76649587620041937 -0.79759 -0.64748 -0.42783
45.75 0.76984846284222430 -0.79756 -0.64748 -0.42786
46.00 0.77321648466098036 -0.79751 -0.64747 -0.42790
46.25 0.77660027458611014 -0.79745 -0.64747 -0.42795
46.50 0.78000017084346973 -0.79738 -0.64746 -0.42801
46.75 0.78341651711948912 -0.79729 -0.64746 -0.42808
47.00 0.78684966272995749 -0.79719 -0.64745 -0.42816
47.25 0.79029996279364645 -0.79708 -0.64744 -0.42826
47.50 0.79376777841097601 -0.79695 -0.64743 -0.42836
47.75 0.79725347684792980 -0.79681 -0.64742 -0.42848
48.00 0.80075743172543956 -0.79666 -0.64740 -0.42861
48.25 0.80428002321446923 -0.79649 -0.64739 -0.42874
48.50 0.80782163823703412 -0.79631 -0.64737 -0.42889
48.75 0.81138267067340353 -0.79612 -0.64736 -0.42904
49.00 0.81496352157574936 -0.79591 -0.64734 -0.42921
49.25 0.81856459938850701 -0.79569 -0.64732 -0.42939
49.50 0.82218632017573356 -0.79546 -0.64730 -0.42957
49.75 0.82582910785575958 -0.79522 -0.64729 -0.42976
50.00 0.82949339444344139 -0.79496 -0.64727 -0.42996
50.25 0.83317962030033754 -0.79469 -0.64724 -0.43018
50.50 0.83688823439314863 -0.79441 -0.64722 -0.43039
50.75 0.84061969456077290 -0.79411 -0.64720 -0.43062
51.00 0.84437446779034697 -0.79381 -0.64718 -0.43085
51.25 0.84815303050266300 -0.79349 -0.64716 -0.43110
51.50 0.85195586884736429 -0.79316 -0.64714 -0.43135
51.75 0.85578347900834917 -0.79281 -0.64712 -0.43160
52.00 0.85963636751982619 -0.79246 -0.64710 -0.43186
52.25 0.86351505159349251 -0.79209 -0.64708 -0.43213
52.50 0.86742005945732381 -0.79172 -0.64706 -0.43241
52.75 0.87135193070649397 -0.79133 -0.64704 -0.43269
53.00 0.87531121666696521 -0.79093 -0.64702 -0.43298
53.25 0.87929848077231665 -0.79052 -0.64701 -0.43327
53.50 0.88331429895441260 -0.79010 -0.64700 -0.43356
53.75 0.88735926004853483 -0.78967 -0.64699 -0.43387
54.00 0.89143396621364279 -0.78923 -0.64699 -0.43417
54.25 0.89553903336845653 -0.78878 -0.64699 -0.43448
54.50 0.89967509164409376 -0.78832 -0.64699 -0.43480
54.75 0.90384278585403033 -0.78786 -0.64700 -0.43512
55.00 0.90804277598219907 -0.78738 -0.64701 -0.43544
55.25 0.91227573769007742 -0.78690 -0.64704 -0.43577
55.50 0.91654236284366797 -0.78641 -0.64706 -0.43610
55.75 0.92084336006132139 -0.78592 -0.64710 -0.43643
56.00 0.92517945528340284 -0.78541 -0.64715 -0.43677
56.25 0.92955139236486140 -0.78491 -0.64721 -0.43711
56.50 0.93395993369181618 -0.78440 -0.64728 -0.43746
56.75 0.93840586082334254 -0.78388 -0.64736 -0.43780
57.00 0.94288997515969897 -0.78336 -0.64746 -0.43816
57.25 0.94741309863831702 -0.78284 -0.64757 -0.43851
57.50 0.95197607445894206 -0.78231 -0.64771 -0.43887
57.75 0.95657976783940157 -0.78179 -0.64786 -0.43924
58.00 0.96122506680355879 -0.78127 -0.64803 -0.43961
58.25 0.96591288300310196 -0.78074 -0.64823 -0.43999
58.50 0.97064415257492132 -0.78022 -0.64845 -0.44037
58.75 0.97541983703592194 -0.77970 -0.64870 -0.44077
59.00 0.98024092421724396 -0.77918 -0.64897 -0.44117
59.25 0.98510842923997155 -0.77866 -0.64928 -0.44158
59.50 0.99002339553454166 -0.77815 -0.64963 -0.44200
59.75 0.99498689590620693 -0.77765 -0.65000 -0.44243
60.00 1.0000000336490449 -0.77715 -0.65042 -0.44288
60.25 1.0050639437111659 -0.77665 -0.65087 -0.44334
60.50 1.0101797939139427 -0.77615 -0.65136 -0.44383
60.75 1.0153487862282633 -0.77566 -0.65190 -0.44433
61.00 1.0205721581109972 -0.77517 -0.65247 -0.44485
61.25 1.0258511839050852 -0.77468 -0.65309 -0.44539
61.50 1.0311871763068714 -0.77419 -0.65374 -0.44596
61.75 1.0365814879045478 -0.77369 -0.65442 -0.44656
62.00 1.0420355127918348 -0.77318 -0.65514 -0.44718
62.25 1.0475506882612993 -0.77266 -0.65588 -0.44783
62.50 1.0531284965820111 -0.77211 -0.65665 -0.44851
62.75 1.0587704668665670 -0.77154 -0.65742 -0.44922
63.00 1.0644781770328475 -0.77094 -0.65820 -0.44995
63.25 1.0702532558662603 -0.77030 -0.65897 -0.45070
63.50 1.0760973851886237 -0.76961 -0.65972 -0.45147
63.75 1.0820123021402799 -0.76887 -0.66044 -0.45226
64.00 1.0879998015825072 -0.76807 -0.66112 -0.45306
64.25 1.0940617386278098 -0.76720 -0.66174 -0.45386
64.50 1.1002000313062268 -0.76625 -0.66229 -0.45466
64.75 1.1064166633763877 -0.76522 -0.66276 -0.45545
65.00 1.1127136872907215 -0.76410 -0.66313 -0.45623
65.25 1.1190932273249123 -0.76289 -0.66340 -0.45700
65.50 1.1255574828824770 -0.76158 -0.66356 -0.45773
65.75 1.1321087319861824 -0.76017 -0.66360 -0.45845
66.00 1.1387493349689228 -0.75866 -0.66351 -0.45913
66.25 1.1454817383776770 -0.75705 -0.66329 -0.45979
66.50 1.1523084791052536 -0.75535 -0.66294 -0.46042
66.75 1.1592321887657087 -0.75354 -0.66247 -0.46102
67.00 1.1662555983306084 -0.75165 -0.66187 -0.46160
67.25 1.1733815430447392 -0.74968 -0.66116 -0.46218
67.50 1.1806129676413906 -0.74763 -0.66035 -0.46275
67.75 1.1879529318790409 -0.74552 -0.65945 -0.46333
68.00 1.1954046164231349 -0.74337 -0.65849 -0.46393
68.25 1.2029713290986654 -0.74118 -0.65749 -0.46457
68.50 1.2106565115415191 -0.73898 -0.65647 -0.46526
68.75 1.2184637462790018 -0.73678 -0.65545 -0.46601
69.00 1.2263967642726714 -0.73460 -0.65446 -0.46683
69.25 1.2344594529595776 -0.73245 -0.65352 -0.46773
69.50 1.2426558648313226 -0.73035 -0.65265 -0.46871
69.75 1.2509902265939778 -0.72830 -0.65185 -0.46978
70.00 1.2594669489559134 -0.72632 -0.65114 -0.47093
70.25 1.2680906370950717 -0.72440 -0.65052 -0.47216
70.50 1.2768661018621295 -0.72255 -0.64998 -0.47347
70.75 1.2857983717814927 -0.72077 -0.64954 -0.47485
71.00 1.2948927059181552 -0.71905 -0.64918 -0.47630
71.25 1.3041546076852373 -0.71738 -0.64889 -0.47780
71.50 1.3135898396745678 -0.71577 -0.64868 -0.47936
71.75 1.3232044396011293 -0.71421 -0.64853 -0.48097
72.00 1.3330047374615932 -0.71269 -0.64844 -0.48264
72.25 1.3429973740177321 -0.71121 -0.64840 -0.48434
72.50 1.3531893207273342 -0.70977 -0.64842 -0.48609
72.75 1.3635879012585173 -0.70835 -0.64848 -0.48788
73.00 1.3742008147382716 -0.70697 -0.64859 -0.48971
73.25 1.3850361609029067 -0.70562 -0.64875 -0.49158
73.50 1.3961024673370386 -0.70429 -0.64894 -0.49349
73.75 1.4074087190092159 -0.70298 -0.64918 -0.49544
74.00 1.4189643903365978 -0.70170 -0.64945 -0.49742
74.25 1.4307794800386300 -0.70044 -0.64977 -0.49943
74.50 1.4428645490710084 -0.69920 -0.65012 -0.50148
74.75 1.4552307619668963 -0.69799 -0.65052 -0.50356
75.00 1.4678899319530556 -0.69680 -0.65096 -0.50567
75.25 1.4808545702551064 -0.69563 -0.65144 -0.50781
75.50 1.4941379400594756 -0.69450 -0.65196 -0.50998
75.75 1.5077541156608558 -0.69339 -0.65253 -0.51217
76.00 1.5217180473945009 -0.69232 -0.65314 -0.51438
76.25 1.5360456330340897 -0.69129 -0.65381 -0.51661
76.50 1.5507537964299845 -0.69029 -0.65452 -0.51885
76.75 1.5658605742718710 -0.68934 -0.65529 -0.52111
77.00 1.5813852119866876 -0.68843 -0.65611 -0.52337
77.25 1.5973482699307082 -0.68758 -0.65699 -0.52563
77.50 1.6137717412076256 -0.68679 -0.65793 -0.52788
77.75 1.6306791826473761 -0.68607 -0.65893 -0.53013
78.00 1.6480958607190197 -0.68542 -0.66000 -0.53235
78.25 1.6660489144325314 -0.68485 -0.66115 -0.53454
78.50 1.6845675376176648 -0.68438 -0.66236 -0.53670
78.75 1.7036831833639368 -0.68400 -0.66365 -0.53881
79.00 1.7234297938777567 -0.68374 -0.66502 -0.54087
79.25 1.7438440595774944 -0.68359 -0.66648 -0.54285
79.50 1.7649657119256603 -0.68358 -0.66802 -0.54476
79.75 1.7868378553155890 -0.68371 -0.66965 -0.54657
80.00 1.8095073443210954 -0.68399 -0.67139 -0.54829
80.25 1.8330252138232914 -0.68444 -0.67322 -0.54989
80.50 1.8574471710024862 -0.68507 -0.67515 -0.55137
80.75 1.8828341599932619 -0.68588 -0.67719 -0.55271
81.00 1.9092530122354845 -0.68689 -0.67935 -0.55391
81.25 1.9367771983277440 -0.68811 -0.68162 -0.55497
81.50 1.9654877006520655 -0.68954 -0.68401 -0.55587
81.75 1.9954740303864316 -0.69118 -0.68652 -0.55661
82.00 2.0268354180156947 -0.69304 -0.68916 -0.55720
82.25 2.0596822134404817 -0.69513 -0.69193 -0.55764
82.50 2.0941375407372735 -0.69744 -0.69484 -0.55792
82.75 2.1303392641794385 -0.69996 -0.69789 -0.55807
83.00 2.1684423371644423 -0.70271 -0.70107 -0.55808
83.25 2.2086216254199424 -0.70567 -0.70440 -0.55798
83.50 2.2510753219802888 -0.70884 -0.70788 -0.55777
83.75 2.2960291063410230 -0.71222 -0.71150 -0.55747
84.00 2.3437412473608381 -0.71580 -0.71528 -0.55711
84.25 2.3945089138952178 -0.71958 -0.71921 -0.55669
84.50 2.4486760461856742 -0.72355 -0.72330 -0.55624
84.75 2.5066432657105051 -0.72770 -0.72754 -0.55579
