#HF isntabilities: hessian eigenvalues
#y,rrhf,crhf,ruhf
0.75 0.1720053 0.0582318 -0.1331078
.751 0.1708733 0.057029 -0.1342727
.752 0.1697431 0.0558266 -0.1354386
.753 0.168614 0.0546244 -0.1366058
.754 0.1674865 0.0534227 -0.137774
.755 0.1663607 0.0522216 -0.1389431
.756 0.1652361 0.0510207 -0.1401135
.757 0.1641137 0.0498209 -0.1412843
.758 0.162992 0.0486209 -0.1424567
.759 0.1618725 0.047422 -0.1436294
.760 0.1607542 0.0462235 -0.1448034
.761 0.1596376 0.0450257 -0.145978
.762 0.1585223 0.0438282 -0.1471537
.763 0.1574088 0.0426315 -0.1483301
.764 0.1562969 0.0414357 -0.149507
.765 0.1551864 0.0402403 -0.150685
.766 0.1540777 0.0390457 -0.1518635
.767 0.1529702 0.0378516 -0.153043
.768 0.1518646 0.0366585 -0.1542229
.769 0.1507602 0.0354658 -0.1554038
.770 0.1496577 0.0342741 -0.1565851
.771 0.148557 0.0330834 -0.1577668
.772 0.1474577 0.0318932 -0.1589493
.773 0.1463598 0.0307036 -0.1601326
.774 0.1452636 0.0295151 -0.1613162
.775 0.1441694 0.0283277 -0.1625002
.776 0.1430766 0.0271409 -0.1636848
.777 0.1419852 0.0259546 -0.1648702
.778 0.1408957 0.0247696 -0.1660558
.779 0.1398076 0.0235852 -0.167242
.780 0.1387215 0.0224021 -0.1684284
.781 0.1376368 0.0212196 -0.1696155
.782 0.136554 0.0200384 -0.1708026
.783 0.1354728 0.0188579 -0.1719903
.784 0.1343935 0.0176787 -0.1731781
.785 0.1333158 0.0165003 -0.1743664
.786 0.1322395 0.0153227 -0.1755552
.787 -0.1017653 -0.1230755 -0.1718213
.788 -0.1024786 -0.1231307 -0.170881
.789 -0.1031631 -0.1231868 -0.1699769
.790 -0.1038187 -0.1232438 -0.1691096
.791 -0.1044458 -0.1233015 -0.1682786
.792 -0.1050446 -0.1233601 -0.167484
.793 -0.105615 -0.1234196 -0.1667263
.794 -0.1061575 -0.1234799 -0.166005
.795 -0.1066721 -0.1235411 -0.1653202
.796 -0.1071589 -0.123603 -0.1646723
.797 -0.1076182 -0.1236659 -0.1640608
.798 -0.1080502 -0.1237296 -0.1634858
.799 -0.1084549 -0.1237942 -0.1629477
.800 -0.1088328 -0.1238597 -0.1624458
.801 -0.1091838 -0.123926 -0.1619806
.802 -0.1095079 -0.1239931 -0.1615522
.803 -0.1098058 -0.1240612 -0.16116
.804 -0.1100774 -0.1241301 -0.1608045
.805 -0.1103228 -0.1241999 -0.1604853
.806 0.1110903 -0.0079976 -0.1993701
.807 0.1100521 -0.0091514 -0.2005619
.808 -0.1109042 -0.1244146 -0.1597459
.809 0.1079822 -0.0114542 -0.2029445
.810 0.10695 -0.0126038 -0.204136
.811 0.1059197 -0.0137522 -0.2053274
.812 0.1048913 -0.0148994 -0.2065188
.813 0.1154393 -0.0104813 -0.1967794
.814 0.1167382 -0.0092498 -0.1957471
.815 0.1180362 -0.0080198 -0.1947169
.816 0.1193333 -0.0067913 -0.1936887
.817 0.1206295 -0.0055641 -0.1926624
.818 0.1219248 -0.0043384 -0.1916382
.819 -0.1111188 -0.1252701 -0.1598047
.820 -0.1109945 -0.1253532 -0.1600228
.821 -0.1108471 -0.1254372 -0.1602757
.822 -0.1106767 -0.1255222 -0.1605634
.823 -0.1104836 -0.125608 -0.1608855
.824 -0.1102679 -0.1256948 -0.1612422
.825 -0.1100298 -0.1257824 -0.1616329
.826 -0.1097697 -0.1258709 -0.1620576
.827 -0.1094875 -0.1259603 -0.1625162
.828 -0.1091834 -0.1260507 -0.1630086
.829 -0.1088579 -0.1261419 -0.1635342
.830 -0.1085111 -0.126234 -0.164093
.831 -0.1081431 -0.126327 -0.1646848
.832 -0.1077541 -0.1264209 -0.1653093
.833 -0.1073443 -0.1265157 -0.1659663
.834 -0.1069141 -0.1266114 -0.1666556
.835 0.1437891 0.0162523 -0.1745586
.836 0.1450662 0.0174483 -0.1735741
.837 0.1463423 0.0186425 -0.1725919
.838 0.1476174 0.019835 -0.171612
.839 0.1488913 0.0210254 -0.1706346
.840 0.1501651 0.0222148 -0.1696589
.841 0.151437 0.0234016 -0.1686862
.842 0.1527079 0.0245865 -0.1677159
.843 0.1539786 0.0257701 -0.1667474
.844 0.1552474 0.0269511 -0.1657821
.845 0.1565159 0.0281307 -0.1648185
.846 0.1577826 0.0293077 -0.1638581
.847 0.1590491 0.0304833 -0.1628996
.848 0.1603144 0.0316569 -0.1619436
.849 0.1615787 0.0328283 -0.1609901
