# h8 energies for multiplicity =  1
# atoms arranged in rhombic structure of 2 isosceles triangles, definied by single parameter y = the height of the triangles 
# y, E(n=1), E(n=2), E(n=3)
0.25 -3.8881534816  -3.3757126467  -3.3754418160 
.251 -3.8951821183  -3.3833877724  -3.3830916424 
.252 -3.9021060088  -3.3909683709  -3.3906453969 
.253 -3.9089263004  -3.3984556939  -3.3981042870 
.254 -3.9156441467  -3.4058509248  -3.4054694562 
.255 -3.9222606363  -3.4131552923  -3.4127420920 
.256 -3.9287768892  -3.4203699188  -3.4199232822 
.257 -3.9351939845  -3.4274959341  -3.4270141232 
.258 -3.9415129559  -3.4345344766  -3.4340157200 
.259 -3.9477349052  -3.4414865388  -3.4409290433 
.260 -3.9538608651  -3.4483531597  -3.4477551090 
.261 -3.9598918197  -3.4551353878  -3.4544949428 
.262 -3.9658287995  -3.4618341640  -3.4611494730 
.263 -3.9716727896  -3.4684504388  -3.4677196383 
.264 -3.9774247598  -3.4749851334  -3.4742063528 
.265 -3.9830857391  -3.4814390622  -3.4806104354 
.266 -3.9886565977  -3.4878131677  -3.4869328226 
.267 -3.9941383406  -3.4941082081  -3.4931742866 
.268 -3.9995318862  -3.5003249923  -3.4993356478 
.269 -4.0048380963  -3.5064643414  -3.5054177381 
.270 -4.0100579453  -3.5125269334  -3.5114212648 
.271 -4.0151922683  -3.5185135369  -3.5173470170 
.272 -4.0202420225  -3.5244247801  -3.5231956619 
.273 -4.0252080175  -3.5302613819  -3.5289679481 
.274 -4.0300910937  -3.5360239988  -3.5346645707 
.275 -4.0348921817  -3.5417131887  -3.5402861415 
.276 -4.0396120520  -3.5473296009  -3.5458333523 
.277 -4.0442516203  -3.5528737510  -3.5513067818 
.278 -4.0488115766  -3.5583462813  -3.5567071177 
.279 -4.0532928179  -3.5637476672  -3.5620349069 
.280 -4.0576961821  -3.5690784030  -3.5672907140 
.281 -4.0620223786  -3.5743390350  -3.5724751477 
.282 -4.0662722242  -3.5795300206  -3.5775887433 
.283 -4.0704465305  -3.5846518020  -3.5826320243 
.284 -4.0745459709  -3.5897048712  -3.5876055554 
.285 -4.0785714050  -3.5946896059  -3.5925098088 
.286 -4.0825235545  -3.5996064355  -3.5973452987 
.287 -4.0864031296  -3.6044557735  -3.6021125268 
.288 -4.0902109027  -3.6092379899  -3.6068119599 
.289 -4.0939475662  -3.6139534716  -3.6114440785 
.290 -4.0976139569  -3.6186025384  -3.6160093107 
.291 -4.1012105961  -3.6231856069  -3.6205081584 
.292 -4.1047383873  -3.6277029507  -3.6249410148 
.293 -4.1081978275  -3.6321549595  -3.6293083589 
.294 -4.1115898151  -3.6365418929  -3.6336105737 
.295 -4.1149149104  -3.6408640951  -3.6378481031 
.296 -4.1181738342  -3.6451218560  -3.6420213508 
.297 -4.1213673043  -3.6493154600  -3.6461307167 
.298 -4.1244959416  -3.6534452022  -3.6501766066 
.299 -4.1275603562  -3.6575113671  -3.6541594170 
.300 -4.1305613433  -3.6615142044  -3.6580795228 
.301 -4.1334994034  -3.6654539982  -3.6619373170 
.302 -4.1363752223  -3.6693309985  -3.6657331708 
0.303 -4.1391895880  -3.6731454460  -3.6694674528 
.304 -4.1419429746  -3.6768976008  -3.6731405350 
.305 -4.1446360546  -3.6805877002  -3.6767527788 
.306 -4.1472694983  -3.6842159804  -3.6803045444 
.307 -4.1498438608  -3.6877826743  -3.6837961851 
.308 -4.1523598016  -3.6912880097  -3.6872280541 
.309 -4.1548179789  -3.6947322138  -3.6906005041 
.310 -4.1572189281  -3.6981155048  -3.6939138755 
.311 -4.1595631740  -3.7014380912  -3.6971685001 
.312 -4.1618514807  -3.7047002002  -3.7003647352 
.313 -4.1640843646  -3.7079020363  -3.7035029088 
.314 -4.1662624616  -3.7110438139  -3.7065833622 
.315 -4.1683862731  -3.7141257260  -3.7096064133 
.316 -4.1704562898  -3.7171479556  -3.7125723715 
.317 -4.1724734026  -3.7201107607  -3.7154816237 
.318 -4.1744378222  -3.7230142676  -3.7183344211 
.319 -4.1763504391  -3.7258587407  -3.7211311553 
.320 -4.1782115837  -3.7286443204  -3.7238720935 
.321 -4.1800220064  -3.7313712469  -3.7265576014 
.322 -4.1817820174  -3.7340396428  -3.7291879305 
.323 -4.1834923619  -3.7366497498  -3.7317634465 
.324 -4.1851534844  -3.7392017230  -3.7342844326 
.325 -4.1867659749  -3.7416957616  -3.7367512127 
.326 -4.1883304222  -3.7441320674  -3.7391641127 
.327 -4.1898472515  -3.7465107832  -3.7415234034 
.328 -4.1913170410  -3.7488321059  -3.7438294056 
.329 -4.1927403673  -3.7510962361  -3.7460824414 
.330 -4.1941176360  -3.7533033033  -3.7482827695 
.331 -4.1954494130  -3.7554535031  -3.7504307067 
.332 -4.1967362628  -3.7575470346  -3.7525265718 
.333 -4.1979787484  -3.7595841009  -3.7545706860 
.334 -4.1991772509  -3.7615648179  -3.7565632932 
.335 -4.2003323222  -3.7634893838  -3.7585047086 
.336 -4.2014445126  -3.7653580012  -3.7603952498 
.337 -4.2025141824  -3.7671707721  -3.7622351467 
.338 -4.2035418706  -3.7689278940  -3.7640247105 
.339 -4.2045283077  -3.7706296831  -3.7657643517 
.340 -4.2054736448  -3.7722761223  -3.7674541957 
.341 -4.2063784072  -3.7738674086  -3.7690945496 
.342 -4.2072431186  -3.7754037437  -3.7706857225 
.343 -4.2080685047  -3.7768854681  -3.7723436588 
.344 -4.2088544722  -3.7783123913  -3.7761823011 
.345 -4.2096021514  -3.7799781065  -3.7796851327 
.346 -4.2103114287  -3.7837314982  -3.7810034810 
.347 -4.2109830161  -3.7874427841  -3.7822677876 
.348 -4.2116174163  -3.7911122970  -3.7834782701 
.349 -4.2122149094  -3.7947403912  -3.7846349856 
.350 -4.2127762084  -3.7983273679  -3.7857383188 
.351 -4.2133013574  -3.8018735972  -3.7867881494 
.352 -4.2137910618  -3.8053793737  -3.7877848683 
.353 -4.2142458038  -3.8088450137  -3.7887287062 
.354 -4.2146658296  -3.8122708514  -3.7896197046 
.355 -4.2150513712  -3.8156572151  -3.7904578872 
.356 -4.2154033655  -3.8190043706  -3.7912438837 
.357 -4.2157217998  -3.8223126597  -3.7919775228 
.358 -4.2160073712  -3.8255823638  -3.7926592519 
.359 -4.2162602897  -3.8288137974  -3.7932890966 
.360 -4.2164807512  -3.8320072689  -3.7938670636 
.361 -4.2166696970  -3.8351630386  -3.7943938614 
.362 -4.2168270638  -3.8382814241  -3.7948692707 
.363 -4.2169532803  -3.8413627090  -3.7952935337 
.364 -4.2170490332  -3.8444071638  -3.7956671605 
.365 -4.2171142249  -3.8474150904  -3.7959898938 
.366 -4.2171495328  -3.8503867541  -3.7972636468 
.367 -4.2171553723  -3.8533224297  -3.7996632685 
.368 -4.2171318830  -3.8562223969  -3.8020258528 
.369 -4.2170794651  -3.8590869233  -3.8043517135 
.370 -4.2169987932  -3.8619162705  -3.8066412779 
.371 -4.2168897073  -3.8647107119  -3.8088946280 
.372 -4.2167525885  -3.8674705059  -3.8111120668 
.373 -4.2165883869  -3.8701959079  -3.8132941386 
.374 -4.2163966256  -3.8728871781  -3.8154407850 
.375 -4.2161779582  -3.8755445676  -3.8175524239 
.376 -4.2159330458  -3.8781683310  -3.8196294806 
.377 -4.2156616641  -3.8807587126  -3.8216719967 
.378 -4.2153641634  -3.8833159565  -3.8236802603 
.379 -4.2150411934  -3.8858403124  -3.8256546927 
.380 -4.2146927990  -3.8883320166  -3.8275954491 
.381 -4.2143196280  -3.8907913184  -3.8295029530 
.382 -4.2139214002  -3.8932184368  -3.8313772109 
.383 -4.2134987527  -3.8956136169  -3.8332186419 
.384 -4.2130516953  -3.8979770792  -3.8350273801 
.385 -4.2125808629  -3.9003090687  -3.8368038474 
.386 -4.2120862519  -3.9026098004  -3.8385481710 
.387 -4.2115681692  -3.9048795007  -3.8402606217 
.388 -4.2110269179  -3.9071183947  -3.8419414690 
.389 -4.2104627975  -3.9093267063  -3.8435909816 
.390 -4.2098757685  -3.9115046344  -3.8452092659 
.391 -4.2092664518  -3.9136524211  -3.8467967450 
.392 -4.2086347946  -3.9157702596  -3.8483535187 
.393 -4.2079810724  -3.9178583644  -3.8498798444 
.394 -4.2073059039  -3.9199169787  -3.8513761504 
.395 -4.2066088664  -3.9219462559  -3.8528423521 
.396 -4.2058905684  -3.9239464354  -3.8542788734 
.397 -4.2051509149  -3.9259176917  -3.8556857895 
.398 -4.2043905134  -3.9278602659  -3.8570635279 
.399 -4.2036096180  -3.9297743659  -3.8584123415 
.400 -4.2028077489  -3.9316601172  -3.8597321078 
.401 -4.2019858716  -3.9335178004  -3.8610234424 
.402 -4.2011434875  -3.9353475320  -3.8622862106 
.403 -4.2002815679  -3.9371495980  -3.8635210376 
.404 -4.1993992175  -3.9389240574  -3.8647275778 
.405 -4.1984977855  -3.9406712467  -3.8659066594 
.406 -4.1975767354  -3.9423912639  -3.8670581228 
.407 -4.1966362772  -3.9440842990  -3.8681821995 
.408 -4.1956766177  -3.9457505410  -3.8692791202 
.409 -4.1946979611  -3.9473901784  -3.8703491151 
.410 -4.1937005087  -3.9490033988  -3.8713924140 
.411 -4.1926844592  -3.9505903892  -3.8724092460 
.412 -4.1916496049  -3.9521512714  -3.8733996182 
.413 -4.1905965367  -3.9536862914  -3.8743639746 
.414 -4.1895250352  -3.9551955657  -3.8753023154 
.415 -4.1884356935  -3.9566793429  -3.8762150897 
.416 -4.1873282808  -3.9581377342  -3.8771022908 
.417 -4.1862029717  -3.9595709165  -3.8779641362 
.418 -4.1850595137  -3.9609789887  -3.8788006032 
.419 -4.1838989234  -3.9623622791  -3.8796123853 
.420 -4.1827205161  -3.9637208060  -3.8803992158 
.421 -4.1815248835  -3.9650548215  -3.8811615508 
.422 -4.1803117516  -3.9663644135  -3.8818993534 
.423 -4.1790817159  -3.9676498379  -3.8826130854 
.424 -4.1778344921  -3.9689111768  -3.8833027028 
.425 -4.1765702298  -3.9701485965  -3.8839684109 
.426 -4.1752890775  -3.9713622625  -3.8846104147 
.427 -4.1739911821  -3.9725523401  -3.8852289187 
.428 -4.1726766896  -3.9737189941  -3.8858241274 
.429 -4.1713452794  -3.9748622858  -3.8863959694 
.430 -4.1699980229  -3.9759825835  -3.8869451963 
.431 -4.1686336545  -3.9770797336  -3.8874711752 
.432 -4.1672537252  -3.9781542173  -3.8879749463 
.433 -4.1658569444  -3.9792058652  -3.8884558559 
.434 -4.1644444003  -3.9802350571  -3.8889146717 
.435 -4.1630157439  -3.9812418374  -3.8893513008 
.436 -4.1615706097  -3.9822262396  -3.8897656363 
.437 -4.1601101087  -3.9831886584  -3.8901584662 
.438 -4.1586338789  -3.9841291295  -3.8905296865 
.439 -4.1571415413  -3.9850476780  -3.8908791795 
.440 -4.1556337209  -3.9859445818  -3.8912074400 
.441 -4.1541105449  -3.9868199949  -3.8915146600 
.442 -4.1525716214  -3.9876739336  -3.8918007106 
.443 -4.1510170646  -3.9885065431  -3.8920657726 
.444 -4.1494475174  -3.9893181121  -3.8923103550 
.445 -4.1478625751  -3.9901086479  -3.8925343177 
.446 -4.1462623527  -3.9908782956  -3.8927378413 
.447 -4.1446469659  -3.9916271999  -3.8929211065 
.448 -4.1430165305  -3.9923555058  -3.8930842937 
.449 -4.1413711629  -3.9930633580  -3.8932275836 
.450 -4.1397104248  -3.9937507403  -3.8933508061 
.451 -4.1380349800  -3.9944179524  -3.8934544847 
.452 -4.1363449473  -3.9950651389  -3.8935388000 
.453 -4.1346398760  -3.9956922747  -3.8936035704 
.454 -4.1329204469  -3.9962996682  -3.8936493309 
.455 -4.1311862017  -3.9968872882  -3.8936758926 
.456 -4.1294378326  -3.9974554496  -3.8936837981 
.457 -4.1276742843  -3.9980039326  -3.8936724732 
.458 -4.1258968406  -3.9985332344  -3.8936428384 
.459 -4.1241044283  -3.9990431230  -3.8935943037 
.460 -4.1222983537  -3.9995341080  -3.8935278057 
.461 -4.1204775258  -4.0000059450  -3.8934427386 
.462 -4.1186426590  -4.0004589584  -3.8933396576 
.463 -4.1167938690  -4.0008932842  -3.8932187323 
.464 -4.1149312733  -4.0013090585  -3.8930801326 
.465 -4.1130543604  -4.0017062096  -3.8929236186 
.466 -4.1111638707  -4.0020850755  -3.8927497623 
.467 -4.1092592851  -4.0024455778  -3.8925583159 
.468 -4.1073407110  -4.0027878434  -3.8923494376 
.469 -4.1054089097  -4.0031122207  -3.8921237120 
.470 -4.1034626931  -4.0034183967  -3.8918804492 
.471 -4.1015034832  -4.0037069454  -3.8916206647 
.472 -4.0995307421  -4.0039777725  -3.8913440910 
.473 -4.0975445855  -4.0042310054  -3.8910508872 
.474 -4.0955451312  -4.0044667719  -3.8907412128 
.475 -4.0935324987  -4.0046851999  -3.8904152272 
.476 -4.0915061180  -4.0048861713  -3.8900726344 
.477 -4.0894667923  -4.0050700536  -3.8897140419 
.478 -4.0874146468  -4.0052369755  -3.8893396103 
.479 -4.0853498089  -4.0053870658  -3.8889495001 
.480 -4.0832716933  -4.0055201930  -3.8885433992 
.481 -4.0811804141  -4.0056364755  -3.8881214556 
.482 -4.0790768132  -4.0057363003  -3.8876843005 
.483 -4.0769602942  -4.0058195254  -3.8872316091 
.484 -4.0748309772  -4.0058862702  -3.8867635307 
.485 -4.0726889841  -4.0059366540  -3.8862802148 
.486 -4.0705351898  -4.0059710799  -3.8857823118 
.487 -4.0683689825  -4.0059893922  -3.8852694805 
.488 -4.0661897286  -4.0059914203  -3.8847413625 
.489 -4.0639990783  -4.0059778628  -3.8841991231 
.490 -4.0617956337  -4.0059482551  -3.8836418905 
.491 -4.0595810745  -4.0059033119  -3.8830708492 
.492 -4.0573539829  -4.0058425534  -3.8824851102 
.493 -4.0551144808  -4.0057660900  -3.8818848126 
.494 -4.0528642930  -4.0056746609  -3.8812711698 
.495 -4.0506019714  -4.0055677639  -3.8806432666 
.496 -4.0483276457  -4.0054455100  -3.8806106001 
.497 -4.0460422672  -4.0053083372  -3.8827466019 
.498 -4.0437451643  -4.0051560387  -3.8848650590 
.499 -4.0414373066  -4.0049890612  -3.8869658341 
.500 -4.0391180153  -4.0048071907  -3.8890492058 
.501 -4.0367874335  -4.0046105399  -3.8911152435 
.502 -4.0344465595  -4.0043995690  -3.8931638130 
.503 -4.0320938451  -4.0041737014  -3.8951953907 
.504 -4.0297311534  -4.0039337494  -3.8972096398 
.505 -4.0273569164  -4.0036791206  -3.8992070307 
.506 -4.0249730303  -4.0034106447  -3.9011872309 
.507 -4.0225779077  -4.0031277131  -3.9031507041 
.508 -4.0201734788  -4.0028311735  -3.9050971217 
.509 -4.0177581374  -4.0025204011  -3.9070269401 
.510 -4.0153329435  -4.0021958804  -3.9089400263 
.511 -4.0128980767  -4.0018577281  -3.9108364423 
.512 -4.0104528030  -4.0015056717  -3.9127164377 
.513 -4.0079982177  -4.0011402098  -3.9145798779 
.514 -4.0055335849  -4.0007610620  -3.9164270041 
.515 -4.0030600265  -4.0003687365  -3.9182576782 
.516 -4.0005768080  -3.9999629449  -3.9200721301 
.517 -3.9995442051  -3.9980850824  -3.9218702140 
.518 -3.9991122209  -3.9955841221  -3.9236521430 
.519 -3.9986675199  -3.9930751185  -3.9254177566 
.520 -3.9982097978  -3.9905573614  -3.9271672408 
.521 -3.9977387325  -3.9880301349  -3.9289007567 
.522 -3.9972557219  -3.9854966731  -3.9306177397 
.523 -3.9967595851  -3.9829543694  -3.9323186387 
.524 -3.9962508610  -3.9804045938  -3.9340031508 
.525 -3.9957296594  -3.9778478188  -3.9356710692 
.526 -3.9951965430  -3.9752856554  -3.9373219010 
.527 -3.9946507214  -3.9727168817  -3.9389554545 
.528 -3.9940927537  -3.9701436403  -3.9405707049 
.529 -3.9935227514  -3.9675676761  -3.9421661904 
.530 -3.9929408264  -3.9649919267  -3.9437392610 
.531 -3.9923466151  -3.9624208980  -3.9452848106 
.532 -3.9917406969  -3.9598677816  -3.9467908195 
.533 -3.9911231853  -3.9573655723  -3.9482245948 
.534 -3.9904941941  -3.9550382531  -3.9494624606 
.535 -3.9898533427  -3.9535244391  -3.9498651873 
.536 -3.9892012314  -3.9538796107  -3.9483785221 
.537 -3.9885374709  -3.9550667342  -3.9460388776 
.538 -3.9878621627  -3.9564259214  -3.9435064450 
.539 -3.9871759231  -3.9578292831  -3.9409103854 
.540 -3.9864788689  -3.9592433153  -3.9382845450 
.541 -3.9857700693  -3.9606561978  -3.9356391322 
.542 -3.9850506710  -3.9620623244  -3.9329820338 
.543 -3.9843207926  -3.9634590059  -3.9303163017 
.544 -3.9835794753  -3.9648450274  -3.9276415078 
.545 -3.9828278968  -3.9662192519  -3.9249611449 
.546 -3.9820656282  -3.9675812798  -3.9222749746 
.547 -3.9812927755  -3.9689307756  -3.9195837006 
.548 -3.9805088862  -3.9702676523  -3.9168867458 
.549 -3.9797151794  -3.9715915226  -3.9141869585 
.550 -3.9789112086  -3.9729024334  -3.9114836562 
.551 -3.9780970818  -3.9742003401  -3.9087772908 
.552 -3.9772729071  -3.9754852243  -3.9079348765 
.553 -3.9767570859  -3.9764387934  -3.9087797852 
.554 -3.9780160528  -3.9755942610  -3.9096109624 
.555 -3.9792620311  -3.9747399987  -3.9104286399 
.556 -3.9804950529  -3.9738761168  -3.9112329050 
.557 -3.9817151566  -3.9730027263  -3.9120238452 
.558 -3.9829224906  -3.9721193292  -3.9128013831 
.559 -3.9841168890  -3.9712272513  -3.9135659328 
.560 -3.9852987113  -3.9703247615  -3.9143170767 
.561 -3.9864677992  -3.9694131916  -3.9150552326 
.562 -3.9876242073  -3.9684926554  -3.9157804884 
.563 -3.9887680861  -3.9675626320  -3.9164927498 
.564 -3.9898993946  -3.9666238609  -3.9171922803 
.565 -3.9910182812  -3.9656758119  -3.9178789786 
.566 -3.9921247116  -3.9647192363  -3.9185531155 
.567 -3.9932188317  -3.9637535945  -3.9192145827 
.568 -3.9943006959  -3.9627789879  -3.9198634582 
.569 -3.9953702790  -3.9617961852  -3.9205000235 
.570 -3.9964277217  -3.9608046329  -3.9211241601 
.571 -3.9974730802  -3.9598044342  -3.9217359460 
.572 -3.9985064108  -3.9587956929  -3.9223354593 
.573 -3.9995276997  -3.9577792009  -3.9229229962 
.574 -4.0005371480  -3.9567536933  -3.9234982024 
.575 -4.0015346739  -3.9557206561  -3.9240615960 
.576 -4.0025204059  -3.9546795081  -3.9246130372 
.577 -4.0034944020  -3.9536303561  -3.9251526046 
.578 -4.0044567789  -3.9525725934  -3.9256801401 
.579 -4.0054074751  -3.9515077512  -3.9261961915 
.580 -4.0063466103  -3.9504352295  -3.9267006047 
.581 -4.0072742429  -3.9493551379  -3.9271934583 
.582 -4.0081904805  -3.9482668510  -3.9276745800 
.583 -4.0090952821  -3.9471719457  -3.9281445472 
.584 -4.0099888015  -3.9460690570  -3.9286029328 
.585 -4.0108710491  -3.9449590330  -3.9290500669 
.586 -4.0117420843  -3.9438419870  -3.9294860286 
.587 -4.0126020021  -3.9427172706  -3.9299106271 
.588 -4.0134507880  -3.9415865180  -3.9303244777 
.589 -4.0142885703  -3.9404483148  -3.9307271161 
.590 -4.0151154009  -3.9393027613  -3.9311186102 
.591 -4.0159312812  -3.9381515268  -3.9314995983 
.592 -4.0167363466  -3.9369923777  -3.9318693045 
.593 -4.0175305815  -3.9358277854  -3.9322286639 
.594 -4.0183140884  -3.9346562861  -3.9325771744 
.595 -4.0190869192  -3.9334779849  -3.9329149043 
.596 -4.0198491144  -3.9332422262  -3.9322937992 
.597 -4.0206007432  -3.9335589118  -3.9311030363 
.598 -4.0213418516  -3.9338653416  -3.9299066266 
.599 -4.0220725035  -3.9341612798  -3.9287038690 
.600 -4.0227927505  -3.9344471149  -3.9274957075 
.601 -4.0235026513  -3.9347226033  -3.9262814327 
.602 -4.0242022583  -3.9349878137  -3.9250611589 
.603 -4.0248916314  -3.9352431465  -3.9238358506 
.604 -4.0255708109  -3.9354880112  -3.9226039328 
.605 -4.0262398804  -3.9357234833  -3.9213680876 
.606 -4.0268988615  -3.9359486252  -3.9201258732 
.607 -4.0275478170  -3.9361638414  -3.9188782669 
.608 -4.0281868216  -3.9363695524  -3.9176262702 
.609 -4.0288159120  -3.9365654839  -3.9163691455 
.610 -4.0294351134  -3.9367513458  -3.9151061366 
.611 -4.0300445310  -3.9369279223  -3.9138391445 
.612 -4.0306441931  -3.9370949274  -3.9125674242 
.613 -4.0312341526  -3.9372524305  -3.9112911151 
.614 -4.0318144627  -3.9374005014  -3.9100103604 
.615 -4.0323851766  -3.9375392096  -3.9087253074 
.616 -4.0329463475  -3.9376686251  -3.9074361075 
.617 -4.0334980287  -3.9377888176  -3.9061429173 
.618 -4.0340402736  -3.9378998572  -3.9048458986 
.619 -4.0345731356  -3.9380018140  -3.9035452194 
.620 -4.0350966684  -3.9380947580  -3.9022410542 
.621 -4.0356108655  -3.9381783559  -3.9009326410 
.622 -4.0361158346  -3.9382530736  -3.8996211045 
.623 -4.0366116957  -3.9383193938  -3.8983075994 
.624 -4.0370983044  -3.9383761508  -3.8969894739 
.625 -4.0375759129  -3.9384246516  -3.8956698146 
.626 -4.0380444340  -3.9384641306  -3.8943469358 
.627 -4.0385039911  -3.9384950749  -3.8930220508 
.628 -4.0389546383  -3.9385175556  -3.8916954325 
.629 -4.0393964301  -3.9385316439  -3.8903673754 
.630 -4.0398293335  -3.9385369702  -3.8890372114 
.631 -4.0402533939  -3.9385335936  -3.8877052764 
.632 -4.0406687504  -3.9385220224  -3.8863729380 
.633 -4.0410754578  -3.9385023284  -3.8850406219 
.634 -4.0414735711  -3.9384745835  -3.8837088021 
.635 -4.0418630423  -3.9384383979  -3.8823770026 
.636 -4.0422439172  -3.9383938312  -3.8810458150 
.637 -4.0426163512  -3.9383414134  -3.8797169323 
.638 -4.0429802872  -3.9382807425  -3.8783901278 
.639 -4.0433358871  -3.9382123572  -3.8770673326 
.640 -4.0436830878  -3.9381358474  -3.8757485995 
.641 -4.0440220578  -3.9380517604  -3.8744362180 
.642 -4.0443527278  -3.9379596782  -3.8731306786 
.643 -4.0446751446  -3.9378596612  -3.8718338048 
.644 -4.0449894868  -3.9377522700  -3.8705488413 
.645 -4.0452956759  -3.9376370742  -3.8692774902 
.646 -4.0455938974  -3.9375146432  -3.8680241525 
.647 -4.0458839251  -3.9373840256  -3.8667910201 
.648 -4.0461660864  -3.9372463041  -3.8655854567 
.649 -4.0464402905  -3.9371010316  -3.8644132069 
.650 -4.0467067366  -3.9369487955  -3.8632838517 
.651 -4.0469651731  -3.9367886109  -3.8622063478 
.652 -4.0472159543  -3.9366215952  -3.8611963769 
.653 -4.0474589771  -3.9364472853  -3.8602699185 
.654 -4.0476942900  -3.9362657435  -3.8594471109 
.655 -4.0479219418  -3.9360770326  -3.8587503631 
.656 -4.0481421528  -3.9358817668  -3.8582027766 
.657 -4.0483546328  -3.9356789108  -3.8578213513 
.658 -4.0485597772  -3.9354696348  -3.8576177636 
.659 -4.0487572831  -3.9352528868  -3.8575898492 
.660 -4.0489475596  -3.9350298548  -3.8577267128 
.661 -4.0491302908  -3.9347994696  -3.8580075381 
.662 -4.0493059001  -3.9345629373  -3.8584099037 
.663 -4.0494740583  -3.9343191717  -3.8589101407 
.664 -4.0496352030  -3.9340693965  -3.8594885101 
.665 -4.0497889922  -3.9338125090  -3.8601273804 
.666 -4.0499358773  -3.9335497506  -3.8608135497 
.667 -4.0500755034  -3.9332800016  -3.8615356752 
.668 -4.0502081245  -3.9330039179  -3.8622855057 
.669 -4.0503337930  -3.9327215655  -3.8630563930 
.670 -4.0504525616  -3.9324330104  -3.8638431278 
.671 -4.0505644837  -3.9321383192  -3.8646416078 
.672 -4.0506696126  -3.9318375584  -3.8654485815 
.673 -4.0507677732  -3.9315301696  -3.8662612733 
.674 -4.0508592421  -3.9312168366  -3.8670777804 
.675 -4.0509440737  -3.9308976271  -3.8678964093 
.676 -4.0510223232  -3.9305726087  -3.8687157779 
.677 -4.0510938032  -3.9302412067  -3.8695345769 
.678 -4.0511590519  -3.9299047710  -3.8703522140 
.679 -4.0512173865  -3.9295614281  -3.8711673879 
.680 -4.0512696029  -3.9292131894  -3.8719799619 
.681 -4.0513152553  -3.9288588159  -3.8727890389 
.682 -4.0513546511  -3.9284990294  -3.8735943249 
.683 -4.0513878485  -3.9281338997  -3.8743954239 
.684 -4.0514146393  -3.9277628232  -3.8751918227 
.685 -4.0514353427  -3.9273865358  -3.8759834058 
.686 -4.0514497444  -3.9270044257  -3.8767697476 
.687 -4.0514581720  -3.9266172380  -3.8775508095 
.688 -4.0514604052  -3.9262243530  -3.8783262271 
.689 -4.0514567797  -3.9258265253  -3.8790960182 
.690 -4.0514473575  -3.9254238274  -3.8798600448 
.691 -4.0514319098  -3.9250156273  -3.8806180029 
.692 -4.0514107845  -3.9246026939  -3.8813699702 
.693 -4.0513837472  -3.9241843873  -3.8821156690 
.694 -4.0513508520  -3.9237607681  -3.8828550166 
.695 -4.0513124594  -3.9233326197  -3.8835881312 
.696 -4.0512686356  -3.9229000166  -3.8843149547 
.697 -4.0512191348  -3.9224623029  -3.8850352421 
.698 -4.0511640142  -3.9220195406  -3.8857489448 
.699 -4.0511036513  -3.9215725323  -3.8864562190 
.700 -4.0510377923  -3.9211206100  -3.8871568330 
.701 -4.0509664968  -3.9206638371  -3.8878507545 
.702 -4.0508901552  -3.9202030305  -3.8885381606 
.703 -4.0508085059  -3.9197375102  -3.8892188266 
.704 -4.0507216112  -3.9192673409  -3.8898927322 
.705 -4.0506298746  -3.9187933541  -3.8905600711 
.706 -4.0505330270  -3.9183148578  -3.8912206220 
.707 -4.0504311335  -3.9178319181  -3.8918743729 
.708 -4.0503246111  -3.9173453808  -3.8925215316 
.709 -4.0502131833  -3.9168545422  -3.8931618774 
.710 -4.0500969186  -3.9163594697  -3.8937954045 
.711 -4.0499758866  -3.9158602312  -3.8944221088 
.712 -4.0498505221  -3.9153576917  -3.8950422144 
.713 -4.0497201721  -3.9148503309  -3.8956552691 
.714 -4.0495856417  -3.9143398158  -3.8962617288 
.715 -4.0494466409  -3.9138254194  -3.8968613681 
.716 -4.0493036233  -3.9133080260  -3.8974544256 
.717 -4.0491559141  -3.9127860824  -3.8980404347 
.718 -4.0490043503  -3.9122612923  -3.8986198746 
.719 -4.0488482467  -3.9117320862  -3.8991922708 
.720 -4.0486884566  -3.9112001859  -3.8997581136 
.721 -4.0485246786  -3.9106648414  -3.9003171687 
.722 -4.0483569973  -3.9101261257  -3.9008694435 
.723 -4.0481854987  -3.9095841125  -3.9014149457 
.724 -4.0480102708  -3.9090388759  -3.9019536839 
.725 -4.0478314030  -3.9084904904  -3.9024856671 
.726 -4.0476489866  -3.9079390312  -3.9030109047 
.727 -4.0474631146  -3.9073845738  -3.9035294068 
.728 -4.0472738821  -3.9068271943  -3.9040411836 
.729 -4.0470813859  -3.9062669693  -3.9045462459 
.730 -4.0468857248  -3.9057039758  -3.9050446050 
.731 -4.0466869996  -3.9055362722  -3.9051382914 
.732 -4.0464853134  -3.9060212595  -3.9045699940 
.733 -4.0462807712  -3.9064995789  -3.9039991623 
.734 -4.0460734802  -3.9069712430  -3.9034258752 
.735 -4.0458635500  -3.9074362645  -3.9028502122 
.736 -4.0456510922  -3.9078946563  -3.9022722532 
.737 -4.0454357778  -3.9083461408  -3.9016911765 
.738 -4.0452186073  -3.9087913106  -3.9011088632 
.739 -4.0449988102  -3.9092295946  -3.9005235863 
.740 -4.0447774034  -3.9096615973  -3.8999372439 
.741 -4.0445536105  -3.9100867366  -3.8993480940 
.742 -4.0443280075  -3.9105053235  -3.8987571293 
.743 -4.0441002643  -3.9109170644  -3.8981635069 
.744 -4.0438714306  -3.9113225874  -3.8975691585 
.745 -4.0436407198  -3.9117212882  -3.8969723120 
.746 -4.0434091973  -3.9121138068  -3.8963749157 
.747 -4.0431756026  -3.9124992077  -3.8957742407 
.748 -4.0429414822  -3.9128784572  -3.8951731858 
.749 -4.0427065165  -3.9132512537  -3.8945708985 
.750 -4.0424703793  -3.9136172841  -3.8939665113 
.751 -4.0422336969  -3.9139768872  -3.8933610561 
.752 -4.0419966267  -3.9143300789  -3.8927546193 
.753 -4.0417588463  -3.9146765372  -3.8921463232 
.754 -4.0415209987  -3.9150166103  -3.8915372118 
.755 -4.0412832516  -3.9153503147  -3.8909273726 
.756 -4.0410452871  -3.9156773194  -3.8903159175 
.757 -4.0408082556  -3.9159983329  -3.8897048819 
.758 -4.0405708637  -3.9163123201  -3.8890914160 
.759 -4.0403347646  -3.9166203498  -3.8884785460 
.760 -4.0400991577  -3.9169217283  -3.8878643908 
.761 -4.0398647243  -3.9172168265  -3.8872500218 
.762 -4.0396311588  -3.9175052951  -3.8870734384 
.763 -4.0393991529  -3.9177875116  -3.8880657784 
.764 -4.0391689065  -3.9180634936  -3.8890493289 
.765 -4.0389401214  -3.9183328824  -3.8900236392 
.766 -4.0387135042  -3.9185960654  -3.8909884419 
.767 -4.0384887617  -3.9188526777  -3.8919432897 
.768 -4.0382666099  -3.9191031135  -3.8928879274 
.769 -4.0380467613  -3.9193470014  -3.8938219092 
.770 -4.0378299403  -3.9195847424  -3.8947449918 
.771 -4.0376163708  -3.9198163551  -3.8956568391 
.772 -4.0374057736  -3.9200414579  -3.8965570044 
.773 -4.0371983778  -3.9202600593  -3.8974451461 
.774 -4.0369949222  -3.9204725744  -3.8983210463 
.775 -4.0367956423  -3.9206790220  -3.8991843802 
.776 -4.0366002695  -3.9208790075  -3.9000346956 
.777 -4.0364090444  -3.9210725394  -3.9008716595 
.778 -4.0362227155  -3.9212600471  -3.9016950818 
.779 -4.0360410217  -3.9214411257  -3.9025045031 
.780 -4.0358647140  -3.9216162118  -3.9032997488 
.781 -4.0356935351  -3.9217848935  -3.9040803546 
.782 -4.0355282368  -3.9219476149  -3.9048461632 
.783 -4.0353685651  -3.9221039571  -3.9055967048 
.784 -4.0352152704  -3.9222543714  -3.9063318410 
.785 -4.0350681006  -3.9223984321  -3.9070510972 
.786 -4.0349273058  -3.9225361485  -3.9077541660 
.787 -4.0347936302  -3.9226679829  -3.9084409406 
.788 -4.0346668229  -3.9227934990  -3.9091109394 
.789 -4.0345471294  -3.9229127063  -3.9097638683 
.790 -4.0344352820  -3.9230260786  -3.9103996582 
.791 -4.0343310273  -3.9231331686  -3.9110178219 
.792 -4.0342346016  -3.9232339861  -3.9116180829 
.793 -4.0341467186  -3.9233290165  -3.9122004155 
.794 -4.0340671185  -3.9234178014  -3.9127643299 
.795 -4.0339960228  -3.9235003510  -3.9133095717 
.796 -4.0339341197  -3.9235771623  -3.9138361653 
.797 -4.0338811387  -3.9236477660  -3.9143436213 
.798 -4.0338372805  -3.9237121723  -3.9148317125 
.799 -4.0338032009  -3.9237708902  -3.9153005208 
.800 -4.0337781544  -3.9238229366  -3.9157492514 
.801 -4.0337632378  -3.9238693232  -3.9161783173 
.802 -4.0337586043  -3.9239100723  -3.9165875656 
.803 -4.0337635002  -3.9239441777  -3.9169761781 
.804 -4.0337789675  -3.9239726749  -3.9173446658 
.805 -4.0338046849  -3.9239950645  -3.9176925558 
.806 -4.0338407709  -3.9240113572  -3.9180197183 
.807 -4.0338873313  -3.9240215643  -3.9183260376 
.808 -4.0339448849  -3.9240262312  -3.9186118059 
.809 -4.0340130753  -3.9240248429  -3.9188765665 
.810 -4.0340919675  -3.9240174108  -3.9191202490 
.811 -4.0341816125  -3.9240039463  -3.9193427986 
.812 -4.0342820467  -3.9239844609  -3.9195441763 
.813 -4.0343932923  -3.9239589665  -3.9197243589 
.814 -4.0345157544  -3.9239280338  -3.9198838020 
.815 -4.0346490182  -3.9238911241  -3.9200220754 
.816 -4.0347930618  -3.9238482492  -3.9201392040 
.817 -4.0349478487  -3.9237994215  -3.9202352284 
.818 -4.0351133280  -3.9237446532  -3.9203102049 
.819 -4.0352894348  -3.9236839567  -3.9203642053 
.820 -4.0354760901  -3.9236173445  -3.9203973163 
.821 -4.0356735642  -3.9235454181  -3.9204101869 
.822 -4.0358810209  -3.9234670169  -3.9204018505 
.823 -4.0360990622  -3.9233833358  -3.9203735440 
.824 -4.0363268467  -3.9232931975  -3.9203242791 
.825 -4.0365649324  -3.9231978141  -3.9202553684 
.826 -4.0368128127  -3.9230966017  -3.9201664086 
.827 -4.0370703232  -3.9229895739  -3.9200575799 
.828 -4.0373369610  -3.9228761250  -3.9199284405 
.829 -4.0376132034  -3.9227575030  -3.9197804470 
.830 -4.0378985245  -3.9226331070  -3.9196131902 
.831 -4.0381927234  -3.9225029512  -3.9194268911 
.832 -4.0384955918  -3.9223670498  -3.9192217794 
.833 -4.0388069143  -3.9222254174  -3.9189980923 
.834 -4.0391264698  -3.9220780686  -3.9187560746 
.835 -4.0394540313  -3.9219250182  -3.9184959772 
.836 -4.0397893673  -3.9217662813  -3.9182180571 
.837 -4.0401322422  -3.9216018730  -3.9179225763 
.838 -4.0404824165  -3.9214318088  -3.9176098014 
.839 -4.0408396480  -3.9212561043  -3.9172800030 
.840 -4.0412034156  -3.9210741020  -3.9169326778 
.841 -4.0415740300  -3.9208871599  -3.9165696454 
.842 -4.0419509634  -3.9206946255  -3.9161904190 
.843 -4.0423337013  -3.9204958281  -3.9157944676 
.844 -4.0427225310  -3.9202921541  -3.9153836851 
.845 -4.0431166753  -3.9200822414  -3.9149567197 
.846 -4.0435164090  -3.9198674954  -3.9145155113 
.847 -4.0439209696  -3.9196465360  -3.9140586638 
.848 -4.0443303715  -3.9194200773  -3.9135872938 
.849 -4.0447443715  -3.9191881371  -3.9131016832 
.850 -4.0451627286  -3.9189507337  -3.9126021128 
.851 -4.0455852041  -3.9187078856  -3.9120888619 
.852 -4.0460115623  -3.9184596116  -3.9115622081 
.853 -4.0464413322  -3.9182051964  -3.9110215070 
.854 -4.0468747627  -3.9179461234  -3.9104688623 
.855 -4.0473111532  -3.9176809387  -3.9099026948 
.856 -4.0477505191  -3.9174103969  -3.9093241938 
.857 -4.0481926411  -3.9171345183  -3.9087336258 
.858 -4.0486373042  -3.9168533239  -3.9081312548 
.859 -4.0490842970  -3.9165668348  -3.9075173416 
.860 -4.0495331869  -3.9162743043  -3.9068911539 
.861 -4.0499839992  -3.9159765130  -3.9062539181 
.862 -4.0504365350  -3.9156734834  -3.9056058864 
.863 -4.0508905996  -3.9153652384  -3.9049473084 
.864 -4.0513460025  -3.9150518014  -3.9042784303 
.865 -4.0518023380  -3.9147324035  -3.9035984579 
.866 -4.0522598650  -3.9144086499  -3.9029096974 
.867 -4.0527179670  -3.9140789750  -3.9022103019 
.868 -4.0531766908  -3.9137441973  -3.9015015437 
.869 -4.0536356501  -3.9134035302  -3.9007825808 
.870 -4.0540951156  -3.9130586210  -3.9000557804 
.871 -4.0545544925  -3.9127078670  -3.8993192128 
.872 -4.0550136255  -3.9123512815  -3.8985730756 
.873 -4.0554727952  -3.9119905436  -3.8978197805 
.874 -4.0559314211  -3.9116240231  -3.8970573383 
.875 -4.0563895753  -3.9112525782  -3.8962870650 
.876 -4.0568471177  -3.9108762406  -3.8955091743 
.877 -4.0573039121  -3.9104950427  -3.8947238779 
.878 -4.0577596094  -3.9101081606  -3.8939302363 
.879 -4.0582142974  -3.9097164767  -3.8931295903 
.880 -4.0586676333  -3.9093191592  -3.8923209809 
.881 -4.0591199311  -3.9089179751  -3.8915069339 
.882 -4.0595706368  -3.9085112231  -3.8906853148 
.883 -4.0600196342  -3.9080989280  -3.8898563020 
.884 -4.0604672514  -3.9076828910  -3.8890224631 
.885 -4.0609129403  -3.9072613855  -3.8881816142 
.886 -4.0613565942  -3.9068344413  -3.8873339311 
.887 -4.0617985558  -3.9064038948  -3.8864820227 
.888 -4.0622382814  -3.9059679953  -3.8856236588 
.889 -4.0626756726  -3.9055267791  -3.8847590140 
.890 -4.0631110877  -3.9050821186  -3.8838907380 
.891 -4.0635439850  -3.9046322411  -3.8830165574 
.892 -4.0639742744  -3.9041771908  -3.8821366471 
.893 -4.0644020991  -3.9037179465  -3.8812524396 
.894 -4.0648273782  -3.9032545737  -3.8803641303 
.895 -4.0652500335  -3.9027871412  -3.8794719147 
.896 -4.0656697537  -3.9023147764  -3.8785747125 
.897 -4.0660864607  -3.9018375427  -3.8776727021 
.898 -4.0665005566  -3.9013574179  -3.8767686405 
.899 -4.0669112557  -3.9008716253  -3.8758588612 
.900 -4.0673192092  -3.9003831223  -3.8749474303 
.901 -4.0677238692  -3.8998900858  -3.8740319552 
.902 -4.0681251683  -3.8993926093  -3.8731126228 
.903 -4.0685235381  -3.8988927484  -3.8721922556 
.904 -4.0689181749  -3.8983876961  -3.8712671117 
.905 -4.0693097691  -3.8978805161  -3.8703413510 
.906 -4.0696975082  -3.8973683976  -3.8694112054 
.907 -4.0700820992  -3.8968544518  -3.8684808712 
.908 -4.0704629795  -3.8963368669  -3.8675478985 
.909 -4.0708400943  -3.8958158171  -3.8666124949 
.910 -4.0712136542  -3.8952924978  -3.8656762228 
.911 -4.0715836145  -3.8947671310  -3.8647393117 
.912 -4.0719496628  -3.8942389508  -3.8638006356 
.913 -4.0723120221  -3.8937092294  -3.8628617827 
.914 -4.0726703779  -3.8931772492  -3.8619216286 
.915 -4.0730246842  -3.8926433324  -3.8609804092 
.916 -4.0733754554  -3.8921098779  -3.8600411133 
.917 -4.0737218169  -3.8915742385  -3.8590998783 
.918 -4.0740642885  -3.8910389076  -3.8581597084 
.919 -4.0744028376  -3.8905044003  -3.8572208734 
.920 -4.0747371419  -3.8899702742  -3.8562822641 
.921 -4.0750674565  -3.8894382078  -3.8553455433 
.922 -4.0753934559  -3.8889079241  -3.8544096111 
.923 -4.0757151038  -3.8883802748  -3.8534747587 
.924 -4.0760326673  -3.8878572519  -3.8525426796 
.925 -4.0763461212  -3.8873399655  -3.8516136875 
.926 -4.0766551327  -3.8868286820  -3.8506867083 
.927 -4.0769596694  -3.8863248865  -3.8497620697 
.928 -4.0772600152  -3.8858312932  -3.8488415078 
.929 -4.0775561491  -3.8853498699  -3.8479253728 
.930 -4.0778474083  -3.8848809493  -3.8472222685 
.931 -4.0781344040  -3.8844291752  -3.8484125210 
.932 -4.0784171184  -3.8839976255  -3.8495727013 
.933 -4.0786952030  -3.8835889365  -3.8506991353 
.934 -4.0789689668  -3.8832081831  -3.8517877720 
.935 -4.0792377180  -3.8828583276  -3.8528335435 
.936 -4.0795024471  -3.8825474408  -3.8538315202 
.937 -4.0797621154  -3.8822790055  -3.8547750374 
.938 -4.0800177358  -3.8820621685  -3.8556581397 
.939 -4.0802682502  -3.8819017046  -3.8564728236 
.940 -4.0805143382  -3.8818065535  -3.8572122968 
.941 -4.0807556301  -3.8817832724  -3.8578689068 
.942 -4.0809924690  -3.8818391532  -3.8584364572 
.943 -4.0812244794  -3.8819790926  -3.8589089411 
.944 -4.0814516423  -3.8822069654  -3.8592824693 
.945 -4.0816743138  -3.8825248918  -3.8595560443 
.946 -4.0818921094  -3.8829317953  -3.8597296095 
.947 -4.0821053938  -3.8834250900  -3.8598068926 
.948 -4.0823137763  -3.8839996442  -3.8597918763 
.949 -4.0825172408  -3.8846492641  -3.8596907430 
.950 -4.0827161656  -3.8853669925  -3.8595116202 
.951 -4.0829101500  -3.8861452324  -3.8592609316 
.952 -4.0830991795  -3.8869766611  -3.8589459905 
.953 -4.0832836460  -3.8878543421  -3.8585749324 
.954 -4.0834627287  -3.8887718349  -3.8581517826 
.955 -4.0836376439  -3.8897233659  -3.8576859585 
.956 -4.0838071501  -3.8907038875  -3.8571788491 
.957 -4.0839720669  -3.8917088799  -3.8566374294 
.958 -4.0841323954  -3.8927344459  -3.8560656187 
.959 -4.0842872764  -3.8937773880  -3.8554641102 
.960 -4.0844375557  -3.8948346810  -3.8548384419 
.961 -4.0845827971  -3.8959039265  -3.8541897537 
.962 -4.0847234339  -3.8969828944  -3.8535215642 
.963 -4.0848590222  -3.8980698420  -3.8528343397 
.964 -4.0849895532  -3.8991631863  -3.8521296607 
.965 -4.0851150183  -3.9002615564  -3.8514088958 
.966 -4.0852358698  -3.9013636491  -3.8506746775 
.967 -4.0853516482  -3.9024685396  -3.8499266178 
.968 -4.0854623462  -3.9035753254  -3.8491656187 
.969 -4.0855679567  -3.9046832163  -3.8483924701 
.970 -4.0856689511  -3.9057914025  -3.8476093528 
.971 -4.0857648540  -3.9068993893  -3.8468154114 
.972 -4.0858556594  -3.9080066375  -3.8460111863 
.973 -4.0859418533  -3.9091125554  -3.8451986721 
.974 -4.0860229478  -3.9102168348  -3.8443767983 
.975 -4.0860989380  -3.9113190979  -3.8435459454 
.976 -4.0861698190  -3.9124190073  -3.8427064539 
.977 -4.0862355867  -3.9135162606  -3.8418586295 
.978 -4.0862967518  -3.9146104796  -3.8410043074 
.979 -4.0863528050  -3.9157015302  -3.8401421938 
.980 -4.0864037428  -3.9167891921  -3.8392725140 
.981 -4.0864500912  -3.9178731656  -3.8383970574 
.982 -4.0864913278  -3.9189533750  -3.8375144421 
.983 -4.0865269110  -3.9200297525  -3.8366232364 
.984 -4.0865584551  -3.9211018610  -3.8357284012 
.985 -4.0865843415  -3.9221698524  -3.8348252742 
.986 -4.0866051073  -3.9232335067  -3.8339155888 
.987 -4.0866213091  -3.9242926242  -3.8330011011 
.988 -4.0866323973  -3.9253471920  -3.8320803051 
.989 -4.0866383708  -3.9263971146  -3.8311533049 
.990 -4.0866398020  -3.9274422269  -3.8302218567 
.991 -4.0866355491  -3.9284826055  -3.8292827403 
.992 -4.0866267632  -3.9295180243  -3.8283393666 
.993 -4.0866128711  -3.9305484921  -3.8273901553 
.994 -4.0865938730  -3.9315739454  -3.8264351805 
.995 -4.0865697694  -3.9325943255  -3.8254745118 
.996 -4.0865405609  -3.9336095781  -3.8245082150 
.997 -4.0865068571  -3.9346195971  -3.8235380684 
.998 -4.0864680608  -3.9356243981  -3.8225624309 
.999 -4.0864241733  -3.9366239379  -3.8230274707 
1.000 -4.0863751962  -3.9376181764  -3.8235629826 
1.001 -4.0863211313  -3.9386070764  -3.8241209793 
1.002 -4.0862619806  -3.9395906031  -3.8247008453 
1.003 -4.0861983863  -3.9405686886  -3.8253022761 
1.004 -4.0861297214  -3.9415413456  -3.8259243111 
1.005 -4.0860553379  -3.9425085751  -3.8265660605 
1.006 -4.0859765346  -3.9434702903  -3.8272274918 
1.007 -4.0858926692  -3.9444264992  -3.8279077098 
1.008 -4.0858044117  -3.9453771616  -3.8286063550 
1.009 -4.0857104374  -3.9463222963  -3.8293223629 
1.010 -4.0856114114  -3.9472618625  -3.8300554071 
1.011 -4.0855080204  -3.9481958350  -3.8308051141 
1.012 -4.0853995963  -3.9491242116  -3.8315707137 
1.013 -4.0852861434  -3.9500469772  -3.8323516657 
1.014 -4.0851669667  -3.9509641132  -3.8331472900 
1.015 -4.0850441690  -3.9518756188  -3.8339575265 
1.016 -4.0849156569  -3.9527814696  -3.8347814159 
1.017 -4.0847821347  -3.9536816585  -3.8356186196 
1.018 -4.0846436075  -3.9545761750  -3.8364686597 
1.019 -4.0845008080  -3.9554650331  -3.8373311663 
1.020 -4.0843522927  -3.9563481813  -3.8382054864 
1.021 -4.0841995274  -3.9572256624  -3.8390913610 
1.022 -4.0840417909  -3.9580974460  -3.8399882687 
1.023 -4.0838783390  -3.9589634861  -3.8408957398 
1.024 -4.0837106724  -3.9598238517  -3.8418134931 
1.025 -4.0835380531  -3.9606785022  -3.8427410733 
1.026 -4.0833604877  -3.9615274330  -3.8436781020 
1.027 -4.0831779829  -3.9623706401  -3.8446242123 
1.028 -4.0829905456  -3.9632081201  -3.8455790479 
1.029 -4.0827989675  -3.9640399337  -3.8465422692 
1.030 -4.0826016925  -3.9648659549  -3.8475135228 
1.031 -4.0823995067  -3.9656862415  -3.8484924972 
1.032 -4.0821924176  -3.9665007918  -3.8494788776 
1.033 -4.0819812412  -3.9673096855  -3.8504723355 
1.034 -4.0817643750  -3.9681127645  -3.8514726145 
1.035 -4.0815434492  -3.9689101945  -3.8524793751 
1.036 -4.0813168383  -3.9697018010  -3.8534924046 
1.037 -4.0810861962  -3.9704877675  -3.8545113552 
1.038 -4.0808507118  -3.9712680055  -3.8555360013 
1.039 -4.0806095501  -3.9720424096  -3.8565661482 
1.040 -4.0803644016  -3.9728111902  -3.8576014369 
1.041 -4.0801144375  -3.9735742468  -3.8586416819 
1.042 -4.0798588052  -3.9743314616  -3.8596867256 
1.043 -4.0795992320  -3.9750830725  -3.8607361984 
1.044 -4.0793348716  -3.9758289667  -3.8617899512 
1.045 -4.0790657337  -3.9765691472  -3.8628477713 
1.046 -4.0787918283  -3.9773036174  -3.8639094522 
1.047 -4.0785122731  -3.9780322379  -3.8649748900 
1.048 -4.0782288570  -3.9787552934  -3.8660436999 
1.049 -4.0779407043  -3.9794726499  -3.8671157850 
1.050 -4.0776478255  -3.9801843116  -3.8681909608 
1.051 -4.0773502315  -3.9808902829  -3.8692690478 
1.052 -4.0770479331  -3.9815905688  -3.8703498715 
1.053 -4.0767400120  -3.9822850034  -3.8714333803 
1.054 -4.0764283324  -3.9829739285  -3.8725191752 
1.055 -4.0761119824  -3.9836571836  -3.8736072104 
1.056 -4.0757909738  -3.9843347742  -3.8746973290 
1.057 -4.0754643635  -3.9850065166  -3.8757895085 
1.058 -4.0751340670  -3.9856727911  -3.8768833422 
1.059 -4.0747991479  -3.9863334191  -3.8779788127 
1.060 -4.0744596186  -3.9869884069  -3.8790757785 
1.061 -4.0741145115  -3.9876375523  -3.8801742418 
1.062 -4.0737657936  -3.9882812748  -3.8812737903 
1.063 -4.0734115107  -3.9889191587  -3.8823745749 
1.064 -4.0730536559  -3.9895516434  -3.8834761811 
1.065 -4.0726902499  -3.9901782939  -3.8845787742 
1.066 -4.0723233119  -3.9907995698  -3.8856819381 
1.067 -4.0719508370  -3.9914150164  -3.8867858513 
1.068 -4.0715748707  -3.9920251135  -3.8878900966 
1.069 -4.0711933829  -3.9926293870  -3.8889948642 
1.070 -4.0708074069  -3.9932280833  -3.8900998917 
1.071 -4.0704169573  -3.9938212106  -3.8912050705 
1.072 -4.0700231004  -3.9944090408  -3.8923101366 
1.073 -4.0696237549  -3.9949910601  -3.8934153006 
1.074 -4.0692199810  -3.9955675356  -3.8945203044 
1.075 -4.0688117945  -3.9961384761  -3.8956250486 
1.076 -4.0683981331  -3.9967036060  -3.8967295973 
1.077 -4.0679811621  -3.9972634978  -3.8978335334 
1.078 -4.0675598265  -3.9978178815  -3.8989369245 
1.079 -4.0671341429  -3.9983667662  -3.9000396792 
1.080 -4.0667030240  -3.9989098563  -3.9011418718 
1.081 -4.0662686888  -3.9994477662  -3.9022430883 
1.082 -4.0658289394  -3.9999798900  -3.9033435697 
1.083 -4.0653848980  -4.0005065425  -3.9044430686 
1.084 -4.0649365826  -4.0010277336  -3.9055415022 
1.085 -4.0644851492  -4.0015438049  -3.9066386254 
1.086 -4.0640283479  -4.0020541083  -3.9077346869 
1.087 -4.0635673286  -4.0025589805  -3.9088294446 
1.088 -4.0631009529  -4.0030580839  -3.9099229852 
1.089 -4.0626315495  -4.0035521191  -3.9110149062 
1.090 -4.0621579876  -4.0040407544  -3.9121052973 
1.091 -4.0616791095  -4.0045236360  -3.9131942480 
1.092 -4.0611972856  -4.0050014976  -3.9142813618 
1.093 -4.0607101744  -4.0054736162  -3.9153668919 
1.094 -4.0602189757  -4.0059403670  -3.9164506067 
1.095 -4.0597237119  -4.0064017609  -3.9175324376 
1.096 -4.0592244059  -4.0068578090  -3.9186123172 
1.097 -4.0587210808  -4.0073085226  -3.9196901789 
1.098 -4.0582125348  -4.0077535101  -3.9207661136 
1.099 -4.0577012370  -4.0081935832  -3.9218397424 
1.100 -4.0571847541  -4.0086279418  -3.9229113128 
1.101 -4.0566655835  -4.0090574204  -3.9239804519 
1.102 -4.0561412661  -4.0094811967  -3.9250474040 
1.103 -4.0556130682  -4.0098996965  -3.9261119526 
1.104 -4.0550810174  -4.0103129319  -3.9271740359 
1.105 -4.0545438687  -4.0107204721  -3.9282337397 
1.106 -4.0540041915  -4.0111232087  -3.9292907073 
1.107 -4.0534594621  -4.0115202630  -3.9303451704 
1.108 -4.0529122788  -4.0119125496  -3.9313967796 
1.109 -4.0523600927  -4.0122991668  -3.9324457602 
1.110 -4.0518042238  -4.0126805812  -3.9334919083 
1.111 -4.0512447062  -4.0130568053  -3.9345351637 
1.112 -4.0506802541  -4.0134273684  -3.9355756001 
1.113 -4.0501135390  -4.0137932438  -3.9366128869 
1.114 -4.0495419501  -4.0141534720  -3.9376472292 
1.115 -4.0489668473  -4.0145085489  -3.9386784316 
1.116 -4.0483882713  -4.0148584874  -3.9397064324 
1.117 -4.0478062643  -4.0152033006  -3.9407311693 
1.118 -4.0472208702  -4.0155430015  -3.9417525793 
1.119 -4.0466321346  -4.0158776032  -3.9427705984 
1.120 -4.0460387306  -4.0162065885  -3.9437852760 
1.121 -4.0454420694  -4.0165304892  -3.9447964260 
1.122 -4.0448422029  -4.0168493187  -3.9458039808 
1.123 -4.0442391858  -4.0171630904  -3.9468078711 
1.124 -4.0436316742  -4.0174712632  -3.9478081282 
1.125 -4.0430225234  -4.0177749541  -3.9488044714 
1.126 -4.0424089882  -4.0180730612  -3.9497970266 
1.127 -4.0417925361  -4.0183661529  -3.9507856136 
1.128 -4.0411732372  -4.0186542432  -3.9517701517 
1.129 -4.0405511653  -4.0189373458  -3.9527505571 
1.130 -4.0399249599  -4.0192148833  -3.9537268234 
1.131 -4.0392961305  -4.0194874488  -3.9546987707 
1.132 -4.0386647653  -4.0197550566  -3.9556663031 
1.133 -4.0380309582  -4.0200177207  -3.9566293201 
1.134 -4.0373948088  -4.0202754554  -3.9575877156 
1.135 -4.0367549549  -4.0205276524  -3.9585414377 
1.136 -4.0361129676  -4.0207749362  -3.9594902988 
1.137 -4.0354689692  -4.0210173213  -3.9604341726 
1.138 -4.0348230907  -4.0212548222  -3.9613729248 
1.139 -4.0341754730  -4.0214874534  -3.9623064118 
1.140 -4.0335247714  -4.0217145755  -3.9632345146 
1.141 -4.0328726359  -4.0219368447  -3.9641570225 
1.142 -4.0322192437  -4.0221542758  -3.9650737572 
1.143 -4.0315647873  -4.0223668837  -3.9659845265 
1.144 -4.0309079600  -4.0225740034  -3.9668891327 
1.145 -4.0302520149  -4.0227770032  -3.9677873223 
1.146 -4.0295941658  -4.0229745321  -3.9686788634 
1.147 -4.0289346721  -4.0231665858  -3.9695634657 
1.148 -4.0282768811  -4.0233545714  -3.9704408490 
1.149 -4.0276180626  -4.0235370993  -3.9713106609 
1.150 -4.0269601028  -4.0237148840  -3.9721725567 
1.151 -4.0263033979  -4.0238879408  -3.9730261447 
1.152 -4.0256483856  -4.0240562851  -3.9738709926 
1.153 -4.0249940103  -4.0242191941  -3.9747065572 
1.154 -4.0243774087  -4.0243423482  -3.9755323504 
1.155 -4.0245309443  -4.0236939983  -3.9763477801 
1.156 -4.0246790585  -4.0230480888  -3.9771520867 
1.157 -4.0248232768  -4.0224084427  -3.9779447210 
1.158 -4.0249620919  -4.0217728179  -3.9787246448 
1.159 -4.0250962780  -4.0211436859  -3.9794910338 
1.160 -4.0252250660  -4.0205205679  -3.9802426916 
1.161 -4.0253500349  -4.0199076906  -3.9809787594 
1.162 -4.0254696245  -4.0193033299  -3.9816975903 
1.163 -4.0255838306  -4.0187089900  -3.9823976556 
1.164 -4.0256942726  -4.0181293383  -3.9830777279 
1.165 -4.0257993499  -4.0175632478  -3.9837354938 
1.166 -4.0258998838  -4.0170142941  -3.9843691100 
1.167 -4.0259958907  -4.0164847858  -3.9849762809 
1.168 -4.0260865480  -4.0159758614  -3.9855541013 
1.169 -4.0261726973  -4.0154917874  -3.9861000742 
1.170 -4.0262543552  -4.0150356187  -3.9866111587 
1.171 -4.0263315383  -4.0146106338  -3.9870840912 
1.172 -4.0264033967  -4.0142190053  -3.9875148856 
1.173 -4.0264707997  -4.0138656824  -3.9879004122 
1.174 -4.0265337641  -4.0135542793  -3.9882370727 
1.175 -4.0265914194  -4.0132871573  -3.9885206570 
1.176 -4.0266455499  -4.0130699399  -3.9887492764 
1.177 -4.0266943912  -4.0129032306  -3.9889186019 
1.178 -4.0267379393  -4.0127894721  -3.9890261713 
1.179 -4.0267771053  -4.0127313134  -3.9890712310 
1.180 -4.0268119061  -4.0127294584  -3.9890530955 
1.181 -4.0268423590  -4.0127837129  -3.9889719780 
1.182 -4.0268684810  -4.0128929977  -3.9888289768 
1.183 -4.0268893461  -4.0130547283  -3.9886247310 
1.184 -4.0269049504  -4.0132664929  -3.9883616345 
1.185 -4.0269172048  -4.0135265325  -3.9880454101 
1.186 -4.0269242187  -4.0138301481  -3.9876768088 
1.187 -4.0269269600  -4.0141743377  -3.9872608320 
1.188 -4.0269254462  -4.0145554098  -3.9868011929 
1.189 -4.0269187087  -4.0149693001  -3.9862999356 
1.190 -4.0269077368  -4.0154130435  -3.9857620643 
1.191 -4.0268915477  -4.0158829867  -3.9851891869 
1.192 -4.0268721527  -4.0163769074  -3.9845876722 
1.193 -4.0268475615  -4.0168912849  -3.9839569154 
1.194 -4.0268177702  -4.0174236683  -3.9832993522 
1.195 -4.0267848335  -4.0179724688  -3.9826207974 
1.196 -4.0267467178  -4.0185350173  -3.9819197170 
1.197 -4.0267044633  -4.0191098300  -3.9811997273 
1.198 -4.0266570365  -4.0196950147  -3.9804605863 
1.199 -4.0266054922  -4.0202894328  -3.9797055919 
1.200 -4.0265498484  -4.0208918066  -3.9789360481 
1.201 -4.0264890499  -4.0215007427  -3.9781511752 
1.202 -4.0264241736  -4.0221155006  -3.9773539140 
1.203 -4.0263552376  -4.0227351812  -3.9765451911 
1.204 -4.0262811647  -4.0233587369  -3.9757238418 
1.205 -4.0262030540  -4.0239857064  -3.9748925689 
1.206 -4.0261209238  -4.0246154515  -3.9740520394 
1.207 -4.0260336746  -4.0252471595  -3.9732008140 
1.208 -4.0259424279  -4.0258805635  -3.9723414428 
1.209 -4.0265152048  -4.0258472023  -3.9714744145 
1.210 -4.0271506715  -4.0257480162  -3.9706001710 
1.211 -4.0277861064  -4.0256425927  -3.9697149294 
1.212 -4.0284219025  -4.0255343714  -3.9688252930 
1.213 -4.0290572692  -4.0254210676  -3.9679273989 
1.214 -4.0296921762  -4.0253038482  -3.9670236448 
1.215 -4.0303263759  -4.0251827318  -3.9661143104 
1.216 -4.0309593914  -4.0250565516  -3.9651975009 
1.217 -4.0315912663  -4.0249264970  -3.9642755823 
1.218 -4.0322218147  -4.0247925871  -3.9633487739 
1.219 -4.0328506073  -4.0246536321  -3.9624150929 
1.220 -4.0334774806  -4.0245096282  -3.9614746952 
1.221 -4.0341028173  -4.0243630194  -3.9605321386 
1.222 -4.0347259582  -4.0242113846  -3.9595831835 
1.223 -4.0353470486  -4.0240559592  -3.9586301802 
1.224 -4.0359657029  -4.0238955153  -3.9576710340 
1.225 -4.0365820919  -4.0237313039  -3.9567080984 
1.226 -4.0371958393  -4.0235620818  -3.9557392422 
1.227 -4.0378074281  -4.0233903857  -3.9547690945 
1.228 -4.0384159132  -4.0232124239  -3.9537909622 
1.229 -4.0390220921  -4.0230320271  -3.9528117618 
1.230 -4.0396253082  -4.0228466505  -3.9518270288 
1.231 -4.0402257953  -4.0226575919  -3.9508391415 
1.232 -4.0408231871  -4.0224635615  -3.9498458759 
1.233 -4.0414177349  -4.0222658726  -3.9488496220 
1.234 -4.0420090716  -4.0220632197  -3.9478481294 
1.235 -4.0425977900  -4.0218582652  -3.9468461484 
1.236 -4.0431828754  -4.0216470294  -3.9458367178 
1.237 -4.0437652663  -4.0214335315  -3.9448269589 
1.238 -4.0443442645  -4.0212151015  -3.9438122243 
1.239 -4.0449198246  -4.0209917353  -3.9427925598 
1.240 -4.0454926019  -4.0207661748  -3.9417727993 
1.241 -4.0460615219  -4.0205343213  -3.9407458285 
1.242 -4.0466276093  -4.0203003136  -3.9397189011 
1.243 -4.0471901276  -4.0200614020  -3.9386872667 
