   6.1783905232533094       -4.8864854530419999       -4.8863600791969999       -4.8862214822960004       -4.8861528806879999       -4.8860861553780000     
   7.1964539130347625       -5.0052362804000001       -5.0048768946379996       -5.0044734534790001       -5.0042784963180003       -5.0040843030769997     
   9.4502475565517781       -5.1413008894479999       -5.1393502449969999       -5.1370862665350003       -5.1360522564959998       -5.1349578096580002     
   10.057503728278379       -5.1587009791179996       -5.1559151784310000       -5.1526591962139996       -5.1511926426720001       -5.1496135457119996     
   10.681652673381032       -5.1708254961979998       -5.1669342174970003       -5.1623605742840004       -5.1603271358290002       -5.1580985019999996     
   11.979148305068339       -5.1817538748240004       -5.1746086126810003       -5.1661667989569997       -5.1624942121590003       -5.1583163617699999     
   12.651682781777094       -5.1817265481849999       -5.1723121952530002       -5.1612044108279997       -5.1564108429309998       -5.1508492766409999     
   13.339484691248398       -5.1787426135720001       -5.1665539874990003       -5.1522365047170000       -5.1460944997629996       -5.1388197088879997     
   14.042074243166031       -5.1732569493899998       -5.1577393409600001       -5.1396518261609998       -5.1319222859079998       -5.1225650016199999     
   14.758941982320950       -5.1656528446439998       -5.1462137386329996       -5.1238046669210000       -5.1142463985889997       -5.1024030048120004     
   15.489548999777590       -5.1562353773379996       -5.1322600580110000       -5.1050130662160003       -5.0933941306380000       -5.0786348561530001     
   16.233327364500465       -5.1452303810929996       -5.1161004518119997       -5.0835582488849997       -5.0696680099320002       -5.0515477699179998     
   16.989680784114618       -5.1327895303900002       -5.0979028729309999       -5.0596859675090000       -5.0433464595309996       -5.0214179785099997     
   17.757985500849173       -5.1190007460259999       -5.0777912102779998       -5.0336100890609998       -5.0146853809460001       -4.9885140130629999     
   18.537591425781002       -5.1039021300260003       -5.0558573798059996       -5.0055183680850002       -4.9839211097109999       -4.9346002149829999     
   19.327823511299353       -5.0874972698040004       -5.0321736785460001       -4.9755800251600002       -4.9429819678920000       -4.9379033788960003     
   20.127983358310512       -5.0697700129180001       -5.0068041392520000       -4.9495138188509999       -4.9439546456330001        0.0000000000000000     
   20.937351051160974       -5.0506975091640003       -4.9798142714870002       -4.9542193526589999        0.0000000000000000       1.23027726999999995E-004
   21.755187209656761       -5.0302612357480001       -4.9571209089010004       -4.9512792930970004       -4.9484135718409998       -4.9183255024549997     
   22.580735243979639       -5.0084569378790000       -4.9582436900999998       -4.9482148096019998       -4.9212919611140000       -4.9152105493670000     
   23.413223794838228       -4.9853072662309996       -4.9576174930660004       -4.9462322191640000       -4.9102782883560003       -4.9028838611539998     
   24.251869337934227       -4.9608958612749996       -4.9552778422330004       -4.9425138380279998       -4.9035898686339996       -4.8968676093210002     
   25.095878928860454       -4.9512663554870002       -4.9371137113460000       -4.9356418750420001       -4.9072710302490004       -4.8952170265680000     
   25.944453061962943       -4.9456307013899998       -4.9300922312699997       -4.9243994274069998       -4.9077790515560000        0.0000000000000000     
   26.796788614568317       -4.9384244093090004       -4.9363235337570002       -4.9215170217199997       -4.9189783613060003        0.0000000000000000     
   27.652081846364268       -4.9476237440509996       -4.9297068015520003       -4.9285336498210004        0.0000000000000000       1.23027726999999995E-004
   28.509531422673870       -4.9575637400000003       -4.9365087271550001       -4.9195437703409999       -4.9000492676500000       -4.8846745593319998     
   29.368341429915247       -4.9661233702959997       -4.9429654965829997       -4.9080115504019997       -4.8897173121710003       -4.8876672474129998     
   30.227724351701138       -4.9733377024500003       -4.9479633810439996       -4.8952516828509998       -4.8933485265440000       -4.8921743564310001     
   31.086903974802087       -4.9792518486550001       -4.9515589305410002       -4.9093568149830000       -4.9005316609560001       -4.8956277669489996     
   31.945118195549920       -4.9839122420219999       -4.9538055248559996       -4.9254884666520002       -4.9167574584029996       -4.8966121774230000     
   32.801621699151340       -4.9873640767680003       -4.9547531151299999       -4.9404272755100003        0.0000000000000000       1.23027726999999995E-004
   33.655688486760425       -4.9896504104839998       -4.9544483270350002       -4.9542062363820003        0.0000000000000000       1.23027726999999995E-004
   34.506614227950557       -4.9908119143240004       -4.9668722821150002       -4.9583246469700004       -4.9529339649450002        0.0000000000000000     
   35.353718419351750       -4.9908870109279997       -4.9784715277820002       -4.9699562403020003       -4.9502494920739997        0.0000000000000000     
   36.196346333591613       -4.9899123915560004       -4.9890463052639999       -4.9805517924469997       -4.9464309342780002        0.0000000000000000     
   37.033870746203512       -4.9986344550990003       -4.9901500537850003        0.0000000000000000        0.0000000000000000       1.23027726999999995E-004
   37.865693431757165       -5.0072692654360003       -4.9987850902410003        0.0000000000000000        0.0000000000000000       1.23027726999999995E-004
   38.691246424033793       -5.0149796494769996       -5.0064865368579996        0.0000000000000000        0.0000000000000000       1.23027726999999995E-004
   39.509993038530659       -5.0217904265789999       -5.0132799101729999        0.0000000000000000        0.0000000000000000       1.23027726999999995E-004
   40.321428658865635       -5.0277226508549999       -5.0191869521490000        0.0000000000000000        0.0000000000000000       1.23027726999999995E-004
   41.125081291697320       -5.0327939600359999       -5.0242259865890002        0.0000000000000000        0.0000000000000000       1.23027726999999995E-004
   41.920511897532798       -5.0370189292149998       -5.0284122765930004        0.0000000000000000        0.0000000000000000       1.23027726999999995E-004
   42.707314507220950       -5.0404094200739999       -5.0317583772430003        0.0000000000000000        0.0000000000000000       1.23027726999999995E-004
   43.485116136002645       -5.0429749197740001       -5.0342744784819997        0.0000000000000000        0.0000000000000000       1.23027726999999995E-004
   44.253576508693421       -5.0447228659979997       -5.0359687353520002        0.0000000000000000        0.0000000000000000       1.23027726999999995E-004
   45.012387610908888       -5.0456589563090004       -5.0368475838559998        0.0000000000000000        0.0000000000000000       1.23027726999999995E-004
   45.761273082213734       -5.0457874411710000       -5.0369160433689997        0.0000000000000000        0.0000000000000000       1.23027726999999995E-004
   46.499987467700549       -5.0451114008030000       -5.0361780039299999       -5.0210801296150001       -4.9233009986270000       -4.9121229193740001     
   47.228315344805097       -5.0436330066649999       -5.0346365019270003        0.0000000000000000        0.0000000000000000       1.23027726999999995E-004
   47.946070342171481       -5.0422532189879998       -5.0413537688180003       -5.0322939847569996       -4.9109439395579999       -4.8998176265220001     
   48.653094067124869       -5.0516868517419997       -5.0382747707439997       -5.0291522161469997       -4.9035639019069999        0.0000000000000000     
   49.349254957826872       -5.0603386737880003       -5.0343968935939998       -5.0252142736129999       -4.8995914155489997        0.0000000000000000     
   50.034447075514549       -5.0682031101250002       -5.0297210322249999       -5.0204813431369999       -4.9017745598560003       -4.8864325392739998     
   50.708588851396073       -5.0752762915240002       -5.0242483059860001       -5.0149563771450003       -4.9031657715280001        0.0000000000000000     
   51.371621801825761       -5.0815554786490003       -5.0179802679670003       -5.0086427216749998       -4.9037835083720003       -4.8895708444419999     
   52.023509224345446       -5.0870387908610004       -5.0109191176300003       -5.0015447071569996       -4.9036528367930003        0.0000000000000000     
   52.664234886083399       -5.0917250877560001       -5.0030679233560003       -4.9936679968720004       -4.9028065592390000        0.0000000000000000     
   53.293801714877873       -5.0956139299709999       -4.9944308638840003       -4.9850199880400003       -4.9012843675919999        0.0000000000000000     
   53.912230502360096       -5.0987055817510001       -4.9850135011020003       -4.9756103130609999       -4.8991278813520003       -4.8881665392149998     
   54.519558627113938       -5.1010010354370001       -4.9748231018559999       -4.9654514945150003       -4.8963712549400000       -4.8853362939230003     
   55.115838804941909       -5.1025020473009999       -4.9638690341579998       -4.9545598383399998       -4.8930323412819998       -4.8814900431280002     
   55.701137872225459       -5.1032111793699997       -4.9521632749380000       -4.9429567029269998       -4.8891120928960001       -4.8851926725219998     
   56.275535607380384       -5.1031318450669998       -4.9397210845290003       -4.9306703725389998       -4.8970317299759998       -4.8846032449130004     
   56.839123594484931       -5.1022683587059996       -4.9265619313129996       -4.9177389288829998       -4.9080696307030003       -4.8795013689350002     
   57.392004132304486       -5.1006259907080000       -4.9182770284490003       -4.9127107944930000       -4.9042148232329996       -4.8770972553020000     
   57.934289191154349       -5.0982110321990000       -4.9276366623249999       -4.8982000439739997       -4.8901724506709998       -4.8858487493049996     
   58.466099419334483       -5.0950308749289999       -4.9361394264160001       -4.8937987276969999       -4.8830722093299999       -4.8757211964060003     
   58.987563200235513       -5.0910941154760003       -4.9437822102420004       -4.9009308488889998       -4.8673841266300002       -4.8669036327289996     
   59.498815760652228       -5.0864106973789998       -4.9505666596589997       -4.9072331157550000       -4.8801058980510001       -4.8608857670610002     
   59.999998330347928       -5.0809921122360002       -4.9564984948110000       -4.9127168511820001       -4.8378161781579996       -4.8346669653100003     
   60.491257352485647       -5.0748516931990002       -4.9615872307669999       -4.9173727407270000       -4.9039263636079999       -4.8853795042419996     
   60.972743744176348       -5.0680050558860001       -4.9658462593969999       -4.9212132338919998       -4.9145283981879997       -4.8963984667110001     
   61.444612206087328       -5.0604707812919996       -4.9692933368650003       -4.9242572629129997       -4.9242515162179998       -4.9066147106990003     
   61.907020579798356       -5.0522715117969996       -4.9719516184219996       -4.9331166722809998       -4.9265071415539996       -4.9160468895570002     
   62.360129251387221       -5.0434357899949998       -4.9738515296079999       -4.9411128523060004       -4.9280091309550000       -4.9247186882250000     
   62.804100599563114       -5.0340013284599996       -4.9750340206489998       -4.9482539354070001       -4.9326584414100001       -4.9288026899000004     
   63.239098486542204       -5.0240213037019998       -4.9755562277129997       -4.9545495289529997       -4.9398975734060002       -4.9289643852760001     
   63.665287789770453       -5.0135779151820001       -4.9755014526640000       -4.9600103982299997       -4.9464646070259999       -4.9286393305070000     
   64.082833972539717       -5.0028168720019996       -4.9749969168229997       -4.9646482270880004       -4.9523628213139999       -4.9281407917509998     
   64.491902691509893       -4.9920599422290000       -4.9742446597849996       -4.9684754328000000        0.0000000000000000       1.23027726999999995E-004
   64.892659439140218       -4.9823167656749998       -4.9735697695220003       -4.9715050196360000       -4.9610976076020004       -4.9304682092389998     
   65.285269219042235       -4.9772478336320001       -4.9737504602789997       -4.9734655668440002        0.0000000000000000       1.23027726999999995E-004
   65.669896252291508       -4.9791056021299998       -4.9752256014920002       -4.9745353551719997       -4.9526463696190000       -4.9444715431640001     
   66.046703712775340       -4.9836978497739999       -4.9771798395630000       -4.9759445779400000       -4.9533841351180001       -4.9442237695419999     
   66.415853489702528       -4.9893421059960001       -4.9812510064810001       -4.9759217490839998       -4.9621563013480001       -4.9376187844899997     
   66.777505975460500       -4.9957025493870004       -4.9861905021039998       -4.9751716379499999       -4.9704523856740002       -4.9336747623889998     
   67.131819877070370       -5.0026276750880001       -4.9914316095000002       -4.9781324018279998       -4.9737088809819996       -4.8424036817229998     
   67.478952049560888       -5.0099510268740000       -4.9965791264029997       -4.9851344269249998       -4.9715481838400004       -4.8563712420789997     
   67.819057349656234       -5.0174839171140002       -5.0013938772559996       -4.9914311025010001       -4.9687042825820003       -4.8699671588879996     
   68.152288508249114       -5.0250431779250002       -5.0057372018870003       -4.9970119773180004       -4.9651919094260002        0.0000000000000000     
   68.478796020208165       -5.0324717858570001       -5.0095294731389997       -5.0018755928310004       -4.9610257622510003        0.0000000000000000     
   68.798728050146167       -5.0396457498959997       -5.0127254100789997       -5.0060255813870000       -4.9562204788640001        0.0000000000000000     
   69.112230352853146       -5.0464721655640004       -5.0153001250899996       -5.0094682958109997       -4.9507906112750000        0.0000000000000000     
   69.419446207174488       -5.0528838206889999       -5.0172412018749997       -5.0122133258680002       -4.9447506070770002        0.0000000000000000     
   69.720516362188619       -5.0588334148199996       -5.0185440861100004       -5.0142695995319997       -4.9410445467199997        0.0000000000000000     
   70.015578994610976       -5.0642885991210003       -5.0192093193650003       -5.0156451515400002       -4.9508848199819999        0.0000000000000000     
   70.304769676421856       -5.0692280953899997       -5.0192408254130001       -5.0163593490320002       -4.9601131519260004        0.0000000000000000     
   70.588221351781414       -5.0736387855000000       -5.0186448155169998       -5.0164154085270001       -4.9687235125390004       -4.9147735601870002     
   70.866064322361410       -5.0775135680609997       -5.0174290688500003       -5.0158276880289998       -4.9767124280869997        0.0000000000000000     
   71.138426240283621       -5.0808497883620003       -5.0156024469379998       -5.0146079103760002       -4.9840785654469997       -4.8964895643770001     
   71.405432107913711       -5.0836480858690001       -5.0131745580920004       -5.0127672860479997       -4.9908223856319998       -4.8865712280580000     
   71.667204283815039       -5.0859115429069996       -5.0103191853200002       -5.0101433417969998       -4.9969458533809998       -4.8761529974180000     
   71.923862494219179       -5.0876450503699999       -5.0072736627519996       -5.0065434404509999       -5.0024521928669996       -4.8652479329920002     
   72.175523849419505       -5.0888548304420000       -5.0073456814480002       -5.0036428632409997       -5.0023860410200003       -4.8619689893939997     
   72.422302864540399       -5.0895480737440000       -5.0116314750899997       -4.9994382816730001       -4.9976570623779999       -4.8604272082140003     
   72.664311484179066       -5.0897326606369999       -5.0153154602120003       -4.9946712884159998       -4.9923796974360002       -4.8583031178329996     
   72.901659110456833       -5.0894169450989999       -5.0184041276669999       -4.9893531150879999       -4.9865647852550001       -4.8556057649600000     
   73.134452634056260       -5.0886095856680003       -5.0209044653469999       -4.9834948432489998       -4.9802231201609999       -4.8523442977369999     
   73.362796467854608       -5.0873194122410004       -5.0228238664660001       -4.9771073954330003       -4.9733654193029997       -4.8485279319440000     
   73.586792582799191       -5.0855553205830004       -5.0241700511119998       -4.9702015280519998       -4.9660022974529996       -4.8441659222769999     
   73.806540545699434       -5.0833261885359997       -5.0249509990419998       -4.9627878258190004       -4.9581442469910000       -4.8392675377590004     
   74.022137558640225       -5.0806408095049997       -5.0251748920320001       -4.9548766974370002       -4.9498016221640002       -4.8338420405600004     
   74.233678499747512       -5.0775078398720002       -5.0248500643670004       -4.9464783723299997       -4.9409846266409998       -4.8278986676670002     
   74.441255965061416       -5.0739357578520003       -5.0239849602959996       -4.9376028982450002       -4.9317033037030003       -4.8214466149420003     
   74.644960311295634       -5.0699328318330004       -5.0225880974469996       -4.9282601395969996       -4.9219675285570004       -4.8144950232349997     
   74.844879699282188       -5.0655070967090001       -5.0206680353510000       -4.9184597764470004       -4.9117870023809997       -4.8070529662319998     
   75.041100137920651       -5.0606663370060003       -5.0182333483899999       -4.9082113040030002       -4.9011712477730001       -4.7991294398240001     
   75.233705528468491       -5.0554180758019998       -5.0152926025289997       -4.8975240325950002       -4.8901296053710004       -4.7907333527870000     
   75.422777709025979       -5.0497695686529998       -5.0118543353489997       -4.8864070880370001       -4.8786712314470000       -4.7818735186210004     
   75.608396499083810       -5.0437278017890002       -5.0079270389190000       -4.8748694123340002       -4.8668050963039997       -4.7725586484039999     
   75.790639744016175       -5.0372994939910001       -5.0035191451490002       -4.8629197646840003       -4.8545399833580003       -4.7627973445520002     
   75.969583359413946       -5.0304911015659997       -4.9986390132910001       -4.8505667227359996       -4.8418844887999999       -4.7525980953799998     
   76.145301375165147       -5.0233088259310001       -4.9932949193129996       -4.8378186840620003       -4.8288470217409998       -4.7419692703870000     
   76.317865979199951       -5.0157586233300000       -4.9874950469049999       -4.8246838678280000       -4.8154358047769996       -4.7309191161799999     
   76.487347560827672       -5.0078462162479997       -4.9812474799239999       -4.8111703166300002       -4.8016588749100002       -4.7194557529890000     
   76.653814753601736       -4.9995771061229997       -4.9745601960699997       -4.7972858984600002       -4.7875240847690002       -4.7075871717080000     
   76.817334477657340       -4.9909565869860000       -4.9674410616699998       -4.7830383088120003       -4.7730391041009996       -4.6953212314080002     
   76.977971981473118       -4.9819897596859999       -4.9598978274099998       -4.7684350728730003       -4.7582114214750000       -4.6826656572890002     
   77.135790883015687       -4.9726815463999996       -4.9519381249020000       -4.7534835478190001       -4.7430483461890001       -4.6696280390279998     
   77.290853210231532       -4.9630367051570001       -4.9435694639939998       -4.7381909251719998       -4.7275570103340003       -4.6562158294879996     
   77.443219440856538       -4.9530598441380000       -4.9347992307090003       -4.7225642332310001       -4.7117443710089999       -4.6424363437500000     
   77.592948541518254       -4.9427554355450001       -4.9256346857560001       -4.7066103395400001       -4.6956172126480000       -4.6282967584570001     
   77.740098006110870       -4.9321278288899997       -4.9160829635240004       -4.6903359534140003       -4.6791821494579997       -4.6138041114290003     
   77.884723893426639       -4.9211812635500003       -4.9061510715079999       -4.6737476284830004       -4.6624456279439999       -4.5989653015309999     
   78.026880864031455       -4.9099198805029998       -4.8958458901129998       -4.6568517652679997       -4.6454139295090000       -4.5837870887739998     
   78.166622216375444       -4.8983477331640000       -4.8851741727700002       -4.6396546137760000       -4.6280931731160004       -4.5682760946320000     
   78.303999922132647       -4.8864687972759997       -4.8741425463450003       -4.6221622760969998       -4.6104893180099999       -4.5524388025529996     
   78.439064660766178       -4.8742869798430002       -4.8627575117859996       -4.6043807090250004       -4.5926081664770004       -4.5362815586509999     
   78.571865853318045       -4.8618061270960000       -4.8510254449849999       -4.5863157266580004       -4.5744553666450001       -4.5198105725640003     
   78.702451695424742       -4.8490300315060004       -4.8389525978109997       -4.5679730030099996       -4.5560364153109996       -4.5030319184629999     
   78.830869189561582       -4.8359624378949997       -4.8265450993050001       -4.5493580746140001       -4.5373566607990004       -4.4859515362020002     
   78.957164176520521       -4.8226070486579999       -4.8138089570040004       -4.5304763431069999       -4.5184213058290004       -4.4685752325959998     
   79.081381366127701       -4.8089675281759998       -4.8007500583700002       -4.5113330778060003       -4.4992354104030001       -4.4509086828160003     
   79.203564367208131       -4.7950475064600004       -4.7873741723150003       -4.4919334182670001       -4.4798038947069996       -4.4329574318880001     
   79.323755716806161       -4.7808505820959999       -4.7736869508000002       -4.4722823768269997       -4.4601315420110001       -4.4147268963019997     
   79.441996908671399       -4.7663803245540004       -4.7596939304969998       -4.4523848411199998       -4.4402230015770003       -4.3962223656940003     
   79.558328421020590       -4.7516402759250003       -4.7454005344989998       -4.4322455765689996       -4.4200827915709997       -4.3774490046199999     
   79.672789743586307       -4.7366339521459997       -4.7308120740649997       -4.4118692288650001       -4.3997153019650002       -4.3584118544040003     
   79.785419403964809       -4.7213648437840003       -4.7159337504029999       -4.3912603264039998       -4.3791247974459999       -4.3391158350439998     
   79.896254993274965       -4.7058364164300004       -4.7007706564609997       -4.3704232827069998       -4.3583154203090002       -4.3195657471850000     
   80.005333191141119       -4.6900521107589999       -4.6853277787440000       -4.3493623988129997       -4.3372911933509997       -4.2997662741460001     
   80.112689790013050       -4.6740153423189996       -4.6696099991319997       -4.3280818656340001       -4.3160560227489997       -4.2797219839820002     
   80.218359718836311       -4.6577295010790003       -4.6536220966970001       -4.3065857662909997       -4.2946137009339997       -4.2594373316000000     
   80.322377066086617       -4.6411979507899996       -4.6373687495280000       -4.2848780784170000       -4.2729679094420003       -4.2389166609049997     
   80.424775102181869       -4.6244240282069997       -4.6208545365370002       -4.2629626764259996       -4.2511222217629996       -4.2181642069720002     
   80.525586301285671       -4.6074110421879997       -4.6040839392680004       -4.2538302332850000       -4.2516255919389998       -4.2408433337530003     
   80.624842362516219       -4.5901622727130000       -4.5870613436819996       -4.2346833434629998       -4.2325098785839996       -4.2185237250730001     
   80.722574230574494       -4.5726809698539999       -4.5697910419380001       -4.2152846444299996       -4.2131584425330004       -4.1960074284770004     
   80.818812115805301       -4.5549703527140002       -4.5522772341520001       -4.1956733447910004       -4.1935766649690001        0.0000000000000000     
   80.913585513705115       -4.5370336083520000       -4.5345240301390000       -4.1758191012790000       -4.1737686127640004        0.0000000000000000     
   81.006923223890453       -4.5188738907220003       -4.5165354511349998       -4.1557394235400000       -4.1537391130160000        0.0000000000000000     
   81.098853368540105       -4.5004943196350000       -4.4983154315010001       -4.1354394090269997       -4.1334926536370000        0.0000000000000000     
   81.189403410324616       -4.4818979797549998       -4.4798678204059996       -4.1149240060979997       -4.1130336204690003        0.0000000000000000     
   81.278600169836352       -4.4630879196480002       -4.4611963834920001       -4.0941980181230004       -4.0923662982800000       -4.0569679424549996     
   81.366469842533178       -4.4440671508760001       -4.4423048045050004       -4.0732661082570001       -4.0714854648770000       -4.0331673485500001     
   81.453038015208321       -4.4248386471590004       -4.4231966869220001       -4.0521328018010001       -4.0504234263549996       -4.0091954665599996     
   81.538329681999514       -4.4054053436040004       -4.4038755555420002       -4.0308024892420002       -4.0291559494650002       -3.9850550986800002     
   81.622369259949210       -4.3857701359980004       -4.3843448580600004       -4.0092794291290001       -4.0076963311040004       -3.9607489707440000     
   81.705180604128643       -4.3659358801749999       -4.3646079666209996       -3.9875677508430001       -3.9860483649480001       -3.9362797341050002     
   81.786787022337123       -4.3459053914609997       -4.3446681793480000       -3.9656714573020002       -3.9642157492060002       -3.9116499674799998     
   81.867211289388791       -4.3256814441820000       -4.3245287218490001       -3.9435944275730002       -3.9422020875179999       -3.8868621787689999     
   81.946475660997805       -4.3052667712580002       -4.3041927487070000       -3.9213404194249999       -3.9200108898549999       -3.8619188068549999     
   82.024601887273349       -4.2846640638520004       -4.2836633449410000       -3.8989130718139999       -3.8976455734119999       -3.8368222233739999     
   82.101611225835597       -4.2638759711090000       -4.2629435274490000       -3.8763159073050000       -3.8751094635240002       -3.8115747344669999     
   82.177524454562914       -4.2429050999450002       -4.2420362464319998       -3.8535523344580001       -3.8524057945919998       -3.7861785824990002     
   82.252361883981067       -4.2217540149180000       -4.2209443867970000       -3.8306256501639999       -3.8295377110300000       -3.7606359477639999     
   82.326143369304617       -4.2004252381480001       -4.1996707695310000       -3.8075390419609998       -3.8065082682429998       -3.7349489501569999     
   82.398888322140081       -4.1789212493090000       -4.1782181530660001       -3.7842955903280000       -3.7833204336409998       -3.7091196508299999     
   82.470615721861108       -4.1572444856719999       -4.1565892346159998       -3.7608982709690002       -3.7599770876899998       -3.6831500538189998     
   82.541344126664526       -4.1353973422069998       -4.1347866514970004       -3.7373499571009998       -3.7364810250180001       -3.6570421076500002     
   82.611091684316889       -4.1133821717329999       -4.1128129824249999       -3.7136534217530000       -3.7128349555660001       -3.6307977069190001     
   82.679876142600435       -4.0912012851209996       -4.0906707487930003       -3.6898113400770001       -3.6890415058069999       -3.6044186938489999     
   82.747714859466711       -4.0688569515350004       -4.0683624159359999       -3.6658262916909998       -3.6651032200190001       -3.5779068598229999     
   82.814624812906942       -4.0463513987270003       -4.0458903943630000       -3.6417007630530001       -3.6410225616320000       -3.5512639468920000     
   82.880622610547178       -4.0236868133580002       -4.0232570409810000       -3.6174371498640001       -3.6168019146470001       -3.5244916492549998     
   82.945724498975977       -4.0008653413659996       -4.0004646602960001       -3.5930377595200000       -3.5924435851190002       -3.4975916147210002     
   83.009946372812877       -3.9778890883629998       -3.9775155055920002       -3.5685048136030000       -3.5679498027249998       -3.4705654461359998     
   83.073303783524793       -3.9547601200589999       -3.9544117800940000       -3.5438404504080001       -3.5433227223940000       -3.4434147027909998     
   83.135811947998050       -3.9314804627250002       -3.9311556381110000       -3.5190467275209998       -3.5185644260240001       -3.4161409018020001     
   83.197485756873121       -3.9080521036680000       -3.9077491861570000       -3.4941256244269998       -3.4936769242610000       -3.3887455194589999     
   83.258339782648704       -3.8844769917369999       -3.8841944840600000       -3.4690790451600000       -3.4686621583439998       -3.3612299925550002     
   83.318388287562584       -3.8607570378520002       -3.8604935460449998       -3.4439088209750000       -3.4435220020170001       -3.3335957196799999     
   83.436124278221300       -3.8128900614910002       -3.8126607975350000       -3.3932044152019998       -3.3928726875259998       -3.3012501255959998     
   83.550801907525653       -3.7644657242749999       -3.7642661824640000       -3.3420257045180000       -3.3417426969799999       -3.2491828589259999     
   83.717309556189278       -3.6908145945410000       -3.6906524770460001       -3.2643949879490002       -3.2641741289219999       -3.1700931440279998     
   83.771392537850105       -3.6660003316830001       -3.6658490350460000       -3.2382936905860000       -3.2380908755180000       -3.1434737768410002     
   83.929547890967186       -3.5907882250970000       -3.5906651891019998       -3.1593348101570000       -3.1591789718899999       -3.0628723594970002     
   83.980939522772530       -3.5654661910769998       -3.5653513311739999       -3.1328008830899998       -3.1326585211269999       -3.0357631419260001     
   84.180160047856063       -3.4629604400220000       -3.4628731312940002       -3.0256235387229999       -3.0255257208790001       -2.9261590949870002     
   84.228430266301757       -3.4370365927280000       -3.4369550536340001       -2.9985739987289999       -2.9984852501860000       -2.8984739770779999     
   84.276106434111014       -3.4109964819980001       -3.4109203252609999       -2.9714243507050000       -2.9713439476630001       -2.8706781694769998     
   84.323198161704710       -3.3848414110579998       -3.3847702758059999       -2.9441755323710002       -2.9441027989270001       -2.8427730899219998     
   84.369714868709551       -3.3585726572499999       -3.3585062071879999       -2.9168284561790001       -2.9167627621940002       -2.8147601240490001     
   84.461059971997742       -3.3056990844900001       -3.3056410858740000       -2.8618430630120000       -2.8617897297780002       -2.7584159204840000     
   84.550213450845163       -3.2523854868650002       -3.2523348492239998       -2.8064750228489999       -2.8064320249260000       -2.7016560337250000     
   84.637244231579800       -3.1986412100760000       -3.1985969857700001       -2.7507308741220000       -2.7506964747820000       -2.6444904775559999     
