    1     1.0000     -1.91895     -1.96928     -1.99086     -2.00078     -2.00132     -2.00146
    2     1.0500     -1.90928     -1.96334     -1.98713     -1.99834     -1.99889     -1.99903
    3     1.1000     -1.89625     -1.95441     -1.98063     -1.99330     -1.99386     -1.99401
    4     1.1500     -1.88044     -1.94309     -1.97203     -1.98632     -1.98688     -1.98704
    5     1.2000     -1.86234     -1.92993     -1.96187     -1.97799     -1.97855     -1.97871
    6     1.2500     -1.84241     -1.91540     -1.95066     -1.96882     -1.96937     -1.96953
    7     1.3000     -1.82103     -1.89990     -1.93882     -1.95928     -1.95981     -1.95996
    8     1.3500     -1.79857     -1.88381     -1.92677     -1.94980     -1.95028     -1.95042
    9     1.4000     -1.77535     -1.86747     -1.91485     -1.94074     -1.94114     -1.94126
   10     1.4500     -1.75168     -1.85115     -1.90336     -1.93244     -1.93274     -1.93283
   11     1.5000     -1.72783     -1.83510     -1.89255     -1.92516     -1.92533     -1.92538
   12     1.5500     -1.70407     -1.81950     -1.88258     -1.91910     -1.91915     -1.91917
   13     1.6000     -1.68064     -1.80446     -1.87355     -1.91438     -1.91438     -1.91438
   14     1.6500     -1.65776     -1.79000     -1.86547     -1.91108     -1.91117     -1.91120
   15     1.7000     -1.63566     -1.77607     -1.85824     -1.90919     -1.90966     -1.90981
   16     1.7500     -1.61454     -1.76251     -1.85169     -1.90875     -1.91003     -1.91045
   17     1.8000     -1.59460     -1.74908     -1.84560     -1.90997     -1.91261     -1.91349
   18     1.8500     -1.57604     -1.73550     -1.83982     -1.91347     -1.91793     -1.91944
   19     1.9000     -1.55907     -1.72159     -1.83441     -1.92063     -1.92689     -1.92906
   20     1.9500     -1.54388     -1.70757     -1.83007     -1.93371     -1.94086     -1.94338
   21     2.0000     -1.53065     -1.69445     -1.82845     -1.95546     -1.96162     -1.96384
   22     2.0500     -1.51948     -1.68402     -1.83205     -1.98745     -1.99093     -1.99220
   23     2.1000     -1.51039     -1.67822     -1.84318     -2.02839     -2.02938     -2.02968
   24     2.1500     -1.50326     -1.67816     -1.86262     -2.07426     -2.07528     -2.07533
   25     2.2000     -1.49788     -1.68359     -1.88909     -2.12035     -2.12462     -2.12545
   26     2.2500     -1.49400     -1.69323     -1.91993     -2.16308     -2.17256     -2.17484
   27     2.3000     -1.49135     -1.70541     -1.95223     -2.20051     -2.21520     -2.21901
   28     2.3500     -1.48967     -1.71867     -1.98367     -2.23192     -2.25042     -2.25539
   29     2.4000     -1.48874     -1.73197     -2.01280     -2.25733     -2.27777     -2.28335
   30     2.4500     -1.48836     -1.74468     -2.03894     -2.27719     -2.29785     -2.30354
   31     2.5000     -1.48839     -1.75651     -2.06194     -2.29215     -2.31178     -2.31723
   32     2.5500     -1.48870     -1.76736     -2.08201     -2.30294     -2.32081     -2.32577
   33     2.6000     -1.48919     -1.77727     -2.09950     -2.31030     -2.32606     -2.33044
   34     2.6500     -1.48981     -1.78631     -2.11482     -2.31489     -2.32848     -2.33225
   35     2.7000     -1.49048     -1.79460     -2.12836     -2.31732     -2.32883     -2.33202
   36     2.7500     -1.49117     -1.80226     -2.14049     -2.31806     -2.32770     -2.33035
   37     2.8000     -1.49185     -1.80940     -2.15151     -2.31754     -2.32552     -2.32772
   38     2.8500     -1.49249     -1.81610     -2.16169     -2.31605     -2.32263     -2.32442
   39     2.9000     -1.49308     -1.82245     -2.17124     -2.31386     -2.31924     -2.32070
   40     2.9500     -1.49361     -1.82851     -2.18034     -2.31115     -2.31554     -2.31672
   41     3.0000     -1.49407     -1.83435     -2.18913     -2.30806     -2.31162     -2.31258
   42     3.0500     -1.49446     -1.84002     -2.19772     -2.30468     -2.30757     -2.30835
   43     3.1000     -1.49478     -1.84554     -2.20621     -2.30110     -2.30343     -2.30405
   44     3.1500     -1.49501     -1.85097     -2.21467     -2.29733     -2.29922     -2.29972
   45     3.2000     -1.49518     -1.85631     -2.22315     -2.29342     -2.29495     -2.29535
   46     3.2500     -1.49527     -1.86161     -2.23170     -2.28937     -2.29060     -2.29092
   47     3.3000     -1.49530     -1.86687     -2.24035     -2.28517     -2.28616     -2.28641
   48     3.3500     -1.49527     -1.87211     -2.24913     -2.28081     -2.28160     -2.28181
   49     3.4000     -1.49517     -1.87734     -2.25805     -2.27626     -2.27691     -2.27707
   50     3.4500     -1.49502     -1.88258     -2.26714     -2.27152     -2.27204     -2.27217
   51     3.5000     -1.49482     -1.88784     -2.27640     -2.26653     -2.26695     -2.26706
   52     3.5500     -1.49457     -1.89311     -2.28584     -2.26128     -2.26162     -2.26171
   53     3.6000     -1.49428     -1.89841     -2.29545     -2.25573     -2.25601     -2.25607
   54     3.6500     -1.49395     -1.90374     -2.30525     -2.24984     -2.25007     -2.25012
   55     3.7000     -1.49359     -1.90911     -2.31524     -2.24358     -2.24376     -2.24381
   56     3.7500     -1.49319     -1.91451     -2.32540     -2.23691     -2.23706     -2.23709
   57     3.8000     -1.49277     -1.91996     -2.33574     -2.22980     -2.22992     -2.22995
   58     3.8500     -1.49232     -1.92544     -2.34625     -2.22220     -2.22230     -2.22232
   59     3.9000     -1.49186     -1.93097     -2.35693     -2.21409     -2.21417     -2.21419
   60     3.9500     -1.49137     -1.93654     -2.36777     -2.20543     -2.20549     -2.20551
