5.0 0.22474786951272291 -1.1138209 -1.1150778 -1.2522466
6.0 0.24633708657984518 -1.0548706 -1.0571215 -1.2014678
7.0 0.26625119958804888 -1.0023544 -1.0061809 -1.1554039
8.0 0.28485310431016619 -0.7366413 -0.8544657 -0.9808935
9.0 0.30239593556098865 -0.7042857 -0.8208654 -0.9479639
10.0 0.31906493487798943 -0.6778538 -0.7910369 -0.9171211
11.0 0.33500078657648524 -0.6571915 -0.7634353 -0.8855409
12.0 0.35031356184872481 -0.6378962 -0.7341131 -0.8492225
13.0 0.36509151747647400 -0.6112174 -0.6992241 -0.8084306
14.0 0.37940689731182314 -0.5789342 -0.6615618 -0.7672476
15.0 0.39331989892118169 -0.544787 -0.6235191 -0.7270134
16.0 0.40688146985598445 -0.5102341 -0.5858816 -0.6879285
17.0 0.42013533111630319 -0.475833 -0.5489228 -0.6500095
18.0 0.43311947504735931 -0.4418366 -0.5127567 -0.6132414
19.0 0.44586729660476643 -0.4083779 -0.4774353 -0.577601
20.0 0.45840846314364242 -0.3755331 -0.4429803 -0.5430601
21.0 0.47076959408630886 -0.3433467 -0.4093951 -0.5095863
22.0 0.48297479998608267 -0.3118427 -0.3766706 -0.4771433
23.0 0.49504611604806875 -0.2810308 -0.3447878 -0.4456914
24.0 0.50700385538738835 -0.2509106 -0.3137209 -0.4151888
25.0 0.51886690055881535 -0.2214748 -0.2834388 -0.3855927
26.0 0.53065294715660993 -0.1927122 -0.253907 -0.35686
27.0 0.54237870990772830 -0.1646107 -0.2250889 -0.3289493
28.0 0.55406009924157285 -0.1371616 -0.1969476 -0.3018215
29.0 0.56571237453403433 -0.1103654 -0.1694473 -0.2754422
30.0 0.57735027890326807 -0.0842417 -0.1425554 -0.2497827
31.0 0.58898815944976501 -0.0588522 -0.1162456 -0.2248236
32.0 0.60064007609376124 -0.0707491 -0.0905041 -0.2005588
33.0 0.61231990160563299 -0.086549 -0.0932478 -0.1770029
34.0 0.62404141500474464 -0.1023054 -0.1088622 -0.1542051
35.0 0.63581839018712483 -0.118036 -0.1244835 -0.1405963
36.0 0.64766468140925815 -0.1337614 -0.1401109 -0.156352
37.0 0.65959430708758449 -0.1494991 -0.1557484 -0.172169
38.0 0.67162153325915808 -0.1652563 -0.1713957 -0.1880632
39.0 0.68376095798003989 -0.1810138 -0.1870347 -0.20407
40.0 0.69602759790885060 -0.1966838 -0.2026033 -0.2202618
41.0 0.70843697833015451 -0.2119745 -0.2179201 -0.2368171
42.0 0.72100522791448773 -0.2258988 -0.2324484 -0.2542956
43.0 0.73374917958905994 -0.1378025 -0.2610482 -0.4701281
44.0 0.74668647900714824 -0.1285477 -0.2525494 -0.463521
45.0 0.75983570225832975 -0.1211768 -0.2448717 -0.4519064
46.0 0.77321648466098036 -0.1579515 -0.2398092 -0.4034753
47.0 0.78684966272995749 -0.11409 -0.2282857 -0.4453182
48.0 0.80075743172543956 -0.3219256 -0.3798097 -0.4635865
49.0 0.81496352157574936
50.0 0.82949339444344139 -0.0926672 -0.2036186 -0.4376342
51.0 0.84437446779034697 -0.0999066 -0.1956175 -0.4293605
52.0 0.85963636751982619 -0.115186 -0.1909676 -0.3346353
53.0 0.87531121666696521 -0.111106 -0.1644794 -0.2652489
54.0 0.89143396621364279 -0.0851928 -0.1313762 -0.2194347
55.0 0.90804277598219907 -0.0529919 -0.0954266 -0.1780043
56.0 0.92517945528340284 -0.0182474 -0.0579459 -0.1376472
57.0 0.94288997515969897 0.0177036 -0.0194866 -0.0974803
58.0 0.96122506680355879 0.0541991 0.0196765 -0.0729001
59.0 0.98024092421724396 0.0907107 0.059352 -0.0514798
60.0 1.0000000336490449 0.1265537 0.0993165 -0.0302065
61.0 1.0205721581109972 0.160583 0.1390725 -0.0093376
62.0 1.0420355127918348 0.1908333 0.1644641 0.0107523
63.0 1.0644781770328475 0.2146062 0.1897794 0.0294503
64.0 1.0879998015825072 0.2301008 0.2141699 0.0456979
65.0 1.1127136872907215 0.2382134 0.233845 0.0576897
66.0 1.1387493349689228 0.241354 0.2320494 0.0627239
67.0 1.1662555983306084 0.2298081 0.2020068 0.0579865
68.0 1.1954046164231349 0.1917088 0.1623684 0.0424245
69.0 1.2263967642726714 0.1500024 0.1195712 0.0174637
70.0 1.2594669489559134 0.106565 0.0751973 -0.014412
71.0 1.2948927059181552 0.0620345 0.029779 -0.0510501
72.0 1.3330047374615932 0.016648 -0.0164795 -0.0909906
73.0 1.3742008147382716 -0.0295172 -0.0635094 -0.1333337
74.0 1.4189643903365978 -0.0764594 -0.1113101 -0.1775482
75.0 1.4678899319530556 -0.1242181 -0.1599207 -0.2233338
76.0 1.5217180473945009 -0.1728562 -0.2094068 -0.2705388
77.0 1.5813852119866876 -0.2224487 -0.2598521 -0.319112
78.0 1.6480958607190197 -0.2730706 -0.3113537 -0.3690781
79.0 1.7234297938777567 -0.3247821 -0.3640149 -0.4205258
80.0 1.8095073443210954 -0.3776073 -0.4179383 -0.4736051
81.0 1.9092530122354845 -0.4315138 -0.4732194 -0.5285303
82.0 2.0268354180156947 -0.4864272 -0.5299625 -0.5855912
83.0 2.1684423371644423 -0.5424053 -0.5883991 -0.6451963
84.0 2.3437412473608381 -0.6002075 -0.6492842 -0.7080628
85.0 2.5688804782633659 -0.6623287 -0.7147065 -0.7757682
