5.0 0.22474786951272291 -0.16628 0.28310 -0.66017 -0.24193 -.94327
6.0 0.24633708657984518 -0.18769 0.24808 -0.62461 -0.22984 -.87269
7.0 0.26625119958804888 -0.20301 0.22189 -0.59143 -0.22058 -.81332
8.0 0.28485310431016619 -0.18309 0.18278 -0.42858 -0.40810 -.61136
9.0 0.30239593556098865 -0.21636 0.17376 -0.40407 -0.37285 -.57783
10.0 0.31906493487798943 -0.24698 0.16460 -0.38431 -0.33744 -.54891
11.0 0.33500078657648524 -0.27509 0.15303 -0.37022 -0.30034 -.52325
12.0 0.35031356184872481 -0.29934 0.13658 -0.35956 -0.26001 -.49614
13.0 0.36509151747647400 -0.31866 0.11666 -0.34502 -0.21878 -.46168
14.0 0.37940689731182314 -0.33465 0.09658 -0.32626 -0.17862 -.42284
15.0 0.39331989892118169 -0.34851 0.07726 -0.30563 -0.13920 -.38289
16.0 0.40688146985598445 -0.36078 0.05880 -0.28419 -0.10019 -.34299
17.0 0.42013533111630319 -0.37176 0.04124 -0.26236 -0.06142 -.30360
18.0 0.43311947504735931 -0.38167 0.02458 -0.24034 -0.02285 -.26492
19.0 0.44586729660476643 -0.39068 0.00884 -0.21824 0.01550 -.22708
20.0 0.45840846314364242 -0.39890 -0.00599 -0.19613 0.05354 -.19014
21.0 0.47076959408630886 -0.40642 -0.01990 -0.17403 0.09103 -.15413
22.0 0.48297479998608267 -0.41333 -0.03290 -0.15196 0.12746 -.11906
23.0 0.49504611604806875 -0.41969 -0.04499 -0.12993 0.16161 -.08494
24.0 0.50700385538738835 -0.42554 -0.05619 -0.10793 0.19033 -.05174
25.0 0.51886690055881535 -0.43093 -0.06651 -0.08596 0.20660 -.01945
26.0 0.53065294715660993 -0.43589 -0.07597 -0.06401 0.20482 .01196
27.0 0.54237870990772830 -0.44044 -0.08459 -0.04206 0.19095 .04253
28.0 0.55406009924157285 -0.44462 -0.09239 -0.02011 0.17241 .07228
29.0 0.56571237453403433 -0.44845 -0.09940 0.00185 0.15249 .10125
30.0 0.57735027890326807 -0.45193 -0.10563 0.02381 0.13238 .12944
31.0 0.58898815944976501 -0.45510 -0.11111 0.04577 0.11257 .15688
32.0 0.60064007609376124 -0.45795 -0.11587 0.06767 0.09325 .18354
33.0 0.61231990160563299 -0.46051 -0.11992 0.07450 0.08941 .19442
34.0 0.62404141500474464 -0.46279 -0.12328 0.05635 0.11076 .17963
35.0 0.63581839018712483 -0.45671 -0.12597 0.03878 0.13118 .16475
36.0 0.64766468140925815 -0.44788 -0.12801 0.02180 0.14924 .14981
37.0 0.65959430708758449 -0.43878 -0.12943 0.00537 0.16160 .13480
38.0 0.67162153325915808 -0.42945 -0.13023 -0.01051 0.16523 .11972
39.0 0.68376095798003989 -0.41991 -0.13045 -0.02586 0.16285 .10459
40.0 0.69602759790885060 -0.41022 -0.13012 -0.04065 0.15824 .08947
41.0 0.70843697833015451 -0.40054 -0.12927 -0.05483 0.15316 .07444
42.0 0.72100522791448773 -0.39123 -0.12798 -0.06816 0.14836 .05982
43.0 0.73374917958905994 -0.32373 -0.12069 -0.13776 0.13823 -.01707
44.0 0.74668647900714824 -0.33780 -0.11640 -0.12582 0.13335 -.00942
45.0 0.75983570225832975 -0.35192 -0.11092 -0.11221 0.12888 -.00129
46.0 0.77321648466098036 -0.37558 -0.11021 -0.09582 0.13024 .01439
47.0 0.78684966272995749 -0.38028 -0.10274 -0.09112 0.12290 .01162
48.0 0.80075743172543956 -0.39739 0.03133 -0.06569 0.13515 -.09702
49.0 0.81496352157574936
50.0 0.82949339444344139 -0.41977 -0.08186 -0.05227 0.11284 .02959
51.0 0.84437446779034697 -0.43646 -0.07469 -0.03865 0.10918 .03604
52.0 0.85963636751982619 -0.44400 -0.08352 -0.02389 0.10795 .05963
53.0 0.87531121666696521 -0.44213 -0.10560 -0.00947 0.11511 .09613
54.0 0.89143396621364279 -0.44144 -0.12569 0.00700 0.11900 .13269
55.0 0.90804277598219907 -0.44029 -0.14594 0.02418 0.12207 .17012
56.0 0.92517945528340284 -0.43872 -0.16632 0.04181 0.12503 .20813
57.0 0.94288997515969897 -0.43678 -0.18669 0.05982 0.12819 .24651
58.0 0.96122506680355879 -0.43452 -0.20697 0.07816 0.13170 .28513
59.0 0.98024092421724396 -0.43195 -0.22709 0.09668 0.13565 .32377
60.0 1.0000000336490449 -0.42908 -0.24703 0.11503 0.14009 .36206
61.0 1.0205721581109972 -0.42591 -0.26680 0.13248 0.14508 .39928
62.0 1.0420355127918348 -0.42242 -0.28638 0.14741 0.15064 .43379
63.0 1.0644781770328475 -0.41861 -0.30578 0.15647 0.15680 .46225
64.0 1.0879998015825072 -0.41446 -0.32502 0.15438 0.16359 .47940
65.0 1.1127136872907215 -0.40994 -0.34411 0.13816 0.17104 .48227
66.0 1.1387493349689228 -0.40504 -0.36308 0.11106 0.17916 .47414
67.0 1.1662555983306084 -0.39973 -0.38193 0.07794 0.18798 .45987
68.0 1.1954046164231349 -0.40069 -0.39396 0.04175 0.19751 .43571
69.0 1.2263967642726714 -0.41937 -0.38771 0.00394 0.20777 .39165
70.0 1.2594669489559134 -0.43801 -0.38092 -0.03478 0.21877 .34614
71.0 1.2948927059181552 -0.45660 -0.37354 -0.07403 0.23052 .29951
72.0 1.3330047374615932 -0.46013 -0.36551 -0.11364 0.24301 .25187
73.0 1.3742008147382716 -0.44409 -0.35673 -0.15348 0.25622 .20325
74.0 1.4189643903365978 -0.42718 -0.34712 -0.19350 0.27014 .15362
75.0 1.4678899319530556 -0.40927 -0.33656 -0.23366 0.28470 .10290
76.0 1.5217180473945009 -0.39022 -0.32493 -0.27393 0.29983 .05100
77.0 1.5813852119866876 -0.36987 -0.31204 -0.31428 0.31543 -.00224
78.0 1.6480958607190197 -0.34799 -0.29771 -0.35467 0.33137 -.05696
79.0 1.7234297938777567 -0.32438 -0.28173 -0.39503 0.34762 -.11330
80.0 1.8095073443210954 -0.29883 -0.26388 -0.43527 0.36441 -.17139
81.0 1.9092530122354845 -0.27128 -0.24400 -0.47528 0.38253 -.23128
82.0 2.0268354180156947 -0.24189 -0.22204 -0.51496 0.40362 -.29292
83.0 2.1684423371644423 -0.21113 -0.19810 -0.55431 0.43015 -.35621
84.0 2.3437412473608381 -0.17934 -0.17196 -0.59357 0.46492 -.42161
85.0 2.5688804782633659 -0.14536 -0.14198 -0.63330 0.51059 -.49132
