5.0 0.22474786951272291 -0.874255464641
6.0 0.24633708657984518 -1.64854223755
7.0 0.26625119958804888 -2.23156564799
8.0 0.28485310431016619 -2.67594744252
9.0 0.30239593556098865 -3.07622023946
10.0 0.31906493487798943 -3.41223708936
11.0 0.33500078657648524 -3.70121789165
12.0 0.35031356184872481 -3.95424420898
13.0 0.36509151747647400 -4.17675173376
14.0 0.37940689731182314 -4.37230078292
15.0 0.39331989892118169 -4.54450617617
16.0 0.40688146985598445 -4.69652571853
17.0 0.42013533111630319 -4.83095065997
18.0 0.43311947504735931 -4.94990029118
19.0 0.44586729660476643 -5.05512587001
20.0 0.45840846314364242 -5.14809348496
21.0 0.47076959408630886 -5.23004626830
22.0 0.48297479998608267 -5.30205056210
23.0 0.49504611604806875 -5.36503026663
24.0 0.50700385538738835 -5.41979260863
25.0 0.51886690055881535 -5.46704768816
26.0 0.53065294715660993 -5.50742349530
27.0 0.54237870990772830 -5.54147760490
28.0 0.55406009924157285 -5.56970641357
29.0 0.56571237453403433 -5.59255254018
30.0 0.57735027890326807 -5.61041084065
31.0 0.58898815944976501 -5.62363336816
32.0 0.60064007609376124 -5.63253352873
33.0 0.61231990160563299 -5.63738962941
34.0 0.62404141500474464 -5.63844799143
35.0 0.63581839018712483 -5.63592580572
36.0 0.64766468140925815 -5.63001396521
37.0 0.65959430708758449 -5.62088026650
38.0 0.67162153325915808 -5.60867378053
39.0 0.68376095798003989 -5.59353227267
40.0 0.69602759790885060 -5.57559769904
41.0 0.70843697833015451 -5.55505510688
42.0 0.72100522791448773 -5.53224803598
43.0 0.73374917958905994 -5.39549218827
44.0 0.74668647900714824 -5.41593591482
45.0 0.75983570225832975 -5.43296346397
46.0 0.77321648466098036 -5.45999120483
47.0 0.78684966272995749 -5.46436801352
48.0 0.80075743172543956 -5.20048544736
49.0 0.81496352157574936 -5.26463421376
50.0 0.82949339444344139 -5.48373634115
51.0 0.84437446779034697 -5.48638277714
52.0 0.85963636751982619 -5.49767524547
53.0 0.87531121666696521 -5.54329183187
54.0 0.89143396621364279 -5.59452312602
55.0 0.90804277598219907 -5.64586148374
56.0 0.92517945528340284 -5.69566344919
57.0 0.94288997515969897 -5.74321299707
58.0 0.96122506680355879 -5.78809118132
59.0 0.98024092421724396 -5.82998444382
60.0 1.0000000336490449 -5.86861262428
61.0 1.0205721581109972 -5.90369631613
62.0 1.0420355127918348 -5.93493895503
63.0 1.0644781770328475 -5.96201480669
64.0 1.0879998015825072 -5.98455918567
65.0 1.1127136872907215 -6.00215911341
66.0 1.1387493349689228 -6.01434333800
67.0 1.1662555983306084 -6.02057088151
68.0 1.1954046164231349 -6.02021729927
69.0 1.2263967642726714 -6.01255771233
70.0 1.2594669489559134 -5.99674542908
71.0 1.2948927059181552 -5.97178458611
72.0 1.3330047374615932 -5.93649466179
73.0 1.3742008147382716 -5.88946385967
74.0 1.4189643903365978 -5.82898706844
75.0 1.4678899319530556 -5.75298211425
76.0 1.5217180473945009 -5.65887485175
77.0 1.5813852119866876 -5.54343839630
78.0 1.6480958607190197 -5.40256271749
79.0 1.7234297938777567 -5.23091422227
80.0 1.8095073443210954 -5.02141275663
81.0 1.9092530122354845 -4.76438680426
82.0 2.0268354180156947 -4.44612080825
83.0 2.1684423371644423 -4.04616842125
84.0 2.3437412473608381 -3.53199512528
85.0 2.5688804782633659 -2.84751072857
