5.0 0.22474786951272291 -0.72001 -0.21061 -0.15911 0.61038 .05150
6.0 0.24633708657984518 -0.69378 -0.21069 -0.15408 0.54622 .05661
7.0 0.26625119958804888 -0.66807 -0.20953 -0.14792 0.49041 .06161
8.0 0.28485310431016619 -0.64334 -0.20710 -0.14030 0.44085 .06680
9.0 0.30239593556098865 -0.62006 -0.20341 -0.13091 0.39588 .07250
10.0 0.31906493487798943 -0.59865 -0.19856 -0.11949 0.35418 .07907
11.0 0.33500078657648524 -0.57936 -0.19274 -0.10591 0.31484 .08683
12.0 0.35031356184872481 -0.56222 -0.18625 -0.09019 0.27733 .09606
13.0 0.36509151747647400 -0.54704 -0.17948 -0.07250 0.24150 .10698
14.0 0.37940689731182314 -0.53341 -0.17291 -0.05314 0.20748 .11977
15.0 0.39331989892118169 -0.52075 -0.16726 -0.03240 0.17565 .13486
16.0 0.40688146985598445 -0.50809 -0.16381 -0.01049 0.14674 .15332
17.0 0.42013533111630319 -0.49393 -0.16497 0.01273 0.12192 .17770
18.0 0.43311947504735931 -0.47738 -0.17303 0.03798 0.10207 .21101
19.0 0.44586729660476643 -0.46050 -0.18680 0.06510 0.08695 .25190
20.0 0.45840846314364242 -0.44609 -0.20292 0.07623 0.09114 .27915
21.0 0.47076959408630886 -0.43518 -0.21908 0.07003 0.11150 .28911
22.0 0.48297479998608267 -0.42752 -0.23455 0.06844 0.12304 .30299
23.0 0.49504611604806875 -0.42239 -0.24943 0.07118 0.12638 .32061
24.0 0.50700385538738835 -0.41901 -0.26394 0.07739 0.12440 .34133
25.0 0.51886690055881535 -0.41664 -0.27807 0.08593 0.11960 .36400
26.0 0.53065294715660993 -0.41482 -0.29169 0.09584 0.11345 .38753
27.0 0.54237870990772830 -0.41326 -0.30465 0.10652 0.10673 .41117
28.0 0.55406009924157285 -0.41183 -0.31687 0.09987 0.11760 .41674
29.0 0.56571237453403433 -0.41046 -0.32829 0.09310 0.12888 .42139
30.0 0.57735027890326807 -0.40911 -0.33891 0.08657 0.14022 .42548
31.0 0.58898815944976501 -0.40779 -0.34872 0.08036 0.15152 .42908
32.0 0.60064007609376124 -0.40649 -0.35773 0.07454 0.16274 .43227
33.0 0.61231990160563299 -0.40523 -0.36596 0.06913 0.17380 .43509
34.0 0.62404141500474464 -0.40400 -0.37343 0.06416 0.18466 .43759
35.0 0.63581839018712483 -0.40283 -0.38015 0.05965 0.19527 .43980
36.0 0.64766468140925815 -0.40174 -0.38617 0.05560 0.20557 .44177
37.0 0.65959430708758449 -0.40072 -0.39148 0.05201 0.21550 .44349
38.0 0.67162153325915808 -0.39980 -0.39612 0.04887 0.22497 .44499
39.0 0.68376095798003989 -0.40011 -0.39899 0.04617 0.23387 .44516
40.0 0.69602759790885060 -0.40345 -0.39829 0.04392 0.24208 .44221
41.0 0.70843697833015451 -0.40617 -0.39770 0.04209 0.24939 .43979
42.0 0.72100522791448773 -0.40827 -0.39724 0.04068 0.25558 .43792
43.0 0.73374917958905994 -0.40976 -0.39691 0.03968 0.26034 .43659
44.0 0.74668647900714824 -0.41065 -0.39671 0.03909 0.26337 .43580
45.0 0.75983570225832975 -0.41095 -0.39665 0.03889 0.26442 .43554
46.0 0.77321648466098036 -0.41065 -0.39671 0.03909 0.26337 .43580
47.0 0.78684966272995749 -0.40976 -0.39691 0.03968 0.26034 .43659
48.0 0.80075743172543956 -0.40827 -0.39724 0.04068 0.25558 .43792
49.0 0.81496352157574936 -0.40617 -0.39770 0.04209 0.24939 .43979
50.0 0.82949339444344139 -0.40345 -0.39829 0.04392 0.24208 .44221
51.0 0.84437446779034697 -0.40011 -0.39899 0.04617 0.23387 .44516
52.0 0.85963636751982619 -0.39980 -0.39612 0.04887 0.22497 .44499
53.0 0.87531121666696521 -0.40072 -0.39148 0.05201 0.21550 .44349
54.0 0.89143396621364279 -0.40174 -0.38617 0.05560 0.20557 .44177
55.0 0.90804277598219907 -0.40283 -0.38015 0.05965 0.19527 .43980
56.0 0.92517945528340284 -0.40400 -0.37343 0.06416 0.18466 .43759
57.0 0.94288997515969897 -0.40523 -0.36596 0.06913 0.17380 .43509
58.0 0.96122506680355879 -0.40649 -0.35773 0.07454 0.16274 .43227
59.0 0.98024092421724396 -0.40779 -0.34872 0.08036 0.15152 .42908
60.0 1.0000000336490449 -0.40911 -0.33891 0.08657 0.14022 .42548
61.0 1.0205721581109972 -0.41046 -0.32829 0.09310 0.12888 .42139
62.0 1.0420355127918348 -0.41183 -0.31687 0.09987 0.11760 .41674
63.0 1.0644781770328475 -0.41326 -0.30465 0.10652 0.10673 .41117
64.0 1.0879998015825072 -0.41482 -0.29169 0.09584 0.11345 .38753
65.0 1.1127136872907215 -0.41664 -0.27807 0.08593 0.11960 .36400
66.0 1.1387493349689228 -0.41901 -0.26394 0.07739 0.12440 .34133
67.0 1.1662555983306084 -0.42239 -0.24943 0.07118 0.12638 .32061
68.0 1.1954046164231349 -0.42752 -0.23455 0.06844 0.12304 .30299
69.0 1.2263967642726714 -0.43518 -0.21908 0.07003 0.11150 .28911
70.0 1.2594669489559134 -0.44609 -0.20292 0.07623 0.09114 .27915
71.0 1.2948927059181552 -0.46050 -0.18680 0.06510 0.08695 .25190
72.0 1.3330047374615932 -0.47738 -0.17303 0.03798 0.10207 .21101
73.0 1.3742008147382716 -0.49393 -0.16497 0.01273 0.12192 .17770
74.0 1.4189643903365978 -0.50809 -0.16381 -0.01049 0.14674 .15332
75.0 1.4678899319530556 -0.52075 -0.16726 -0.03240 0.17565 .13486
76.0 1.5217180473945009 -0.53341 -0.17291 -0.05314 0.20748 .11977
77.0 1.5813852119866876 -0.54704 -0.17948 -0.07250 0.24150 .10698
78.0 1.6480958607190197 -0.56222 -0.18625 -0.09019 0.27733 .09606
79.0 1.7234297938777567 -0.57936 -0.19274 -0.10591 0.31484 .08683
80.0 1.8095073443210954 -0.59865 -0.19856 -0.11949 0.35418 .07907
81.0 1.9092530122354845 -0.62006 -0.20341 -0.13091 0.39588 .07250
82.0 2.0268354180156947 -0.64334 -0.20710 -0.14030 0.44085 .06680
83.0 2.1684423371644423 -0.66807 -0.20953 -0.14792 0.49041 .06161
84.0 2.3437412473608381 -0.69378 -0.21069 -0.15408 0.54622 .05661
85.0 2.5688804782633659 -0.72001 -0.21061 -0.15911 0.61038 .05150
