5.0 0.22474786951272291 -6.00500970508
5.25 0.23032811073355966 -6.11486063231
5.50 0.23578063841929153 -6.21408110237
5.75 0.24111432303437602 -6.30383669309
6.00 0.24633708657984518 -6.38511558557
6.25 0.25145603955751983 -6.45876210065
6.50 0.25647759350390792 -6.52550290436
6.75 0.26140755421862366 -6.58596768283
7.00 0.26625119958804888 -6.64070559826
7.25 0.27101334500631991 -6.69019849352
7.50 0.27569839872782342 -6.73487156799
7.75 0.28031040898329512 -6.77510206931
8.00 0.28485310431016619 -6.81122641518
8.25 0.28932992825516618 -6.84354606716
8.50 0.29374406938062309 -6.87233240123
8.75 0.29809848732900202 -6.89783077122
9.00 0.30239593556098865 -6.92026391541
9.25 0.30663898127202549 -6.93983482826
9.50 0.31083002290405076 -6.95672919323
9.75 0.31497130559833353 -6.97111745357
10.00 0.31906493487798943 -6.98315658370
10.25 0.32311288880213562 -6.99299161112
10.50 0.32711702879550453 -7.00075692957
10.75 0.33107910932596624 -7.00657743755
11.00 0.33500078657648524 -7.01056952881
11.25 0.33888362623650670 -7.01284195768
11.50 0.34272911051981081 -7.01349659794
11.75 0.34653864450082428 -7.01262911041
12.00 0.35031356184872481 -7.01032953266
12.25 0.35405513002798283 -7.00668280166
12.50 0.35776455502492738 -7.00176921876
12.75 0.36144298565221100 -6.99566486607
13.00 0.36509151747647400 -6.98844198091
13.25 0.36871119640886968 -6.98016929650
13.50 0.37230302199327187 -6.97091235552
13.75 0.37586795042281695 -6.96073380406
14.00 0.37940689731182314 -6.94969367376
14.25 0.38292074024700901 -6.93784966114
14.50 0.38641032113921558 -6.92525741459
14.75 0.38987644839447261 -6.91197084137
15.00 0.39331989892118169 -6.89804245063
15.25 0.39674141998838264 -6.88352375298
15.50 0.40014173094847860 -6.86846574331
15.75 0.40352152483640419 -6.85291950420
16.00 0.40688146985598445 -6.83693698048
16.25 0.41022221076315113 -6.82057199503
16.50 0.41354437015471773 -6.80388160204
16.75 0.41684854967056112 -6.78692790471
17.00 0.42013533111630319 -6.76978049501
17.25 0.42340527751290741 -6.75251968055
17.50 0.42665893407900496 -6.73524060251
17.75 0.42989682915123001 -6.71805812714
18.00 0.43311947504735931 -6.70111189468
18.25 0.43632736887662232 -6.68457008616
18.50 0.43952099330116196 -6.66862955945
18.75 0.44270081725227745 -6.65350965846
19.00 0.44586729660476643 -6.63943785877
19.25 0.44902087481240505 -6.62662740702
19.50 0.45216198350734593 -6.61524970710
19.75 0.45529104306598517 -6.60540747682
20.00 0.45840846314364242 -6.59711848067
20.25 0.46151464318020630 -6.59032099986
20.50 0.46460997287872730 -6.58490708732
20.75 0.46769483265878409 -6.58078110854
21.00 0.47076959408630886 -6.57794341005
21.25 0.47383462028142359 -6.57663312089
21.50 0.47689026630572684 -6.57763766508
21.75 0.47993687953036013 -6.58223283989
22.00 0.48297479998608267 -6.59005037312
22.25 0.48600436069649899 -6.59964370677
22.50 0.48902588799549546 -6.61007013332
22.75 0.49203970182987000 -6.62082467375
23.00 0.49504611604806875 -6.63163599139
23.25 0.49804543867587991 -6.64235286861
23.50 0.50103797217987622 -6.65288771193
23.75 0.50402401371934424 -6.66318836833
24.00 0.50700385538738835 -6.67322347382
24.25 0.50997778444185260 -6.68297443596
24.50 0.51294608352666027 -6.69243082165
24.75 0.51590903088413309 -6.70158758100
25.00 0.51886690055881535 -6.71044330888
25.25 0.52181996259329522 -6.71899911820
25.50 0.52476848321648584 -6.72725788749
25.75 0.52771272502479782 -6.73522374551
26.00 0.53065294715660993 -6.74290171021
26.25 0.53358940546042311 -6.75029743091
26.50 0.53652235265705239 -6.75741700117
26.75 0.53945203849620049 -6.76426682107
27.00 0.54237870990772830 -6.77085349451
27.25 0.54530261114792489 -6.77718375194
27.50 0.54822398394106098 -6.78326439166
27.75 0.55114306761649301 -6.78910223508
28.00 0.55406009924157285 -6.79470409216
28.25 0.55697531375060216 -6.80007673497
28.50 0.55988894407005929 -6.80522687713
28.75 0.56280122124031395 -6.81016115801
29.00 0.56571237453403433 -6.81488613058
29.25 0.56862263157148163 -6.81940825202
29.50 0.57153221843287527 -6.82373387666
29.75 0.57444135976800692 -6.82786925064
30.00 0.57735027890326807 -6.83182050802
30.25 0.58025919794625369 -6.83559366793
30.50 0.58316833788809341 -6.83919463271
30.75 0.58607791870365555 -6.84262918665
31.00 0.58898815944976501 -6.84590299540
31.25 0.59189927836156764 -6.84902160572
31.50 0.59481149294717062 -6.85199044568
31.75 0.59772502008068074 -6.85481482508
32.00 0.60064007609376124 -6.85749993612
32.25 0.60355687686581816 -6.86005085419
32.50 0.60647563791293169 -6.86247253882
32.75 0.60939657447563289 -6.86476983477
33.00 0.61231990160563299 -6.86694747304
33.25 0.61524583425160395 -6.86901007211
33.50 0.61817458734410646 -6.87096213904
33.75 0.62110637587975959 -6.87280807069
34.00 0.62404141500474464 -6.87455215488
34.25 0.62697992009773107 -6.87619857156
34.50 0.62992210685231265 -6.87775139396
34.75 0.63286819135903882 -6.87921458969
35.00 0.63581839018712483 -6.88059202185
35.25 0.63877292046592293 -6.88188745005
35.50 0.64173199996623487 -6.88310453145
35.75 0.64469584718154593 -6.88424682172
36.00 0.64766468140925815 -6.88531777596
36.25 0.65063872283200119 -6.88632074957
36.50 0.65361819259909770 -6.88725899912
36.75 0.65660331290825846 -6.88813568312
37.00 0.65959430708758449 -6.88895386277
37.25 0.66259139967795155 -6.88971650267
37.50 0.66559481651585173 -6.89042647146
37.75 0.66860478481676788 -6.89108654247
38.00 0.67162153325915808 -6.89169939426
38.25 0.67464529206912238 -6.89226761117
38.50 0.67767629310583211 -6.89279368381
38.75 0.68071476994779589 -6.89328000951
39.00 0.68376095798003989 -6.89372889275
39.25 0.68681509448228206 -6.89414254551
39.50 0.68987741871817743 -6.89452308767
39.75 0.69294817202571524 -6.89487254729
40.00 0.69602759790885060 -6.89519286092
40.25 0.69911594213045092 -6.89548587380
40.50 0.70221345280664171 -6.89575334020
40.75 0.70532038050263912 -6.89599692351
41.00 0.70843697833015451 -6.89621819649
41.25 0.71156350204645979 -6.89641864142
41.50 0.71470021015520846 -6.89659965025
41.75 0.71784736400909988 -6.89676252469
42.00 0.72100522791448773 -6.89690847633
42.25 0.72417406923802852 -6.89703862676
42.50 0.72735415851547003 -6.89715400761
42.75 0.73054576956268569 -6.89725556064
43.00 0.73374917958905994 -6.89734413779
43.25 0.73696466931333482 -6.89742050121
43.50 0.74019252308203054 -6.89748532332
43.75 0.74343302899055930 -6.89753918684
44.00 0.74668647900714824 -6.89758258479
44.25 0.74995316909970178 -6.89761592053
44.50 0.75323339936572720 -6.89763950778
44.75 0.75652747416546084 -6.89765357060
45.00 0.75983570225832975 -6.89765824344
45.25 0.76315839694289456 -6.89765357111
45.50 0.76649587620041937 -6.89763950879
45.75 0.76984846284222430 -6.89761592205
46.00 0.77321648466098036 -6.89758258681
46.25 0.77660027458611014 -6.89753918937
46.50 0.78000017084346973 -6.89748532635
46.75 0.78341651711948912 -6.89742050474
47.00 0.78684966272995749 -6.89734414182
47.25 0.79029996279364645 -6.89725556517
47.50 0.79376777841097601 -6.89715401264
47.75 0.79725347684792980 -6.89703863228
48.00 0.80075743172543956 -6.89690848235
48.25 0.80428002321446923 -6.89676253120
48.50 0.80782163823703412 -6.89659965725
48.75 0.81138267067340353 -6.89641864892
49.00 0.81496352157574936 -6.89621820447
49.25 0.81856459938850701 -6.89599693196
49.50 0.82218632017573356 -6.89575334914
49.75 0.82582910785575958 -6.89548588322
50.00 0.82949339444344139 -6.89519287080
50.25 0.83317962030033754 -6.89487255765
50.50 0.83688823439314863 -6.89452309849
50.75 0.84061969456077290 -6.89414255679
51.00 0.84437446779034697 -6.89372890449
51.25 0.84815303050266300 -6.89328002171
51.50 0.85195586884736429 -6.89279369646
51.75 0.85578347900834917 -6.89226762426
52.00 0.85963636751982619 -6.89169940779
52.25 0.86351505159349251 -6.89108655644
52.50 0.86742005945732381 -6.89042648586
52.75 0.87135193070649397 -6.88971651750
53.00 0.87531121666696521 -6.88895387802
53.25 0.87929848077231665 -6.88813569879
53.50 0.88331429895441260 -6.88725901520
53.75 0.88735926004853483 -6.88632076606
54.00 0.89143396621364279 -6.88531779285
54.25 0.89553903336845653 -6.88424683901
54.50 0.89967509164409376 -6.88310454913
54.75 0.90384278585403033 -6.88188746812
55.00 0.90804277598219907 -6.88059204030
55.25 0.91227573769007742 -6.87921460852
55.50 0.91654236284366797 -6.87775141316
55.75 0.92084336006132139 -6.87619859112
56.00 0.92517945528340284 -6.87455217480
56.25 0.92955139236486140 -6.87280809096
56.50 0.93395993369181618 -6.87096215966
56.75 0.93840586082334254 -6.86901009307
57.00 0.94288997515969897 -6.86694749434
57.25 0.94741309863831702 -6.86476985640
57.50 0.95197607445894206 -6.86247256078
57.75 0.95657976783940157 -6.86005087646
58.00 0.96122506680355879 -6.85749995871
58.25 0.96591288300310196 -6.85481484798
58.50 0.97064415257492132 -6.85199046888
58.75 0.97541983703592194 -6.84902162922
59.00 0.98024092421724396 -6.84590301919
59.25 0.98510842923997155 -6.84262921074
59.50 0.99002339553454166 -6.83919465708
59.75 0.99498689590620693 -6.83559369258
60.00 1.0000000336490449 -6.83182053294
60.25 1.0050639437111659 -6.82786927584
60.50 1.0101797939139427 -6.82373390213
60.75 1.0153487862282633 -6.81940827776
61.00 1.0205721581109972 -6.81488615658
61.25 1.0258511839050852 -6.81016118428
61.50 1.0311871763068714 -6.80522690365
61.75 1.0365814879045478 -6.80007676175
62.00 1.0420355127918348 -6.79470411920
62.25 1.0475506882612993 -6.78910226237
62.50 1.0531284965820111 -6.78326441921
62.75 1.0587704668665670 -6.77718377974
63.00 1.0644781770328475 -6.77085352257
63.25 1.0702532558662603 -6.76426684939
63.50 1.0760973851886237 -6.75741702975
63.75 1.0820123021402799 -6.75029745976
64.00 1.0879998015825072 -6.74290173934
64.25 1.0940617386278098 -6.73522377492
64.50 1.1002000313062268 -6.72725791718
64.75 1.1064166633763877 -6.71899914819
65.00 1.1127136872907215 -6.71044333919
65.25 1.1190932273249123 -6.70158761163
65.50 1.1255574828824770 -6.69243085263
65.75 1.1321087319861824 -6.68297446731
66.00 1.1387493349689228 -6.67322350557
66.25 1.1454817383776770 -6.66318840053
66.50 1.1523084791052536 -6.65288774463
66.75 1.1592321887657087 -6.64235290189
67.00 1.1662555983306084 -6.63163602536
67.25 1.1733815430447392 -6.62082470861
67.50 1.1806129676413906 -6.61007016937
67.75 1.1879529318790409 -6.59964374459
68.00 1.1954046164231349 -6.59005041383
68.25 1.2029713290986654 -6.58223288568
68.50 1.2106565115415191 -6.57763771867
68.75 1.2184637462790018 -6.57663318120
69.00 1.2263967642726714 -6.57794347501
69.25 1.2344594529595776 -6.58078117735
69.50 1.2426558648313226 -6.58490715989
69.75 1.2509902265939778 -6.59032107639
70.00 1.2594669489559134 -6.59711856148
70.25 1.2680906370950717 -6.60540756220
70.50 1.2768661018621295 -6.61524979723
70.75 1.2857983717814927 -6.62662750189
71.00 1.2948927059181552 -6.63943795820
71.25 1.3041546076852373 -6.65350976212
71.50 1.3135898396745678 -6.66862966696
71.75 1.3232044396011293 -6.68457019711
72.00 1.3330047374615932 -6.70111200870
72.25 1.3429973740177321 -6.71805824390
72.50 1.3531893207273342 -6.73524072177
72.75 1.3635879012585173 -6.75251980214
73.00 1.3742008147382716 -6.76978061880
73.25 1.3850361609029067 -6.78692803064
73.50 1.3961024673370386 -6.80388173007
73.75 1.4074087190092159 -6.82057212517
74.00 1.4189643903365978 -6.83693711274
74.25 1.4307794800386300 -6.85291963865
74.50 1.4428645490710084 -6.86846588001
74.75 1.4552307619668963 -6.88352389203
75.00 1.4678899319530556 -6.89804259213
75.25 1.4808545702551064 -6.91197098545
75.50 1.4941379400594756 -6.92525756141
75.75 1.5077541156608558 -6.93784981086
76.00 1.5217180473945009 -6.94969382658
76.25 1.5360456330340897 -6.96073396019
76.50 1.5507537964299845 -6.97091251520
76.75 1.5658605742718710 -6.98016945999
77.00 1.5813852119866876 -6.98844214851
77.25 1.5973482699307082 -6.99566503811
77.50 1.6137717412076256 -7.00176939561
77.75 1.6306791826473761 -7.00668298372
78.00 1.6480958607190197 -7.01032972039
78.25 1.6660489144325314 -7.01262930430
78.50 1.6845675376176648 -7.01349679855
78.75 1.7036831833639368 -7.01284216564
79.00 1.7234297938777567 -7.01056974478
79.25 1.7438440595774944 -7.00657766231
79.50 1.7649657119256603 -7.00075716396
79.75 1.7868378553155890 -6.99299185606
80.00 1.8095073443210954 -6.98315684025
80.25 1.8330252138232914 -6.97111772288
80.50 1.8574471710024862 -6.95672947659
80.75 1.8828341599932619 -6.93983512712
81.00 1.9092530122354845 -6.92026423136
81.25 1.9367771983277440 -6.89783110608
81.50 1.9654877006520655 -6.87233275701
81.75 1.9954740303864316 -6.84354644613
82.00 2.0268354180156947 -6.81122681988
