5.0 0.22474786951272291 -0.1365153 -0.1365207 -0.5868584
5.0 0.22474786951272291 -0.1365153 -0.1365207 -0.5868584
6.0 0.24633708657984518 -0.1177036 -0.1177261 -0.5843555
7.0 0.26625119958804888 -0.102946 -0.1030189 -0.5816436
8.0 0.28485310431016619 -0.0901954 -0.0973378 -0.5782378
9.0 0.30239593556098865 -0.0786972 -0.113288 -0.5737057
10.0 0.31906493487798943 -0.0704408 -0.1283465 -0.567663
11.0 0.33500078657648524 -0.0764706 -0.1424293 -0.5597913
12.0 0.35031356184872481 -0.1035303 -0.1555685 -0.549882
13.0 0.36509151747647400 -0.1392123 -0.1680553 -0.5379146
14.0 0.37940689731182314 -0.177638 -0.1851177 -0.5242186
15.0 0.39331989892118169 -0.2163482 -0.2221928 -0.5100025
16.0 0.40688146985598445 -0.2516461 -0.2597937 -0.4999364
17.0 0.42013533111630319 -0.2680645 -0.2858215 -0.5165471
18.0 0.43311947504735931 -0.2427393 -0.2839851 -0.5698314
19.0 0.44586729660476643 -0.2222808 -0.2821535 -0.5955225
20.0 0.45840846314364242 -0.2103629 -0.2835678 -0.6083369
21.0 0.47076959408630886 -0.2034505 -0.2864924 -0.616549
22.0 0.48297479998608267 -0.1998268 -0.2902078 -0.6223815
23.0 0.49504611604806875 -0.1984217 -0.2941689 -0.6256279
24.0 0.50700385538738835 -0.198303 -0.2973593 -0.6218468
25.0 0.51886690055881535 -0.1993755 -0.2972325 -0.591156
26.0 0.53065294715660993 -0.2071953 -0.2934506 -0.5129329
27.0 0.54237870990772830 -0.2252226 -0.2889648 -0.4213514
28.0 0.55406009924157285 -0.2265245 -0.2731507 -0.3615368
29.0 0.56571237453403433 -0.2029527 -0.2455876 -0.3263463
30.0 0.57735027890326807 -0.1755497 -0.2168523 -0.2961827
31.0 0.58898815944976501 -0.1484482 -0.1888972 -0.2681203
32.0 0.60064007609376124 -0.122357 -0.1620427 -0.2416723
33.0 0.61231990160563299 -0.097462 -0.1363614 -0.2167111
34.0 0.62404141500474464 -0.073826 -0.1118724 -0.1932093
35.0 0.63581839018712483 -0.0514734 -0.0885815 -0.1711931
36.0 0.64766468140925815 -0.0304138 -0.0664944 -0.1507388
37.0 0.65959430708758449 -0.0106544 -0.0456213 -0.131989
38.0 0.67162153325915808 0.0077902 -0.0259822 -0.1151844
39.0 0.68376095798003989 0.0248813 -0.0076154 -0.1007005
40.0 0.69602759790885060 0.0405323 0.0094083 -0.089014
41.0 0.70843697833015451 0.0545695 0.0249552 -0.0804429
42.0 0.72100522791448773 0.0666729 0.0387656 -0.0747738
43.0 0.73374917958905994 0.0763019 0.050312 -0.0713521
44.0 0.74668647900714824 0.0826659 0.0585181 -0.0695466
45.0 0.75983570225832975
46.0 0.77321648466098036 0.0826659 0.0585181 -0.0695466
47.0 0.78684966272995749 0.0763019 0.050312 -0.0713521
48.0 0.80075743172543956 0.0666729 0.0387656 -0.0747738
49.0 0.81496352157574936 0.0545695 0.0249552 -0.0804429
50.0 0.82949339444344139 0.0405323 0.0094083 -0.089014
51.0 0.84437446779034697 0.0248813 -0.0076154 -0.1007006
52.0 0.85963636751982619 0.0077902 -0.0259822 -0.1151844
53.0 0.87531121666696521 -0.0106544 -0.0456213 -0.131989
54.0 0.89143396621364279 -0.0304138 -0.0664944 -0.1507388
55.0 0.90804277598219907 -0.0514734 -0.0885815 -0.1711931
56.0 0.92517945528340284 -0.073826 -0.1118724 -0.1932093
57.0 0.94288997515969897 -0.097462 -0.1363614 -0.2167111
58.0 0.96122506680355879 -0.122357 -0.1620427 -0.2416723
59.0 0.98024092421724396 -0.1484482 -0.1888972 -0.2681203
60.0 1.0000000336490449 -0.1755497 -0.2168522 -0.2961827
61.0 1.0205721581109972 -0.2029527 -0.2455876 -0.3263463
62.0 1.0420355127918348 -0.2265245 -0.2731507 -0.3615368
63.0 1.0644781770328475 -0.2252225 -0.2889648 -0.4213514
64.0 1.0879998015825072 -0.2071953 -0.2934506 -0.5129329
65.0 1.1127136872907215 -0.1993755 -0.2972325 -0.591156
66.0 1.1387493349689228 -0.198303 -0.2973593 -0.6218468
67.0 1.1662555983306084 -0.1984217 -0.2941689 -0.6256279
68.0 1.1954046164231349 -0.1998268 -0.2902078 -0.6223815
69.0 1.2263967642726714 -0.2034505 -0.2864924 -0.616549
70.0 1.2594669489559134 -0.2103628 -0.2835678 -0.6083368
71.0 1.2948927059181552 -0.2222807 -0.2821535 -0.5955225
72.0 1.3330047374615932 -0.2427393 -0.2839851 -0.5698314
73.0 1.3742008147382716 -0.2680645 -0.2858215 -0.5165471
74.0 1.4189643903365978 -0.2516461 -0.2597936 -0.4999364
75.0 1.4678899319530556 -0.2163481 -0.2221928 -0.5100025
76.0 1.5217180473945009 -0.1776379 -0.1851176 -0.5242186
77.0 1.5813852119866876 -0.1392122 -0.1680553 -0.5379146
78.0 1.6480958607190197 -0.1035303 -0.1555685 -0.549882
79.0 1.7234297938777567 -0.0764705 -0.1424293 -0.5597913
80.0 1.8095073443210954 -0.0704408 -0.1283464 -0.567663
81.0 1.9092530122354845 -0.0786972 -0.1132879 -0.5737057
82.0 2.0268354180156947 -0.0901953 -0.0973377 -0.5782378
83.0 2.1684423371644423 -0.1029459 -0.1030188 -0.5816436
84.0 2.3437412473608381 -0.1177035 -0.1177261 -0.5843555
85.0 2.5688804782633659 -0.1365152 -0.1365206 -0.5868584
