5.0 0.22474786951272291 -3.99954956881
5.0 0.22474786951272291 -3.99954956881
6.0 0.24633708657984518 -4.46485316710
7.0 0.26625119958804888 -4.78676587544
8.0 0.28485310431016619 -5.01252505611
9.0 0.30239593556098865 -5.17018809472
10.0 0.31906493487798943 -5.27780043465
11.0 0.33500078657648524 -5.34771005348
12.0 0.35031356184872481 -5.38878569837
13.0 0.36509151747647400 -5.40765743824
14.0 0.37940689731182314 -5.40949882190
15.0 0.39331989892118169 -5.39868451798
16.0 0.40688146985598445 -5.37988728041
17.0 0.42013533111630319 -5.36225407365
18.0 0.43311947504735931 -5.36521808641
19.0 0.44586729660476643 -5.38050317083
20.0 0.45840846314364242 -5.39414874903
21.0 0.47076959408630886 -5.40284024768
22.0 0.48297479998608267 -5.40615652529
23.0 0.49504611604806875 -5.40458384619
24.0 0.50700385538738835 -5.39942074625
25.0 0.51886690055881535 -5.39456886078
26.0 0.53065294715660993 -5.39998484468
27.0 0.54237870990772830 -5.42624738415
28.0 0.55406009924157285 -5.47242199907
29.0 0.56571237453403433 -5.52247863640
30.0 0.57735027890326807 -5.56910296415
31.0 0.58898815944976501 -5.61141200964
32.0 0.60064007609376124 -5.64948381029
33.0 0.61231990160563299 -5.68355940706
34.0 0.62404141500474464 -5.71390436836
35.0 0.63581839018712483 -5.74077390542
36.0 0.64766468140925815 -5.76440233603
37.0 0.65959430708758449 -5.78499991975
38.0 0.67162153325915808 -5.80275227920
39.0 0.68376095798003989 -5.81782078368
40.0 0.69602759790885060 -5.83034326795
41.0 0.70843697833015451 -5.84043482141
42.0 0.72100522791448773 -5.84818852872
43.0 0.73374917958905994 -5.85367610714
44.0 0.74668647900714824 -5.85694841491
45.0 0.75983570225832975
46.0 0.77321648466098036 -5.85694841695
47.0 0.78684966272995749 -5.85367611123
48.0 0.80075743172543956 -5.84818853486
49.0 0.81496352157574936 -5.84043482963
50.0 0.82949339444344139 -5.83034327828
51.0 0.84437446779034697 -5.81782079616
52.0 0.85963636751982619 -5.80275229387
53.0 0.87531121666696521 -5.78499993667
54.0 0.89143396621364279 -5.76440235527
55.0 0.90804277598219907 -5.74077392707
56.0 0.92517945528340284 -5.71390439253
57.0 0.94288997515969897 -5.68355943389
58.0 0.96122506680355879 -5.64948383994
59.0 0.98024092421724396 -5.61141204230
60.0 1.0000000336490449 -5.56910300006
61.0 1.0205721581109972 -5.52247867584
62.0 1.0420355127918348 -5.47242204250
63.0 1.0644781770328475 -5.42624743294
64.0 1.0879998015825072 -5.39998489994
65.0 1.1127136872907215 -5.39456892163
66.0 1.1387493349689228 -5.39942081132
67.0 1.1662555983306084 -5.40458391501
68.0 1.1954046164231349 -5.40615659820
69.0 1.2263967642726714 -5.40284032544
70.0 1.2594669489559134 -5.39414883283
71.0 1.2948927059181552 -5.38050326258
72.0 1.3330047374615932 -5.36521819008
73.0 1.3742008147382716 -5.36225419948
74.0 1.4189643903365978 -5.37988742712
75.0 1.4678899319530556 -5.39868468237
76.0 1.5217180473945009 -5.40949900620
77.0 1.5813852119866876 -5.40765764724
78.0 1.6480958607190197 -5.38878593924
79.0 1.7234297938777567 -5.34771033658
80.0 1.8095073443210954 -5.27780077505
81.0 1.9092530122354845 -5.17018851481
82.0 2.0268354180156947 -5.01252559009
83.0 2.1684423371644423 -4.78676657754
84.0 2.3437412473608381 -4.46485412750
85.0 2.5688804782633659 -3.99955094806
