5.0 0.22474786951272291 -0.0845187 -0.0845232 -0.586879
5.25 0.23032811073355966 -0.0749367 -0.0749432 -0.5862542
5.50 0.23578063841929153 -0.0657736 -0.0657829 -0.5856453
5.75 0.24111432303437602 -0.0569843 -0.0569972 -0.5850447
6.00 0.24633708657984518 -0.0485299 -0.0485475 -0.5844453
6.25 0.25145603955751983 -0.0403763 -0.0404002 -0.5838403
6.50 0.25647759350390792 -0.0324946 -0.0325264 -0.5832238
6.75 0.26140755421862366 -0.0248598 -0.0249018 -0.5825902
7.00 0.26625119958804888 -0.0174508 -0.0175063 -0.5819345
7.25 0.27101334500631991 -0.0102505 -0.0103251 -0.5812521
7.50 0.27569839872782342 -0.0032455 -0.0033629 -0.5805391
7.75 0.28031040898329512 0.0035732 -0.0001746 -0.5797921
8.00 0.28485310431016619 0.0102102 -0.0001926 -0.579008
8.25 0.28932992825516618 0.0166643 -0.0002356 -0.5781845
8.50 0.29374406938062309 0.0229274 -0.000291 -0.5773197
8.75 0.29809848732900202 0.0289822 -0.0003587 -0.5764121
9.00 0.30239593556098865 0.0347985 -0.0004398 -0.5754608
9.25 0.30663898127202549 0.0403284 -0.0005361 -0.5744653
9.50 0.31083002290405076 0.0454987 -0.0006493 -0.5734255
9.75 0.31497130559833353 0.0502007 -0.0007816 -0.5723418
10.00 0.31906493487798943 0.0542797 -0.0009354 -0.5712151
10.25 0.32311288880213562 0.0575322 -0.0011131 -0.5700464
10.50 0.32711702879550453 0.0597259 -0.0013175 -0.5688375
10.75 0.33107910932596624 0.060662 -0.0015514 -0.56759
11.00 0.33500078657648524 0.0602581 -0.001818 -0.5663064
11.25 0.33888362623650670 0.0585873 -0.0021206 -0.5649889
11.50 0.34272911051981081 0.0558322 -0.0024629 -0.5636404
11.75 0.34653864450082428 0.0522049 -0.0028488 -0.5622638
12.00 0.35031356184872481 0.0478911 -0.0032827 -0.5608623
12.25 0.35405513002798283 0.043034 -0.0037697 -0.5594393
12.50 0.35776455502492738 0.0377375 -0.0043158 -0.5579981
12.75 0.36144298565221100 0.0320756 -0.004929 -0.5565425
13.00 0.36509151747647400 0.0261011 -0.005621 -0.5550761
13.25 0.36871119640886968 0.0198526 -0.0064131 -0.5536026
13.50 0.37230302199327187 0.0133585 -0.0073547 -0.5521259
13.75 0.37586795042281695 0.0066407 -0.00861 -0.5506498
14.00 0.37940689731182314 -0.0002838 -0.010975 -0.5491781
14.25 0.38292074024700901 -0.0074012 -0.0163264 -0.5477146
14.50 0.38641032113921558 -0.0147002 -0.0235553 -0.5462631
14.75 0.38987644839447261 -0.022171 -0.0313617 -0.5448272
15.00 0.39331989892118169 -0.0298052 -0.0394643 -0.5434107
15.25 0.39674141998838264 -0.0375952 -0.0477863 -0.5420171
15.50 0.40014173094847860 -0.0455342 -0.0562959 -0.5406498
15.75 0.40352152483640419 -0.053616 -0.0649751 -0.5393123
16.00 0.40688146985598445 -0.0618344 -0.0738114 -0.5380077
16.25 0.41022221076315113 -0.0701839 -0.0827951 -0.5367393
16.50 0.41354437015471773 -0.0786591 -0.0919175 -0.53551
16.75 0.41684854967056112 -0.0872545 -0.1011711 -0.5343226
17.00 0.42013533111630319 -0.0959651 -0.1105487 -0.53318
17.25 0.42340527751290741 -0.1047856 -0.1200435 -0.5320846
17.50 0.42665893407900496 -0.1137109 -0.129649 -0.531039
17.75 0.42989682915123001 -0.1227358 -0.1393589 -0.5300453
18.00 0.43311947504735931 -0.1318551 -0.149167 -0.5291058
18.25 0.43632736887662232 -0.1410636 -0.1590672 -0.5282225
18.50 0.43952099330116196 -0.1503556 -0.1690536 -0.5273973
18.75 0.44270081725227745 -0.1597254 -0.1791202 -0.5266319
19.00 0.44586729660476643 -0.1691672 -0.1892611 -0.5259281
19.25 0.44902087481240505 -0.1786745 -0.1994704 -0.5252877
19.50 0.45216198350734593 -0.1882406 -0.2097422 -0.5247125
19.75 0.45529104306598517 -0.197858 -0.2200702 -0.5242045
20.00 0.45840846314364242 -0.2075187 -0.2304484 -0.5237663
20.25 0.46151464318020630 -0.2172134 -0.2408701 -0.523401
20.50 0.46460997287872730 -0.2269319 -0.2513286 -0.5231132
20.75 0.46769483265878409 -0.2366621 -0.2618167 -0.5229093
21.00 0.47076959408630886 -0.2463896 -0.2723267 -0.5227992
21.25 0.47383462028142359 -0.2560974 -0.2828504 -0.5227978
21.50 0.47689026630572684 -0.2657643 -0.2933785 -0.522929
21.75 0.47993687953036013 -0.2753639 -0.3039012 -0.5232306
22.00 0.48297479998608267 -0.2848629 -0.3144077 -0.5237638
22.25 0.48600436069649899 -0.294218 -0.3248866 -0.5246294
22.50 0.48902588799549546 -0.3033733 -0.3353267 -0.5259939
22.75 0.49203970182987000 -0.3122567 -0.3457186 -0.5281352
23.00 0.49504611604806875 -0.3207767 -0.3560597 -0.5315151
23.25 0.49804543867587991 -0.3288225 -0.3663643 -0.5368971
23.50 0.50103797217987622 -0.3362702 -0.376686 -0.5455538
23.75 0.50402401371934424 -0.3429656 -0.3871546 -0.5597685
24.00 0.50700385538738835 -0.3480118 -0.3975626 -0.58349
24.25 0.50997778444185260 -0.3471602 -0.4023119 -0.6003919
24.50 0.51294608352666027 -0.3455082 -0.4033248 -0.6033527
24.75 0.51590903088413309 -0.34467 -0.4039389 -0.6039672
25.00 0.51886690055881535 -0.3442944 -0.4044694 -0.6040014
25.25 0.52181996259329522 -0.3441837 -0.4049628 -0.6038137
25.50 0.52476848321648584 -0.3442326 -0.4054293 -0.603508
25.75 0.52771272502479782 -0.3443803 -0.4058712 -0.6031204
26.00 0.53065294715660993 -0.344589 -0.4062892 -0.6026641
26.25 0.53358940546042311 -0.3448338 -0.4066833 -0.6021437
26.50 0.53652235265705239 -0.3450969 -0.4070534 -0.6015605
26.75 0.53945203849620049 -0.3453653 -0.4073991 -0.6009144
27.00 0.54237870990772830 -0.3456287 -0.4077203 -0.6002047
27.25 0.54530261114792489 -0.3458789 -0.4080164 -0.5994309
27.50 0.54822398394106098 -0.3461086 -0.4082872 -0.5985924
27.75 0.55114306761649301 -0.346312 -0.4085321 -0.5976891
28.00 0.55406009924157285 -0.3464834 -0.4087506 -0.5967214
28.25 0.55697531375060216 -0.3466183 -0.4089424 -0.5956899
28.50 0.55988894407005929 -0.3467124 -0.4091069 -0.5945959
28.75 0.56280122124031395 -0.3467621 -0.4092438 -0.5934411
29.00 0.56571237453403433 -0.3467641 -0.4093525 -0.592228
29.25 0.56862263157148163 -0.3467158 -0.4094328 -0.5909595
29.50 0.57153221843287527 -0.346615 -0.4094842 -0.5896392
29.75 0.57444135976800692 -0.3464602 -0.4095066 -0.5882713
30.00 0.57735027890326807 -0.3462503 -0.4094997 -0.5868606
30.25 0.58025919794625369 -0.3459848 -0.4094631 -0.5854124
30.50 0.58316833788809341 -0.3456638 -0.4093967 -0.5839328
30.75 0.58607791870365555 -0.345288 -0.4093002 -0.5824282
31.00 0.58898815944976501 -0.3448584 -0.4091733 -0.5809054
31.25 0.59189927836156764 -0.3443768 -0.4090156 -0.579372
31.50 0.59481149294717062 -0.3438455 -0.4088269 -0.5778355
31.75 0.59772502008068074 -0.3432671 -0.4086064 -0.5763041
32.00 0.60064007609376124 -0.3426449 -0.4083538 -0.574786
32.25 0.60355687686581816 -0.3419825 -0.4080681 -0.5732895
32.50 0.60647563791293169 -0.3412839 -0.4077484 -0.571823
32.75 0.60939657447563289 -0.3405536 -0.4073937 -0.5703947
33.00 0.61231990160563299 -0.3397964 -0.4070028 -0.5690128
33.25 0.61524583425160395 -0.3390172 -0.4065741 -0.5676849
33.50 0.61817458734410646 -0.3382214 -0.4061061 -0.5664181
33.75 0.62110637587975959 -0.3374143 -0.405597 -0.5652186
34.00 0.62404141500474464 -0.3366017 -0.4050448 -0.5640919
34.25 0.62697992009773107 -0.3357889 -0.4044476 -0.563042
34.50 0.62992210685231265 -0.3349814 -0.4038031 -0.5620717
34.75 0.63286819135903882 -0.3341846 -0.4031093 -0.5611817
35.00 0.63581839018712483 -0.3334032 -0.4023641 -0.5603711
35.25 0.63877292046592293 -0.3326418 -0.4015654 -0.5596367
35.50 0.64173199996623487 -0.3319042 -0.4007115 -0.5589731
35.75 0.64469584718154593 -0.3311936 -0.3998009 -0.5583727
36.00 0.64766468140925815 -0.3305125 -0.3988323 -0.5578252
36.25 0.65063872283200119 -0.3298622 -0.397805 -0.5573185
36.50 0.65361819259909770 -0.3292435 -0.3967187 -0.5568385
36.75 0.65660331290825846 -0.3286561 -0.3955736 -0.5563694
37.00 0.65959430708758449 -0.3280988 -0.3943705 -0.5558945
37.25 0.66259139967795155 -0.3275695 -0.393111 -0.5553964
37.50 0.66559481651585173 -0.3270658 -0.391797 -0.5548578
37.75 0.66860478481676788 -0.3265842 -0.3904312 -0.5542622
38.00 0.67162153325915808 -0.3261213 -0.389017 -0.5535941
38.25 0.67464529206912238 -0.3256731 -0.3875582 -0.5528402
38.50 0.67767629310583211 -0.3252358 -0.3860591 -0.5519893
38.75 0.68071476994779589 -0.3248055 -0.3845248 -0.5510331
39.00 0.68376095798003989 -0.3243788 -0.3829607 -0.5499663
39.25 0.68681509448228206 -0.3239526 -0.3813726 -0.5487869
39.50 0.68987741871817743 -0.3235247 -0.3797667 -0.5474958
39.75 0.69294817202571524 -0.3230933 -0.3781496 -0.5460974
40.00 0.69602759790885060 -0.3226576 -0.3765284 -0.5445984
40.25 0.69911594213045092 -0.3222174 -0.3749101 -0.5430086
40.50 0.70221345280664171 -0.3217736 -0.3733021 -0.5413397
40.75 0.70532038050263912 -0.3213276 -0.3717122 -0.5396052
41.00 0.70843697833015451 -0.3208816 -0.3701481 -0.5378205
41.25 0.71156350204645979 -0.3204382 -0.3686178 -0.5360018
41.50 0.71470021015520846 -0.3200006 -0.3671294 -0.5341665
41.75 0.71784736400909988 -0.3195722 -0.3656912 -0.5323329
42.00 0.72100522791448773 -0.3191568 -0.3643114 -0.5305197
42.25 0.72417406923802852 -0.318758 -0.3629987 -0.5287461
42.50 0.72735415851547003 -0.3183795 -0.3617614 -0.527032
42.75 0.73054576956268569 -0.318025 -0.3606081 -0.5253973
43.00 0.73374917958905994 -0.3176978 -0.3595473 -0.5238621
43.25 0.73696466931333482 -0.3174012 -0.3585873 -0.5224466
43.50 0.74019252308203054 -0.3171381 -0.357736 -0.5211703
43.75 0.74343302899055930 -0.3169109 -0.357001 -0.5200521
44.00 0.74668647900714824 -0.316722 -0.3563891 -0.5191097
44.25 0.74995316909970178 -0.3165731 -0.3559065 -0.5183588
44.50 0.75323339936572720 -0.3164657 -0.355558 -0.5178123
44.75 0.75652747416546084 -0.3164009 -0.3553474 -0.5174803
45.00 0.75983570225832975
45.25 0.76315839694289456 -0.3164009 -0.3553474 -0.5174803
45.50 0.76649587620041937 -0.3164657 -0.355558 -0.5178123
45.75 0.76984846284222430 -0.3165731 -0.3559065 -0.5183588
46.00 0.77321648466098036 -0.316722 -0.3563891 -0.5191097
46.25 0.77660027458611014 -0.3169109 -0.357001 -0.5200521
46.50 0.78000017084346973 -0.3171381 -0.357736 -0.5211703
46.75 0.78341651711948912 -0.3174012 -0.3585873 -0.5224466
47.00 0.78684966272995749 -0.3176978 -0.3595473 -0.5238621
47.25 0.79029996279364645 -0.318025 -0.3606081 -0.5253973
47.50 0.79376777841097601 -0.3183795 -0.3617614 -0.527032
47.75 0.79725347684792980 -0.318758 -0.3629987 -0.5287461
48.00 0.80075743172543956 -0.3191568 -0.3643114 -0.5305197
48.25 0.80428002321446923 -0.3195722 -0.3656912 -0.5323329
48.50 0.80782163823703412 -0.3200006 -0.3671294 -0.5341665
48.75 0.81138267067340353 -0.3204382 -0.3686178 -0.5360018
49.00 0.81496352157574936 -0.3208816 -0.3701481 -0.5378204
49.25 0.81856459938850701 -0.3213276 -0.3717122 -0.5396052
49.50 0.82218632017573356 -0.3217736 -0.3733021 -0.5413397
49.75 0.82582910785575958 -0.3222174 -0.3749101 -0.5430086
50.00 0.82949339444344139 -0.3226576 -0.3765284 -0.5445984
50.25 0.83317962030033754 -0.3230933 -0.3781496 -0.5460974
50.50 0.83688823439314863 -0.3235247 -0.3797667 -0.5474958
50.75 0.84061969456077290 -0.3239526 -0.3813726 -0.5487869
51.00 0.84437446779034697 -0.3243788 -0.3829607 -0.5499663
51.25 0.84815303050266300 -0.3248055 -0.3845248 -0.5510331
51.50 0.85195586884736429 -0.3252358 -0.3860591 -0.5519892
51.75 0.85578347900834917 -0.3256731 -0.3875582 -0.5528402
52.00 0.85963636751982619 -0.3261213 -0.389017 -0.5535941
52.25 0.86351505159349251 -0.3265842 -0.3904312 -0.5542622
52.50 0.86742005945732381 -0.3270658 -0.391797 -0.5548578
52.75 0.87135193070649397 -0.3275695 -0.3931109 -0.5553964
53.00 0.87531121666696521 -0.3280987 -0.3943705 -0.5558945
53.25 0.87929848077231665 -0.3286561 -0.3955735 -0.5563694
53.50 0.88331429895441260 -0.3292435 -0.3967187 -0.5568385
53.75 0.88735926004853483 -0.3298622 -0.397805 -0.5573185
54.00 0.89143396621364279 -0.3305125 -0.3988323 -0.5578252
54.25 0.89553903336845653 -0.3311936 -0.3998009 -0.5583726
54.50 0.89967509164409376 -0.3319042 -0.4007115 -0.5589731
54.75 0.90384278585403033 -0.3326418 -0.4015654 -0.5596367
55.00 0.90804277598219907 -0.3334032 -0.4023641 -0.5603711
55.25 0.91227573769007742 -0.3341846 -0.4031093 -0.5611817
55.50 0.91654236284366797 -0.3349814 -0.4038031 -0.5620716
55.75 0.92084336006132139 -0.3357889 -0.4044475 -0.563042
56.00 0.92517945528340284 -0.3366016 -0.4050448 -0.5640919
56.25 0.92955139236486140 -0.3374143 -0.405597 -0.5652186
56.50 0.93395993369181618 -0.3382213 -0.4061061 -0.566418
56.75 0.93840586082334254 -0.3390172 -0.4065741 -0.5676849
57.00 0.94288997515969897 -0.3397964 -0.4070028 -0.5690128
57.25 0.94741309863831702 -0.3405536 -0.4073937 -0.5703947
57.50 0.95197607445894206 -0.3412839 -0.4077484 -0.5718229
57.75 0.95657976783940157 -0.3419825 -0.408068 -0.5732895
58.00 0.96122506680355879 -0.3426449 -0.4083537 -0.574786
58.25 0.96591288300310196 -0.3432671 -0.4086064 -0.5763041
58.50 0.97064415257492132 -0.3438455 -0.4088268 -0.5778355
58.75 0.97541983703592194 -0.3443768 -0.4090156 -0.579372
59.00 0.98024092421724396 -0.3448584 -0.4091733 -0.5809054
59.25 0.98510842923997155 -0.345288 -0.4093002 -0.5824281
59.50 0.99002339553454166 -0.3456638 -0.4093967 -0.5839328
59.75 0.99498689590620693 -0.3459848 -0.4094631 -0.5854124
60.00 1.0000000336490449 -0.3462503 -0.4094997 -0.5868606
60.25 1.0050639437111659 -0.3464602 -0.4095066 -0.5882713
60.50 1.0101797939139427 -0.346615 -0.4094842 -0.5896392
60.75 1.0153487862282633 -0.3467157 -0.4094327 -0.5909595
61.00 1.0205721581109972 -0.3467641 -0.4093525 -0.592228
61.25 1.0258511839050852 -0.3467621 -0.4092437 -0.5934411
61.50 1.0311871763068714 -0.3467124 -0.4091069 -0.5945958
61.75 1.0365814879045478 -0.3466183 -0.4089424 -0.5956899
62.00 1.0420355127918348 -0.3464834 -0.4087506 -0.5967214
62.25 1.0475506882612993 -0.3463119 -0.4085321 -0.5976891
62.50 1.0531284965820111 -0.3461086 -0.4082872 -0.5985924
62.75 1.0587704668665670 -0.3458789 -0.4080164 -0.5994309
63.00 1.0644781770328475 -0.3456287 -0.4077202 -0.6002047
63.25 1.0702532558662603 -0.3453653 -0.4073991 -0.6009144
63.50 1.0760973851886237 -0.3450969 -0.4070533 -0.6015605
63.75 1.0820123021402799 -0.3448338 -0.4066833 -0.6021437
64.00 1.0879998015825072 -0.344589 -0.4062892 -0.6026641
64.25 1.0940617386278098 -0.3443803 -0.4058712 -0.6031204
64.50 1.1002000313062268 -0.3442326 -0.4054293 -0.603508
64.75 1.1064166633763877 -0.3441837 -0.4049628 -0.6038136
65.00 1.1127136872907215 -0.3442944 -0.4044694 -0.6040014
65.25 1.1190932273249123 -0.34467 -0.4039389 -0.6039672
65.50 1.1255574828824770 -0.3455082 -0.4033248 -0.6033527
65.75 1.1321087319861824 -0.3471602 -0.4023119 -0.6003919
66.00 1.1387493349689228 -0.3480118 -0.3975625 -0.5834899
66.25 1.1454817383776770 -0.3429656 -0.3871546 -0.5597685
66.50 1.1523084791052536 -0.3362702 -0.3766859 -0.5455538
66.75 1.1592321887657087 -0.3288225 -0.3663642 -0.536897
67.00 1.1662555983306084 -0.3207767 -0.3560597 -0.531515
67.25 1.1733815430447392 -0.3122567 -0.3457185 -0.5281352
67.50 1.1806129676413906 -0.3033733 -0.3353266 -0.5259939
67.75 1.1879529318790409 -0.2942179 -0.3248866 -0.5246294
68.00 1.1954046164231349 -0.2848628 -0.3144077 -0.5237638
68.25 1.2029713290986654 -0.2753639 -0.3039012 -0.5232306
68.50 1.2106565115415191 -0.2657642 -0.2933784 -0.522929
68.75 1.2184637462790018 -0.2560974 -0.2828503 -0.5227978
69.00 1.2263967642726714 -0.2463896 -0.2723267 -0.5227992
69.25 1.2344594529595776 -0.2366621 -0.2618167 -0.5229093
69.50 1.2426558648313226 -0.2269319 -0.2513286 -0.5231132
69.75 1.2509902265939778 -0.2172134 -0.24087 -0.523401
70.00 1.2594669489559134 -0.2075186 -0.2304483 -0.5237663
70.25 1.2680906370950717 -0.197858 -0.2200702 -0.5242045
70.50 1.2768661018621295 -0.1882405 -0.2097422 -0.5247125
70.75 1.2857983717814927 -0.1786745 -0.1994704 -0.5252877
71.00 1.2948927059181552 -0.1691671 -0.1892611 -0.5259281
71.25 1.3041546076852373 -0.1597254 -0.1791202 -0.5266319
71.50 1.3135898396745678 -0.1503555 -0.1690536 -0.5273973
71.75 1.3232044396011293 -0.1410635 -0.1590672 -0.5282225
72.00 1.3330047374615932 -0.1318551 -0.149167 -0.5291058
72.25 1.3429973740177321 -0.1227358 -0.1393589 -0.5300453
72.50 1.3531893207273342 -0.1137108 -0.129649 -0.531039
72.75 1.3635879012585173 -0.1047855 -0.1200435 -0.5320846
73.00 1.3742008147382716 -0.095965 -0.1105487 -0.53318
73.25 1.3850361609029067 -0.0872545 -0.1011711 -0.5343226
73.50 1.3961024673370386 -0.0786591 -0.0919175 -0.53551
73.75 1.4074087190092159 -0.0701839 -0.082795 -0.5367393
74.00 1.4189643903365978 -0.0618344 -0.0738114 -0.5380077
74.25 1.4307794800386300 -0.0536159 -0.064975 -0.5393123
74.50 1.4428645490710084 -0.0455342 -0.0562959 -0.5406498
74.75 1.4552307619668963 -0.0375952 -0.0477863 -0.5420171
75.00 1.4678899319530556 -0.0298051 -0.0394643 -0.5434107
75.25 1.4808545702551064 -0.022171 -0.0313617 -0.5448272
75.50 1.4941379400594756 -0.0147002 -0.0235553 -0.5462631
75.75 1.5077541156608558 -0.0074012 -0.0163264 -0.5477146
76.00 1.5217180473945009 -0.0002838 -0.010975 -0.5491781
76.25 1.5360456330340897 0.0066407 -0.00861 -0.5506498
76.50 1.5507537964299845 0.0133585 -0.0073547 -0.5521259
76.75 1.5658605742718710 0.0198526 -0.0064131 -0.5536026
77.00 1.5813852119866876 0.0261011 -0.005621 -0.5550761
77.25 1.5973482699307082 0.0320756 -0.004929 -0.5565425
77.50 1.6137717412076256 0.0377375 -0.0043158 -0.5579981
77.75 1.6306791826473761 0.043034 -0.0037697 -0.5594393
78.00 1.6480958607190197 0.0478911 -0.0032827 -0.5608623
78.25 1.6660489144325314 0.0522049 -0.0028488 -0.5622638
78.50 1.6845675376176648 0.0558322 -0.0024629 -0.5636404
78.75 1.7036831833639368 0.0585872 -0.0021206 -0.5649889
79.00 1.7234297938777567 0.0602581 -0.001818 -0.5663064
79.25 1.7438440595774944 0.060662 -0.0015514 -0.56759
79.50 1.7649657119256603 0.0597259 -0.0013175 -0.5688375
79.75 1.7868378553155890 0.0575321 -0.0011131 -0.5700465
80.00 1.8095073443210954 0.0542797 -0.0009354 -0.5712151
80.25 1.8330252138232914 0.0502007 -0.0007816 -0.5723418
80.50 1.8574471710024862 0.0454987 -0.0006493 -0.5734255
80.75 1.8828341599932619 0.0403284 -0.0005361 -0.5744653
81.00 1.9092530122354845 0.0347985 -0.0004398 -0.5754608
81.25 1.9367771983277440 0.0289822 -0.0003587 -0.5764121
81.50 1.9654877006520655 0.0229274 -0.000291 -0.5773197
81.75 1.9954740303864316 0.0166643 -0.0002356 -0.5781846
82.00 2.0268354180156947 0.0102102 -0.0001926 -0.579008
82.25 2.0596822134404817 0.0035732 -0.0001746 -0.5797921
82.50 2.0941375407372735 -0.0032455 -0.0033629 -0.5805391
82.75 2.1303392641794385 -0.0102505 -0.0103251 -0.5812521
83.00 2.1684423371644423 -0.0174508 -0.0175063 -0.5819345
83.25 2.2086216254199424 -0.0248598 -0.0249018 -0.5825902
83.50 2.2510753219802888 -0.0324946 -0.0325264 -0.5832238
83.75 2.2960291063410230 -0.0403763 -0.0404002 -0.5838403
84.00 2.3437412473608381 -0.0485298 -0.0485475 -0.5844453
84.25 2.3945089138952178 -0.0569843 -0.0569972 -0.5850447
84.50 2.4486760461856742 -0.0657736 -0.0657828 -0.5856453
84.75 2.5066432657105051 -0.0749367 -0.0749432 -0.5862542
