5.0 0.22474786951272291 -0.95913 -0.95796 -0.73558 -0.73551 -0.20612 -0.16659 -0.16494 0.06975 0.66535 0.66620 1.61839 1.71013 .00165
5.25 0.23032811073355966 -0.95193 -0.94761 -0.73155 -0.73148 -0.20616 -0.17739 -0.16395 0.06671 0.65298 0.65406 1.56352 1.66156 .01344
5.50 0.23578063841929153 -0.94531 -0.93756 -0.72763 -0.72758 -0.20612 -0.18768 -0.16291 0.06402 0.64123 0.64260 1.51225 1.61651 .02477
5.75 0.24111432303437602 -0.93921 -0.92778 -0.72381 -0.72380 -0.20600 -0.19751 -0.16182 0.06163 0.63006 0.63175 1.46416 1.57458 .03569
6.00 0.24633708657984518 -0.93361 -0.91827 -0.72013 -0.72006 -0.20694 -0.20579 -0.16066 0.05949 0.61940 0.62147 1.41893 1.53543 .04513
6.25 0.25145603955751983 -0.92847 -0.90902 -0.71655 -0.71638 -0.21597 -0.20552 -0.15944 0.05757 0.60923 0.61172 1.37627 1.49876 .04608
6.50 0.25647759350390792 -0.92375 -0.90004 -0.71306 -0.71273 -0.22466 -0.20516 -0.15816 0.05583 0.59950 0.60248 1.33594 1.46432 .04700
6.75 0.26140755421862366 -0.91943 -0.89132 -0.70966 -0.70910 -0.23302 -0.20471 -0.15680 0.05424 0.59017 0.59370 1.29771 1.43188 .04791
7.00 0.26625119958804888 -0.91547 -0.88287 -0.70633 -0.70547 -0.24110 -0.20417 -0.15538 0.05278 0.58122 0.58535 1.26140 1.40125 .04879
7.25 0.27101334500631991 -0.91187 -0.87470 -0.70307 -0.70182 -0.24890 -0.20355 -0.15388 0.05141 0.57263 0.57742 1.22685 1.37225 .04967
7.50 0.27569839872782342 -0.90859 -0.86681 -0.69988 -0.69813 -0.25645 -0.20283 -0.15231 0.05013 0.56435 0.56989 1.19392 1.34474 .05052
7.75 0.28031040898329512 -0.90561 -0.85920 -0.69675 -0.69438 -0.26377 -0.20203 -0.15066 0.04891 0.55638 0.56272 1.16247 1.31857 .05137
8.00 0.28485310431016619 -0.90291 -0.85190 -0.69368 -0.69055 -0.27088 -0.20113 -0.14894 0.04774 0.54868 0.55589 1.13238 1.29365 .05219
8.25 0.28932992825516618 -0.90048 -0.84491 -0.69066 -0.68662 -0.27778 -0.20014 -0.14714 0.04660 0.54125 0.54941 1.10357 1.26984 .05300
8.50 0.29374406938062309 -0.89829 -0.83823 -0.68769 -0.68258 -0.28451 -0.19905 -0.14526 0.04547 0.53406 0.54323 1.07594 1.24707 .05379
8.75 0.29809848732900202 -0.89633 -0.83188 -0.68477 -0.67840 -0.29105 -0.19787 -0.14330 0.04434 0.52710 0.53736 1.04940 1.22524 .05457
9.00 0.30239593556098865 -0.89459 -0.82586 -0.68190 -0.67409 -0.29744 -0.19659 -0.14126 0.04322 0.52035 0.53177 1.02389 1.20429 .05533
9.25 0.30663898127202549 -0.89305 -0.82018 -0.67908 -0.66962 -0.30368 -0.19522 -0.13914 0.04207 0.51380 0.52646 0.99934 1.18413 .05608
9.50 0.31083002290405076 -0.89171 -0.81484 -0.67630 -0.66500 -0.30977 -0.19374 -0.13694 0.04091 0.50745 0.52140 0.97569 1.16471 .05680
9.75 0.31497130559833353 -0.89053 -0.80984 -0.67356 -0.66021 -0.31573 -0.19217 -0.13466 0.03971 0.50127 0.51659 0.95288 1.14598 .05751
10.00 0.31906493487798943 -0.88953 -0.80518 -0.67087 -0.65526 -0.32156 -0.19049 -0.13231 0.03848 0.49525 0.51202 0.93086 1.12788 .05818
10.25 0.32311288880213562 -0.88867 -0.80084 -0.66822 -0.65015 -0.32727 -0.18872 -0.12987 0.03721 0.48940 0.50768 0.90960 1.11037 .05885
10.50 0.32711702879550453 -0.88796 -0.79682 -0.66560 -0.64488 -0.33286 -0.18684 -0.12736 0.03589 0.48370 0.50355 0.88906 1.09340 .05948
10.75 0.33107910932596624 -0.88739 -0.79312 -0.66303 -0.63948 -0.33835 -0.18486 -0.12477 0.03453 0.47815 0.49962 0.86918 1.07694 .06009
11.00 0.33500078657648524 -0.88694 -0.78970 -0.66050 -0.63393 -0.34373 -0.18278 -0.12210 0.03311 0.47273 0.49589 0.84995 1.06095 .06068
11.25 0.33888362623650670 -0.88661 -0.78657 -0.65800 -0.62827 -0.34901 -0.18060 -0.11936 0.03164 0.46744 0.49234 0.83134 1.04541 .06124
11.50 0.34272911051981081 -0.88638 -0.78369 -0.65554 -0.62251 -0.35419 -0.17831 -0.11655 0.03012 0.46227 0.48896 0.81331 1.03027 .06176
11.75 0.34653864450082428 -0.88626 -0.78107 -0.65311 -0.61665 -0.35928 -0.17591 -0.11366 0.02854 0.45723 0.48574 0.79585 1.01553 .06225
12.00 0.35031356184872481 -0.88623 -0.77867 -0.65072 -0.61072 -0.36427 -0.17341 -0.11071 0.02691 0.45230 0.48267 0.77893 1.00115 .06270
12.25 0.35405513002798283 -0.88629 -0.77648 -0.64836 -0.60474 -0.36917 -0.17080 -0.10768 0.02522 0.44748 0.47973 0.76254 0.98711 .06312
12.50 0.35776455502492738 -0.88643 -0.77449 -0.64604 -0.59871 -0.37398 -0.16808 -0.10460 0.02348 0.44278 0.47692 0.74665 0.97339 .06348
12.75 0.36144298565221100 -0.88664 -0.77267 -0.64375 -0.59267 -0.37870 -0.16526 -0.10144 0.02169 0.43817 0.47422 0.73127 0.95998 .06382
13.00 0.36509151747647400 -0.88692 -0.77102 -0.64149 -0.58662 -0.38332 -0.16232 -0.09822 0.01984 0.43366 0.47161 0.71637 0.94685 .06410
13.25 0.36871119640886968 -0.88727 -0.76951 -0.63926 -0.58057 -0.38785 -0.15928 -0.09495 0.01794 0.42925 0.46908 0.70195 0.93400 .06433
13.50 0.37230302199327187 -0.88767 -0.76814 -0.63706 -0.57456 -0.39227 -0.15612 -0.09161 0.01600 0.42494 0.46662 0.68800 0.92140 .06451
13.75 0.37586795042281695 -0.88813 -0.76690 -0.63488 -0.56858 -0.39660 -0.15286 -0.08822 0.01401 0.42072 0.46419 0.67454 0.90905 .06464
14.00 0.37940689731182314 -0.88864 -0.76576 -0.63274 -0.56266 -0.40082 -0.14948 -0.08478 0.01199 0.41658 0.46178 0.66154 0.89693 .06470
14.25 0.38292074024700901 -0.88919 -0.76473 -0.63062 -0.55682 -0.40493 -0.14599 -0.08128 0.00992 0.41254 0.45937 0.64903 0.88504 .06471
14.50 0.38641032113921558 -0.88979 -0.76379 -0.62852 -0.55107 -0.40891 -0.14239 -0.07774 0.00782 0.40858 0.45692 0.63701 0.87335 .06465
14.75 0.38987644839447261 -0.89043 -0.76293 -0.62645 -0.54544 -0.41276 -0.13867 -0.07416 0.00569 0.40470 0.45441 0.62549 0.86187 .06451
15.00 0.39331989892118169 -0.89109 -0.76214 -0.62440 -0.53995 -0.41645 -0.13484 -0.07054 0.00353 0.40090 0.45181 0.61449 0.85059 .06430
15.25 0.39674141998838264 -0.89180 -0.76142 -0.62237 -0.53462 -0.41998 -0.13090 -0.06688 0.00135 0.39718 0.44908 0.60403 0.83948 .06402
15.50 0.40014173094847860 -0.89253 -0.76076 -0.62037 -0.52948 -0.42330 -0.12684 -0.06320 -0.00083 0.39354 0.44619 0.59413 0.82856 .06364
15.75 0.40352152483640419 -0.89328 -0.76015 -0.61838 -0.52458 -0.42640 -0.12267 -0.05950 -0.00302 0.38997 0.44308 0.58483 0.81781 .06317
16.00 0.40688146985598445 -0.89406 -0.75959 -0.61641 -0.51996 -0.42923 -0.11838 -0.05579 -0.00519 0.38648 0.43973 0.57613 0.80723 .06259
16.25 0.41022221076315113 -0.89486 -0.75907 -0.61447 -0.51568 -0.43173 -0.11397 -0.05210 -0.00733 0.38307 0.43609 0.56808 0.79680 .06187
16.50 0.41354437015471773 -0.89568 -0.75859 -0.61253 -0.51180 -0.43385 -0.10946 -0.04845 -0.00940 0.37972 0.43213 0.56068 0.78653 .06101
16.75 0.41684854967056112 -0.89652 -0.75814 -0.61062 -0.50840 -0.43550 -0.10482 -0.04490 -0.01136 0.37645 0.42783 0.55396 0.77641 .05992
17.00 0.42013533111630319 -0.89737 -0.75772 -0.60872 -0.50555 -0.43663 -0.10008 -0.04151 -0.01313 0.37325 0.42317 0.54792 0.76643 .05857
17.25 0.42340527751290741 -0.89824 -0.75733 -0.60683 -0.50334 -0.43714 -0.09522 -0.03845 -0.01456 0.37011 0.41814 0.54255 0.75659 .05677
17.50 0.42665893407900496 -0.89912 -0.75696 -0.60496 -0.50182 -0.43700 -0.09024 -0.03596 -0.01539 0.36704 0.41276 0.53783 0.74689 .05428
17.75 0.42989682915123001 -0.90001 -0.75660 -0.60310 -0.50100 -0.43619 -0.08516 -0.03436 -0.01529 0.36404 0.40704 0.53373 0.73732 .05080
18.00 0.43311947504735931 -0.90092 -0.75627 -0.60126 -0.50085 -0.43473 -0.07996 -0.03391 -0.01403 0.36111 0.40102 0.53021 0.72788 .04605
18.25 0.43632736887662232 -0.90183 -0.75594 -0.59942 -0.50132 -0.43269 -0.07466 -0.03449 -0.01171 0.35824 0.39472 0.52722 0.71856 .04017
18.50 0.43952099330116196 -0.90276 -0.75563 -0.59759 -0.50232 -0.43015 -0.06925 -0.03579 -0.00864 0.35544 0.38819 0.52472 0.70936 .03346
18.75 0.44270081725227745 -0.90369 -0.75532 -0.59578 -0.50377 -0.42720 -0.06373 -0.03753 -0.00510 0.35270 0.38148 0.52265 0.70028 .02620
19.00 0.44586729660476643 -0.90463 -0.75502 -0.59397 -0.50557 -0.42394 -0.05811 -0.03953 -0.00127 0.35003 0.37461 0.52097 0.69131 .01858
19.25 0.44902087481240505 -0.90558 -0.75472 -0.59216 -0.50764 -0.42043 -0.05238 -0.04168 0.00274 0.34743 0.36763 0.51962 0.68246 .01070
19.50 0.45216198350734593 -0.90654 -0.75442 -0.59037 -0.50994 -0.41674 -0.04656 -0.04394 0.00690 0.34489 0.36056 0.51857 0.67371 .00262
19.75 0.45529104306598517 -0.90751 -0.75411 -0.58857 -0.51241 -0.41292 -0.04064 -0.04626 0.01115 0.34242 0.35344 0.51778 0.66507 -.00562
20.00 0.45840846314364242 -0.90850 -0.75380 -0.58678 -0.51501 -0.40901 -0.03463 -0.04862 0.01549 0.34002 0.34629 0.51721 0.65654 -.01399
20.25 0.46151464318020630 -0.90949 -0.75348 -0.58499 -0.51771 -0.40503 -0.02853 -0.05101 0.01990 0.33769 0.33914 0.51683 0.64811 -.02248
20.50 0.46460997287872730 -0.91050 -0.75315 -0.58320 -0.52050 -0.40102 -0.02234 -0.05342 0.02437 0.33198 0.33543 0.51662 0.63978 -.03108
20.75 0.46769483265878409 -0.91152 -0.75279 -0.58141 -0.52335 -0.39697 -0.01607 -0.05584 0.02891 0.32486 0.33326 0.51654 0.63155 -.03977
21.00 0.47076959408630886 -0.91256 -0.75241 -0.57960 -0.52626 -0.39291 -0.00972 -0.05825 0.03351 0.31776 0.33116 0.51657 0.62341 -.04853
21.25 0.47383462028142359 -0.91362 -0.75199 -0.57778 -0.52922 -0.38885 -0.00330 -0.06067 0.03818 0.31072 0.32916 0.51670 0.61538 -.05737
21.50 0.47689026630572684 -0.91470 -0.75153 -0.57595 -0.53223 -0.38478 0.00319 -0.06307 0.04294 0.30372 0.32726 0.51689 0.60745 -.06626
21.75 0.47993687953036013 -0.91581 -0.75100 -0.57408 -0.53527 -0.38070 0.00973 -0.06545 0.04779 0.29679 0.32547 0.51712 0.59961 -.07518
22.00 0.48297479998608267 -0.91694 -0.75039 -0.57217 -0.53836 -0.37662 0.01634 -0.06779 0.05276 0.28992 0.32381 0.51737 0.59189 -.08413
22.25 0.48600436069649899 -0.91809 -0.74967 -0.57021 -0.54150 -0.37253 0.02299 -0.07010 0.05790 0.28313 0.32231 0.51762 0.58427 -.09309
22.50 0.48902588799549546 -0.91926 -0.74878 -0.56815 -0.54469 -0.36840 0.02969 -0.07234 0.06327 0.27643 0.32101 0.51783 0.57678 -.10203
22.75 0.49203970182987000 -0.92044 -0.74767 -0.56598 -0.54793 -0.36421 0.03645 -0.07450 0.06896 0.26982 0.31994 0.51796 0.56944 -.11095
23.00 0.49504611604806875 -0.92162 -0.74623 -0.56364 -0.55122 -0.35992 0.04326 -0.07654 0.07516 0.26334 0.31919 0.51795 0.56227 -.11980
23.25 0.49804543867587991 -0.92275 -0.74431 -0.56103 -0.55454 -0.35547 0.05017 -0.07844 0.08215 0.25702 0.31885 0.51772 0.55533 -.12861
23.50 0.50103797217987622 -0.92376 -0.74164 -0.55801 -0.55788 -0.35076 0.05724 -0.08017 0.09051 0.25092 0.31910 0.51711 0.54867 -.13741
23.75 0.50402401371934424 -0.92450 -0.73767 -0.56114 -0.55431 -0.34558 0.06457 -0.08185 0.10161 0.24515 0.32029 0.51569 0.54235 -.14642
24.00 0.50700385538738835 -0.92441 -0.73116 -0.56382 -0.54935 -0.33955 0.07157 -0.08448 0.11953 0.23997 0.32375 0.51212 0.53626 -.15605
24.25 0.50997778444185260 -0.92331 -0.72572 -0.56458 -0.54544 -0.33401 0.07189 -0.09006 0.13886 0.23589 0.33226 0.50839 0.52946 -.16195
24.50 0.51294608352666027 -0.92307 -0.72464 -0.56552 -0.54396 -0.32993 0.06883 -0.09476 0.14717 0.23261 0.34125 0.50849 0.52275 -.16359
24.75 0.51590903088413309 -0.92324 -0.72461 -0.56687 -0.54302 -0.32621 0.06570 -0.09869 0.15160 0.23002 0.34980 0.50973 0.51642 -.16439
25.00 0.51886690055881535 -0.92359 -0.72492 -0.56843 -0.54223 -0.32261 0.06265 -0.10226 0.15418 0.22818 0.35807 0.51048 0.51140 -.16491
25.25 0.52181996259329522 -0.92402 -0.72538 -0.57010 -0.54151 -0.31909 0.05967 -0.10561 0.15550 0.22711 0.36604 0.50494 0.51328 -.16528
25.50 0.52476848321648584 -0.92448 -0.72590 -0.57183 -0.54081 -0.31561 0.05675 -0.10884 0.15582 0.22681 0.37368 0.49990 0.51528 -.16559
25.75 0.52771272502479782 -0.92494 -0.72646 -0.57357 -0.54012 -0.31217 0.05386 -0.11196 0.15530 0.22724 0.38088 0.49546 0.51736 -.16582
26.00 0.53065294715660993 -0.92539 -0.72703 -0.57530 -0.53942 -0.30875 0.05100 -0.11501 0.15411 0.22834 0.38750 0.49178 0.51950 -.16601
26.25 0.53358940546042311 -0.92581 -0.72760 -0.57701 -0.53873 -0.30536 0.04816 -0.11800 0.15238 0.22999 0.39332 0.48906 0.52169 -.16616
26.50 0.53652235265705239 -0.92620 -0.72817 -0.57868 -0.53803 -0.30200 0.04534 -0.12093 0.15025 0.23212 0.39813 0.48752 0.52391 -.16627
26.75 0.53945203849620049 -0.92654 -0.72873 -0.58030 -0.53732 -0.29865 0.04253 -0.12382 0.14781 0.23461 0.40170 0.48740 0.52616 -.16635
27.00 0.54237870990772830 -0.92684 -0.72929 -0.58186 -0.53660 -0.29533 0.03974 -0.12666 0.14517 0.23740 0.40387 0.48885 0.52844 -.16640
27.25 0.54530261114792489 -0.92708 -0.72983 -0.58337 -0.53588 -0.29204 0.03696 -0.12947 0.14241 0.24042 0.40462 0.49189 0.53073 -.16643
27.50 0.54822398394106098 -0.92727 -0.73036 -0.58481 -0.53515 -0.28877 0.03419 -0.13224 0.13956 0.24362 0.40409 0.49638 0.53305 -.16643
27.75 0.55114306761649301 -0.92740 -0.73088 -0.58618 -0.53441 -0.28552 0.03142 -0.13498 0.13669 0.24696 0.40249 0.50211 0.53537 -.16640
28.00 0.55406009924157285 -0.92748 -0.73138 -0.58748 -0.53366 -0.28230 0.02866 -0.13768 0.13383 0.25040 0.40007 0.50882 0.53771 -.16634
28.25 0.55697531375060216 -0.92749 -0.73187 -0.58871 -0.53290 -0.27912 0.02591 -0.14034 0.13100 0.25393 0.39706 0.51629 0.54006 -.16625
28.50 0.55988894407005929 -0.92745 -0.73234 -0.58986 -0.53214 -0.27596 0.02316 -0.14298 0.12822 0.25752 0.39363 0.52435 0.54241 -.16614
28.75 0.56280122124031395 -0.92735 -0.73280 -0.59094 -0.53137 -0.27283 0.02042 -0.14558 0.12551 0.26115 0.38991 0.53285 0.54476 -.16600
29.00 0.56571237453403433 -0.92720 -0.73325 -0.59195 -0.53059 -0.26974 0.01768 -0.14814 0.12288 0.26482 0.38601 0.54170 0.54711 -.16582
29.25 0.56862263157148163 -0.92698 -0.73368 -0.59289 -0.52981 -0.26668 0.01495 -0.15068 0.12034 0.26852 0.38199 0.54945 0.55082 -.16563
29.50 0.57153221843287527 -0.92671 -0.73409 -0.59375 -0.52902 -0.26367 0.01223 -0.15317 0.11790 0.27223 0.37790 0.55178 0.56017 -.16540
29.75 0.57444135976800692 -0.92639 -0.73449 -0.59454 -0.52823 -0.26069 0.00951 -0.15564 0.11555 0.27595 0.37379 0.55410 0.56969 -.16515
30.00 0.57735027890326807 -0.92602 -0.73487 -0.59527 -0.52743 -0.25776 0.00679 -0.15807 0.11331 0.27969 0.36969 0.55641 0.57935 -.16486
30.25 0.58025919794625369 -0.92560 -0.73523 -0.59593 -0.52662 -0.25488 0.00408 -0.16046 0.11117 0.28342 0.36561 0.55869 0.58913 -.16454
30.50 0.58316833788809341 -0.92513 -0.73557 -0.59652 -0.52581 -0.25204 0.00138 -0.16282 0.10913 0.28716 0.36158 0.56095 0.59902 -.16420
30.75 0.58607791870365555 -0.92462 -0.73589 -0.59705 -0.52499 -0.24925 -0.00131 -0.16515 0.10719 0.29089 0.35761 0.56319 0.60898 -.16384
31.00 0.58898815944976501 -0.92407 -0.73619 -0.59753 -0.52417 -0.24652 -0.00399 -0.16743 0.10535 0.29462 0.35370 0.56539 0.61901 -.16344
31.25 0.59189927836156764 -0.92348 -0.73647 -0.59794 -0.52335 -0.24384 -0.00666 -0.16968 0.10361 0.29835 0.34987 0.56755 0.62910 -.16302
31.50 0.59481149294717062 -0.92286 -0.73673 -0.59831 -0.52252 -0.24121 -0.00933 -0.17189 0.10197 0.30207 0.34613 0.56967 0.63924 -.16256
31.75 0.59772502008068074 -0.92220 -0.73697 -0.59863 -0.52168 -0.23864 -0.01198 -0.17405 0.10042 0.30578 0.34247 0.57175 0.64941 -.16207
32.00 0.60064007609376124 -0.92152 -0.73718 -0.59890 -0.52084 -0.23614 -0.01462 -0.17618 0.09895 0.30949 0.33891 0.57378 0.65960 -.16156
32.25 0.60355687686581816 -0.92082 -0.73736 -0.59913 -0.52000 -0.23369 -0.01724 -0.17827 0.09757 0.31320 0.33545 0.57576 0.66982 -.16103
32.50 0.60647563791293169 -0.92010 -0.73752 -0.59932 -0.51915 -0.23130 -0.01985 -0.18031 0.09626 0.31690 0.33209 0.57768 0.68004 -.16046
32.75 0.60939657447563289 -0.91936 -0.73765 -0.59947 -0.51831 -0.22898 -0.02245 -0.18231 0.09503 0.32059 0.32883 0.57954 0.69026 -.15986
33.00 0.61231990160563299 -0.91861 -0.73775 -0.59960 -0.51746 -0.22672 -0.02504 -0.18426 0.09387 0.32429 0.32569 0.58134 0.70047 -.15922
33.25 0.61524583425160395 -0.91786 -0.73783 -0.59970 -0.51661 -0.22452 -0.02761 -0.18617 0.09277 0.32265 0.32798 0.58307 0.71067 -.15856
33.50 0.61817458734410646 -0.91710 -0.73787 -0.59978 -0.51576 -0.22239 -0.03017 -0.18803 0.09173 0.31973 0.33167 0.58472 0.72084 -.15786
33.75 0.62110637587975959 -0.91634 -0.73788 -0.59984 -0.51491 -0.22031 -0.03272 -0.18984 0.09074 0.31693 0.33536 0.58630 0.73098 -.15712
34.00 0.62404141500474464 -0.91559 -0.73786 -0.59988 -0.51406 -0.21830 -0.03525 -0.19160 0.08980 0.31425 0.33905 0.58780 0.74108 -.15635
34.25 0.62697992009773107 -0.91484 -0.73781 -0.59992 -0.51321 -0.21634 -0.03778 -0.19331 0.08889 0.31169 0.34274 0.58922 0.75112 -.15553
34.50 0.62992210685231265 -0.91411 -0.73773 -0.59995 -0.51237 -0.21444 -0.04029 -0.19497 0.08803 0.30926 0.34644 0.59054 0.76111 -.15468
34.75 0.63286819135903882 -0.91339 -0.73761 -0.59998 -0.51154 -0.21260 -0.04280 -0.19658 0.08719 0.30695 0.35014 0.59178 0.77102 -.15378
35.00 0.63581839018712483 -0.91269 -0.73745 -0.60001 -0.51071 -0.21080 -0.04529 -0.19813 0.08637 0.30477 0.35385 0.59293 0.78086 -.15284
35.25 0.63877292046592293 -0.91201 -0.73727 -0.60005 -0.50990 -0.20905 -0.04779 -0.19963 0.08557 0.30272 0.35756 0.59398 0.79061 -.15184
35.50 0.64173199996623487 -0.91136 -0.73704 -0.60010 -0.50909 -0.20735 -0.05028 -0.20107 0.08478 0.30080 0.36127 0.59493 0.80026 -.15079
35.75 0.64469584718154593 -0.91074 -0.73679 -0.60016 -0.50829 -0.20568 -0.05276 -0.20246 0.08400 0.29900 0.36499 0.59579 0.80979 -.14970
36.00 0.64766468140925815 -0.91014 -0.73650 -0.60024 -0.50750 -0.20405 -0.05525 -0.20380 0.08323 0.29734 0.36872 0.59655 0.81921 -.14855
36.25 0.65063872283200119 -0.90958 -0.73618 -0.60034 -0.50673 -0.20245 -0.05774 -0.20507 0.08246 0.29581 0.37244 0.59720 0.82850 -.14733
36.50 0.65361819259909770 -0.90905 -0.73583 -0.60046 -0.50598 -0.20087 -0.06023 -0.20629 0.08169 0.29440 0.37617 0.59776 0.83766 -.14606
36.75 0.65660331290825846 -0.90855 -0.73544 -0.60060 -0.50524 -0.19932 -0.06272 -0.20746 0.08091 0.29311 0.37989 0.59822 0.84666 -.14474
37.00 0.65959430708758449 -0.90809 -0.73503 -0.60076 -0.50451 -0.19777 -0.06522 -0.20857 0.08014 0.29195 0.38361 0.59858 0.85550 -.14335
37.25 0.66259139967795155 -0.90766 -0.73459 -0.60094 -0.50381 -0.19624 -0.06772 -0.20962 0.07936 0.29090 0.38733 0.59884 0.86418 -.14190
37.50 0.66559481651585173 -0.90726 -0.73413 -0.60115 -0.50313 -0.19471 -0.07023 -0.21062 0.07858 0.28996 0.39102 0.59901 0.87268 -.14039
37.75 0.66860478481676788 -0.90689 -0.73365 -0.60137 -0.50247 -0.19318 -0.07274 -0.21157 0.07780 0.28914 0.39471 0.59909 0.88099 -.13883
38.00 0.67162153325915808 -0.90655 -0.73314 -0.60162 -0.50183 -0.19166 -0.07526 -0.21246 0.07703 0.28842 0.39836 0.59908 0.88912 -.13720
38.25 0.67464529206912238 -0.90624 -0.73262 -0.60188 -0.50122 -0.19012 -0.07778 -0.21330 0.07626 0.28779 0.40199 0.59899 0.89703 -.13552
38.50 0.67767629310583211 -0.90596 -0.73209 -0.60216 -0.50064 -0.18858 -0.08030 -0.21409 0.07550 0.28726 0.40559 0.59881 0.90474 -.13379
38.75 0.68071476994779589 -0.90570 -0.73154 -0.60245 -0.50008 -0.18703 -0.08281 -0.21482 0.07474 0.28680 0.40915 0.59857 0.91223 -.13201
39.00 0.68376095798003989 -0.90547 -0.73099 -0.60275 -0.49954 -0.18547 -0.08533 -0.21551 0.07400 0.28643 0.41266 0.59825 0.91950 -.13018
39.25 0.68681509448228206 -0.90525 -0.73044 -0.60306 -0.49904 -0.18389 -0.08784 -0.21614 0.07328 0.28612 0.41611 0.59786 0.92653 -.12830
39.50 0.68987741871817743 -0.90506 -0.72989 -0.60337 -0.49856 -0.18230 -0.09035 -0.21673 0.07257 0.28588 0.41951 0.59742 0.93332 -.12638
39.75 0.69294817202571524 -0.90488 -0.72934 -0.60369 -0.49811 -0.18070 -0.09284 -0.21727 0.07188 0.28569 0.42285 0.59691 0.93987 -.12443
40.00 0.69602759790885060 -0.90473 -0.72880 -0.60401 -0.49769 -0.17907 -0.09532 -0.21777 0.07121 0.28555 0.42611 0.59636 0.94615 -.12245
40.25 0.69911594213045092 -0.90458 -0.72827 -0.60433 -0.49730 -0.17744 -0.09779 -0.21822 0.07056 0.28545 0.42929 0.59576 0.95218 -.12043
40.50 0.70221345280664171 -0.90445 -0.72775 -0.60464 -0.49694 -0.17578 -0.10024 -0.21864 0.06994 0.28539 0.43239 0.59511 0.95794 -.11840
40.75 0.70532038050263912 -0.90434 -0.72725 -0.60496 -0.49660 -0.17411 -0.10268 -0.21902 0.06934 0.28535 0.43539 0.59444 0.96342 -.11634
41.00 0.70843697833015451 -0.90424 -0.72677 -0.60526 -0.49629 -0.17242 -0.10509 -0.21936 0.06877 0.28534 0.43829 0.59373 0.96863 -.11427
41.25 0.71156350204645979 -0.90415 -0.72630 -0.60556 -0.49601 -0.17071 -0.10748 -0.21967 0.06823 0.28535 0.44108 0.59301 0.97355 -.11219
41.50 0.71470021015520846 -0.90407 -0.72587 -0.60585 -0.49575 -0.16899 -0.10985 -0.21995 0.06772 0.28537 0.44376 0.59227 0.97817 -.11010
41.75 0.71784736400909988 -0.90400 -0.72545 -0.60613 -0.49551 -0.16726 -0.11219 -0.22020 0.06723 0.28540 0.44630 0.59153 0.98250 -.10801
42.00 0.72100522791448773 -0.90393 -0.72506 -0.60639 -0.49530 -0.16551 -0.11450 -0.22042 0.06678 0.28544 0.44872 0.59079 0.98653 -.10592
42.25 0.72417406923802852 -0.90388 -0.72470 -0.60664 -0.49510 -0.16375 -0.11678 -0.22061 0.06636 0.28549 0.45099 0.59006 0.99025 -.10383
42.50 0.72735415851547003 -0.90383 -0.72437 -0.60687 -0.49493 -0.16198 -0.11902 -0.22079 0.06598 0.28553 0.45310 0.58935 0.99367 -.10177
42.75 0.73054576956268569 -0.90379 -0.72407 -0.60708 -0.49478 -0.16020 -0.12123 -0.22094 0.06563 0.28558 0.45506 0.58867 0.99677 -.09971
43.00 0.73374917958905994 -0.90376 -0.72380 -0.60728 -0.49464 -0.15842 -0.12340 -0.22107 0.06531 0.28563 0.45684 0.58802 0.99955 -.09767
43.25 0.73696466931333482 -0.90373 -0.72355 -0.60746 -0.49453 -0.15665 -0.12551 -0.22118 0.06503 0.28567 0.45844 0.58743 1.00201 -.09567
43.50 0.74019252308203054 -0.90371 -0.72334 -0.60761 -0.49443 -0.15489 -0.12757 -0.22128 0.06478 0.28571 0.45984 0.58690 1.00415 -.09371
43.75 0.74343302899055930 -0.90369 -0.72316 -0.60774 -0.49434 -0.15317 -0.12954 -0.22136 0.06457 0.28574 0.46105 0.58643 1.00597 -.09182
44.00 0.74668647900714824 -0.90368 -0.72302 -0.60785 -0.49427 -0.15151 -0.13140 -0.22142 0.06440 0.28577 0.46205 0.58603 1.00746 -.09002
44.25 0.74995316909970178 -0.90366 -0.72290 -0.60794 -0.49422 -0.14997 -0.13310 -0.22147 0.06427 0.28580 0.46284 0.58572 1.00861 -.08837
44.50 0.75323339936572720 -0.90366 -0.72282 -0.60800 -0.49419 -0.14865 -0.13454 -0.22151 0.06417 0.28581 0.46340 0.58549 1.00944 -.08697
44.75 0.75652747416546084 -0.90365 -0.72277 -0.60804 -0.49416 -0.14771 -0.13555 -0.22153 0.06411 0.28582 0.46374 0.58535 1.00994 -.08598
45.00 0.75983570225832975
45.25 0.76315839694289456 -0.90365 -0.72277 -0.60804 -0.49416 -0.14771 -0.13555 -0.22153 0.06411 0.28582 0.46374 0.58535 1.00994 -.08598
45.50 0.76649587620041937 -0.90366 -0.72282 -0.60800 -0.49419 -0.14865 -0.13454 -0.22151 0.06417 0.28581 0.46340 0.58549 1.00944 -.08697
45.75 0.76984846284222430 -0.90366 -0.72290 -0.60794 -0.49422 -0.14997 -0.13310 -0.22147 0.06427 0.28580 0.46284 0.58572 1.00861 -.08837
46.00 0.77321648466098036 -0.90368 -0.72302 -0.60785 -0.49427 -0.15151 -0.13140 -0.22142 0.06440 0.28577 0.46205 0.58603 1.00746 -.09002
46.25 0.77660027458611014 -0.90369 -0.72316 -0.60774 -0.49434 -0.15317 -0.12954 -0.22136 0.06457 0.28574 0.46105 0.58643 1.00597 -.09182
46.50 0.78000017084346973 -0.90371 -0.72334 -0.60761 -0.49443 -0.15489 -0.12757 -0.22128 0.06478 0.28571 0.45984 0.58690 1.00415 -.09371
46.75 0.78341651711948912 -0.90373 -0.72355 -0.60746 -0.49453 -0.15665 -0.12551 -0.22118 0.06503 0.28567 0.45844 0.58743 1.00201 -.09567
47.00 0.78684966272995749 -0.90376 -0.72380 -0.60728 -0.49464 -0.15842 -0.12340 -0.22107 0.06531 0.28563 0.45684 0.58802 0.99955 -.09767
47.25 0.79029996279364645 -0.90379 -0.72407 -0.60708 -0.49478 -0.16020 -0.12123 -0.22094 0.06563 0.28558 0.45506 0.58867 0.99677 -.09971
47.50 0.79376777841097601 -0.90383 -0.72437 -0.60687 -0.49493 -0.16198 -0.11902 -0.22079 0.06598 0.28553 0.45310 0.58935 0.99367 -.10177
47.75 0.79725347684792980 -0.90388 -0.72470 -0.60664 -0.49510 -0.16375 -0.11678 -0.22061 0.06636 0.28549 0.45099 0.59006 0.99025 -.10383
48.00 0.80075743172543956 -0.90393 -0.72506 -0.60639 -0.49530 -0.16551 -0.11450 -0.22042 0.06678 0.28544 0.44872 0.59079 0.98653 -.10592
48.25 0.80428002321446923 -0.90400 -0.72545 -0.60613 -0.49551 -0.16726 -0.11219 -0.22020 0.06723 0.28540 0.44630 0.59153 0.98250 -.10801
48.50 0.80782163823703412 -0.90407 -0.72587 -0.60585 -0.49575 -0.16899 -0.10985 -0.21995 0.06772 0.28537 0.44376 0.59227 0.97817 -.11010
48.75 0.81138267067340353 -0.90415 -0.72630 -0.60556 -0.49601 -0.17071 -0.10748 -0.21967 0.06823 0.28535 0.44108 0.59301 0.97355 -.11219
49.00 0.81496352157574936 -0.90424 -0.72677 -0.60526 -0.49629 -0.17242 -0.10509 -0.21936 0.06877 0.28534 0.43829 0.59373 0.96863 -.11427
49.25 0.81856459938850701 -0.90434 -0.72725 -0.60496 -0.49660 -0.17411 -0.10268 -0.21902 0.06934 0.28535 0.43539 0.59444 0.96342 -.11634
49.50 0.82218632017573356 -0.90445 -0.72775 -0.60464 -0.49694 -0.17578 -0.10024 -0.21864 0.06994 0.28539 0.43239 0.59511 0.95794 -.11840
49.75 0.82582910785575958 -0.90458 -0.72827 -0.60433 -0.49730 -0.17744 -0.09779 -0.21822 0.07056 0.28545 0.42929 0.59576 0.95218 -.12043
50.00 0.82949339444344139 -0.90473 -0.72880 -0.60401 -0.49769 -0.17907 -0.09532 -0.21777 0.07121 0.28555 0.42611 0.59636 0.94615 -.12245
50.25 0.83317962030033754 -0.90488 -0.72934 -0.60369 -0.49811 -0.18070 -0.09284 -0.21727 0.07188 0.28569 0.42285 0.59691 0.93987 -.12443
50.50 0.83688823439314863 -0.90506 -0.72989 -0.60337 -0.49856 -0.18230 -0.09035 -0.21673 0.07257 0.28588 0.41951 0.59742 0.93332 -.12638
50.75 0.84061969456077290 -0.90525 -0.73044 -0.60306 -0.49904 -0.18389 -0.08784 -0.21614 0.07328 0.28612 0.41611 0.59786 0.92653 -.12830
51.00 0.84437446779034697 -0.90547 -0.73099 -0.60275 -0.49954 -0.18547 -0.08533 -0.21551 0.07400 0.28643 0.41266 0.59825 0.91950 -.13018
51.25 0.84815303050266300 -0.90570 -0.73154 -0.60245 -0.50008 -0.18703 -0.08281 -0.21482 0.07474 0.28680 0.40915 0.59857 0.91223 -.13201
51.50 0.85195586884736429 -0.90596 -0.73209 -0.60216 -0.50064 -0.18858 -0.08030 -0.21409 0.07550 0.28726 0.40559 0.59881 0.90474 -.13379
51.75 0.85578347900834917 -0.90624 -0.73262 -0.60188 -0.50122 -0.19012 -0.07778 -0.21330 0.07626 0.28779 0.40199 0.59899 0.89703 -.13552
52.00 0.85963636751982619 -0.90655 -0.73314 -0.60162 -0.50183 -0.19166 -0.07526 -0.21246 0.07703 0.28842 0.39836 0.59908 0.88912 -.13720
52.25 0.86351505159349251 -0.90689 -0.73365 -0.60137 -0.50247 -0.19318 -0.07274 -0.21157 0.07780 0.28914 0.39471 0.59909 0.88099 -.13883
52.50 0.86742005945732381 -0.90726 -0.73413 -0.60115 -0.50313 -0.19471 -0.07023 -0.21062 0.07858 0.28996 0.39102 0.59901 0.87268 -.14039
52.75 0.87135193070649397 -0.90766 -0.73459 -0.60094 -0.50381 -0.19624 -0.06772 -0.20962 0.07936 0.29090 0.38733 0.59884 0.86418 -.14190
53.00 0.87531121666696521 -0.90809 -0.73503 -0.60076 -0.50451 -0.19777 -0.06522 -0.20857 0.08014 0.29195 0.38361 0.59858 0.85550 -.14335
53.25 0.87929848077231665 -0.90855 -0.73544 -0.60060 -0.50524 -0.19932 -0.06272 -0.20746 0.08091 0.29311 0.37989 0.59822 0.84666 -.14474
53.50 0.88331429895441260 -0.90905 -0.73583 -0.60046 -0.50598 -0.20087 -0.06023 -0.20629 0.08169 0.29440 0.37617 0.59776 0.83766 -.14606
53.75 0.88735926004853483 -0.90958 -0.73618 -0.60034 -0.50673 -0.20245 -0.05774 -0.20507 0.08246 0.29581 0.37244 0.59720 0.82850 -.14733
54.00 0.89143396621364279 -0.91014 -0.73650 -0.60024 -0.50750 -0.20405 -0.05525 -0.20380 0.08323 0.29734 0.36872 0.59655 0.81921 -.14855
54.25 0.89553903336845653 -0.91074 -0.73679 -0.60016 -0.50829 -0.20568 -0.05276 -0.20246 0.08400 0.29900 0.36499 0.59579 0.80979 -.14970
54.50 0.89967509164409376 -0.91136 -0.73704 -0.60010 -0.50909 -0.20735 -0.05028 -0.20107 0.08478 0.30080 0.36127 0.59493 0.80026 -.15079
54.75 0.90384278585403033 -0.91201 -0.73727 -0.60005 -0.50990 -0.20905 -0.04779 -0.19963 0.08557 0.30272 0.35756 0.59398 0.79061 -.15184
55.00 0.90804277598219907 -0.91269 -0.73745 -0.60001 -0.51071 -0.21080 -0.04529 -0.19813 0.08637 0.30477 0.35385 0.59293 0.78086 -.15284
55.25 0.91227573769007742 -0.91339 -0.73761 -0.59998 -0.51154 -0.21260 -0.04280 -0.19658 0.08719 0.30695 0.35014 0.59178 0.77102 -.15378
55.50 0.91654236284366797 -0.91411 -0.73773 -0.59995 -0.51237 -0.21444 -0.04029 -0.19497 0.08803 0.30926 0.34644 0.59054 0.76111 -.15468
55.75 0.92084336006132139 -0.91484 -0.73781 -0.59992 -0.51321 -0.21634 -0.03778 -0.19331 0.08889 0.31169 0.34274 0.58922 0.75112 -.15553
56.00 0.92517945528340284 -0.91559 -0.73786 -0.59988 -0.51406 -0.21830 -0.03525 -0.19160 0.08980 0.31425 0.33905 0.58780 0.74108 -.15635
56.25 0.92955139236486140 -0.91634 -0.73788 -0.59984 -0.51491 -0.22031 -0.03272 -0.18984 0.09074 0.31693 0.33536 0.58630 0.73098 -.15712
56.50 0.93395993369181618 -0.91710 -0.73787 -0.59978 -0.51576 -0.22239 -0.03017 -0.18803 0.09173 0.31973 0.33167 0.58472 0.72084 -.15786
56.75 0.93840586082334254 -0.91786 -0.73783 -0.59970 -0.51661 -0.22452 -0.02761 -0.18617 0.09277 0.32265 0.32798 0.58307 0.71067 -.15856
57.00 0.94288997515969897 -0.91861 -0.73775 -0.59960 -0.51746 -0.22672 -0.02504 -0.18426 0.09387 0.32429 0.32569 0.58134 0.70047 -.15922
57.25 0.94741309863831702 -0.91936 -0.73765 -0.59947 -0.51831 -0.22898 -0.02245 -0.18231 0.09503 0.32059 0.32883 0.57954 0.69026 -.15986
57.50 0.95197607445894206 -0.92010 -0.73752 -0.59932 -0.51915 -0.23130 -0.01985 -0.18031 0.09626 0.31690 0.33209 0.57768 0.68004 -.16046
57.75 0.95657976783940157 -0.92082 -0.73736 -0.59913 -0.52000 -0.23369 -0.01724 -0.17827 0.09757 0.31320 0.33545 0.57576 0.66982 -.16103
58.00 0.96122506680355879 -0.92152 -0.73718 -0.59890 -0.52084 -0.23614 -0.01462 -0.17618 0.09895 0.30949 0.33891 0.57378 0.65960 -.16156
58.25 0.96591288300310196 -0.92220 -0.73697 -0.59863 -0.52168 -0.23864 -0.01198 -0.17405 0.10042 0.30578 0.34247 0.57175 0.64941 -.16207
58.50 0.97064415257492132 -0.92286 -0.73673 -0.59831 -0.52252 -0.24121 -0.00933 -0.17189 0.10197 0.30207 0.34613 0.56967 0.63924 -.16256
58.75 0.97541983703592194 -0.92348 -0.73647 -0.59794 -0.52335 -0.24384 -0.00666 -0.16968 0.10361 0.29835 0.34987 0.56755 0.62910 -.16302
59.00 0.98024092421724396 -0.92407 -0.73619 -0.59753 -0.52417 -0.24652 -0.00399 -0.16743 0.10535 0.29462 0.35370 0.56539 0.61901 -.16344
59.25 0.98510842923997155 -0.92462 -0.73589 -0.59705 -0.52499 -0.24925 -0.00131 -0.16515 0.10719 0.29089 0.35761 0.56319 0.60898 -.16384
59.50 0.99002339553454166 -0.92513 -0.73557 -0.59652 -0.52581 -0.25204 0.00138 -0.16282 0.10913 0.28716 0.36158 0.56095 0.59902 -.16420
59.75 0.99498689590620693 -0.92560 -0.73523 -0.59593 -0.52662 -0.25488 0.00408 -0.16046 0.11117 0.28342 0.36561 0.55869 0.58913 -.16454
60.00 1.0000000336490449 -0.92602 -0.73487 -0.59527 -0.52743 -0.25776 0.00679 -0.15807 0.11331 0.27969 0.36969 0.55641 0.57935 -.16486
60.25 1.0050639437111659 -0.92639 -0.73449 -0.59454 -0.52823 -0.26069 0.00951 -0.15564 0.11555 0.27595 0.37379 0.55410 0.56969 -.16515
60.50 1.0101797939139427 -0.92671 -0.73409 -0.59375 -0.52902 -0.26367 0.01223 -0.15317 0.11790 0.27223 0.37790 0.55178 0.56017 -.16540
60.75 1.0153487862282633 -0.92698 -0.73368 -0.59289 -0.52981 -0.26668 0.01495 -0.15068 0.12034 0.26852 0.38199 0.54945 0.55082 -.16563
61.00 1.0205721581109972 -0.92720 -0.73325 -0.59195 -0.53059 -0.26974 0.01768 -0.14814 0.12288 0.26482 0.38601 0.54170 0.54711 -.16582
61.25 1.0258511839050852 -0.92735 -0.73280 -0.59094 -0.53137 -0.27283 0.02042 -0.14558 0.12551 0.26115 0.38991 0.53285 0.54476 -.16600
61.50 1.0311871763068714 -0.92745 -0.73234 -0.58986 -0.53214 -0.27596 0.02316 -0.14298 0.12822 0.25752 0.39363 0.52435 0.54241 -.16614
61.75 1.0365814879045478 -0.92749 -0.73187 -0.58871 -0.53290 -0.27912 0.02591 -0.14034 0.13100 0.25393 0.39706 0.51629 0.54006 -.16625
62.00 1.0420355127918348 -0.92748 -0.73138 -0.58748 -0.53366 -0.28230 0.02866 -0.13768 0.13383 0.25040 0.40007 0.50882 0.53771 -.16634
62.25 1.0475506882612993 -0.92740 -0.73088 -0.58618 -0.53441 -0.28552 0.03142 -0.13498 0.13669 0.24696 0.40249 0.50211 0.53537 -.16640
62.50 1.0531284965820111 -0.92727 -0.73036 -0.58481 -0.53515 -0.28877 0.03419 -0.13224 0.13956 0.24362 0.40409 0.49638 0.53305 -.16643
62.75 1.0587704668665670 -0.92708 -0.72983 -0.58337 -0.53588 -0.29204 0.03696 -0.12947 0.14241 0.24042 0.40462 0.49189 0.53073 -.16643
63.00 1.0644781770328475 -0.92684 -0.72929 -0.58186 -0.53660 -0.29533 0.03974 -0.12666 0.14517 0.23740 0.40387 0.48885 0.52844 -.16640
63.25 1.0702532558662603 -0.92654 -0.72873 -0.58030 -0.53732 -0.29865 0.04253 -0.12382 0.14781 0.23461 0.40170 0.48740 0.52616 -.16635
63.50 1.0760973851886237 -0.92620 -0.72817 -0.57868 -0.53803 -0.30200 0.04534 -0.12093 0.15025 0.23212 0.39813 0.48752 0.52391 -.16627
63.75 1.0820123021402799 -0.92581 -0.72760 -0.57701 -0.53873 -0.30536 0.04816 -0.11800 0.15238 0.22999 0.39332 0.48906 0.52169 -.16616
64.00 1.0879998015825072 -0.92539 -0.72703 -0.57530 -0.53942 -0.30875 0.05100 -0.11501 0.15411 0.22834 0.38750 0.49178 0.51950 -.16601
64.25 1.0940617386278098 -0.92494 -0.72646 -0.57357 -0.54012 -0.31217 0.05386 -0.11196 0.15530 0.22724 0.38088 0.49546 0.51736 -.16582
64.50 1.1002000313062268 -0.92448 -0.72590 -0.57183 -0.54081 -0.31561 0.05675 -0.10884 0.15582 0.22681 0.37368 0.49990 0.51528 -.16559
64.75 1.1064166633763877 -0.92402 -0.72538 -0.57010 -0.54151 -0.31909 0.05967 -0.10561 0.15550 0.22711 0.36604 0.50494 0.51328 -.16528
65.00 1.1127136872907215 -0.92359 -0.72492 -0.56843 -0.54223 -0.32261 0.06265 -0.10226 0.15418 0.22818 0.35807 0.51048 0.51140 -.16491
65.25 1.1190932273249123 -0.92324 -0.72461 -0.56687 -0.54302 -0.32621 0.06570 -0.09869 0.15160 0.23002 0.34980 0.50973 0.51642 -.16439
65.50 1.1255574828824770 -0.92307 -0.72464 -0.56552 -0.54396 -0.32993 0.06883 -0.09476 0.14717 0.23261 0.34125 0.50848 0.52275 -.16359
65.75 1.1321087319861824 -0.92331 -0.72572 -0.56458 -0.54544 -0.33401 0.07189 -0.09006 0.13886 0.23589 0.33226 0.50839 0.52946 -.16195
66.00 1.1387493349689228 -0.92441 -0.73116 -0.56382 -0.54935 -0.33955 0.07157 -0.08448 0.11953 0.23997 0.32375 0.51212 0.53626 -.15605
66.25 1.1454817383776770 -0.92450 -0.73767 -0.56114 -0.55431 -0.34558 0.06457 -0.08185 0.10161 0.24515 0.32029 0.51569 0.54235 -.14642
66.50 1.1523084791052536 -0.92376 -0.74164 -0.55801 -0.55788 -0.35076 0.05724 -0.08017 0.09051 0.25092 0.31910 0.51711 0.54867 -.13741
66.75 1.1592321887657087 -0.92275 -0.74431 -0.56103 -0.55454 -0.35547 0.05017 -0.07844 0.08214 0.25702 0.31885 0.51772 0.55533 -.12861
67.00 1.1662555983306084 -0.92162 -0.74623 -0.56364 -0.55122 -0.35992 0.04326 -0.07654 0.07516 0.26334 0.31919 0.51795 0.56227 -.11980
67.25 1.1733815430447392 -0.92044 -0.74767 -0.56598 -0.54793 -0.36421 0.03645 -0.07450 0.06896 0.26982 0.31994 0.51796 0.56944 -.11095
67.50 1.1806129676413906 -0.91926 -0.74878 -0.56815 -0.54469 -0.36840 0.02969 -0.07234 0.06327 0.27643 0.32101 0.51783 0.57678 -.10203
67.75 1.1879529318790409 -0.91809 -0.74967 -0.57021 -0.54150 -0.37253 0.02299 -0.07010 0.05790 0.28313 0.32231 0.51762 0.58427 -.09309
68.00 1.1954046164231349 -0.91694 -0.75039 -0.57217 -0.53836 -0.37662 0.01634 -0.06779 0.05276 0.28992 0.32381 0.51737 0.59189 -.08413
68.25 1.2029713290986654 -0.91581 -0.75100 -0.57408 -0.53527 -0.38070 0.00973 -0.06545 0.04779 0.29679 0.32547 0.51712 0.59961 -.07518
68.50 1.2106565115415191 -0.91470 -0.75153 -0.57595 -0.53223 -0.38478 0.00319 -0.06307 0.04294 0.30372 0.32726 0.51689 0.60745 -.06626
68.75 1.2184637462790018 -0.91362 -0.75199 -0.57778 -0.52922 -0.38885 -0.00330 -0.06067 0.03818 0.31072 0.32916 0.51670 0.61538 -.05737
69.00 1.2263967642726714 -0.91256 -0.75241 -0.57960 -0.52626 -0.39291 -0.00972 -0.05825 0.03351 0.31776 0.33116 0.51657 0.62341 -.04853
69.25 1.2344594529595776 -0.91152 -0.75279 -0.58141 -0.52335 -0.39697 -0.01607 -0.05584 0.02891 0.32486 0.33326 0.51654 0.63155 -.03977
69.50 1.2426558648313226 -0.91050 -0.75315 -0.58320 -0.52050 -0.40102 -0.02234 -0.05342 0.02437 0.33198 0.33543 0.51662 0.63978 -.03108
69.75 1.2509902265939778 -0.90949 -0.75348 -0.58499 -0.51771 -0.40503 -0.02853 -0.05101 0.01990 0.33769 0.33914 0.51683 0.64811 -.02248
70.00 1.2594669489559134 -0.90850 -0.75380 -0.58678 -0.51501 -0.40901 -0.03463 -0.04862 0.01549 0.34002 0.34629 0.51721 0.65654 -.01399
70.25 1.2680906370950717 -0.90751 -0.75411 -0.58857 -0.51241 -0.41292 -0.04064 -0.04626 0.01115 0.34242 0.35344 0.51778 0.66507 -.00562
70.50 1.2768661018621295 -0.90654 -0.75442 -0.59037 -0.50994 -0.41674 -0.04656 -0.04394 0.00690 0.34489 0.36056 0.51857 0.67371 .00262
70.75 1.2857983717814927 -0.90558 -0.75472 -0.59216 -0.50764 -0.42043 -0.05238 -0.04168 0.00274 0.34743 0.36763 0.51962 0.68246 .01070
71.00 1.2948927059181552 -0.90463 -0.75502 -0.59397 -0.50557 -0.42394 -0.05811 -0.03953 -0.00127 0.35003 0.37461 0.52097 0.69131 .01858
71.25 1.3041546076852373 -0.90369 -0.75532 -0.59578 -0.50377 -0.42720 -0.06373 -0.03753 -0.00510 0.35270 0.38148 0.52265 0.70028 .02620
71.50 1.3135898396745678 -0.90276 -0.75563 -0.59759 -0.50232 -0.43015 -0.06925 -0.03579 -0.00864 0.35544 0.38819 0.52472 0.70936 .03346
71.75 1.3232044396011293 -0.90183 -0.75594 -0.59942 -0.50132 -0.43269 -0.07466 -0.03449 -0.01171 0.35824 0.39472 0.52722 0.71856 .04017
72.00 1.3330047374615932 -0.90092 -0.75627 -0.60126 -0.50085 -0.43473 -0.07996 -0.03391 -0.01403 0.36111 0.40102 0.53021 0.72788 .04605
72.25 1.3429973740177321 -0.90001 -0.75660 -0.60310 -0.50100 -0.43619 -0.08516 -0.03436 -0.01529 0.36404 0.40704 0.53373 0.73732 .05080
72.50 1.3531893207273342 -0.89912 -0.75696 -0.60496 -0.50182 -0.43700 -0.09024 -0.03596 -0.01539 0.36704 0.41276 0.53783 0.74689 .05428
72.75 1.3635879012585173 -0.89824 -0.75733 -0.60683 -0.50334 -0.43714 -0.09522 -0.03845 -0.01456 0.37011 0.41814 0.54255 0.75659 .05677
73.00 1.3742008147382716 -0.89737 -0.75772 -0.60872 -0.50555 -0.43663 -0.10008 -0.04151 -0.01313 0.37325 0.42317 0.54792 0.76643 .05857
73.25 1.3850361609029067 -0.89652 -0.75814 -0.61062 -0.50840 -0.43550 -0.10482 -0.04490 -0.01136 0.37645 0.42783 0.55396 0.77641 .05992
73.50 1.3961024673370386 -0.89568 -0.75859 -0.61253 -0.51180 -0.43385 -0.10946 -0.04845 -0.00940 0.37972 0.43213 0.56068 0.78653 .06101
73.75 1.4074087190092159 -0.89486 -0.75907 -0.61447 -0.51568 -0.43173 -0.11397 -0.05210 -0.00733 0.38307 0.43609 0.56808 0.79680 .06187
74.00 1.4189643903365978 -0.89406 -0.75959 -0.61641 -0.51996 -0.42923 -0.11838 -0.05579 -0.00519 0.38648 0.43973 0.57613 0.80723 .06259
74.25 1.4307794800386300 -0.89328 -0.76015 -0.61838 -0.52458 -0.42640 -0.12267 -0.05950 -0.00302 0.38997 0.44308 0.58483 0.81781 .06317
74.50 1.4428645490710084 -0.89253 -0.76076 -0.62037 -0.52948 -0.42330 -0.12684 -0.06320 -0.00083 0.39354 0.44619 0.59413 0.82856 .06364
74.75 1.4552307619668963 -0.89180 -0.76142 -0.62237 -0.53462 -0.41998 -0.13090 -0.06688 0.00135 0.39718 0.44908 0.60403 0.83948 .06402
75.00 1.4678899319530556 -0.89109 -0.76214 -0.62440 -0.53995 -0.41645 -0.13484 -0.07054 0.00353 0.40090 0.45181 0.61449 0.85059 .06430
75.25 1.4808545702551064 -0.89043 -0.76293 -0.62645 -0.54544 -0.41276 -0.13867 -0.07416 0.00569 0.40470 0.45441 0.62549 0.86187 .06451
75.50 1.4941379400594756 -0.88979 -0.76379 -0.62852 -0.55107 -0.40891 -0.14239 -0.07774 0.00782 0.40858 0.45692 0.63701 0.87335 .06465
75.75 1.5077541156608558 -0.88919 -0.76473 -0.63062 -0.55682 -0.40493 -0.14599 -0.08128 0.00992 0.41254 0.45937 0.64903 0.88504 .06471
76.00 1.5217180473945009 -0.88864 -0.76576 -0.63274 -0.56266 -0.40082 -0.14948 -0.08478 0.01199 0.41658 0.46178 0.66154 0.89693 .06470
76.25 1.5360456330340897 -0.88813 -0.76690 -0.63488 -0.56858 -0.39660 -0.15286 -0.08822 0.01401 0.42072 0.46419 0.67454 0.90905 .06464
76.50 1.5507537964299845 -0.88767 -0.76814 -0.63706 -0.57456 -0.39227 -0.15612 -0.09161 0.01600 0.42494 0.46662 0.68800 0.92140 .06451
76.75 1.5658605742718710 -0.88727 -0.76951 -0.63926 -0.58057 -0.38785 -0.15928 -0.09495 0.01794 0.42925 0.46908 0.70195 0.93400 .06433
77.00 1.5813852119866876 -0.88692 -0.77102 -0.64149 -0.58662 -0.38332 -0.16232 -0.09822 0.01984 0.43366 0.47161 0.71637 0.94685 .06410
77.25 1.5973482699307082 -0.88664 -0.77267 -0.64375 -0.59267 -0.37870 -0.16526 -0.10144 0.02169 0.43817 0.47422 0.73127 0.95998 .06382
77.50 1.6137717412076256 -0.88643 -0.77449 -0.64604 -0.59871 -0.37398 -0.16808 -0.10460 0.02348 0.44278 0.47692 0.74665 0.97339 .06348
77.75 1.6306791826473761 -0.88629 -0.77648 -0.64836 -0.60474 -0.36917 -0.17080 -0.10768 0.02522 0.44748 0.47973 0.76254 0.98711 .06312
78.00 1.6480958607190197 -0.88623 -0.77867 -0.65072 -0.61072 -0.36427 -0.17341 -0.11071 0.02691 0.45230 0.48267 0.77893 1.00115 .06270
78.25 1.6660489144325314 -0.88626 -0.78107 -0.65311 -0.61665 -0.35928 -0.17591 -0.11366 0.02854 0.45723 0.48574 0.79585 1.01553 .06225
78.50 1.6845675376176648 -0.88638 -0.78369 -0.65554 -0.62251 -0.35419 -0.17831 -0.11655 0.03012 0.46227 0.48896 0.81331 1.03027 .06176
78.75 1.7036831833639368 -0.88661 -0.78657 -0.65800 -0.62827 -0.34901 -0.18060 -0.11936 0.03164 0.46744 0.49234 0.83134 1.04541 .06124
79.00 1.7234297938777567 -0.88694 -0.78970 -0.66050 -0.63393 -0.34373 -0.18278 -0.12210 0.03311 0.47273 0.49589 0.84995 1.06095 .06068
79.25 1.7438440595774944 -0.88739 -0.79312 -0.66303 -0.63948 -0.33835 -0.18486 -0.12477 0.03453 0.47815 0.49962 0.86918 1.07694 .06009
79.50 1.7649657119256603 -0.88796 -0.79682 -0.66560 -0.64488 -0.33286 -0.18684 -0.12736 0.03589 0.48370 0.50355 0.88906 1.09340 .05948
79.75 1.7868378553155890 -0.88867 -0.80084 -0.66822 -0.65015 -0.32727 -0.18872 -0.12987 0.03721 0.48940 0.50768 0.90960 1.11037 .05885
80.00 1.8095073443210954 -0.88953 -0.80518 -0.67087 -0.65526 -0.32156 -0.19049 -0.13231 0.03848 0.49525 0.51202 0.93086 1.12788 .05818
80.25 1.8330252138232914 -0.89053 -0.80984 -0.67356 -0.66021 -0.31573 -0.19217 -0.13466 0.03971 0.50127 0.51659 0.95288 1.14598 .05751
80.50 1.8574471710024862 -0.89171 -0.81484 -0.67630 -0.66500 -0.30977 -0.19374 -0.13694 0.04091 0.50745 0.52140 0.97569 1.16471 .05680
80.75 1.8828341599932619 -0.89305 -0.82018 -0.67908 -0.66962 -0.30368 -0.19522 -0.13914 0.04207 0.51380 0.52646 0.99934 1.18413 .05608
81.00 1.9092530122354845 -0.89459 -0.82586 -0.68190 -0.67409 -0.29744 -0.19659 -0.14126 0.04322 0.52035 0.53177 1.02389 1.20428 .05533
81.25 1.9367771983277440 -0.89633 -0.83188 -0.68477 -0.67840 -0.29105 -0.19787 -0.14330 0.04434 0.52710 0.53736 1.04940 1.22524 .05457
81.50 1.9654877006520655 -0.89829 -0.83823 -0.68769 -0.68258 -0.28451 -0.19905 -0.14526 0.04547 0.53406 0.54323 1.07594 1.24707 .05379
81.75 1.9954740303864316 -0.90047 -0.84491 -0.69066 -0.68662 -0.27778 -0.20014 -0.14714 0.04660 0.54125 0.54940 1.10357 1.26984 .05300
82.00 2.0268354180156947 -0.90291 -0.85190 -0.69368 -0.69055 -0.27088 -0.20113 -0.14894 0.04774 0.54868 0.55589 1.13238 1.29364 .05219
82.25 2.0596822134404817 -0.90561 -0.85920 -0.69675 -0.69438 -0.26377 -0.20203 -0.15066 0.04891 0.55638 0.56271 1.16247 1.31857 .05137
82.50 2.0941375407372735 -0.90859 -0.86681 -0.69988 -0.69813 -0.25645 -0.20283 -0.15231 0.05013 0.56435 0.56989 1.19392 1.34474 .05052
82.75 2.1303392641794385 -0.91187 -0.87470 -0.70307 -0.70182 -0.24890 -0.20355 -0.15388 0.05141 0.57263 0.57742 1.22685 1.37225 .04967
83.00 2.1684423371644423 -0.91547 -0.88287 -0.70633 -0.70547 -0.24110 -0.20417 -0.15538 0.05278 0.58122 0.58535 1.26140 1.40125 .04879
83.25 2.2086216254199424 -0.91943 -0.89132 -0.70966 -0.70910 -0.23302 -0.20471 -0.15680 0.05424 0.59017 0.59370 1.29771 1.43188 .04791
83.50 2.2510753219802888 -0.92375 -0.90004 -0.71306 -0.71273 -0.22466 -0.20516 -0.15816 0.05583 0.59950 0.60248 1.33594 1.46432 .04700
83.75 2.2960291063410230 -0.92846 -0.90902 -0.71655 -0.71638 -0.21597 -0.20552 -0.15944 0.05757 0.60923 0.61172 1.37627 1.49876 .04608
84.00 2.3437412473608381 -0.93361 -0.91827 -0.72013 -0.72006 -0.20694 -0.20579 -0.16066 0.05949 0.61940 0.62147 1.41893 1.53543 .04513
84.25 2.3945089138952178 -0.93921 -0.92778 -0.72381 -0.72380 -0.20600 -0.19751 -0.16182 0.06163 0.63006 0.63175 1.46416 1.57458 .03569
84.50 2.4486760461856742 -0.94531 -0.93756 -0.72763 -0.72758 -0.20612 -0.18768 -0.16291 0.06402 0.64123 0.64260 1.51225 1.61651 .02477
84.75 2.5066432657105051 -0.95193 -0.94761 -0.73155 -0.73148 -0.20616 -0.17739 -0.16395 0.06671 0.65298 0.65406 1.56352 1.66156 .01344
