5.0 0.22474786951272291 -4.09144840737
5.25 0.23032811073355966 -4.23322388684
5.50 0.23578063841929153 -4.36267197813
5.75 0.24111432303437602 -4.48116919111
6.00 0.24633708657984518 -4.58988068912
6.25 0.25145603955751983 -4.68980025026
6.50 0.25647759350390792 -4.78178148333
6.75 0.26140755421862366 -4.86656244708
7.00 0.26625119958804888 -4.94478523844
7.25 0.27101334500631991 -5.01701170460
7.50 0.27569839872782342 -5.08373614154
7.75 0.28031040898329512 -5.14539562917
8.00 0.28485310431016619 -5.20237849864
8.25 0.28932992825516618 -5.25503131269
8.50 0.29374406938062309 -5.30366465419
8.75 0.29809848732900202 -5.34855795329
9.00 0.30239593556098865 -5.38996353462
9.25 0.30663898127202549 -5.42811002811
9.50 0.31083002290405076 -5.46320525791
9.75 0.31497130559833353 -5.49543870098
10.00 0.31906493487798943 -5.52498358932
10.25 0.32311288880213562 -5.55199871581
10.50 0.32711702879550453 -5.57662999213
10.75 0.33107910932596624 -5.59901179869
11.00 0.33500078657648524 -5.61926815932
11.25 0.33888362623650670 -5.63751376757
11.50 0.34272911051981081 -5.65385488693
11.75 0.34653864450082428 -5.66839014354
12.00 0.35031356184872481 -5.68121122683
12.25 0.35405513002798283 -5.69240351104
12.50 0.35776455502492738 -5.70204660837
12.75 0.36144298565221100 -5.71021486311
13.00 0.36509151747647400 -5.71697779429
13.25 0.36871119640886968 -5.72240049384
13.50 0.37230302199327187 -5.72654398499
13.75 0.37586795042281695 -5.72946554687
14.00 0.37940689731182314 -5.73121900865
14.25 0.38292074024700901 -5.73185501695
14.50 0.38641032113921558 -5.73142127977
14.75 0.38987644839447261 -5.72996278960
15.00 0.39331989892118169 -5.72752202788
15.25 0.39674141998838264 -5.72413915326
15.50 0.40014173094847860 -5.71985217522
15.75 0.40352152483640419 -5.71469711494
16.00 0.40688146985598445 -5.70870815488
16.25 0.41022221076315113 -5.70191777845
16.50 0.41354437015471773 -5.69435690130
16.75 0.41684854967056112 -5.68605499524
17.00 0.42013533111630319 -5.67704020636
17.25 0.42340527751290741 -5.66733946839
17.50 0.42665893407900496 -5.65697861294
17.75 0.42989682915123001 -5.64598247771
18.00 0.43311947504735931 -5.63437501478
18.25 0.43632736887662232 -5.62217940059
18.50 0.43952099330116196 -5.60941815002
18.75 0.44270081725227745 -5.59611323751
19.00 0.44586729660476643 -5.58228622870
19.25 0.44902087481240505 -5.56795842749
19.50 0.45216198350734593 -5.55315104456
19.75 0.45529104306598517 -5.53788539597
20.00 0.45840846314364242 -5.52218314317
20.25 0.46151464318020630 -5.50606659090
20.50 0.46460997287872730 -5.48955906572
20.75 0.46769483265878409 -5.47268540871
21.00 0.47076959408630886 -5.45547263147
21.25 0.47383462028142359 -5.43795080927
21.50 0.47689026630572684 -5.42015432532
21.75 0.47993687953036013 -5.40212364439
22.00 0.48297479998608267 -5.38390790442
22.25 0.48600436069649899 -5.36556880592
22.50 0.48902588799549546 -5.34718662940
22.75 0.49203970182987000 -5.32886989433
23.00 0.49504611604806875 -5.31077163177
23.25 0.49804543867587991 -5.29311881209
23.50 0.50103797217987622 -5.27627203328
23.75 0.50402401371934424 -5.26087310131
24.00 0.50700385538738835 -5.24833533174
24.25 0.50997778444185260 -5.24086285550
24.50 0.51294608352666027 -5.23646329827
24.75 0.51590903088413309 -5.23316391369
25.00 0.51886690055881535 -5.23035033839
25.25 0.52181996259329522 -5.22776336081
25.50 0.52476848321648584 -5.22526924279
25.75 0.52771272502479782 -5.22279134038
26.00 0.53065294715660993 -5.22028308738
26.25 0.53358940546042311 -5.21771534223
26.50 0.53652235265705239 -5.21506975695
26.75 0.53945203849620049 -5.21233501257
27.00 0.54237870990772830 -5.20950454993
27.25 0.54530261114792489 -5.20657513623
27.50 0.54822398394106098 -5.20354592472
27.75 0.55114306761649301 -5.20041781841
28.00 0.55406009924157285 -5.19719302793
28.25 0.55697531375060216 -5.19387475726
28.50 0.55988894407005929 -5.19046697591
28.75 0.56280122124031395 -5.18697425074
29.00 0.56571237453403433 -5.18340162003
29.25 0.56862263157148163 -5.17975449772
29.50 0.57153221843287527 -5.17603859982
29.75 0.57444135976800692 -5.17225988726
30.00 0.57735027890326807 -5.16842452107
30.25 0.58025919794625369 -5.16453882700
30.50 0.58316833788809341 -5.16060926723
30.75 0.58607791870365555 -5.15664241757
31.00 0.58898815944976501 -5.15264494869
31.25 0.59189927836156764 -5.14862361018
31.50 0.59481149294717062 -5.14458521641
31.75 0.59772502008068074 -5.14053663317
32.00 0.60064007609376124 -5.13648476422
32.25 0.60355687686581816 -5.13243653682
32.50 0.60647563791293169 -5.12839888546
32.75 0.60939657447563289 -5.12437873281
33.00 0.61231990160563299 -5.12038296742
33.25 0.61524583425160395 -5.11641841745
33.50 0.61817458734410646 -5.11249181995
33.75 0.62110637587975959 -5.10860978569
34.00 0.62404141500474464 -5.10477875954
34.25 0.62697992009773107 -5.10100497683
34.50 0.62992210685231265 -5.09729441677
34.75 0.63286819135903882 -5.09365275407
35.00 0.63581839018712483 -5.09008531054
35.25 0.63877292046592293 -5.08659700881
35.50 0.64173199996623487 -5.08319233043
35.75 0.64469584718154593 -5.07987528074
36.00 0.64766468140925815 -5.07664936272
36.25 0.65063872283200119 -5.07351756159
36.50 0.65361819259909770 -5.07048234145
36.75 0.65660331290825846 -5.06754565417
37.00 0.65959430708758449 -5.06470896016
37.25 0.66259139967795155 -5.06197325956
37.50 0.66559481651585173 -5.05933913175
37.75 0.66860478481676788 -5.05680678054
38.00 0.67162153325915808 -5.05437608206
38.25 0.67464529206912238 -5.05204663273
38.50 0.67767629310583211 -5.04981779488
38.75 0.68071476994779589 -5.04768873802
39.00 0.68376095798003989 -5.04565847509
39.25 0.68681509448228206 -5.04372589292
39.50 0.68987741871817743 -5.04188977761
39.75 0.69294817202571524 -5.04014883531
40.00 0.69602759790885060 -5.03850170974
40.25 0.69911594213045092 -5.03694699726
40.50 0.70221345280664171 -5.03548326066
40.75 0.70532038050263912 -5.03410904246
41.00 0.70843697833015451 -5.03282287788
41.25 0.71156350204645979 -5.03162330806
41.50 0.71470021015520846 -5.03050889320
41.75 0.71784736400909988 -5.02947822553
42.00 0.72100522791448773 -5.02852994198
42.25 0.72417406923802852 -5.02766273614
42.50 0.72735415851547003 -5.02687536938
42.75 0.73054576956268569 -5.02616668097
43.00 0.73374917958905994 -5.02553559703
43.25 0.73696466931333482 -5.02498113835
43.50 0.74019252308203054 -5.02450242712
43.75 0.74343302899055930 -5.02409869247
44.00 0.74668647900714824 -5.02376927510
44.25 0.74995316909970178 -5.02351363098
44.50 0.75323339936572720 -5.02333133416
44.75 0.75652747416546084 -5.02322207896
45.00 0.75983570225832975
45.25 0.76315839694289456 -5.02322208004
45.50 0.76649587620041937 -5.02333133632
45.75 0.76984846284222430 -5.02351363422
46.00 0.77321648466098036 -5.02376927941
46.25 0.77660027458611014 -5.02409869786
46.50 0.78000017084346973 -5.02450243358
46.75 0.78341651711948912 -5.02498114589
47.00 0.78684966272995749 -5.02553560564
47.25 0.79029996279364645 -5.02616669065
47.50 0.79376777841097601 -5.02687538013
47.75 0.79725347684792980 -5.02766274795
48.00 0.80075743172543956 -5.02852995486
48.25 0.80428002321446923 -5.02947823947
48.50 0.80782163823703412 -5.03050890819
48.75 0.81138267067340353 -5.03162332411
49.00 0.81496352157574936 -5.03282289498
49.25 0.81856459938850701 -5.03410906060
49.50 0.82218632017573356 -5.03548327985
49.75 0.82582910785575958 -5.03694701748
50.00 0.82949339444344139 -5.03850173100
50.25 0.83317962030033754 -5.04014885760
50.50 0.83688823439314863 -5.04188980092
50.75 0.84061969456077290 -5.04372591726
51.00 0.84437446779034697 -5.04565850044
51.25 0.84815303050266300 -5.04768876439
51.50 0.85195586884736429 -5.04981782224
51.75 0.85578347900834917 -5.05204666110
52.00 0.85963636751982619 -5.05437611142
52.25 0.86351505159349251 -5.05680681089
52.50 0.86742005945732381 -5.05933916309
52.75 0.87135193070649397 -5.06197329187
53.00 0.87531121666696521 -5.06470899344
53.25 0.87929848077231665 -5.06754568842
53.50 0.88331429895441260 -5.07048237666
53.75 0.88735926004853483 -5.07351759775
54.00 0.89143396621364279 -5.07664939982
54.25 0.89553903336845653 -5.07987531878
54.50 0.89967509164409376 -5.08319236940
54.75 0.90384278585403033 -5.08659704870
55.00 0.90804277598219907 -5.09008535134
55.25 0.91227573769007742 -5.09365279577
55.50 0.91654236284366797 -5.09729445937
55.75 0.92084336006132139 -5.10100502031
56.00 0.92517945528340284 -5.10477880391
56.25 0.92955139236486140 -5.10860983093
56.50 0.93395993369181618 -5.11249186605
56.75 0.93840586082334254 -5.11641846440
57.00 0.94288997515969897 -5.12038301523
57.25 0.94741309863831702 -5.12437878145
57.50 0.95197607445894206 -5.12839893494
57.75 0.95657976783940157 -5.13243658712
58.00 0.96122506680355879 -5.13648481533
58.25 0.96591288300310196 -5.14053668510
58.50 0.97064415257492132 -5.14458526915
58.75 0.97541983703592194 -5.14862366372
59.00 0.98024092421724396 -5.15264500302
59.25 0.98510842923997155 -5.15664247269
59.50 0.99002339553454166 -5.16060932314
59.75 0.99498689590620693 -5.16453888369
60.00 1.0000000336490449 -5.16842457854
60.25 1.0050639437111659 -5.17225994550
60.50 1.0101797939139427 -5.17603865884
60.75 1.0153487862282633 -5.17975455752
61.00 1.0205721581109972 -5.18340168060
61.25 1.0258511839050852 -5.18697431209
61.50 1.0311871763068714 -5.19046703804
61.75 1.0365814879045478 -5.19387482018
62.00 1.0420355127918348 -5.19719309163
62.25 1.0475506882612993 -5.20041788290
62.50 1.0531284965820111 -5.20354599000
62.75 1.0587704668665670 -5.20657520231
63.00 1.0644781770328475 -5.20950461682
63.25 1.0702532558662603 -5.21233508028
63.50 1.0760973851886237 -5.21506982548
63.75 1.0820123021402799 -5.21771541161
64.00 1.0879998015825072 -5.22028315762
64.25 1.0940617386278098 -5.22279141150
64.50 1.1002000313062268 -5.22526931482
64.75 1.1064166633763877 -5.22776343380
65.00 1.1127136872907215 -5.23035041241
65.25 1.1190932273249123 -5.23316398886
65.50 1.1255574828824770 -5.23646337486
65.75 1.1321087319861824 -5.24086293430
66.00 1.1387493349689228 -5.24833541580
66.25 1.1454817383776770 -5.26087319045
66.50 1.1523084791052536 -5.27627212531
66.75 1.1592321887657087 -5.29311890602
67.00 1.1662555983306084 -5.31077172707
67.25 1.1733815430447392 -5.32886999068
67.50 1.1806129676413906 -5.34718672658
67.75 1.1879529318790409 -5.36556890377
68.00 1.1954046164231349 -5.38390800286
68.25 1.2029713290986654 -5.40212374334
68.50 1.2106565115415191 -5.42015442473
68.75 1.2184637462790018 -5.43795090912
69.00 1.2263967642726714 -5.45547273173
69.25 1.2344594529595776 -5.47268550939
69.50 1.2426558648313226 -5.48955916680
69.75 1.2509902265939778 -5.50606669239
70.00 1.2594669489559134 -5.52218324510
70.25 1.2680906370950717 -5.53788549835
70.50 1.2768661018621295 -5.55315114743
70.75 1.2857983717814927 -5.56795853087
71.00 1.2948927059181552 -5.58228633265
71.25 1.3041546076852373 -5.59611334206
71.50 1.3135898396745678 -5.60941825524
71.75 1.3232044396011293 -5.62217950653
72.00 1.3330047374615932 -5.63437512152
72.25 1.3429973740177321 -5.64598258531
72.50 1.3531893207273342 -5.65697872150
72.75 1.3635879012585173 -5.66733957801
73.00 1.3742008147382716 -5.67704031712
73.25 1.3850361609029067 -5.68605510726
73.50 1.3961024673370386 -5.69435701471
73.75 1.4074087190092159 -5.70191789339
74.00 1.4189643903365978 -5.70870827148
74.25 1.4307794800386300 -5.71469723337
74.50 1.4428645490710084 -5.71985229565
74.75 1.4552307619668963 -5.72413927588
75.00 1.4678899319530556 -5.72752215290
75.25 1.4808545702551064 -5.72996291725
75.50 1.4941379400594756 -5.73142141030
75.75 1.5077541156608558 -5.73185515061
76.00 1.5217180473945009 -5.73121914575
76.25 1.5360456330340897 -5.72946568772
76.50 1.5507537964299845 -5.72654412993
76.75 1.5658605742718710 -5.72240064326
77.00 1.5813852119866876 -5.71697794860
77.25 1.5973482699307082 -5.71021502276
77.50 1.6137717412076256 -5.70204677385
77.75 1.6306791826473761 -5.69240368289
78.00 1.6480958607190197 -5.68121140565
78.25 1.6660489144325314 -5.66839032996
78.50 1.6845675376176648 -5.65385508167
78.75 1.7036831833639368 -5.63751397141
79.00 1.7234297938777567 -5.61926837312
79.25 1.7438440595774944 -5.59901202338
79.50 1.7649657119256603 -5.57663022875
79.75 1.7868378553155890 -5.55199896551
80.00 1.8095073443210954 -5.52498385336
80.25 1.8330252138232914 -5.49543898077
80.50 1.8574471710024862 -5.46320555500
80.75 1.8828341599932619 -5.42811034423
81.00 1.9092530122354845 -5.38996387168
81.25 1.9367771983277440 -5.34855831345
81.50 1.9654877006520655 -5.30366503984
81.75 1.9954740303864316 -5.25503172651
82.00 2.0268354180156947 -5.20237894364
82.25 2.0596822134404817 -5.14539610873
82.50 2.0941375407372735 -5.08373665950
82.75 2.1303392641794385 -5.01701226529
83.00 2.1684423371644423 -4.94478584679
83.25 2.2086216254199424 -4.86656310870
83.50 2.2510753219802888 -4.78178220464
83.75 2.2960291063410230 -4.68980103864
84.00 2.3437412473608381 -4.58988155309
84.25 2.3945089138952178 -4.48117014056
84.50 2.4486760461856742 -4.36267302459
84.75 2.5066432657105051 -4.23322504386
