# h10 energies for multiplicity =  1
# y, E(n=1), E(n=2), E(n=3)
0.76 -5.0456586841  -4.9970043681  -4.9324202244 
.735 -5.0417944730  -4.9651892652  -4.9391971496 
.710 -5.0327937935  -4.9647769776  -4.9407156549 
.685 -5.0184960590  -4.9787823991  -4.9367699990 
.660 -4.9986344280  -4.9879240211  -4.9270422955 
.635 -4.9909829374  -4.9728025080  -4.9110662145 
.610 -4.9873638025  -4.9404272189  -4.8963559573 
.585 -4.9764542766  -4.9008589979  -4.8946532805 
.560 -4.9575636766  -4.9000487773  -4.8846743675 
.535 -4.9302622689  -4.9259940492  -4.8931798720 
.510 -4.9608955357  -4.9425136852  -4.9035896632 
.485 -5.0195287828  -4.9485396501  -4.9169982226 
.460 -5.0697698463  -4.9432943541  -4.9189008930 
.435 -5.1116143284  -4.9995520439  -4.9469041627 
.410 -5.1452302164  -5.0696677146  -5.0363455951 
.385 -5.1696987365  -5.1235012246  -5.1041735395 
.360 FC FC -5.1462290475 
