   84.750000000000000        2.5066432657105051       0.43426730000000002       7.99999999999999964E-007 -0.59330459999999996     
   84.500000000000000        2.4486760461856742       0.42787140000000001       1.30000000000000005E-006 -0.59285109999999996     
   84.250000000000000        2.3945089138952178       0.42166650000000000       1.99999999999999991E-006 -0.59239670000000000     
   84.000000000000000        2.3437412473608381       0.41564790000000001       3.19999999999999986E-006 -0.59193309999999999     
   83.750000000000000        2.2960291063410230       0.40981390000000001       4.79999999999999978E-006 -0.59145210000000004     
   83.500000000000000        2.2510753219802888       0.40416439999999998       6.99999999999999989E-006 -0.59094590000000002     
   83.250000000000000        2.2086216254199424       0.39824710000000002       1.02000000000000006E-005 -0.59040680000000001     
   83.000000000000000        2.1684423371644423       0.39204919999999999       1.43999999999999993E-005 -0.58982720000000000     
   82.750000000000000        2.1303392641794385       0.38582169999999999       2.01999999999999997E-005 -0.58919990000000000     
   82.500000000000000        2.0941375407372735       0.37957910000000000       2.76999999999999991E-005 -0.58851759999999997     
   82.250000000000000        2.0596822134404817       0.37334240000000002       3.75999999999999991E-005 -0.58777320000000000     
   82.000000000000000        2.0268354180156947       0.36713699999999999       5.02000000000000005E-005 -0.58695960000000003     
   81.750000000000000        1.9954740303864316       0.36099009999999998       6.64000000000000012E-005 -0.58606970000000003     
   81.500000000000000        1.9654877006520655       0.35492910000000000       8.67000000000000068E-005 -0.58509659999999997     
   81.250000000000000        1.9367771983277440       0.34898089999999998       1.12200000000000003E-004 -0.58403309999999997     
   81.000000000000000        1.9092530122354845       0.34317150000000002       1.43699999999999996E-004 -0.58287210000000000     
   80.750000000000000        1.8828341599932619       0.33752589999999999       1.82300000000000013E-004 -0.58160639999999997     
   80.500000000000000        1.8574471710024862       0.33206799999999997       2.29399999999999992E-004 -0.58022859999999998     
   80.250000000000000        1.8330252138232914       0.32682060000000002       2.86300000000000020E-004 -0.57873129999999995     
   80.000000000000000        1.8095073443210954       0.32180579999999998       3.54499999999999997E-004 -0.57710689999999998     
   79.750000000000000        1.7868378553155890       0.31704430000000000       4.35800000000000022E-004 -0.57534799999999997     
   79.500000000000000        1.7649657119256603       0.31255579999999999       5.31899999999999973E-004 -0.57344669999999998     
   79.250000000000000        1.7438440595774944       0.30835800000000002       6.44999999999999957E-004 -0.57139530000000005     
   79.000000000000000        1.7234297938777567       0.30446590000000001       7.77000000000000021E-004 -0.56918630000000003     
   78.750000000000000        1.7036831833639368       0.30088890000000001       9.30300000000000007E-004 -0.56681190000000004     
   78.500000000000000        1.6845675376176648       0.29762379999999999       1.10720000000000002E-003 -0.56426469999999995     
   78.250000000000000        1.6660489144325314       0.29463099999999998       1.31010000000000002E-003 -0.56153739999999996     
   78.000000000000000        1.6480958607190197       0.29170560000000001       1.54159999999999996E-003 -0.55862299999999998     
   77.750000000000000        1.6306791826473761       0.28739340000000002       1.80440000000000006E-003 -0.55551490000000003     
   77.500000000000000        1.6137717412076256       0.27786600000000000       2.10090000000000016E-003 -0.55220670000000005     
   77.250000000000000        1.5973482699307082       0.26605580000000001       2.43379999999999985E-003 -0.54869239999999997     
   77.000000000000000        1.5813852119866876       0.25386370000000003       2.80569999999999995E-003 -0.54496639999999996     
   76.750000000000000        1.5658605742718710       0.24156949999999999       3.21920000000000019E-003 -0.54102280000000003     
   76.500000000000000        1.5507537964299845       0.22924180000000000       3.67689999999999987E-003 -0.53685609999999995     
   76.250000000000000        1.5360456330340897       0.21690920000000000       4.18120000000000037E-003 -0.53245989999999999     
   76.000000000000000        1.5217180473945009       0.20459069999999999       4.73479999999999995E-003 -0.52782669999999998     
   75.750000000000000        1.5077541156608558       0.19230400000000000       5.34010000000000040E-003 -0.52294700000000005     
   75.500000000000000        1.4941379400594756       0.18006920000000001       5.99989999999999985E-003 -0.51780789999999999     
   75.250000000000000        1.4808545702551064       0.16791100000000000       6.71699999999999988E-003 -0.51239150000000000     
   75.000000000000000        1.4678899319530556       0.15586130000000001       7.49480000000000025E-003 -0.50667169999999995     
   74.750000000000000        1.4552307619668963       0.14396200000000001       8.33730000000000061E-003 -0.50061029999999995     
   74.500000000000000        1.4428645490710084       0.13226940000000001       9.24950000000000078E-003 -0.49415070000000000     
   74.250000000000000        1.4307794800386300       0.12086089999999999       1.02386000000000005E-002 -0.48720780000000002     
   74.000000000000000        1.4189643903365978       0.10984400000000000       1.13144000000000005E-002 -0.47965320000000000     
   73.750000000000000        1.4074087190092159       9.93687999999999932E-002  1.24916000000000003E-002 -0.47129260000000001     
   73.500000000000000        1.3961024673370386       8.96417000000000047E-002  1.37917000000000005E-002 -0.46183419999999997     
   73.250000000000000        1.3850361609029067       8.09311999999999948E-002  1.52467000000000002E-002 -0.45085389999999997     
   73.000000000000000        1.3742008147382716       7.35433000000000059E-002  1.69009000000000000E-002 -0.43778010000000001     
   72.750000000000000        1.3635879012585173       6.77307999999999938E-002  1.88106999999999996E-002 -0.42195729999999998     
   72.500000000000000        1.3531893207273342       6.35350999999999971E-002  2.10378999999999983E-002 -0.40286410000000000     
   72.250000000000000        1.3429973740177321       6.06867000000000031E-002  2.36383000000000010E-002 -0.38046679999999999     
   72.000000000000000        1.3330047374615932       5.87514000000000022E-002  2.66574000000000012E-002 -0.35549449999999999     
   71.750000000000000        1.3232044396011293       5.74720000000000023E-002  2.74692999999999986E-002 -0.32937820000000001     
   71.500000000000000        1.3135898396745678       5.69597000000000020E-002  2.56453999999999988E-002 -0.30381930000000001     
   71.250000000000000        1.3041546076852373       5.75251999999999986E-002  2.50354999999999987E-002 -0.28019739999999999     
   71.000000000000000        1.2948927059181552       5.93356999999999982E-002  2.55735999999999984E-002 -0.25918289999999999     
   70.750000000000000        1.2857983717814927       6.22602999999999976E-002  2.71733000000000009E-002 -0.24079670000000000     
   70.500000000000000        1.2768661018621295       6.60025000000000056E-002  2.97240999999999998E-002 -0.22475490000000001     
   70.250000000000000        1.2680906370950717       7.02947000000000016E-002  3.30932999999999991E-002 -0.21075669999999999     
   70.000000000000000        1.2594669489559134       7.49689000000000050E-002  3.71232000000000020E-002 -0.19858419999999999     
   69.750000000000000        1.2509902265939778       7.99161000000000038E-002  4.16252999999999970E-002 -0.18808330000000001     
   69.500000000000000        1.2426558648313226       8.50071000000000021E-002  4.63746000000000019E-002 -0.17911510000000000     
   69.250000000000000        1.2344594529595776       8.99964999999999932E-002  5.11015000000000011E-002 -0.17152220000000001     
   69.000000000000000        1.2263967642726714       9.43771000000000054E-002  5.54808999999999997E-002 -0.16511930000000000     
   68.750000000000000        1.2184637462790018       9.72114000000000034E-002  5.91314000000000006E-002 -0.15970200000000001     
   68.500000000000000        1.2106565115415191       9.75483000000000045E-002  6.16637999999999978E-002 -0.15506529999999999     
   68.250000000000000        1.2029713290986654       9.56290999999999947E-002  6.28104000000000023E-002 -0.15102199999999999     
   68.000000000000000        1.1954046164231349       9.24959999999999949E-002  6.25634000000000051E-002 -0.14741280000000001     
   67.750000000000000        1.1879529318790409       8.88870999999999967E-002  6.11640999999999990E-002 -0.14410960000000000     
   67.500000000000000        1.1806129676413906       8.51617999999999958E-002  5.89509000000000005E-002 -0.14101159999999999     
   67.250000000000000        1.1733815430447392       8.14940999999999999E-002  5.62290000000000012E-002 -0.13803940000000001     
   67.000000000000000        1.1662555983306084       7.79804000000000053E-002  5.32275999999999999E-002 -0.13512910000000000     
   66.750000000000000        1.1592321887657087       7.46840000000000004E-002  5.01083000000000015E-002 -0.13222670000000000     
   66.500000000000000        1.1523084791052536       7.16538000000000036E-002  4.69849000000000031E-002 -0.12928419999999999     
   66.250000000000000        1.1454817383776770       6.89324999999999938E-002  4.39399999999999999E-002 -0.12625690000000001     
   66.000000000000000        1.1387493349689228       6.65586999999999984E-002  4.10360999999999990E-002 -0.12310190000000000     
   65.750000000000000        1.1321087319861824       6.45664999999999989E-002  3.83218999999999990E-002 -0.11977800000000000     
   65.500000000000000        1.1255574828824770       6.29832000000000031E-002  3.58356999999999981E-002 -0.11624650000000000     
   65.250000000000000        1.1190932273249123       6.18259999999999990E-002  3.36071000000000009E-002 -0.11247370000000000     
   65.000000000000000        1.1127136872907215       6.10978999999999967E-002  3.16567999999999988E-002 -0.10843319999999999     
   64.750000000000000        1.1064166633763877       6.07853000000000004E-002  2.99968000000000005E-002 -0.10410920000000000     
   64.500000000000000        1.1002000313062268       6.08566999999999997E-002  2.86309000000000008E-002 -9.94990999999999931E-002
   64.250000000000000        1.0940617386278098       6.12653999999999976E-002  2.75551999999999984E-002 -9.46139000000000008E-002
   64.000000000000000        1.0879998015825072       6.19528999999999982E-002  2.67597000000000008E-002 -8.94787999999999972E-002
   63.750000000000000        1.0820123021402799       6.28559999999999952E-002  2.62303000000000015E-002 -8.41308000000000056E-002
   63.500000000000000        1.0760973851886237       6.39119999999999966E-002  2.59506000000000007E-002 -7.86169000000000034E-002
   63.250000000000000        1.0702532558662603       6.50651000000000007E-002  2.59035999999999988E-002 -7.29911000000000032E-002
   63.000000000000000        1.0644781770328475       6.62695999999999980E-002  2.60728999999999995E-002 -6.73117000000000021E-002
   62.750000000000000        1.0587704668665670       6.74923999999999941E-002  2.64432999999999994E-002 -6.47685999999999956E-002
   62.500000000000000        1.0531284965820111       6.87132000000000021E-002  2.70011999999999995E-002 -6.52009000000000061E-002
   62.250000000000000        1.0475506882612993       6.99237000000000053E-002  2.77343999999999993E-002 -6.54026999999999942E-002
   62.000000000000000        1.0420355127918348       7.11257000000000000E-002  2.86320000000000012E-002 -6.54041000000000067E-002
   61.750000000000000        1.0365814879045478       7.23281999999999953E-002  2.96839999999999986E-002 -6.52351999999999932E-002
   61.500000000000000        1.0311871763068714       7.35452999999999940E-002  3.08809999999999987E-002 -6.49253000000000052E-002
   61.250000000000000        1.0258511839050852       7.47934999999999989E-002  3.22138999999999967E-002 -6.45015000000000033E-002
   61.000000000000000        1.0205721581109972       7.60890000000000039E-002  3.36733000000000032E-002 -6.39889000000000013E-002
   60.750000000000000        1.0153487862282633       7.74467999999999962E-002  3.52499000000000007E-002 -6.34091999999999989E-002
   60.500000000000000        1.0101797939139427       7.88790999999999937E-002  3.69340999999999975E-002 -6.27817999999999987E-002
   60.250000000000000        1.0050639437111659       8.03944999999999937E-002  3.87160000000000004E-002 -6.21227999999999989E-002
   60.000000000000000        1.0000000336490449       8.19982999999999962E-002  4.05854999999999966E-002 -6.14460000000000006E-002
   59.750000000000000       0.99498689590620693       8.36925000000000030E-002  4.25325999999999968E-002 -6.07629000000000016E-002
   59.500000000000000       0.99002339553454166       8.54759999999999964E-002  4.45472000000000021E-002 -6.00829999999999975E-002
   59.250000000000000       0.98510842923997155       8.73455000000000065E-002  4.66195999999999972E-002 -5.94140999999999975E-002
   59.000000000000000       0.98024092421724396       8.92956000000000027E-002  4.87401000000000015E-002 -5.87627000000000010E-002
   58.750000000000000       0.97541983703592194       9.13196000000000008E-002  5.08996000000000032E-002 -5.81339999999999982E-002
   58.500000000000000       0.97064415257492132       9.34100999999999959E-002  5.30896999999999966E-002 -5.75323999999999974E-002
   58.250000000000000       0.96591288300310196       9.55590000000000050E-002  5.53020999999999999E-002 -5.69612999999999994E-002
   58.000000000000000       0.96122506680355879       9.77583000000000063E-002  5.75292999999999985E-002 -5.64237000000000002E-002
   57.750000000000000       0.95657976783940157       9.99997999999999998E-002  5.97644999999999982E-002 -5.59218000000000007E-002
   57.500000000000000       0.95197607445894206       0.10227580000000000       6.20011000000000034E-002 -5.54573000000000010E-002
   57.250000000000000       0.94741309863831702       0.10457859999999999       6.42333999999999961E-002 -5.50316000000000000E-002
   57.000000000000000       0.94288997515969897       0.10690139999999999       6.64561000000000041E-002 -5.46453999999999968E-002
   56.750000000000000       0.93840586082334254       0.10923730000000000       6.86641999999999947E-002 -5.42995000000000005E-002
   56.500000000000000       0.93395993369181618       0.11158029999999999       7.08532999999999941E-002 -5.39938999999999975E-002
   56.250000000000000       0.92955139236486140       0.11392470000000000       7.30195000000000011E-002 -5.37286000000000014E-002
   56.000000000000000       0.92517945528340284       0.11626520000000000       7.51592999999999983E-002 -5.35032999999999967E-002
   55.750000000000000       0.92084336006132139       0.11859699999999999       7.72691999999999962E-002 -5.33174000000000009E-002
   55.500000000000000       0.91654236284366797       0.12091550000000000       7.93463999999999975E-002 -5.31700000000000020E-002
   55.250000000000000       0.91227573769007742       0.12321680000000000       8.13882999999999968E-002 -5.30602000000000018E-002
   55.000000000000000       0.90804277598219907       0.12549710000000000       8.33924999999999944E-002 -5.29868000000000006E-002
   54.750000000000000       0.90384278585403033       0.12775280000000000       8.53567999999999966E-002 -5.29485000000000025E-002
   54.500000000000000       0.89967509164409376       0.12998080000000001       8.72793999999999931E-002 -5.29437999999999992E-002
   54.250000000000000       0.89553903336845653       0.13217820000000000       8.91585000000000016E-002 -5.29712000000000030E-002
   54.000000000000000       0.89143396621364279       0.13411909999999999       9.09926999999999958E-002 -5.30288000000000009E-002
   53.750000000000000       0.88735926004853483       0.13447239999999999       9.27806000000000047E-002 -5.31150999999999984E-002
   53.500000000000000       0.88331429895441260       0.13480900000000001       9.45209999999999939E-002 -5.32279999999999975E-002
   53.250000000000000       0.87929848077231665       0.13512940000000001       9.62129000000000040E-002 -5.33657999999999980E-002
   53.000000000000000       0.87531121666696521       0.13543420000000000       9.78553999999999952E-002 -5.35262999999999989E-002
   52.750000000000000       0.87135193070649397       0.13572400000000001       9.94477000000000000E-002 -5.37078000000000000E-002
   52.500000000000000       0.86742005945732381       0.13599929999999999       0.10098910000000000      -5.39081000000000005E-002
   52.250000000000000       0.86351505159349251       0.13626070000000001       0.10247920000000001      -5.41251999999999983E-002
   52.000000000000000       0.85963636751982619       0.13650850000000000       0.10391739999999999      -5.43570999999999985E-002
   51.750000000000000       0.85578347900834917       0.13674339999999999       0.10530340000000001      -5.46017000000000030E-002
   51.500000000000000       0.85195586884736429       0.13696590000000000       0.10663690000000001      -5.48572000000000018E-002
   51.250000000000000       0.84815303050266300       0.13717630000000000       0.10791790000000000      -5.51214000000000010E-002
   51.000000000000000       0.84437446779034697       0.13737510000000000       0.10914600000000001      -5.53924000000000014E-002
   50.750000000000000       0.84061969456077290       0.13756270000000001       0.11032140000000000      -5.56683999999999998E-002
   50.500000000000000       0.83688823439314863       0.13773949999999999       0.11144400000000000      -5.59474999999999972E-002
   50.250000000000000       0.83317962030033754       0.13790600000000000       0.11251390000000000      -5.62276999999999985E-002
   50.000000000000000       0.82949339444344139       0.13806240000000000       0.11353130000000000      -5.65075000000000022E-002
   49.750000000000000       0.82582910785575958       0.13820910000000000       0.11449630000000000      -5.67850000000000021E-002
   49.500000000000000       0.82218632017573356       0.13834650000000001       0.11540920000000000      -5.70586000000000010E-002
   49.250000000000000       0.81856459938850701       0.13847470000000001       0.11627010000000000      -5.73267999999999972E-002
   49.000000000000000       0.81496352157574936       0.13859420000000000       0.11707950000000000      -5.75880000000000003E-002
   48.750000000000000       0.81138267067340353       0.13870510000000000       0.11783750000000000      -5.78407000000000018E-002
   48.500000000000000       0.80782163823703412       0.13880780000000001       0.11854460000000000      -5.80837000000000020E-002
   48.250000000000000       0.80428002321446923       0.13890240000000001       0.11920090000000000      -5.83156999999999981E-002
   48.000000000000000       0.80075743172543956       0.13898920000000001       0.11980700000000000      -5.85352999999999984E-002
   47.750000000000000       0.79725347684792980       0.13906830000000001       0.12036310000000000      -5.87415999999999980E-002
   47.500000000000000       0.79376777841097601       0.13913990000000001       0.12086950000000000      -5.89334999999999998E-002
   47.250000000000000       0.79029996279364645       0.13920430000000000       0.12132660000000001      -5.91100000000000028E-002
   47.000000000000000       0.78684966272995749       0.13926150000000001       0.12173470000000000      -5.92702999999999980E-002
   46.750000000000000       0.78341651711948912       0.13931160000000001       0.12209399999999999      -5.94135000000000010E-002
   46.500000000000000       0.78000017084346973       0.13935490000000000       0.12240490000000000      -5.95390000000000016E-002
   46.250000000000000       0.77660027458611014       0.13939130000000000       0.12266750000000000      -5.96462999999999993E-002
   46.000000000000000       0.77321648466098036       0.13942099999999999       0.12288200000000001      -5.97347000000000017E-002
   45.750000000000000       0.76984846284222430       0.13944400000000001       0.12304870000000000      -5.98040000000000030E-002
   45.500000000000000       0.76649587620041937       0.13946040000000001       0.12316770000000000      -5.98535999999999999E-002
   45.250000000000000       0.76315839694289456       0.13947019999999999       0.12323910000000000      -5.98834999999999992E-002
   45.000000000000000       0.75983570225832975       0.13947350000000000       0.12326280000000001      -5.98935000000000023E-002
   45.000000000000000       0.75983570225832975       0.13947350000000000       0.12326280000000001      -5.98935000000000023E-002
   44.750000000000000       0.75652747416546084       0.13947019999999999       0.12323910000000000      -5.98834999999999992E-002
   44.500000000000000       0.75323339936572720       0.13946040000000001       0.12316770000000000      -5.98535999999999999E-002
   44.250000000000000       0.74995316909970178       0.13944400000000001       0.12304870000000000      -5.98040000000000030E-002
   44.000000000000000       0.74668647900714824       0.13942099999999999       0.12288200000000001      -5.97347000000000017E-002
   43.750000000000000       0.74343302899055930       0.13939130000000000       0.12266750000000000      -5.96462999999999993E-002
   43.500000000000000       0.74019252308203054       0.13935490000000000       0.12240490000000000      -5.95390000000000016E-002
   43.250000000000000       0.73696466931333482       0.13931160000000001       0.12209399999999999      -5.94135000000000010E-002
   43.000000000000000       0.73374917958905994       0.13926150000000001       0.12173470000000000      -5.92702999999999980E-002
   42.750000000000000       0.73054576956268569       0.13920430000000000       0.12132660000000001      -5.91100000000000028E-002
   42.500000000000000       0.72735415851547003       0.13913990000000001       0.12086950000000000      -5.89334999999999998E-002
   42.250000000000000       0.72417406923802852       0.13906830000000001       0.12036310000000000      -5.87415999999999980E-002
   42.000000000000000       0.72100522791448773       0.13898920000000001       0.11980700000000000      -5.85352999999999984E-002
   41.750000000000000       0.71784736400909988       0.13890240000000001       0.11920090000000000      -5.83156999999999981E-002
   41.500000000000000       0.71470021015520846       0.13880780000000001       0.11854460000000000      -5.80837000000000020E-002
   41.250000000000000       0.71156350204645979       0.13870510000000000       0.11783750000000000      -5.78407000000000018E-002
   41.000000000000000       0.70843697833015451       0.13859420000000000       0.11707950000000000      -5.75880000000000003E-002
   40.750000000000000       0.70532038050263912       0.13847470000000001       0.11627010000000000      -5.73267999999999972E-002
   40.500000000000000       0.70221345280664171       0.13834650000000001       0.11540920000000000      -5.70586000000000010E-002
   40.250000000000000       0.69911594213045092       0.13820910000000000       0.11449630000000000      -5.67850000000000021E-002
   40.000000000000000       0.69602759790885060       0.13806240000000000       0.11353130000000000      -5.65075000000000022E-002
   39.750000000000000       0.69294817202571524       0.13790600000000000       0.11251390000000000      -5.62276999999999985E-002
   39.500000000000000       0.68987741871817743       0.13773949999999999       0.11144400000000000      -5.59474999999999972E-002
   39.250000000000000       0.68681509448228206       0.13756270000000001       0.11032140000000000      -5.56683999999999998E-002
   39.000000000000000       0.68376095798003989       0.13737510000000000       0.10914600000000001      -5.53924000000000014E-002
   38.750000000000000       0.68071476994779589       0.13717630000000000       0.10791790000000000      -5.51214000000000010E-002
   38.500000000000000       0.67767629310583211       0.13696590000000000       0.10663690000000001      -5.48570999999999989E-002
   38.250000000000000       0.67464529206912238       0.13674339999999999       0.10530340000000001      -5.46017000000000030E-002
   38.000000000000000       0.67162153325915808       0.13650850000000000       0.10391739999999999      -5.43570000000000025E-002
   37.750000000000000       0.66860478481676788       0.13626070000000001       0.10247920000000001      -5.41251999999999983E-002
   37.500000000000000       0.66559481651585173       0.13599929999999999       0.10098910000000000      -5.39081000000000005E-002
   37.250000000000000       0.66259139967795155       0.13572400000000001       9.94477000000000000E-002 -5.37078000000000000E-002
   37.000000000000000       0.65959430708758449       0.13543420000000000       9.78553999999999952E-002 -5.35262999999999989E-002
   36.750000000000000       0.65660331290825846       0.13512940000000001       9.62129000000000040E-002 -5.33657000000000020E-002
   36.500000000000000       0.65361819259909770       0.13480900000000001       9.45209999999999939E-002 -5.32279999999999975E-002
   36.250000000000000       0.65063872283200119       0.13447239999999999       9.27806000000000047E-002 -5.31150999999999984E-002
   36.000000000000000       0.64766468140925815       0.13411909999999999       9.09926999999999958E-002 -5.30288000000000009E-002
   35.750000000000000       0.64469584718154593       0.13217820000000000       8.91585000000000016E-002 -5.29712000000000030E-002
   35.500000000000000       0.64173199996623487       0.12998080000000001       8.72793999999999931E-002 -5.29437999999999992E-002
   35.250000000000000       0.63877292046592293       0.12775280000000000       8.53567999999999966E-002 -5.29485000000000025E-002
   35.000000000000000       0.63581839018712483       0.12549710000000000       8.33924999999999944E-002 -5.29868000000000006E-002
   34.750000000000000       0.63286819135903882       0.12321680000000000       8.13882999999999968E-002 -5.30602000000000018E-002
   34.500000000000000       0.62992210685231265       0.12091550000000000       7.93463999999999975E-002 -5.31700000000000020E-002
   34.250000000000000       0.62697992009773107       0.11859699999999999       7.72691999999999962E-002 -5.33174000000000009E-002
   34.000000000000000       0.62404141500474464       0.11626520000000000       7.51592999999999983E-002 -5.35032999999999967E-002
   33.750000000000000       0.62110637587975959       0.11392470000000000       7.30195000000000011E-002 -5.37286000000000014E-002
   33.500000000000000       0.61817458734410646       0.11158029999999999       7.08532999999999941E-002 -5.39938999999999975E-002
   33.250000000000000       0.61524583425160395       0.10923730000000000       6.86641999999999947E-002 -5.42995000000000005E-002
   33.000000000000000       0.61231990160563299       0.10690139999999999       6.64561000000000041E-002 -5.46453999999999968E-002
   32.750000000000000       0.60939657447563289       0.10457870000000000       6.42333999999999961E-002 -5.50316000000000000E-002
   32.500000000000000       0.60647563791293169       0.10227580000000000       6.20011000000000034E-002 -5.54573000000000010E-002
   32.250000000000000       0.60355687686581816       9.99997999999999998E-002  5.97644999999999982E-002 -5.59218000000000007E-002
   32.000000000000000       0.60064007609376124       9.77583000000000063E-002  5.75292999999999985E-002 -5.64237000000000002E-002
   31.750000000000000       0.59772502008068074       9.55590000000000050E-002  5.53020999999999999E-002 -5.69612999999999994E-002
   31.500000000000000       0.59481149294717062       9.34100999999999959E-002  5.30896999999999966E-002 -5.75323999999999974E-002
   31.250000000000000       0.59189927836156764       9.13196000000000008E-002  5.08996000000000032E-002 -5.81339999999999982E-002
   31.000000000000000       0.58898815944976501       8.92956000000000027E-002  4.87401000000000015E-002 -5.87627000000000010E-002
   30.750000000000000       0.58607791870365555       8.73455000000000065E-002  4.66195999999999972E-002 -5.94140999999999975E-002
   30.500000000000000       0.58316833788809341       8.54759999999999964E-002  4.45472000000000021E-002 -6.00829999999999975E-002
   30.250000000000000       0.58025919794625369       8.36925000000000030E-002  4.25325999999999968E-002 -6.07629000000000016E-002
   30.000000000000000       0.57735027890326807       8.19982999999999962E-002  4.05854999999999966E-002 -6.14460000000000006E-002
   29.750000000000000       0.57444135976800692       8.03944999999999937E-002  3.87160000000000004E-002 -6.21227000000000029E-002
   29.500000000000000       0.57153221843287527       7.88790999999999937E-002  3.69340999999999975E-002 -6.27816999999999958E-002
   29.250000000000000       0.56862263157148163       7.74467999999999962E-002  3.52499000000000007E-002 -6.34091999999999989E-002
   29.000000000000000       0.56571237453403433       7.60890000000000039E-002  3.36733000000000032E-002 -6.39889000000000013E-002
   28.750000000000000       0.56280122124031395       7.47934999999999989E-002  3.22138999999999967E-002 -6.45015000000000033E-002
   28.500000000000000       0.55988894407005929       7.35453999999999969E-002  3.08809999999999987E-002 -6.49253000000000052E-002
   28.250000000000000       0.55697531375060216       7.23281999999999953E-002  2.96839999999999986E-002 -6.52351999999999932E-002
   28.000000000000000       0.55406009924157285       7.11257000000000000E-002  2.86320000000000012E-002 -6.54041000000000067E-002
   27.750000000000000       0.55114306761649301       6.99237000000000053E-002  2.77343999999999993E-002 -6.54026999999999942E-002
   27.500000000000000       0.54822398394106098       6.87132000000000021E-002  2.70011999999999995E-002 -6.52009000000000061E-002
   27.250000000000000       0.54530261114792489       6.74923999999999941E-002  2.64432999999999994E-002 -6.47685999999999956E-002
   27.000000000000000       0.54237870990772830       6.62695999999999980E-002  2.60728999999999995E-002 -6.73117000000000021E-002
   26.750000000000000       0.53945203849620049       6.50651000000000007E-002  2.59035999999999988E-002 -7.29910000000000003E-002
   26.500000000000000       0.53652235265705239       6.39119999999999966E-002  2.59506000000000007E-002 -7.86169000000000034E-002
   26.250000000000000       0.53358940546042311       6.28559999999999952E-002  2.62303000000000015E-002 -8.41308000000000056E-002
   26.000000000000000       0.53065294715660993       6.19528999999999982E-002  2.67597000000000008E-002 -8.94787999999999972E-002
   25.750000000000000       0.52771272502479782       6.12653999999999976E-002  2.75551999999999984E-002 -9.46139000000000008E-002
   25.500000000000000       0.52476848321648584       6.08568000000000026E-002  2.86309000000000008E-002 -9.94990999999999931E-002
   25.250000000000000       0.52181996259329522       6.07853000000000004E-002  2.99968000000000005E-002 -0.10410920000000000     
   25.000000000000000       0.51886690055881535       6.10978999999999967E-002  3.16567999999999988E-002 -0.10843319999999999     
   24.750000000000000       0.51590903088413309       6.18259999999999990E-002  3.36071000000000009E-002 -0.11247370000000000     
   24.500000000000000       0.51294608352666027       6.29832000000000031E-002  3.58356999999999981E-002 -0.11624650000000000     
   24.250000000000000       0.50997778444185260       6.45664999999999989E-002  3.83218999999999990E-002 -0.11977800000000000     
   24.000000000000000       0.50700385538738835       6.65586999999999984E-002  4.10360999999999990E-002 -0.12310190000000000     
   23.750000000000000       0.50402401371934424       6.89324999999999938E-002  4.39399999999999999E-002 -0.12625690000000001     
   23.500000000000000       0.50103797217987622       7.16538000000000036E-002  4.69849000000000031E-002 -0.12928419999999999     
   23.250000000000000       0.49804543867587991       7.46840000000000004E-002  5.01083000000000015E-002 -0.13222670000000000     
   23.000000000000000       0.49504611604806875       7.79804000000000053E-002  5.32275999999999999E-002 -0.13512910000000000     
   22.750000000000000       0.49203970182987000       8.14940999999999999E-002  5.62290000000000012E-002 -0.13803940000000001     
   22.500000000000000       0.48902588799549546       8.51617999999999958E-002  5.89509000000000005E-002 -0.14101159999999999     
   22.250000000000000       0.48600436069649899       8.88870999999999967E-002  6.11640999999999990E-002 -0.14410960000000000     
   22.000000000000000       0.48297479998608267       9.24959999999999949E-002  6.25634000000000051E-002 -0.14741280000000001     
   21.750000000000000       0.47993687953036013       9.56291999999999975E-002  6.28104000000000023E-002 -0.15102199999999999     
   21.500000000000000       0.47689026630572684       9.75483000000000045E-002  6.16637999999999978E-002 -0.15506529999999999     
   21.250000000000000       0.47383462028142359       9.72114000000000034E-002  5.91314999999999966E-002 -0.15970190000000001     
   21.000000000000000       0.47076959408630886       9.43771000000000054E-002  5.54808999999999997E-002 -0.16511930000000000     
   20.750000000000000       0.46769483265878409       8.99964999999999932E-002  5.11015000000000011E-002 -0.17152220000000001     
   20.500000000000000       0.46460997287872730       8.50071000000000021E-002  4.63746000000000019E-002 -0.17911500000000000     
   20.250000000000000       0.46151464318020630       7.99162000000000067E-002  4.16252999999999970E-002 -0.18808320000000001     
   20.000000000000000       0.45840846314364242       7.49689000000000050E-002  3.71232000000000020E-002 -0.19858410000000001     
   19.750000000000000       0.45529104306598517       7.02947000000000016E-002  3.30932999999999991E-002 -0.21075659999999999     
   19.500000000000000       0.45216198350734593       6.60025000000000056E-002  2.97240999999999998E-002 -0.22475490000000001     
   19.250000000000000       0.44902087481240505       6.22602999999999976E-002  2.71733000000000009E-002 -0.24079660000000000     
   19.000000000000000       0.44586729660476643       5.93356999999999982E-002  2.55735999999999984E-002 -0.25918279999999999     
   18.750000000000000       0.44270081725227745       5.75251999999999986E-002  2.50354999999999987E-002 -0.28019729999999998     
   18.500000000000000       0.43952099330116196       5.69597000000000020E-002  2.56453999999999988E-002 -0.30381920000000001     
   18.250000000000000       0.43632736887662232       5.74720000000000023E-002  2.74692999999999986E-002 -0.32937820000000001     
   18.000000000000000       0.43311947504735931       5.87514000000000022E-002  2.66574000000000012E-002 -0.35549439999999999     
   17.750000000000000       0.42989682915123001       6.06867000000000031E-002  2.36383000000000010E-002 -0.38046679999999999     
   17.500000000000000       0.42665893407900496       6.35350999999999971E-002  2.10378999999999983E-002 -0.40286400000000000     
   17.250000000000000       0.42340527751290741       6.77307999999999938E-002  1.88106999999999996E-002 -0.42195719999999998     
   17.000000000000000       0.42013533111630319       7.35433000000000059E-002  1.69009000000000000E-002 -0.43778000000000000     
   16.750000000000000       0.41684854967056112       8.09311999999999948E-002  1.52467000000000002E-002 -0.45085389999999997     
   16.500000000000000       0.41354437015471773       8.96416000000000018E-002  1.37917000000000005E-002 -0.46183419999999997     
   16.250000000000000       0.41022221076315113       9.93687000000000042E-002  1.24916000000000003E-002 -0.47129260000000001     
   16.000000000000000       0.40688146985598445       0.10984389999999999       1.13144000000000005E-002 -0.47965320000000000     
   15.750000000000000       0.40352152483640419       0.12086089999999999       1.02386000000000005E-002 -0.48720780000000002     
   15.500000000000000       0.40014173094847860       0.13226940000000001       9.24950000000000078E-003 -0.49415060000000000     
   15.250000000000000       0.39674141998838264       0.14396190000000000       8.33730000000000061E-003 -0.50061029999999995     
   15.000000000000000       0.39331989892118169       0.15586130000000001       7.49480000000000025E-003 -0.50667169999999995     
   14.750000000000000       0.38987644839447261       0.16791100000000000       6.71699999999999988E-003 -0.51239150000000000     
   14.500000000000000       0.38641032113921558       0.18006920000000001       5.99989999999999985E-003 -0.51780789999999999     
   14.250000000000000       0.38292074024700901       0.19230400000000000       5.34010000000000040E-003 -0.52294700000000005     
   14.000000000000000       0.37940689731182314       0.20459069999999999       4.73479999999999995E-003 -0.52782669999999998     
   13.750000000000000       0.37586795042281695       0.21690920000000000       4.18120000000000037E-003 -0.53245989999999999     
   13.500000000000000       0.37230302199327187       0.22924180000000000       3.67689999999999987E-003 -0.53685609999999995     
   13.250000000000000       0.36871119640886968       0.24156949999999999       3.21920000000000019E-003 -0.54102280000000003     
   13.000000000000000       0.36509151747647400       0.25386370000000003       2.80569999999999995E-003 -0.54496630000000001     
   12.750000000000000       0.36144298565221100       0.26605570000000001       2.43379999999999985E-003 -0.54869239999999997     
   12.500000000000000       0.35776455502492738       0.27786600000000000       2.10090000000000016E-003 -0.55220670000000005     
   12.250000000000000       0.35405513002798283       0.28739340000000002       1.80440000000000006E-003 -0.55551490000000003     
   12.000000000000000       0.35031356184872481       0.29170560000000001       1.54159999999999996E-003 -0.55862299999999998     
   11.750000000000000       0.34653864450082428       0.29463099999999998       1.31010000000000002E-003 -0.56153739999999996     
   11.500000000000000       0.34272911051981081       0.29762390000000000       1.10720000000000002E-003 -0.56426469999999995     
   11.250000000000000       0.33888362623650670       0.30088890000000001       9.30300000000000007E-004 -0.56681190000000004     
   11.000000000000000       0.33500078657648524       0.30446600000000001       7.77000000000000021E-004 -0.56918630000000003     
   10.750000000000000       0.33107910932596624       0.30835810000000002       6.44999999999999957E-004 -0.57139530000000005     
   10.500000000000000       0.32711702879550453       0.31255579999999999       5.31899999999999973E-004 -0.57344669999999998     
   10.250000000000000       0.32311288880213562       0.31704430000000000       4.35800000000000022E-004 -0.57534799999999997     
   10.000000000000000       0.31906493487798943       0.32180579999999998       3.54499999999999997E-004 -0.57710689999999998     
   9.7500000000000000       0.31497130559833353       0.32682060000000002       2.86300000000000020E-004 -0.57873129999999995     
   9.5000000000000000       0.31083002290405076       0.33206799999999997       2.29399999999999992E-004 -0.58022859999999998     
   9.2500000000000000       0.30663898127202549       0.33752589999999999       1.82300000000000013E-004 -0.58160639999999997     
   9.0000000000000000       0.30239593556098865       0.34317150000000002       1.43699999999999996E-004 -0.58287210000000000     
   8.7500000000000000       0.29809848732900202       0.34898089999999998       1.12200000000000003E-004 -0.58403309999999997     
   8.5000000000000000       0.29374406938062309       0.35492910000000000       8.67000000000000068E-005 -0.58509659999999997     
   8.2500000000000000       0.28932992825516618       0.36099009999999998       6.64000000000000012E-005 -0.58606970000000003     
   8.0000000000000000       0.28485310431016619       0.36713699999999999       5.02000000000000005E-005 -0.58695960000000003     
   7.7500000000000000       0.28031040898329512       0.37334240000000002       3.75999999999999991E-005 -0.58777320000000000     
   7.5000000000000000       0.27569839872782342       0.37957910000000000       2.76999999999999991E-005 -0.58851759999999997     
   7.2500000000000000       0.27101334500631991       0.38582179999999999       2.01999999999999997E-005 -0.58919990000000000     
   7.0000000000000000       0.26625119958804888       0.39204919999999999       1.43999999999999993E-005 -0.58982720000000000     
   6.7500000000000000       0.26140755421862366       0.39824710000000002       1.02000000000000006E-005 -0.59040680000000001     
   6.5000000000000000       0.25647759350390792       0.40416439999999998       6.99999999999999989E-006 -0.59094590000000002     
   6.2500000000000000       0.25145603955751983       0.40981390000000001       4.79999999999999978E-006 -0.59145210000000004     
   6.0000000000000000       0.24633708657984518       0.41564800000000002       3.19999999999999986E-006 -0.59193309999999999     
