   84.750000000000000        2.5066432657105051       -5.2144393530100004     
   84.500000000000000        2.4486760461856742       -5.2971313451100004     
   84.250000000000000        2.3945089138952178       -5.3719324101500003     
   84.000000000000000        2.3437412473608381       -5.4396675045100000     
   83.750000000000000        2.2960291063410230       -5.5010417025900002     
   83.500000000000000        2.2510753219802888       -5.5566620339600004     
   83.250000000000000        2.2086216254199424       -5.6070547130900001     
   83.000000000000000        2.1684423371644423       -5.6526788550499996     
   82.750000000000000        2.1303392641794385       -5.6939374827500000     
   82.500000000000000        2.0941375407372735       -5.7311864274700000     
   82.250000000000000        2.0596822134404817       -5.7647415766299996     
   82.000000000000000        2.0268354180156947       -5.7948848144599996     
   81.750000000000000        1.9954740303864316       -5.8218689216200001     
   81.500000000000000        1.9654877006520655       -5.8459216395800002     
   81.250000000000000        1.9367771983277440       -5.8672490612599999     
   81.000000000000000        1.9092530122354845       -5.8860384740600002     
   80.750000000000000        1.8828341599932619       -5.9024607558800000     
   80.500000000000000        1.8574471710024862       -5.9166724041299998     
   80.250000000000000        1.8330252138232914       -5.9288172613599999     
   80.000000000000000        1.8095073443210954       -5.9390279893800004     
   79.750000000000000        1.7868378553155890       -5.9474273332100003     
   79.500000000000000        1.7649657119256603       -5.9541292088300004     
   79.250000000000000        1.7438440595774944       -5.9592396425500000     
   79.000000000000000        1.7234297938777567       -5.9628575845400000     
   78.750000000000000        1.7036831833639368       -5.9650756156200000     
   78.500000000000000        1.6845675376176648       -5.9659805630199996     
   78.250000000000000        1.6660489144325314       -5.9656540385800003     
   78.000000000000000        1.6480958607190197       -5.9641729112300004     
   77.750000000000000        1.6306791826473761       -5.9616097238599997     
   77.500000000000000        1.6137717412076256       -5.9580330641500003     
   77.250000000000000        1.5973482699307082       -5.9535078981699998     
   77.000000000000000        1.5813852119866876       -5.9480958754200000     
   76.750000000000000        1.5658605742718710       -5.9418556142299996     
   76.500000000000000        1.5507537964299845       -5.9348429766399997     
   76.250000000000000        1.5360456330340897       -5.9271113436900000     
   76.000000000000000        1.5217180473945009       -5.9187119033400002     
   75.750000000000000        1.5077541156608558       -5.9096939672100000     
   75.500000000000000        1.4941379400594756       -5.9001053372700003     
   75.250000000000000        1.4808545702551064       -5.8899927529399996     
   75.000000000000000        1.4678899319530556       -5.8794024633899999     
   74.750000000000000        1.4552307619668963       -5.8683809938799998     
   74.500000000000000        1.4428645490710084       -5.8569762139400003     
   74.250000000000000        1.4307794800386300       -5.8452388800100001     
   74.000000000000000        1.4189643903365978       -5.8332249266399998     
   73.750000000000000        1.4074087190092159       -5.8209989345100004     
   73.500000000000000        1.3961024673370386       -5.8086393957300002     
   73.250000000000000        1.3850361609029067       -5.7962465207499996     
   73.000000000000000        1.3742008147382716       -5.7839530022299996     
   72.750000000000000        1.3635879012585173       -5.7719365582500002     
   72.500000000000000        1.3531893207273342       -5.7604295969799999     
   72.250000000000000        1.3429973740177321       -5.7497178845999999     
   72.000000000000000        1.3330047374615932       -5.7401215063800004     
   71.750000000000000        1.3232044396011293       -5.7319575560900002     
   71.500000000000000        1.3135898396745678       -5.7254878031900001     
   71.250000000000000        1.3041546076852373       -5.7208594915899997     
   71.000000000000000        1.2948927059181552       -5.7180626548799998     
   70.750000000000000        1.2857983717814927       -5.7169337460299996     
   70.500000000000000        1.2768661018621295       -5.7172068497700002     
   70.250000000000000        1.2680906370950717       -5.7185797983500004     
   70.000000000000000        1.2594669489559134       -5.7207646266900003     
   69.750000000000000        1.2509902265939778       -5.7235141847400000     
   69.500000000000000        1.2426558648313226       -5.7266304029699997     
   69.250000000000000        1.2344594529595776       -5.7299619896399996     
   69.000000000000000        1.2263967642726714       -5.7333974366999998     
   68.750000000000000        1.2184637462790018       -5.7368569109800003     
   68.500000000000000        1.2106565115415191       -5.7402848382900000     
   68.250000000000000        1.2029713290986654       -5.7436438515599999     
   68.000000000000000        1.1954046164231349       -5.7469101642400000     
   67.750000000000000        1.1879529318790409       -5.7500701711500000     
   67.500000000000000        1.1806129676413906       -5.7531180134000000     
   67.250000000000000        1.1733815430447392       -5.7560538615899999     
   67.000000000000000        1.1662555983306084       -5.7588827158300004     
   66.750000000000000        1.1592321887657087       -5.7616135640100001     
   66.500000000000000        1.1523084791052536       -5.7642587727399999     
   66.250000000000000        1.1454817383776770       -5.7668336069699997     
   66.000000000000000        1.1387493349689228       -5.7693557877800004     
   65.750000000000000        1.1321087319861824       -5.7718450085199997     
   65.500000000000000        1.1255574828824770       -5.7743223438799998     
   65.250000000000000        1.1190932273249123       -5.7768095131599999     
   65.000000000000000        1.1127136872907215       -5.7793280002599996     
   64.750000000000000        1.1064166633763877       -5.7818980848299999     
   64.500000000000000        1.1002000313062268       -5.7845378854499998     
   64.250000000000000        1.0940617386278098       -5.7872625366300001     
   64.000000000000000        1.0879998015825072       -5.7900836039700003     
   63.750000000000000        1.0820123021402799       -5.7930087923900002     
   63.500000000000000        1.0760973851886237       -5.7960419412500004     
   63.250000000000000        1.0702532558662603       -5.7991832524899998     
   63.000000000000000        1.0644781770328475       -5.8024296756200000     
   62.750000000000000        1.0587704668665670       -5.8057753755199997     
   62.500000000000000        1.0531284965820111       -5.8092122255399996     
   62.250000000000000        1.0475506882612993       -5.8127302890200001     
   62.000000000000000        1.0420355127918348       -5.8163182701600000     
   61.750000000000000        1.0365814879045478       -5.8199639266299998     
   61.500000000000000        1.0311871763068714       -5.8236544429299997     
   61.250000000000000        1.0258511839050852       -5.8273767649500003     
   61.000000000000000        1.0205721581109972       -5.8311178961000003     
   60.750000000000000        1.0153487862282633       -5.8348651543200001     
   60.500000000000000        1.0101797939139427       -5.8386063880799997     
   60.250000000000000        1.0050639437111659       -5.8423301502099996     
   60.000000000000000        1.0000000336490449       -5.8460258288800002     
   59.750000000000000       0.99498689590620693       -5.8496837369900003     
   59.500000000000000       0.99002339553454166       -5.8532951628200003     
   59.250000000000000       0.98510842923997155       -5.8568523866200000     
   59.000000000000000       0.98024092421724396       -5.8603486686200004     
   58.750000000000000       0.97541983703592194       -5.8637782144799999     
   58.500000000000000       0.97064415257492132       -5.8671361243000000     
   58.250000000000000       0.96591288300310196       -5.8704183305399997     
   58.000000000000000       0.96122506680355879       -5.8736215294500003     
   57.750000000000000       0.95657976783940157       -5.8767431099899996     
   57.500000000000000       0.95197607445894206       -5.8797810829000001     
   57.250000000000000       0.94741309863831702       -5.8827340121700002     
   57.000000000000000       0.94288997515969897       -5.8856009501999997     
   56.750000000000000       0.93840586082334254       -5.8883813775800000     
   56.500000000000000       0.93395993369181618       -5.8910751477699996     
   56.250000000000000       0.92955139236486140       -5.8936824370499998     
   56.000000000000000       0.92517945528340284       -5.8962036993100000     
   55.750000000000000       0.92084336006132139       -5.8986396257099996     
   55.500000000000000       0.91654236284366797       -5.9009911088200004     
   55.250000000000000       0.91227573769007742       -5.9032592107299999     
   55.000000000000000       0.90804277598219907       -5.9054451349699999     
   54.750000000000000       0.90384278585403033       -5.9075502017500003     
   54.500000000000000       0.89967509164409376       -5.9095758260500002     
   54.250000000000000       0.89553903336845653       -5.9115234985200003     
   54.000000000000000       0.89143396621364279       -5.9133947685599999     
   53.750000000000000       0.88735926004853483       -5.9151912295600004     
   53.500000000000000       0.88331429895441260       -5.9169145058300003     
   53.250000000000000       0.87929848077231665       -5.9185662412099997     
   53.000000000000000       0.87531121666696521       -5.9201480889999996     
   52.750000000000000       0.87135193070649397       -5.9216617031399998     
   52.500000000000000       0.86742005945732381       -5.9231087304200001     
   52.250000000000000       0.86351505159349251       -5.9244908036600004     
   52.000000000000000       0.85963636751982619       -5.9258095356000000     
   51.750000000000000       0.85578347900834917       -5.9270665136999998     
   51.500000000000000       0.85195586884736429       -5.9282632952999998     
   51.250000000000000       0.84815303050266300       -5.9294014035700000     
   51.000000000000000       0.84437446779034697       -5.9304823237699997     
   50.750000000000000       0.84061969456077290       -5.9315075000400004     
   50.500000000000000       0.83688823439314863       -5.9324783324499997     
   50.250000000000000       0.83317962030033754       -5.9333961745300003     
   50.000000000000000       0.82949339444344139       -5.9342623309300002     
   49.750000000000000       0.82582910785575958       -5.9350780554000000     
   49.500000000000000       0.82218632017573356       -5.9358445490499996     
   49.250000000000000       0.81856459938850701       -5.9365629586999997     
   49.000000000000000       0.81496352157574936       -5.9372343754800001     
   48.750000000000000       0.81138267067340353       -5.9378598335700001     
   48.500000000000000       0.80782163823703412       -5.9384403090799998     
   48.250000000000000       0.80428002321446923       -5.9389767190400002     
   48.000000000000000       0.80075743172543956       -5.9394699205199997     
   47.750000000000000       0.79725347684792980       -5.9399207098400000     
   47.500000000000000       0.79376777841097601       -5.9403298218799998     
   47.250000000000000       0.79029996279364645       -5.9406979294599997     
   47.000000000000000       0.78684966272995749       -5.9410256428299997     
   46.750000000000000       0.78341651711948912       -5.9413135091299996     
   46.500000000000000       0.78000017084346973       -5.9415620120700003     
   46.250000000000000       0.77660027458611014       -5.9417715715300004     
   46.000000000000000       0.77321648466098036       -5.9419425432699997     
   45.750000000000000       0.76984846284222430       -5.9420752186800003     
   45.500000000000000       0.76649587620041937       -5.9421698246199997     
   45.250000000000000       0.76315839694289456       -5.9422265232100004     
   45.000000000000000       0.75983570225832975       -5.9422454117900001     
   45.000000000000000       0.75983570225832975       -5.9422454117900001     
   44.750000000000000       0.75652747416546084       -5.9422265228100004     
   44.500000000000000       0.75323339936572720       -5.9421698238099996     
   44.250000000000000       0.74995316909970178       -5.9420752174700002     
   44.000000000000000       0.74668647900714824       -5.9419425416599996     
   43.750000000000000       0.74343302899055930       -5.9417715695200002     
   43.500000000000000       0.74019252308203054       -5.9415620096600001     
   43.250000000000000       0.73696466931333482       -5.9413135063200002     
   43.000000000000000       0.73374917958905994       -5.9410256396100003     
   42.750000000000000       0.73054576956268569       -5.9406979258500003     
   42.500000000000000       0.72735415851547003       -5.9403298178700004     
   42.250000000000000       0.72417406923802852       -5.9399207054399996     
   42.000000000000000       0.72100522791448773       -5.9394699157200002     
   41.750000000000000       0.71784736400909988       -5.9389767138499998     
   41.500000000000000       0.71470021015520846       -5.9384403035000002     
   41.250000000000000       0.71156350204645979       -5.9378598275899996     
   41.000000000000000       0.70843697833015451       -5.9372343691099996     
   40.750000000000000       0.70532038050263912       -5.9365629519500001     
   40.500000000000000       0.70221345280664171       -5.9358445419099999     
   40.250000000000000       0.69911594213045092       -5.9350780478800003     
   40.000000000000000       0.69602759790885060       -5.9342623230299996     
   39.750000000000000       0.69294817202571524       -5.9333961662499997     
   39.500000000000000       0.68987741871817743       -5.9324783237999998     
   39.250000000000000       0.68681509448228206       -5.9315074910099996     
   39.000000000000000       0.68376095798003989       -5.9304823143699998     
   38.750000000000000       0.68071476994779589       -5.9294013938000001     
   38.500000000000000       0.67767629310583211       -5.9282632851699999     
   38.250000000000000       0.67464529206912238       -5.9270665031999998     
   38.000000000000000       0.67162153325915808       -5.9258095247400000     
   37.750000000000000       0.66860478481676788       -5.9244907924300003     
   37.500000000000000       0.66559481651585173       -5.9231087188500000     
   37.250000000000000       0.66259139967795155       -5.9216616912099997     
   37.000000000000000       0.65959430708758449       -5.9201480767200003     
   36.750000000000000       0.65660331290825846       -5.9185662285799996     
   36.500000000000000       0.65361819259909770       -5.9169144928600002     
   36.250000000000000       0.65063872283200119       -5.9151912162500002     
   36.000000000000000       0.64766468140925815       -5.9133947549099997     
   35.750000000000000       0.64469584718154593       -5.9115234845300000     
   35.500000000000000       0.64173199996623487       -5.9095758117299999     
   35.250000000000000       0.63877292046592293       -5.9075501871000000     
   35.000000000000000       0.63581839018712483       -5.9054451200100004     
   34.750000000000000       0.63286819135903882       -5.9032591954400004     
   34.500000000000000       0.62992210685231265       -5.9009910932100000     
   34.250000000000000       0.62697992009773107       -5.8986396097900000     
   34.000000000000000       0.62404141500474464       -5.8962036830800004     
   33.750000000000000       0.62110637587975959       -5.8936824205100002     
   33.500000000000000       0.61817458734410646       -5.8910751309300000     
   33.250000000000000       0.61524583425160395       -5.8883813604300004     
   33.000000000000000       0.61231990160563299       -5.8856009327500001     
   32.750000000000000       0.60939657447563289       -5.8827339944199997     
   32.500000000000000       0.60647563791293169       -5.8797810648600004     
   32.250000000000000       0.60355687686581816       -5.8767430916599999     
   32.000000000000000       0.60064007609376124       -5.8736215108299996     
   31.750000000000000       0.59772502008068074       -5.8704183116299999     
   31.500000000000000       0.59481149294717062       -5.8671361051000002     
   31.250000000000000       0.59189927836156764       -5.8637781949900001     
   31.000000000000000       0.58898815944976501       -5.8603486488399996     
   30.750000000000000       0.58607791870365555       -5.8568523665600001     
   30.500000000000000       0.58316833788809341       -5.8532951424700004     
   30.250000000000000       0.58025919794625369       -5.8496837163600004     
   30.000000000000000       0.57735027890326807       -5.8460258079600003     
   29.750000000000000       0.57444135976800692       -5.8423301289999996     
   29.500000000000000       0.57153221843287527       -5.8386063665699997     
   29.250000000000000       0.56862263157148163       -5.8348651325200001     
   29.000000000000000       0.56571237453403433       -5.8311178740000003     
   28.750000000000000       0.56280122124031395       -5.8273767425400003     
   28.500000000000000       0.55988894407005929       -5.8236544202199996     
   28.250000000000000       0.55697531375060216       -5.8199639035999997     
   28.000000000000000       0.55406009924157285       -5.8163182468099999     
   27.750000000000000       0.55114306761649301       -5.8127302653399999     
   27.500000000000000       0.54822398394106098       -5.8092122015200003     
   27.250000000000000       0.54530261114792489       -5.8057753511600003     
   27.000000000000000       0.54237870990772830       -5.8024296509199997     
   26.750000000000000       0.53945203849620049       -5.7991832274400004     
   26.500000000000000       0.53652235265705239       -5.7960419158400001     
   26.250000000000000       0.53358940546042311       -5.7930087666199999     
   26.000000000000000       0.53065294715660993       -5.7900835778299999     
   25.750000000000000       0.52771272502479782       -5.7872625101299997     
   25.500000000000000       0.52476848321648584       -5.7845378585900002     
   25.250000000000000       0.52181996259329522       -5.7818980576000003     
   25.000000000000000       0.51886690055881535       -5.7793279726700000     
   24.750000000000000       0.51590903088413309       -5.7768094852100003     
   24.500000000000000       0.51294608352666027       -5.7743223155700001     
   24.250000000000000       0.50997778444185260       -5.7718449798600000     
   24.000000000000000       0.50700385538738835       -5.7693557587699997     
   23.750000000000000       0.50402401371934424       -5.7668335776099999     
   23.500000000000000       0.50103797217987622       -5.7642587430300001     
   23.250000000000000       0.49804543867587991       -5.7616135339400003     
   23.000000000000000       0.49504611604806875       -5.7588826853799997     
   22.750000000000000       0.49203970182987000       -5.7560538307500000     
   22.500000000000000       0.48902588799549546       -5.7531179821500000     
   22.250000000000000       0.48600436069649899       -5.7500701394400000     
   22.000000000000000       0.48297479998608267       -5.7469101320300000     
   21.750000000000000       0.47993687953036013       -5.7436438187999999     
   21.500000000000000       0.47689026630572684       -5.7402848048799999     
   21.250000000000000       0.47383462028142359       -5.7368568768300001     
   21.000000000000000       0.47076959408630886       -5.7333974016599996     
   20.750000000000000       0.46769483265878409       -5.7299619535300002     
   20.500000000000000       0.46460997287872730       -5.7266303655300002     
   20.250000000000000       0.46151464318020630       -5.7235141456500003     
   20.000000000000000       0.45840846314364242       -5.7207645855000004     
   19.750000000000000       0.45529104306598517       -5.7185797545200003     
   19.500000000000000       0.45216198350734593       -5.7172068025999998     
   19.250000000000000       0.44902087481240505       -5.7169336947399998     
   19.000000000000000       0.44586729660476643       -5.7180625986700004     
   18.750000000000000       0.44270081725227745       -5.7208594297699999     
   18.500000000000000       0.43952099330116196       -5.7254877353499998     
   18.250000000000000       0.43632736887662232       -5.7319574822300003     
   18.000000000000000       0.43311947504735931       -5.7401214268800000     
   17.750000000000000       0.42989682915123001       -5.7497178000700000     
   17.500000000000000       0.42665893407900496       -5.7604295081099997     
   17.250000000000000       0.42340527751290741       -5.7719364657299996     
   17.000000000000000       0.42013533111630319       -5.7839529066199997     
   16.750000000000000       0.41684854967056112       -5.7962464224500003     
   16.500000000000000       0.41354437015471773       -5.8086392950199999     
   16.250000000000000       0.41022221076315113       -5.8209988315399999     
   16.000000000000000       0.40688146985598445       -5.8332248215100000     
   15.750000000000000       0.40352152483640419       -5.8452387727300001     
   15.500000000000000       0.40014173094847860       -5.8569761045000002     
   15.250000000000000       0.39674141998838264       -5.8683808822100003     
   15.000000000000000       0.39331989892118169       -5.8794023494400003     
   14.750000000000000       0.38987644839447261       -5.8899926365999997     
   14.500000000000000       0.38641032113921558       -5.9001052184200002     
   14.250000000000000       0.38292074024700901       -5.9096938457099997     
   14.000000000000000       0.37940689731182314       -5.9187117790499997     
   13.750000000000000       0.37586795042281695       -5.9271112164200002     
   13.500000000000000       0.37230302199327187       -5.9348428461999996     
   13.250000000000000       0.36871119640886968       -5.9418554804000001     
   13.000000000000000       0.36509151747647400       -5.9480957379600001     
   12.750000000000000       0.36144298565221100       -5.9535077567999997     
   12.500000000000000       0.35776455502492738       -5.9580329185699998     
   12.250000000000000       0.35405513002798283       -5.9616095737499997     
   12.000000000000000       0.35031356184872481       -5.9641727562100000     
   11.750000000000000       0.34653864450082428       -5.9656538782400004     
   11.500000000000000       0.34272911051981081       -5.9659803969000000     
   11.250000000000000       0.33888362623650670       -5.9650754432199999     
   11.000000000000000       0.33500078657648524       -5.9628574053000003     
   10.750000000000000       0.33107910932596624       -5.9592394558399997     
   10.500000000000000       0.32711702879550453       -5.9541290139700003     
   10.250000000000000       0.32311288880213562       -5.9474271294200003     
   10.000000000000000       0.31906493487798943       -5.9390277757999996     
   9.7500000000000000       0.31497130559833353       -5.9288170370300000     
   9.5000000000000000       0.31083002290405076       -5.9166721679899998     
   9.2500000000000000       0.30663898127202549       -5.9024605067499998     
   9.0000000000000000       0.30239593556098865       -5.8860382105999998     
   8.7500000000000000       0.29809848732900202       -5.8672487819799999     
   8.5000000000000000       0.29374406938062309       -5.8459213428099996     
   8.2500000000000000       0.28932992825516618       -5.8218686054699997     
   8.0000000000000000       0.28485310431016619       -5.7948844768300001     
   7.7500000000000000       0.28031040898329512       -5.7647412151399999     
   7.5000000000000000       0.27569839872782342       -5.7311860393999998     
   7.2500000000000000       0.27101334500631991       -5.6939370650600001     
   7.0000000000000000       0.26625119958804888       -5.6526784042599996     
   6.7500000000000000       0.26140755421862366       -5.6070542252199997     
   6.5000000000000000       0.25647759350390792       -5.5566615044800001     
   6.2500000000000000       0.25145603955751983       -5.5010411262699996     
   6.0000000000000000       0.24633708657984518       -5.4396668753100004     
