70.658680615 1.2825171094890662 -0.76962 -0.71421 -0.55054 -0.35027 -0.14973 -0.00234 0.14219 0.16923 0.40728 0.64511 .14739
70.6586806151 1.2825171094926475 -0.76962 -0.71421 -0.55054 -0.35027 -0.14973 -0.00234 0.14219 0.16923 0.40728 0.64511 .14739
70.6586806152 1.2825171094962291 -0.76962 -0.71421 -0.55054 -0.35027 -0.14973 -0.00234 0.14219 0.16923 0.40728 0.64511 .14739
70.6586806153 1.2825171094998111 -0.76962 -0.71421 -0.55054 -0.35027 -0.14973 -0.00234 0.14219 0.16923 0.40728 0.64511 .14739
70.6586806154 1.2825171095033923 -0.76962 -0.71421 -0.55054 -0.35027 -0.14973 -0.00234 0.14219 0.16923 0.40728 0.64511 .14739
70.6586806155 1.2825171095069736 -0.76962 -0.71421 -0.55054 -0.35027 -0.14973 -0.00234 0.14219 0.16923 0.40728 0.64511 .14739
70.6586806156 1.2825171095105554 -0.76962 -0.71421 -0.55054 -0.35027 -0.14973 -0.00234 0.14219 0.16923 0.40728 0.64511 .14739
70.6586806157 1.2825171095141366 -0.76962 -0.71421 -0.55054 -0.35027 -0.14973 -0.00234 0.14219 0.16923 0.40728 0.64511 .14739
70.6586806158 1.2825171095177175 -0.76962 -0.71421 -0.55054 -0.35027 -0.14973 -0.00234 0.14219 0.16923 0.40728 0.64511 .14739
70.6586806159 1.2825171095212993 -0.76962 -0.71421 -0.55054 -0.35027 -0.14973 -0.00234 0.14219 0.16923 0.40728 0.64511 .14739
