#HF isntabilities: hessian eigenvalues
#y,rrhf,crhf,ruhf
0.25 0.435737 0.0001212 -0.4948121
.26 0.4167907 0.0001938 -0.4940997
.27 0.3975096 0.0002998 -0.4925735
.28 0.3780145 0.00045 -0.4901725
.29 0.3583264 0.0006575 -0.4867836
.30 0.3384164 0.0009378 -0.4822342
.31 0.3182143 0.0013081 -0.4762801
.32 0.2976094 0.0017877 -0.4685891
.33 0.272383 -0.0027578 -0.4660046
.34 0.2490263 -0.0038033 -0.4557085
.35 0.2240507 -0.0052321 -0.4422873
.36 0.207208 0.0051739 -0.4091094
.37 0.1808027 0.0064635 -0.3823744
.38 0.1514517 0.0080014 -0.3478319
.39 0.1183536 0.0101024 -0.3030778
.40 0.0838924 0.0143527 -0.2460458
.41 0.0643775 0.026983 -0.1853831
.42 0.0781769 0.0541375 -0.1501945
.43 0.1085312 0.0881563 -0.1345785
.44 0.1416743 0.1213683 -0.1236679
.45 0.1707659 0.1309928 -0.1136038
.46 0.1682758 0.1221646 -0.1038609
.47 0.1512067 0.1080402 -0.0949066
.48 0.1345761 0.0916726 -0.0877984
.49 0.1195247 0.0748509 -0.0840687
.50 0.1063784 0.0586061 -0.0852087
.51 0.0949084 0.043527 -0.0914388
.52 0.084081 0.0298818 -0.1008472
.53 0.071858 0.017653 -0.1097801
.54
.55 0.0299859 -0.0034145 -0.0990061
.56 0.0197121 -0.0009188 -0.0628181
.57 0.0441337 0.0194949 -0.0528599
.58 0.0654467 0.0391852 -0.040912
.59 0.0839812 0.0572527 -0.0289792
.60 0.0989659 0.0726759 -0.0186998
.61 0.1085203 0.083241 -0.0111786
.62 0.1117689 0.0866162 -0.0072418
.63 0.1107969 0.084394 -0.0072923
.64 0.108085 0.0798555 -0.0109109
.65 0.1049554 0.0747389 -0.0171115
.66 0.1019914 0.0697474 -0.0250318
.67 0.0994634 0.0651848 -0.0341078
.68 0.0975184 0.0611948 -0.0439311
.69 0.0962485 0.0578427 -0.0541109
.70 0.0956954 0.0551437 -0.0642031
.71 0.0958244 0.0530719 -0.0737116
.72 0.0964968 0.0515658 -0.0821374
.73 0.0974735 0.050539 -0.0890485
.74 0.0984581 0.0498964 -0.0941298
.75 0.0991711 0.0495527 -0.0971998
.76 0.0994229 0.0494481 -0.0981972
.77 0.0991612 0.049557 -0.0971597
.78 0.0984752 0.0498873 -0.0942081
.79 0.0975583 0.0504729 -0.089539
.80 0.0966481 0.0513616 -0.0834199
.81 0.0959652 0.0526001 -0.0761811
.82 0.0956711 0.0542244 -0.068187
.83 0.0958505 0.056251 -0.0598065
.84 0.0965191 0.0586765 -0.0513728
.85 0.0976443 0.0614779 -0.043162
.86 0.0991671 0.0646161 -0.0353862
.87 0.1010164 0.068036 -0.0282078
.88 0.1031126 0.0716652 -0.0217629
.89 0.1053585 0.0754023 -0.0161987
.90 0.1076224 0.0791004 -0.0117011
.91 0.1097021 0.0825215 -0.0085168
.92 0.1112708 0.0852545 -0.0069189
.93 0.1118075 0.0865951 -0.0070974
.94 0.1105862 0.0855548 -0.0090503
.95 0.1069277 0.0814329 -0.0125924
.96 0.1006853 0.0745236 -0.0174538
.97 0.0923284 0.0657172 -0.023344
.98 0.0824931 0.0557688 -0.0299675
.99 0.0716545 0.0451424 -0.0370187
1.00 0.0600704 0.0341003 -0.0441664
1.01 0.0478155 0.0227982 -0.0510084
1.02 0.0347936 0.0113565 -0.057025
1.03 0.0210224 0.0001151 -0.0622035
1.04 0.0154134 -0.0066245 -0.0771413
1.05 0.0304206 -0.0032842 -0.0994339
1.06
1.07
1.08 0.0649903 0.0124616 -0.1123485
1.09 0.0723004 0.0180255 -0.1095489
1.10 0.0784764 0.0237682 -0.1055304
1.11 0.0839309 0.0297074 -0.1009808
1.12 0.0889896 0.0358517 -0.0964129
1.13 0.0938989 0.042197 -0.0922246
1.14 0.0988361 0.0487276 -0.0887176
1.15 0.1039186 0.0554172 -0.0860984
1.16 0.1092152 0.0622307 -0.084475
1.17 0.1147569 0.0691257 -0.0838602
1.18 0.1205469 0.0760533 -0.0841885
1.19 0.1265685 0.0829577 -0.0853421
1.20 0.1327936 0.0897785 -0.0871786
1.21 0.139183 0.0964455 -0.0895542
1.22 0.1456907 0.1028804 -0.0923368
1.23 0.1522556 0.1089894 -0.0954132
1.24 0.1587972 0.1146685 -0.0986899
1.25 0.1651745 0.1197984 -0.1020928
1.26 0.1710391 0.1242461 -0.1055646
1.27 0.1750414 0.1278634 -0.1090628
1.28 0.1728382 0.1304599 -0.1125585
1.29 0.1647055 0.1316374 -0.1160346
1.30 0.1546878 0.1300524 -0.119487
1.31 0.1440193 0.1233725 -0.1229252
1.32 0.1331007 0.1133259 -0.1263764
1.33 0.1221567 0.1023272 -0.1298915
1.34 0.111368 0.0911411 -0.1335565
1.35 0.1009149 0.0800419 -0.1375112
1.36 0.0910193 0.0692012 -0.1419771
1.37 0.0819751 0.0587796 -0.1472986
1.38 0.0742008 0.0489763 -0.1539802
1.39 0.0682689 0.0400454 -0.1626733
1.40 0.0648646 0.0322822 -0.1740009
1.41 0.0645709 0.025934 -0.1881742
1.42 0.0675279 0.0210727 -0.2046561
1.43 0.0732763 0.0175366 -0.222347
1.44 0.0809941 0.0150245 -0.240153
1.45 0.0898546 0.0132317 -0.2573365
1.46 0.0992248 0.011919 -0.2735305
1.47 0.1086891 0.0109211 -0.288607
1.48 0.1180009 0.0101297 -0.3025631
1.49 0.1270264 0.0094759 -0.3154507
1.50 0.1357042 0.0089155 -0.3273455
1.51 0.1440154 0.0084207 -0.3383278
1.52 0.1519645 0.0079732 -0.348476
1.53 0.1595663 0.0075615 -0.3578609
1.54 0.1668469 0.0071779 -0.3665519
1.55 0.1738276 0.0068176 -0.3746067
1.56 0.1805362 0.0064769 -0.3820827
1.57 0.1869938 0.0061538 -0.3890276
1.58 0.1932235 0.0058465 -0.3954876
1.59 0.1992427 0.0055539 -0.4015014
1.60 0.2050703 0.005275 -0.4071068
1.61 0.2006975 -0.0068986 -0.4273291
1.62 0.2069122 -0.006422 -0.4315409
1.63 0.2129032 -0.0059856 -0.4354422
1.64 0.2186891 -0.0055852 -0.439062
1.65 0.224287 -0.005217 -0.4424266
1.66 0.2297139 -0.0048776 -0.4455598
1.67 0.2349826 -0.0045642 -0.4484821
1.68 0.2401041 -0.0042745 -0.4512113
1.69 0.2450882 -0.0040061 -0.4537634
1.70 0.249946 -0.0037571 -0.4561536
1.71 0.2546838 -0.0035259 -0.4583944
1.72 0.2593098 -0.0033109 -0.4604976
1.73 0.2638299 -0.0031107 -0.4624736
1.74 0.268251 -0.0029242 -0.4643322
1.75 0.2725779 -0.0027501 -0.4660819
1.76 0.2768165 -0.0025876 -0.4677307
1.77 0.2809695 -0.0024357 -0.4692853
1.78 0.285042 -0.0022936 -0.4707525
1.79 0.2890384 -0.0021607 -0.4721383
1.80 0.2960438 0.0018286 -0.4679307
1.81 0.2997379 0.0017331 -0.4694667
1.82 0.3033754 0.0016425 -0.4709205
1.83 0.3069581 0.0015567 -0.472297
1.84 0.3104863 0.0014754 -0.4736004
1.85 0.313964 0.0013983 -0.4748355
1.86 0.3173924 0.0013252 -0.4760062
1.87 0.3207728 0.001256 -0.477116
1.88 0.3241065 0.0011904 -0.4781683
1.89 0.3273957 0.0011283 -0.4791665
1.90 0.3306415 0.0010694 -0.4801135
1.91 0.3338448 0.0010136 -0.4810121
1.92 0.3370065 0.0009607 -0.4818647
1.93 0.3401286 0.0009106 -0.482674
1.94 0.3432119 0.0008631 -0.483442
1.95 0.346257 0.0008181 -0.484171
1.96 0.3492659 0.0007755 -0.484863
1.97 0.3522379 0.0007351 -0.4855196
1.98 0.3551749 0.0006968 -0.4861428
1.99 0.3580784 0.0006606 -0.4867341
2.00 0.3609467 0.0006262 -0.4872949
2.01 0.3637838 0.0005936 -0.4878268
2.02 0.3665876 0.0005628 -0.488331
2.03 0.3693586 0.0005335 -0.4888088
2.04 0.3721007 0.0005058 -0.4892615
2.05 0.3748108 0.0004796 -0.48969
2.06 0.3774913 0.0004547 -0.4900955
2.07 0.3801428 0.0004311 -0.4904788
2.08 0.3827654 0.0004087 -0.490841
2.09 0.3853593 0.0003876 -0.4911829
2.10 0.387926 0.0003675 -0.4915052
2.11 0.3904645 0.0003485 -0.4918088
2.12 0.3929749 0.0003304 -0.4920945
2.13 0.3954599 0.0003133 -0.4923627
2.14 0.3979183 0.0002971 -0.4926143
2.15 0.4003491 0.0002818 -0.4928498
2.16 0.4027559 0.0002672 -0.4930697
2.17 0.4051353 0.0002534 -0.4932748
2.18 0.407491 0.0002403 -0.4934653
2.19 0.4098205 0.0002279 -0.4936419
2.20 0.4121263 0.0002161 -0.4938048
2.21 0.414406 0.000205 -0.4939548
2.22 0.4166619 0.0001944 -0.494092
2.23 0.4188928 0.0001844 -0.494217
2.24 0.4210997 0.0001749 -0.49433
2.25 0.4232814 0.0001659 -0.4944315
2.26 0.4254401 0.0001574 -0.4945216
2.27 0.427573 0.0001493 -0.4946009
2.28 0.4296825 0.0001416 -0.4946694
2.29 0.4317656 0.0001343 -0.4947277
2.30 0.4338256 0.0001274 -0.4947757
2.31 0.4358583 0.0001209 -0.494814
2.32 0.4378667 0.0001147 -0.4948425
2.33 0.4398477 0.0001088 -0.4948618
2.34 0.4418015 0.0001032 -0.4948719
2.35 0.443727 0.0000979 -0.494873
2.36 0.445623 0.0000929 -0.4948654
2.37 0.4474879 0.0000881 -0.4948493
2.38 0.4493197 0.0000836 -0.4948249
2.39 0.4508398 -0.00008 -0.495011
2.40 0.4526035 -0.0000759 -0.4949586
2.41 0.4543253 -0.000072 -0.4948991
2.42 0.4560024 -0.0000683 -0.4948323
2.43 0.4576303 -0.0000648 -0.4947583
2.44 0.4592035 -0.0000614 -0.4946774
2.45 0.4607153 -0.0000583 -0.49459
2.46 0.4621606 -0.0000553 -0.4944955
2.47 0.4635311 -0.0000524 -0.4943945
2.48 0.4648201 -0.0000498 -0.4942866
2.49 0.4660192 -0.0000472 -0.4941724
