45.0 0.75983570225832975 0.0747955 0.010976 -0.1344245
44.95 0.75917290940448456 0.0747931 0.0109747 -0.134425
44.90 0.75851069267822968 0.0747862 0.0109707 -0.1344265
44.85 0.75784904956591581 0.0747747 0.0109641 -0.1344289
44.80 0.75718797756129208 0.0747585 0.0109548 -0.1344323
44.75 0.75652747416546084 0.0747377 0.0109429 -0.1344366
44.70 0.75586753688683117 0.0747123 0.0109284 -0.1344419
44.65 0.75520816324107432 0.0746823 0.0109112 -0.1344481
44.60 0.75454935075107776 0.0746476 0.0108914 -0.1344554
44.55 0.75389109694690015 0.0746084 0.0108689 -0.1344636
44.50 0.75323339936572720 0.0745646 0.0108438 -0.1344727
44.45 0.75257625555182672 0.0745162 0.0108161 -0.1344828
44.40 0.75191966305650404 0.0744633 0.0107857 -0.1344939
44.35 0.75126361943805864 0.0744058 0.0107527 -0.1345059
44.30 0.75060812226173934 0.0743437 0.010717 -0.1345189
44.25 0.74995316909970178 0.0742771 0.0106787 -0.1345329
44.20 0.74929875753096364 0.0742059 0.0106378 -0.1345479
44.15 0.74864488514136263 0.0741303 0.0105942 -0.1345638
44.10 0.74799154952351277 0.0740501 0.010548 -0.1345806
44.05 0.74733874827676172 0.0739655 0.0104992 -0.1345985
44.00 0.74668647900714824 0.0738764 0.0104477 -0.1346173
43.95 0.74603473932735997 0.0737828 0.0103936 -0.134637
43.90 0.74538352685669107 0.0736848 0.0103369 -0.1346578
43.85 0.74473283922100009 0.0735824 0.0102776 -0.1346795
43.80 0.74408267405266870 0.0734756 0.0102156 -0.1347021
43.75 0.74343302899055930 0.0733644 0.010151 -0.1347258
43.70 0.74278390167997466 0.0732488 0.0100838 -0.1347504
43.65 0.74213528977261611 0.0731288 0.0100139 -0.1347759
43.60 0.74148719092654247 0.0730046 0.0099415 -0.1348025
43.55 0.74083960280612982 0.072876 0.0098664 -0.13483
43.50 0.74019252308203054 0.0727432 0.0097887 -0.1348585
43.45 0.73954594943113283 0.0726061 0.0097084 -0.1348879
43.40 0.73889987953652059 0.0724647 0.0096255 -0.1349184
43.35 0.73825431108743367 0.0723192 0.00954 -0.1349498
43.30 0.73760924177922782 0.0721694 0.0094519 -0.1349821
43.25 0.73696466931333482 0.0720155 0.0093612 -0.1350155
43.20 0.73632059139722317 0.0718574 0.0092679 -0.1350498
43.15 0.73567700574435957 0.0716952 0.0091719 -0.1350851
43.10 0.73503391007416841 0.071529 0.0090734 -0.1351214
43.05 0.73439130211199355 0.0713586 0.0089723 -0.1351586
43.00 0.73374917958905994 0.0711842 0.0088686 -0.1351968
42.95 0.73310754024243474 0.0710058 0.0087623 -0.135236
42.90 0.73246638181498858 0.0708234 0.0086535 -0.1352762
42.85 0.73182570205535757 0.070637 0.008542 -0.1353174
42.80 0.73118549871790539 0.0704467 0.008428 -0.1353595
42.75 0.73054576956268569 0.0702525 0.0083114 -0.1354026
42.70 0.72990651235540349 0.0700544 0.0081922 -0.1354467
42.65 0.72926772486737823 0.0698525 0.0080704 -0.1354918
42.60 0.72862940487550631 0.0696467 0.0079461 -0.1355379
42.55 0.72799155016222405 0.0694371 0.0078193 -0.1355849
42.50 0.72735415851547003 0.0692238 0.0076898 -0.135633
42.45 0.72671722772864877 0.0690067 0.0075578 -0.135682
42.40 0.72608075560059371 0.0687859 0.0074233 -0.135732
42.35 0.72544473993553082 0.0685614 0.0072862 -0.135783
42.30 0.72480917854304194 0.0683332 0.0071465 -0.135835
42.25 0.72417406923802852 0.0681015 0.0070043 -0.1358879
42.20 0.72353940984067577 0.0678661 0.0068596 -0.1359419
42.15 0.72290519817641630 0.0676271 0.0067124 -0.1359968
42.10 0.72227143207589473 0.0673847 0.0065626 -0.1360528
42.05 0.72163810937493145 0.0671387 0.0064102 -0.1361097
42.00 0.72100522791448773 0.0668892 0.0062554 -0.1361676
41.95 0.72037278554063011 0.0666362 0.006098 -0.1362266
41.90 0.71974078010449472 0.0663799 0.0059382 -0.1362865
41.85 0.71910920946225287 0.0661201 0.0057758 -0.1363474
41.80 0.71847807147507592 0.065857 0.0056109 -0.1364093
41.75 0.71784736400909988 0.0655905 0.0054435 -0.1364723
41.70 0.71721708493539160 0.0653208 0.0052736 -0.1365362
41.65 0.71658723212991393 0.0650477 0.0051012 -0.1366011
41.60 0.71595780347349092 0.0647714 0.0049263 -0.136667
41.55 0.71532879685177420 0.0644919 0.0047489 -0.136734
41.50 0.71470021015520846 0.0642091 0.004569 -0.1368019
41.45 0.71407204127899770 0.0639232 0.0043867 -0.1368709
41.40 0.71344428812307092 0.0636342 0.0042019 -0.1369408
41.35 0.71281694859204914 0.0633421 0.0040146 -0.1370118
41.30 0.71219002059521097 0.0630468 0.0038249 -0.1370838
41.25 0.71156350204645979 0.0627485 0.0036327 -0.1371568
41.20 0.71093739086429042 0.0624472 0.0034381 -0.1372308
41.15 0.71031168497175501 0.0621429 0.003241 -0.1373058
41.10 0.70968638229643122 0.0618356 0.0030414 -0.1373818
41.05 0.70906148077038822 0.0615253 0.0028394 -0.1374589
41.00 0.70843697833015451 0.0612122 0.002635 -0.137537
40.95 0.70781287291668460 0.0608961 0.0024282 -0.1376161
40.90 0.70718916247532726 0.0605772 0.0022189 -0.1376962
40.85 0.70656584495579211 0.0602554 0.0020072 -0.1377773
40.80 0.70594291831211764 0.0599308 0.0017931 -0.1378595
40.75 0.70532038050263912 0.0596035 0.0015766 -0.1379427
40.70 0.70469822948995642 0.0592733 0.0013577 -0.1380269
40.65 0.70407646324090134 0.0589405 0.0011364 -0.1381122
40.60 0.70345507972650678 0.0586049 0.0009127 -0.1381985
40.55 0.70283407692197408 0.0582666 0.0006866 -0.1382858
40.50 0.70221345280664171 0.0579257 0.0004581 -0.1383742
40.45 0.70159320536395353 0.0575821 0.0002272 -0.1384636
40.40 0.70097333258142724 0.0572359 -0.000006 -0.138554
40.35 0.70035383245062366 0.0568872 -0.0002416 -0.1386455
40.30 0.69973470296711415 0.0565358 -0.0004795 -0.138738
40.25 0.69911594213045092 0.056182 -0.0007198 -0.1388315
40.20 0.69849754794413488 0.0558256 -0.0009625 -0.1389261
40.15 0.69787951841558515 0.0554667 -0.0012075 -0.1390218
40.10 0.69726185155610820 0.0551054 -0.0014548 -0.1391185
40.05 0.69664454538086706 0.0547416 -0.0017045 -0.1392163
40.00 0.69602759790885060 0.0543753 -0.0019565 -0.1393151
39.95 0.69541100716284310 0.0540067 -0.0022108 -0.1394149
39.90 0.69479477116939314 0.0536357 -0.0024674 -0.1395158
39.85 0.69417888795878446 0.0349145 -0.0262571 -0.1592125
39.80 0.69356335556500459 0.0350155 -0.0260897 -0.1589274
39.75 0.69294817202571524 0.0351177 -0.0259206 -0.1586398
39.70 0.69233333538222186 0.035221 -0.02575 -0.1583497
39.65 0.69171884367944381 0.0353254 -0.0255777 -0.1580572
39.60 0.69110469496588456 0.0354309 -0.0254038 -0.1577622
39.55 0.69049088729360164 0.0355376 -0.0252283 -0.1574647
39.50 0.68987741871817743 0.0356454 -0.0250511 -0.1571649
39.45 0.68926428729868816 0.0357543 -0.0248723 -0.1568626
39.40 0.68865149109767598 0.0358643 -0.0246919 -0.1565578
39.35 0.68803902818111884 0.0359755 -0.0245099 -0.1562507
39.30 0.68742689661840040 0.0360878 -0.0243263 -0.1559412
39.25 0.68681509448228206 0.0362013 -0.024141 -0.1556292
39.20 0.68620361984887257 0.0363159 -0.0239541 -0.1553149
39.15 0.68559247079759911 0.0364317 -0.0237656 -0.1549982
39.10 0.68498164541117901 0.0365487 -0.0235755 -0.1546791
39.05 0.68437114177558944 0.0366668 -0.0233837 -0.1543577
39.00 0.68376095798003989 0.036786 -0.0231903 -0.1540339
38.95 0.68315109211694214 0.0369065 -0.0229953 -0.1537077
38.90 0.68254154228188213 0.0370281 -0.0227987 -0.1533792
38.85 0.68193230657359116 0.0371509 -0.0226004 -0.1530484
38.80 0.68132338309391693 0.0372748 -0.0224005 -0.1527153
38.75 0.68071476994779589 0.0374 -0.0221991 -0.1523799
38.70 0.68010646524322338 0.0375263 -0.0219959 -0.1520422
38.65 0.67949846709122641 0.0376539 -0.0217912 -0.1517021
38.60 0.67889077360583494 0.0377826 -0.0215848 -0.1513598
38.55 0.67828338290405310 0.0379125 -0.0213768 -0.1510152
38.50 0.67767629310583211 0.0380436 -0.0211672 -0.1506684
38.45 0.67706950233404084 0.038176 -0.020956 -0.1503193
38.40 0.67646300871443843 0.0383095 -0.0207431 -0.1499679
38.35 0.67585681037564649 0.0384443 -0.0205287 -0.1496144
38.30 0.67525090544912036 0.0385803 -0.0203126 -0.1492586
38.25 0.67464529206912238 0.0387175 -0.0200949 -0.1489005
38.20 0.67403996837269264 0.038856 -0.0198755 -0.1485403
38.15 0.67343493249962227 0.0389956 -0.0196546 -0.1481779
38.10 0.67283018259242555 0.0391366 -0.019432 -0.1478133
38.05 0.67222571679631171 0.0392787 -0.0192078 -0.1474465
38.00 0.67162153325915808 0.0394221 -0.018982 -0.1470775
37.95 0.67101763013148197 0.0395667 -0.0187545 -0.1467064
37.90 0.67041400556641328 0.0397126 -0.0185255 -0.1463331
37.85 0.66981065771966752 0.0398598 -0.0182948 -0.1459577
37.80 0.66920758474951780 0.0400082 -0.0180625 -0.1455802
37.75 0.66860478481676788 0.0401579 -0.0178286 -0.1452005
37.70 0.66800225608472497 0.0403088 -0.0175931 -0.1448188
37.65 0.66739999671917172 0.040461 -0.0173559 -0.1444349
37.60 0.66679800488834029 0.0406145 -0.0171172 -0.144049
37.55 0.66619627876288412 0.0407693 -0.0168768 -0.1436609
37.50 0.66559481651585173 0.0409254 -0.0166348 -0.1432709
37.45 0.66499361632265863 0.0410827 -0.0163912 -0.1428787
37.40 0.66439267636106136 0.0412414 -0.0161459 -0.1424846
37.35 0.66379199481112994 0.0414013 -0.0158991 -0.1420883
37.30 0.66319156985522110 0.0415625 -0.0156506 -0.1416901
37.25 0.66259139967795155 0.0417251 -0.0154006 -0.1412899
37.20 0.66199148246617079 0.0418889 -0.0151489 -0.1408876
37.15 0.66139181640893463 0.0420541 -0.0148956 -0.1404834
37.10 0.66079239969747838 0.0422206 -0.0146407 -0.1400772
37.05 0.66019323052519030 0.0423884 -0.0143842 -0.139669
37.00 0.65959430708758449 0.0425575 -0.014126 -0.1392589
36.95 0.65899562758227459 0.0427279 -0.0138663 -0.1388468
36.90 0.65839719020894694 0.0428997 -0.013605 -0.1384328
36.85 0.65779899316933454 0.0430729 -0.013342 -0.1380169
36.80 0.65720103466718971 0.0432473 -0.0130774 -0.137599
36.75 0.65660331290825846 0.0434231 -0.0128113 -0.1371793
36.70 0.65600582610025293 0.0436003 -0.0125435 -0.1367577
36.65 0.65540857245282624 0.0437788 -0.0122741 -0.1363342
36.60 0.65481155017754511 0.0439587 -0.0120031 -0.1359089
36.55 0.65421475748786373 0.0441399 -0.0117305 -0.1354817
36.50 0.65361819259909770 0.0443225 -0.0114563 -0.1350526
36.45 0.65302185372839705 0.0445065 -0.0111805 -0.1346218
36.40 0.65242573909472057 0.0446918 -0.0109031 -0.1341891
36.35 0.65182984691880952 0.0448785 -0.0106241 -0.1337547
36.30 0.65123417542316075 0.0450666 -0.0103435 -0.1333184
36.25 0.65063872283200119 0.0452561 -0.0100614 -0.1328804
36.20 0.65004348737126105 0.0454469 -0.0097776 -0.1324406
36.15 0.64944846726854788 0.0456392 -0.0094922 -0.1319991
36.10 0.64885366075312068 0.0458328 -0.0092052 -0.1315558
36.05 0.64825906605586314 0.0460279 -0.0089166 -0.1311108
36.00 0.64766468140925815 0.0462243 -0.0086265 -0.1306641
35.95 0.64707050504736097 0.0464222 -0.0083347 -0.1302157
35.90 0.64647653520577386 0.0466215 -0.0080414 -0.1297657
35.85 0.64588277012161954 0.0468222 -0.0077465 -0.1293139
35.80 0.64528920803351497 0.0470243 -0.00745 -0.1288605
35.75 0.64469584718154593 0.0472278 -0.0071519 -0.1284055
35.70 0.64410268580724028 0.0474327 -0.0068522 -0.1279488
35.65 0.64350972215354219 0.0476391 -0.0065509 -0.1274906
35.60 0.64291695446478636 0.0478469 -0.0062481 -0.1270307
35.55 0.64232438098667155 0.0480562 -0.0059437 -0.1265693
35.50 0.64173199996623487 0.0482669 -0.0056377 -0.1261062
35.45 0.64113980965182582 0.048479 -0.0053301 -0.1256417
35.40 0.64054780829307956 0.0486926 -0.005021 -0.1251756
35.35 0.63995599414089233 0.0489076 -0.0047102 -0.1247079
35.30 0.63936436544739395 0.0491241 -0.004398 -0.1242388
35.25 0.63877292046592293 0.049342 -0.0040841 -0.1237681
35.20 0.63818165745099997 0.0495614 -0.0037687 -0.123296
35.15 0.63759057465830182 0.0497823 -0.0034517 -0.1228224
35.10 0.63699967034463578 0.0500046 -0.0031332 -0.1223474
35.05 0.63640894276791349 0.0502285 -0.0028131 -0.121871
35.00 0.63581839018712483 0.0504537 -0.0024914 -0.1213931
34.95 0.63522801086231206 0.0506805 -0.0021682 -0.1209138
34.90 0.63463780305454343 0.0509087 -0.0018435 -0.1204332
34.85 0.63404776502588822 0.0511385 -0.0015172 -0.1199511
34.80 0.63345789503938943 0.0513697 -0.0011893 -0.1194678
34.75 0.63286819135903882 0.0516024 -0.0008599 -0.1189831
34.70 0.63227865224975011 0.0518366 -0.000529 -0.1184971
34.65 0.63168927597733326 0.0520723 -0.0001965 -0.1180098
34.60 0.63110006080846870 0.0523094 0.0001375 -0.1175212
34.55 0.63051100501068102 0.0525481 0.0004731 -0.1170313
34.50 0.62992210685231265 0.0527883 0.0008101 -0.1165403
34.45 0.62933336460249822 0.05303 0.0011487 -0.1160479
34.40 0.62874477653113825 0.0532733 0.0014888 -0.1155544
34.35 0.62815634090887318 0.053518 0.0018305 -0.1150597
34.30 0.62756805600705678 0.0537642 0.0021737 -0.1145638
34.25 0.62697992009773107 0.054012 0.0025183 -0.1140668
34.20 0.62639193145359873 0.0542613 0.0028645 -0.1135687
34.15 0.62580408834799783 0.0545121 0.0032122 -0.1130694
34.10 0.62521638905487575 0.0547644 0.0035614 -0.1125691
34.05 0.62462883184876250 0.0550183 0.0039121 -0.1120677
34.00 0.62404141500474464 0.0552737 0.0042643 -0.1115652
33.95 0.62345413679843897 0.0555306 0.004618 -0.1110617
33.90 0.62286699550596603 0.0557891 0.0049731 -0.1105573
33.85 0.62227998940392448 0.0560491 0.0053298 -0.1100518
33.80 0.62169311676936412 0.0563107 0.0056879 -0.1095454
33.75 0.62110637587975959 0.0565738 0.0060475 -0.109038
33.70 0.62051976501298423 0.0568384 0.0064086 -0.1085298
33.65 0.61993328244728318 0.0571046 0.0067711 -0.1080206
33.60 0.61934692646124778 0.0573723 0.0071351 -0.1075106
33.55 0.61876069533378786 0.0576416 0.0075005 -0.1069998
33.50 0.61817458734410646 0.0579124 0.0078674 -0.1064881
33.45 0.61758860077167221 0.0581848 0.0082358 -0.1059756
33.40 0.61700273389619331 0.0584587 0.0086056 -0.1054624
33.35 0.61641698499759090 0.0587342 0.0089768 -0.1049485
33.30 0.61583135235597231 0.0590113 0.0093494 -0.1044338
33.25 0.61524583425160395 0.0592899 0.0097235 -0.1039185
33.20 0.61466042896488526 0.0595701 0.0100989 -0.1034025
33.15 0.61407513477632125 0.0598518 0.0104758 -0.1028859
33.10 0.61348994996649608 0.0601351 0.0108541 -0.1023687
33.05 0.61290487281604611 0.06042 0.0112338 -0.1018509
33.00 0.61231990160563299 0.0607065 0.0116149 -0.1013326
32.95 0.61173503461591627 0.0609945 0.0119974 -0.1008139
32.90 0.61115027012752698 0.061284 0.0123812 -0.1002946
32.85 0.61056560642104030 0.0615752 0.0127664 -0.099775
32.80 0.60998104177694812 0.0618679 0.013153 -0.0992549
32.75 0.60939657447563289 0.0621621 0.0135409 -0.0987345
32.70 0.60881220279733894 0.062458 0.0139302 -0.0982137
32.65 0.60822792502214618 0.0627554 0.0143208 -0.0976927
32.60 0.60764373942994288 0.0630544 0.0147127 -0.0971715
32.55 0.60705964430039738 0.0633549 0.015106 -0.09665
32.50 0.60647563791293169 0.0636571 0.0155006 -0.0961284
32.45 0.60589171854669355 0.0639607 0.0158964 -0.0956067
32.40 0.60530788448052819 0.064266 0.0162936 -0.0950849
32.35 0.60472413399295200 0.0645728 0.0166921 -0.0945631
32.30 0.60414046536212396 0.0648812 0.0170918 -0.0940414
32.25 0.60355687686581816 0.0651912 0.0174928 -0.0935197
32.20 0.60297336678139601 0.0655027 0.017895 -0.0929982
32.15 0.60238993338577806 0.0658158 0.0182985 -0.0924768
32.10 0.60180657495541667 0.0661305 0.0187033 -0.0919558
32.05 0.60122328976626727 0.0664467 0.0191092 -0.091435
32.00 0.60064007609376124 0.0667645 0.0195164 -0.0909147
31.95 0.60005693221277612 0.0670838 0.0199248 -0.0903948
31.90 0.59947385639760953 0.0674047 0.0203343 -0.0898754
31.85 0.59889084692194905 0.0677272 0.020745 -0.0893566
31.80 0.59830790205884488 0.0680512 0.0211569 -0.0888386
31.75 0.59772502008068074 0.0683768 0.02157 -0.0883213
31.70 0.59714219925914636 0.0687039 0.0219841 -0.0878049
31.65 0.59655943786520738 0.0690325 0.0223994 -0.0872895
31.60 0.59597673416907782 0.0693627 0.0228158 -0.0867752
31.55 0.59539408644019098 0.0696945 0.0232333 -0.0862621
31.50 0.59481149294717062 0.0700278 0.0236519 -0.0857504
31.45 0.59422895195780179 0.0703626 0.0240715 -0.0852401
31.40 0.59364646173900193 0.0706989 0.0244922 -0.0847314
31.35 0.59306402055679219 0.0710368 0.0249139 -0.0842245
31.30 0.59248162667626747 0.0713762 0.0253366 -0.0837196
31.25 0.59189927836156764 0.0717171 0.0257603 -0.0832168
31.20 0.59131697387584792 0.0720595 0.026185 -0.0827165
31.15 0.59073471148124979 0.0724034 0.0266106 -0.0822187
31.10 0.59015248943887078 0.0727489 0.0270372 -0.0817239
31.05 0.58957030600873539 0.0730958 0.0274647 -0.0812322
31.00 0.58898815944976501 0.0734442 0.0278931 -0.080744
30.95 0.58840604801974816 0.0737941 0.0283223 -0.0802597
30.90 0.58782396997531072 0.0741455 0.0287525 -0.0797798
30.85 0.58724192357188520 0.0744984 0.0291834 -0.0793046
30.80 0.58665990706368132 0.0748527 0.0296152 -0.0788348
30.75 0.58607791870365555 0.0752085 0.0300477 -0.0783709
30.70 0.58549595674348021 0.0755657 0.0304811 -0.0779137
30.65 0.58491401943351373 0.0759244 0.0309151 -0.0774639
30.60 0.58433210502276955 0.0762845 0.0313499 -0.0770226
30.55 0.58375021175888564 0.076646 0.0317853 -0.0765906
30.50 0.58316833788809341 0.0770089 0.0322214 -0.0761693
30.45 0.58258648165518689 0.0773733 0.0326581 -0.0757601
30.40 0.58200464130349217 0.077739 0.0330955 -0.0753644
30.35 0.58142281507483518 0.0781062 0.0335334 -0.074984
30.30 0.58084100120951132 0.0784747 0.0339718 -0.0746209
30.25 0.58025919794625369 0.0788445 0.0344107 -0.0742772
30.20 0.57967740352220132 0.0792158 0.0348501 -0.0739551
30.15 0.57909561617286820 0.0795883 0.03529 -0.0736571
30.10 0.57851383413211033 0.0799622 0.0357303 -0.0733852
30.05 0.57793205563209493 0.0803374 0.0361709 -0.0731419
30.00 0.57735027890326807 0.0807139 0.0366118 -0.0729288
29.95 0.57676850217432185 0.0810917 0.0370531 -0.0727473
29.90 0.57618672367216306 0.0814707 0.0374946 -0.0725982
29.85 0.57560494162187992 0.081851 0.0379363 -0.0724817
29.80 0.57502315424671002 0.0822326 0.0383781 -0.0723971
29.75 0.57444135976800692 0.0826153 0.0388201 -0.0723431
29.70 0.57385955640520825 0.0829992 0.0392622 -0.0723181
29.65 0.57327774237580176 0.0833844 0.0397043 -0.07232
29.60 0.57269591589529301 0.0837707 0.0401464 -0.0723465
29.55 0.57211407517717083 0.0841581 0.0405884 -0.0723952
29.50 0.57153221843287527 0.0845466 0.0410303 -0.0724639
29.45 0.57095034387176313 0.0849362 0.041472 -0.0725504
29.40 0.57036844970107436 0.0853269 0.0419135 -0.0726528
29.35 0.56978653412589808 0.0857187 0.0423547 -0.0727692
29.30 0.56920459534913859 0.0861115 0.0427956 -0.072898
29.25 0.56862263157148163 0.0865052 0.043236 -0.073038
29.20 0.56804064099135865 0.0868999 0.043676 -0.0731878
29.15 0.56745862180491358 0.0872956 0.0441155 -0.0733465
29.10 0.56687657220596777 0.0876922 0.0445544 -0.073513
29.05 0.56629449038598434 0.0880896 0.0449925 -0.0736865
29.00 0.56571237453403433 0.0884879 0.04543 -0.0738665
28.95 0.56513022283676029 0.088887 0.0458666 -0.0740523
28.90 0.56454803347834170 0.0892868 0.0463024 -0.0742433
28.85 0.56396580464045909 0.0896874 0.0467371 -0.0744392
28.80 0.56338353450225820 0.0900886 0.0471708 -0.0746395
28.75 0.56280122124031395 0.0904905 0.0476034 -0.0748439
28.70 0.56221886302859492 0.090893 0.0480347 -0.0750521
28.65 0.56163645803842610 0.0912961 0.0484648 -0.0752638
28.60 0.56105400443845332 0.0916997 0.0488934 -0.0754788
28.55 0.56047150039460558 0.0921037 0.0493205 -0.0756968
28.50 0.55988894407005929 0.0925081 0.0497459 -0.0759178
28.45 0.55930633362520032 0.0929129 0.0501697 -0.0761416
28.40 0.55872366721758682 0.0933179 0.0505917 -0.0763679
28.35 0.55814094300191230 0.0937232 0.0510117 -0.0765967
28.30 0.55755815912996731 0.0941286 0.0514297 -0.0768279
28.25 0.55697531375060216 0.0945342 0.0518455 -0.0770614
28.20 0.55639240500968834 0.0949397 0.052259 -0.0772971
28.15 0.55580943105008029 0.0953452 0.0526701 -0.0775348
28.10 0.55522639001157725 0.0957506 0.0530786 -0.0777746
28.05 0.55464328003088403 0.0961557 0.0534845 -0.0780163
28.00 0.55406009924157285 0.0965606 0.0538876 -0.07826
27.95 0.55347684577404310 0.096965 0.0542876 -0.0785055
27.90 0.55289351775548301 0.097369 0.0546846 -0.0787528
27.85 0.55231011330982938 0.0977723 0.0550783 -0.0790019
27.80 0.55172663055772764 0.0981749 0.0554686 -0.0792527
27.75 0.55114306761649301 0.0985767 0.0558553 -0.0795051
27.70 0.55055942260006829 0.0989776 0.0562382 -0.0797593
27.65 0.54997569361898513 0.0993773 0.0566172 -0.0800151
27.60 0.54939187878032203 0.0997759 0.0569921 -0.0802725
27.55 0.54880797618766397 0.1001731 0.0573627 -0.0805315
27.50 0.54822398394106098 0.1005687 0.0577288 -0.080792
27.45 0.54763990013698649 0.1009627 0.0580903 -0.0810541
27.40 0.54705572286829596 0.1013549 0.0584468 -0.0813177
27.35 0.54647145022418464 0.101745 0.0587983 -0.0815828
27.30 0.54588708029014499 0.1021328 0.0591445 -0.0818495
27.25 0.54530261114792489 0.1025182 0.0594851 -0.0821176
27.20 0.54471804087548426 0.102901 0.05982 -0.0823872
27.15 0.54413336754695263 0.1032808 0.060149 -0.0826583
27.10 0.54354858923258453 0.1036575 0.0604718 -0.0829308
27.05 0.54296370399871785 0.1040308 0.0607881 -0.0832048
27.00 0.54237870990772830 0.1044004 0.0610977 -0.0834802
26.95 0.54179360501798601 0.104766 0.0614005 -0.0837571
26.90 0.54120838738381127 0.1051272 0.061696 -0.0840354
26.85 0.54062305505542918 0.1054838 0.0619841 -0.0843151
26.80 0.54003760607892537 0.1058353 0.0622645 -0.0845963
26.75 0.53945203849620049 0.1061815 0.0625369 -0.0848789
26.70 0.53886635034492414 0.1065217 0.0628011 -0.0851629
26.65 0.53828053965848977 0.1068557 0.0630568 -0.0854484
26.60 0.53769460446596806 0.1071829 0.0633037 -0.0857352
26.55 0.53710854279206044 0.1075029 0.0635415 -0.0860236
26.50 0.53652235265705239 0.1078151 0.0637699 -0.0863133
26.45 0.53593603207676654 0.1081189 0.0639887 -0.0866045
26.40 0.53534957906251479 0.1084137 0.0641976 -0.0868971
26.35 0.53476299162105112 0.108699 0.0643962 -0.0871911
26.30 0.53417626775452287 0.108974 0.0645843 -0.0874866
26.25 0.53358940546042311 0.109238 0.0647617 -0.0877835
26.20 0.53300240273154131 0.1094904 0.0649279 -0.0880819
26.15 0.53241525755591457 0.1097303 0.0650828 -0.0883817
26.10 0.53182796791677822 0.1099568 0.0652261 -0.0886829
26.05 0.53124053179251596 0.1101693 0.0653573 -0.0889857
26.00 0.53065294715660993 0.1103668 0.0654764 -0.0892899
25.95 0.53006521197759027 0.1105483 0.065583 -0.0895955
25.90 0.52947732421898386 0.1107131 0.0656768 -0.0899026
25.85 0.52888928183926420 0.1108602 0.0657576 -0.0902113
25.80 0.52830108279179877 0.1109886 0.0658251 -0.0905214
25.75 0.52771272502479782 0.1110974 0.0658791 -0.090833
25.70 0.52712420648126190 0.1111857 0.0659193 -0.0911461
25.65 0.52653552509892954 0.1112526 0.0659454 -0.0914607
25.60 0.52594667881022350 0.1112972 0.0659573 -0.0917769
25.55 0.52535766554219843 0.1113187 0.0659547 -0.0920946
25.50 0.52476848321648584 0.1113163 0.0659374 -0.0924138
25.45 0.52417912974924130 0.1112894 0.0659053 -0.0927346
25.40 0.52358960305108848 0.1112372 0.065858 -0.0930569
25.35 0.52299990102706539 0.1111592 0.0657954 -0.0933808
25.30 0.52241002157656802 0.111055 0.0657174 -0.0937063
25.25 0.52181996259329522 0.1109241 0.0656238 -0.0940334
25.20 0.52122972196519191 0.1107664 0.0655143 -0.0943621
25.15 0.52063929757439309 0.1105815 0.065389 -0.0946925
25.10 0.52004868729716613 0.1103695 0.0652476 -0.0950244
25.05 0.51945788900385370 0.1101302 0.06509 -0.095358
25.00 0.51886690055881535 0.1098638 0.064916 -0.0956933
24.95 0.51827571982036957 0.1095705 0.0647257 -0.0960302
24.90 0.51768434464073498 0.1092504 0.0645189 -0.0963688
24.85 0.51709277286597055 0.1089039 0.0642955 -0.0967091
24.80 0.51650100233591645 0.1085314 0.0640554 -0.0970512
24.75 0.51590903088413309 0.1081331 0.0637985 -0.097395
24.70 0.51531685633784119 0.1077095 0.0635249 -0.0977405
24.65 0.51472447651786013 0.1072611 0.0632343 -0.0980878
24.60 0.51413188923854658 0.1067883 0.0629269 -0.0984369
24.55 0.51353909230773198 0.1062917 0.0626025 -0.0987878
24.50 0.51294608352666027 0.1057716 0.0622612 -0.0991406
24.45 0.51235286068992469 0.1052287 0.0619028 -0.0994952
24.40 0.51175942158540400 0.1046634 0.0615275 -0.0998516
24.35 0.51116576399419855 0.1040761 0.061135 -0.10021
24.30 0.51057188569056522 0.1034674 0.0607256 -0.1005703
24.25 0.50997778444185260 0.1028377 0.0602991 -0.1009325
24.20 0.50938345800843532 0.1021875 0.0598556 -0.1012967
24.15 0.50878890414364741 0.1015171 0.059395 -0.1016629
24.10 0.50819412059371571 0.1008271 0.0589174 -0.1020311
24.05 0.50759910509769279 0.1001178 0.0584228 -0.1024013
24.00 0.50700385538738835 0.0993896 0.0579112 -0.1027736
23.95 0.50640836918730148 0.098643 0.0573827 -0.1031481
23.90 0.50581264421455108 0.0978782 0.0568372 -0.1035246
23.85 0.50521667817880678 0.0970956 0.0562749 -0.1039034
23.80 0.50462046878221822 0.0962956 0.0556957 -0.1042843
23.75 0.50402401371934424 0.0954784 0.0550997 -0.1046675
23.70 0.50342731067708213 0.0946445 0.0544869 -0.105053
23.65 0.50283035733459502 0.093794 0.0538574 -0.1054408
23.60 0.50223315136323943 0.0929274 0.0532112 -0.105831
23.55 0.50163569042649214 0.0920449 0.0525484 -0.1062236
23.50 0.50103797217987622 0.0911467 0.0518691 -0.1066186
23.45 0.50043999427088670 0.0902331 0.0511732 -0.1070161
23.40 0.49984175433891520 0.0893044 0.050461 -0.1074162
23.35 0.49924325001517428 0.0883609 0.0497324 -0.1078189
23.30 0.49864447892262104 0.0874027 0.0489875 -0.1082242
23.25 0.49804543867587991 0.0864302 0.0482263 -0.1086323
23.20 0.49744612688116491 0.0854435 0.0474491 -0.1090431
23.15 0.49684654113620130 0.084443 0.0466558 -0.1094568
23.10 0.49624667903014597 0.0834287 0.0458465 -0.1098734
23.05 0.49564653814350829 0.0824011 0.0450214 -0.110293
23.00 0.49504611604806875 0.0813602 0.0441805 -0.1107156
22.95 0.49444541030679834 0.0803062 0.043324 -0.1111413
22.90 0.49384441847377619 0.0792395 0.0424518 -0.1115703
22.85 0.49324313809410680 0.0781602 0.0415642 -0.1120025
22.80 0.49264156670383669 0.0770686 0.0406612 -0.1124382
22.75 0.49203970182987000 0.0759648 0.0397429 -0.1128773
22.70 0.49143754098988363 0.074849 0.0388096 -0.1133201
22.65 0.49083508169224127 0.0737215 0.0378612 -0.1137665
22.60 0.49023232143590700 0.0725824 0.0368979 -0.1142168
22.55 0.48962925771035787 0.071432 0.0359198 -0.114671
22.50 0.48902588799549546 0.0702704 0.034927 -0.1151293
22.45 0.48842220976155742 0.069098 0.0339198 -0.1155918
22.40 0.48781822046902723 0.0679148 0.0328981 -0.1160587
22.35 0.48721391756854376 0.0667211 0.0318623 -0.1165301
22.30 0.48660929850080958 0.065517 0.0308123 -0.1170062
22.25 0.48600436069649899 0.0643029 0.0297483 -0.1174872
22.20 0.48539910157616445 0.0630788 0.0286705 -0.1179732
22.15 0.48479351855014252 0.0618451 0.0275791 -0.1184644
22.10 0.48418760901845936 0.0606018 0.0264741 -0.1189612
22.05 0.48358137037073412 0.0593493 0.0253557 -0.1194636
22.00 0.48297479998608267 0.0580877 0.0242241 -0.1199721
21.95 0.48236789523301982 0.0568172 0.0230795 -0.1204867
21.90 0.48176065346936059 0.0555382 0.0219219 -0.1210078
21.85 0.48115307204212066 0.0542507 0.0207516 -0.1215358
21.80 0.48054514828741574 0.052955 0.0195688 -0.1220708
21.75 0.47993687953036013 0.0516513 0.0183735 -0.1226134
21.70 0.47932826308496429 0.05034 0.017166 -0.1231638
21.65 0.47871929625403137 0.0490212 0.0159464 -0.1237225
21.60 0.47810997632905239 0.0476951 0.0147149 -0.1242899
21.55 0.47750030059010101 0.046362 0.0134717 -0.1248664
21.50 0.47689026630572684 0.0450222 0.012217 -0.1254526
21.45 0.47627987073284805 0.043676 0.0109509 -0.126049
21.40 0.47566911111664228 0.0423235 0.0096736 -0.1266562
21.35 0.47505798469043725 0.0409652 0.0083853 -0.1272749
21.30 0.47444648867559963 0.0396012 0.0070862 -0.1279056
21.25 0.47383462028142359 0.038232 0.0057765 -0.1285492
21.20 0.47322237670501677 0.0368578 0.0044563 -0.1292064
21.15 0.47260975513118736 0.0354789 0.003126 -0.1298782
21.10 0.47199675273232761 0.0340958 0.0017856 -0.1305653
21.05 0.47138336666829789 0.0327087 0.0004355 -0.1312689
21.00 0.47076959408630886 0.0313181 -0.0009243 -0.1319901
20.95 0.47015543212080257 0.0299243 -0.0022934 -0.13273
20.90 0.46954087789333243 0.0285279 -0.0036717 -0.1334899
20.85 0.46892592851244164 0.0271292 -0.0050589 -0.1342712
20.80 0.46831058107354084 0.0257287 -0.0064548 -0.1350753
20.75 0.46769483265878409 0.024327 -0.0078591 -0.1359041
20.70 0.46707868033694405 0.0229246 -0.0092716 -0.1367591
20.65 0.46646212116328506 0.0215221 -0.010692 -0.1376424
20.60 0.46584515217943595 0.0201201 -0.01212 -0.1385561
20.55 0.46522777041326047 0.0187194 -0.0135554 -0.1395023
20.50 0.46460997287872730 0.0173205 -0.0149977 -0.1404835
20.45 0.46399175657577785 0.0159244 -0.0164468 -0.1415024
20.40 0.46337311849019369 0.0145319 -0.0179023 -0.1425619
20.35 0.46275405559346122 0.013144 -0.0193638 -0.1436651
20.30 0.46213456484263626 0.0117615 -0.0208308 -0.1448152
20.25 0.46151464318020630 0.0103858 -0.0223031 -0.1460161
20.20 0.46089428753395190 0.0090179 -0.0237802 -0.1472715
20.15 0.46027349481680574 0.0076592 -0.0252616 -0.1485859
20.10 0.45965226192671138 0.0063112 -0.0267467 -0.1499637
20.05 0.45903058574647937 0.0049756 -0.028235 -0.1514099
20.00 0.45840846314364242 0.0036541 -0.029726 -0.15293
19.95 0.45778589097030903 0.0023488 -0.0312189 -0.1545297
19.90 0.45716286606301498 0.001062 -0.0327129 -0.1562155
19.85 0.45653938524257409 -0.0002039 -0.0342074 -0.1579942
19.80 0.45591544531392630 -0.001446 -0.0357014 -0.1598732
19.75 0.45529104306598517 -0.0026611 -0.0371938 -0.1618607
19.70 0.45466617527148268 -0.0038456 -0.0386835 -0.1639657
19.65 0.45404083868681316 -0.0049952 -0.0401693 -0.166198
19.60 0.45341503005187517 -0.0061052 -0.0416497 -0.1685684
19.55 0.45278874608991104 -0.0071702 -0.0431231 -0.1710889
19.50 0.45216198350734593 -0.0081839 -0.0445875 -0.1737728
19.45 0.45153473899362395 -0.0206976 -0.050685 -0.339199
19.40 0.45090700922104293 -0.019779 -0.0492933 -0.3412108
19.35 0.45027879084458722 -0.0188287 -0.0478832 -0.3432256
19.30 0.44965008050175848 -0.0178467 -0.0464549 -0.345242
19.25 0.44902087481240505 -0.0168331 -0.0450087 -0.347259
19.20 0.44839117037854909 -0.0157881 -0.0435449 -0.3492752
19.15 0.44776096378421115 -0.0147117 -0.0420639 -0.3512897
19.10 0.44713025159523395 -0.0136042 -0.0405658 -0.3533014
19.05 0.44649903035910310 -0.0124658 -0.0390513 -0.3553093
19.00 0.44586729660476643 -0.0112968 -0.0375207 -0.3573125
18.95 0.44523504684245080 -0.0100974 -0.0359744 -0.3593102
18.90 0.44460227756347698 -0.0088681 -0.034413 -0.3613015
18.85 0.44396898524007278 -0.007609 -0.0328371 -0.3632858
18.80 0.44333516632518272 -0.0063207 -0.0312472 -0.3652624
18.75 0.44270081725227745 -0.0050034 -0.029644 -0.3672306
18.70 0.44206593443515912 -0.0036576 -0.0280282 -0.3691899
18.65 0.44143051426776569 -0.0022838 -0.0264005 -0.3711399
18.60 0.44079455312397198 -0.0008823 -0.0247618 -0.37308
18.55 0.44015804735738923 0.0005463 -0.023113 -0.3750098
18.50 0.43952099330116196 0.0020016 -0.0214551 -0.376929
18.45 0.43888338726776216 0.0034832 -0.0197891 -0.3788373
18.40 0.43824522554878126 0.0049905 -0.0181161 -0.3807343
18.35 0.43760650441471993 0.0065231 -0.0164375 -0.38262
18.30 0.43696722011477462 0.0080804 -0.0147547 -0.3844939
18.25 0.43632736887662232 0.009662 -0.0130693 -0.386356
18.20 0.43568694690620202 0.0112674 -0.0113829 -0.3882062
18.15 0.43504595038749433 0.012896 -0.0096975 -0.3900443
18.10 0.43440437548229766 0.0145475 -0.0080153 -0.3918702
18.05 0.43376221833000173 0.0162212 -0.0063387 -0.3936839
18.00 0.43311947504735931 0.0179167 -0.0046703 -0.3954854
17.95 0.43247614172825383 0.0196336 -0.0030133 -0.3972746
17.90 0.43183221444346498 0.0213713 -0.001371 -0.3990516
17.85 0.43118768924043122 0.0231294 0.0002526 -0.4008163
17.80 0.43054256214300907 0.0249073 0.0018533 -0.4025688
17.75 0.42989682915123001 0.0267047 0.0034263 -0.4043092
17.70 0.42925048624105394 0.0285212 0.0049661 -0.4060375
17.65 0.42860352936411933 0.0303561 0.0064668 -0.4077538
17.60 0.42795595444749102 0.0322092 0.007922 -0.4094581
17.55 0.42730775739340404 0.03408 0.0093248 -0.4111506
17.50 0.42665893407900496 0.035968 0.0106679 -0.4128314
17.45 0.42600948035608893 0.0378729 0.0119441 -0.4145005
17.40 0.42535939205083484 0.0397942 0.0131461 -0.4161581
17.35 0.42470866496353571 0.0417317 0.0142672 -0.4178043
17.30 0.42405729486832622 0.0436848 0.0153016 -0.4194391
17.25 0.42340527751290741 0.0456532 0.0162449 -0.4210628
17.20 0.42275260861826658 0.0476365 0.0170941 -0.4226754
17.15 0.42209928387839457 0.0496344 0.0178483 -0.4242771
17.10 0.42144529895999888 0.0516466 0.0185084 -0.4258679
17.05 0.42079064950221312 0.0536727 0.019077 -0.427448
17.00 0.42013533111630319 0.0557123 0.0195585 -0.4290176
16.95 0.41947933938536919 0.0577652 0.0199582 -0.4305767
16.90 0.41882266986404287 0.059831 0.0202823 -0.4321255
16.85 0.41816531807818275 0.0619094 0.0205375 -0.433664
16.80 0.41750727952456318 0.0640001 0.0207305 -0.4351925
16.75 0.41684854967056112 0.0661029 0.0208678 -0.4367109
16.70 0.41618912395383745 0.0682174 0.0209556 -0.4382195
16.65 0.41552899778201507 0.0703434 0.0209997 -0.4397183
16.60 0.41486816653235176 0.0724806 0.0210053 -0.4412075
16.55 0.41420662555140919 0.0746287 0.0209772 -0.4426871
16.50 0.41354437015471773 0.0767875 0.0209194 -0.4441573
16.45 0.41288139562643611 0.0789567 0.0208358 -0.4456181
16.40 0.41221769721900697 0.0811361 0.0207296 -0.4470697
16.35 0.41155327015280768 0.0833255 0.0206038 -0.4485121
16.30 0.41088810961579586 0.0855246 0.0204608 -0.4499455
16.25 0.41022221076315113 0.0877331 0.0203029 -0.4513698
16.20 0.40955556871691118 0.0899509 0.020132 -0.4527853
16.15 0.40888817856560256 0.0921778 0.0199498 -0.4541919
16.10 0.40822003536386753 0.0944135 0.0197579 -0.4555899
16.05 0.40755113413208455 0.0966579 0.0195575 -0.4569791
16.00 0.40688146985598445 0.0989107 0.0193498 -0.4583597
15.95 0.40621103748626042 0.1011717 0.0191358 -0.4597318
15.90 0.40553983193817339 0.1034408 0.0189165 -0.4610955
15.85 0.40486784809115106 0.1057177 0.0186925 -0.4624507
15.80 0.40419508078838223 0.1080023 0.0184648 -0.4637976
15.75 0.40352152483640419 0.1102945 0.0182337 -0.4651362
15.70 0.40284717500468581 0.1125939 0.0180001 -0.4664665
15.65 0.40217202602520330 0.1149005 0.0177642 -0.4677887
15.60 0.40149607259201053 0.1172141 0.0175266 -0.4691027
15.55 0.40081930936080368 0.1195345 0.0172876 -0.4704086
15.50 0.40014173094847860 0.1218615 0.0170477 -0.4717064
15.45 0.39946333193268280 0.1241951 0.0168071 -0.4729961
15.40 0.39878410685136023 0.126535 0.0165661 -0.4742779
15.35 0.39810405020228995 0.1288811 0.0163251 -0.4755517
15.30 0.39742315644261811 0.1312333 0.0160841 -0.4768175
15.25 0.39674141998838264 0.1335914 0.0158435 -0.4780754
15.20 0.39605883521403118 0.1359552 0.0156034 -0.4793254
15.15 0.39537539645193265 0.1383247 0.015364 -0.4805675
15.10 0.39469109799188024 0.1406996 0.0151254 -0.4818018
15.05 0.39400593408058848 0.1430799 0.0148878 -0.4830282
15.00 0.39331989892118169 0.1454654 0.0146514 -0.4842468
14.95 0.39263298667267577 0.147856 0.0144162 -0.4854576
14.90 0.39194519144945134 0.1502516 0.0141823 -0.4866605
14.85 0.39125650732071982 0.152652 0.0139499 -0.4878556
14.80 0.39056692830998108 0.1550571 0.013719 -0.4890429
14.75 0.38987644839447261 0.1574668 0.0134897 -0.4902224
14.70 0.38918506150461102 0.159881 0.0132621 -0.4913942
14.65 0.38849276152342449 0.1622995 0.0130362 -0.4925581
14.60 0.38779954228597707 0.1647223 0.0128122 -0.4937142
14.55 0.38710539757878348 0.1671493 0.01259 -0.4948624
14.50 0.38641032113921558 0.1695802 0.0123697 -0.4960029
14.45 0.38571430665489931 0.1720151 0.0121515 -0.4971355
14.40 0.38501734776310242 0.1744538 0.0119352 -0.4982603
14.35 0.38431943805011287 0.1768962 0.0117209 -0.4993773
14.30 0.38362057105060715 0.1793423 0.0115087 -0.5004864
14.25 0.38292074024700901 0.1817918 0.0112987 -0.5015877
14.20 0.38221993906883789 0.1842448 0.0110907 -0.502681
14.15 0.38151816089204771 0.186701 0.010885 -0.5037665
14.10 0.38081539903835421 0.1891605 0.0106814 -0.5048441
14.05 0.38011164677455245 0.1916231 0.01048 -0.5059137
14.00 0.37940689731182314 0.1940888 0.0102808 -0.5069754
13.95 0.37870114380502756 0.1965574 0.0100839 -0.5080291
13.90 0.37799437935199204 0.1990289 0.0098892 -0.5090749
13.85 0.37728659699277994 0.2015032 0.0096968 -0.5101126
13.80 0.37657778970895234 0.2039802 0.0095067 -0.5111424
13.75 0.37586795042281695 0.2064598 0.0093189 -0.5121641
13.70 0.37515707199666415 0.2089419 0.0091333 -0.5131778
13.65 0.37444514723199135 0.2114265 0.0089501 -0.5141834
13.60 0.37373216886871380 0.2139136 0.0087692 -0.5151809
13.55 0.37301812958436309 0.2164029 0.0085906 -0.5161703
13.50 0.37230302199327187 0.2188945 0.0084142 -0.5171516
13.45 0.37158683864574560 0.2213883 0.0082403 -0.5181247
13.40 0.37086957202721976 0.2238843 0.0080686 -0.5190896
13.35 0.37015121455740396 0.2263822 0.0078992 -0.5200464
13.30 0.36943175858941057 0.2288822 0.0077322 -0.520995
13.25 0.36871119640886968 0.2313842 0.0075675 -0.5219353
13.20 0.36798952023302828 0.233888 0.007405 -0.5228675
13.15 0.36726672220983475 0.2363936 0.0072449 -0.5237913
13.10 0.36654279441700738 0.2389011 0.0070871 -0.5247069
13.05 0.36581772886108715 0.2414102 0.0069316 -0.5256142
13.00 0.36509151747647400 0.2439211 0.0067784 -0.5265132
12.95 0.36436415212444700 0.2464336 0.0066274 -0.5274039
12.90 0.36363562459216681 0.2489477 0.0064788 -0.5282862
12.85 0.36290592659166121 0.2514633 0.0063324 -0.5291602
12.80 0.36217504975879339 0.2539805 0.0061882 -0.5300259
12.75 0.36144298565221100 0.2564991 0.0060463 -0.5308832
12.70 0.36070972575227789 0.2590192 0.0059067 -0.5317321
12.65 0.35997526145998643 0.2615408 0.0057693 -0.5325727
12.60 0.35923958409585033 0.2640637 0.0056341 -0.5334048
12.55 0.35850268489877835 0.266588 0.0055011 -0.5342286
12.50 0.35776455502492738 0.2691136 0.0053703 -0.535044
12.45 0.35702518554653512 0.2716406 0.0052416 -0.535851
12.40 0.35628456745073178 0.2741689 0.0051152 -0.5366495
12.35 0.35554269163833013 0.2766985 0.0049909 -0.5374397
12.30 0.35479954892259385 0.2792294 0.0048688 -0.5382215
12.25 0.35405513002798283 0.2817615 0.0047487 -0.5389949
12.20 0.35330942558887629 0.284295 0.0046308 -0.5397599
12.15 0.35256242614827166 0.2868297 0.004515 -0.5405166
12.10 0.35181412215645985 0.2893657 0.0044013 -0.5412648
12.05 0.35106450396967603 0.2919029 0.0042896 -0.5420047
12.00 0.35031356184872481 0.2944414 0.00418 -0.5427362
11.95 0.34956128595758001 0.2969812 0.0040724 -0.5434594
11.90 0.34880766636195842 0.2995223 0.0039668 -0.5441743
11.85 0.34805269302786601 0.3020648 0.0038633 -0.5448808
11.80 0.34729635582011686 0.3046085 0.0037617 -0.5455791
11.75 0.34653864450082428 0.3071536 0.0036621 -0.5462691
11.70 0.34577954872786260 0.3097001 0.0035644 -0.5469508
11.65 0.34501905805329952 0.3101323 0.0034686 -0.5476243
11.60 0.34425716192179839 0.3103106 0.0033748 -0.5482896
11.55 0.34349384966898983 0.310505 0.0032828 -0.5489468
11.50 0.34272911051981081 0.3107156 0.0031927 -0.5495957
11.45 0.34196293358681218 0.3109424 0.0031044 -0.5502366
11.40 0.34119530786843266 0.3111855 0.003018 -0.5508693
11.35 0.34042622224723856 0.311445 0.0029334 -0.551494
11.30 0.33965566548812931 0.3117208 0.0028505 -0.5521107
11.25 0.33888362623650670 0.3120131 0.0027695 -0.5527193
11.20 0.33811009301640765 0.3123219 0.0026901 -0.5533201
11.15 0.33733505422859994 0.3126471 0.0026125 -0.5539129
11.10 0.33655849814863903 0.3129887 0.0025366 -0.5544978
11.05 0.33578041292488614 0.3133468 0.0024624 -0.5550749
11.00 0.33500078657648524 0.3137214 0.0023898 -0.5556443
10.95 0.33421960699129954 0.3141123 0.0023189 -0.5562058
10.90 0.33343686192380506 0.3145197 0.0022496 -0.5567597
10.85 0.33265253899294100 0.3149434 0.0021818 -0.557306
10.80 0.33186662567991565 0.3153833 0.0021157 -0.5578446
10.75 0.33107910932596624 0.3158396 0.0020511 -0.5583757
10.70 0.33028997713007269 0.316312 0.001988 -0.5588993
10.65 0.32949921614662253 0.3168005 0.0019264 -0.5594155
10.60 0.32870681328302698 0.3173051 0.0018663 -0.5599242
10.55 0.32791275529728653 0.3178257 0.0018077 -0.5604257
10.50 0.32711702879550453 0.3183622 0.0017505 -0.5609198
10.45 0.32631962022934713 0.3189145 0.0016947 -0.5614068
10.40 0.32552051589344949 0.3194825 0.0016403 -0.5618866
10.35 0.32471970192276511 0.3200661 0.0015873 -0.5623593
10.30 0.32391716428985806 0.3206653 0.0015356 -0.562825
10.25 0.32311288880213562 0.3212798 0.0014852 -0.5632837
10.20 0.32230686109902068 0.3219097 0.0014362 -0.5637354
10.15 0.32149906664906186 0.3225548 0.0013884 -0.5641804
10.10 0.32068949074697878 0.3232149 0.0013419 -0.5646185
10.05 0.31987811851064291 0.32389 0.0012966 -0.56505
10.00 0.31906493487798943 0.32458 0.0012525 -0.5654747
9.95 0.31824992460386070 0.3252846 0.0012096 -0.565893
9.90 0.31743307225677786 0.3260038 0.0011679 -0.5663047
9.85 0.31661436221563910 0.3267374 0.0011273 -0.5667099
9.80 0.31579377866634295 0.3274853 0.0010879 -0.5671088
9.75 0.31497130559833353 0.3282474 0.0010495 -0.5675013
9.70 0.31414692680106648 0.3290235 0.0010123 -0.5678877
9.65 0.31332062586039267 0.3298134 0.0009761 -0.5682678
9.60 0.31249238615485792 0.3306171 0.0009409 -0.5686419
9.55 0.31166219085191565 0.3314342 0.0009068 -0.56901
9.50 0.31083002290405076 0.3322648 0.0008736 -0.5693721
9.45 0.30999586504481119 0.3331087 0.0008414 -0.5697283
9.40 0.30915969978474567 0.3339656 0.0008102 -0.5700788
9.35 0.30832150940724323 0.3348354 0.0007799 -0.5704235
9.30 0.30748127596427399 0.335718 0.0007506 -0.5707625
9.25 0.30663898127202549 0.3366132 0.0007221 -0.571096
9.20 0.30579460690643406 0.3375208 0.0006945 -0.5714239
9.15 0.30494813419860595 0.3384407 0.0006677 -0.5717464
9.10 0.30409954423012653 0.3393727 0.0006418 -0.5720636
9.05 0.30324881782825319 0.3403165 0.0006167 -0.5723755
9.00 0.30239593556098865 0.3412721 0.0005925 -0.5726822
8.95 0.30154087773203153 0.3422393 0.0005689 -0.5729837
8.90 0.30068362437559926 0.3432178 0.0005462 -0.5732802
8.85 0.29982415525112072 0.3442076 0.0005242 -0.5735717
8.80 0.29896244983779341 0.3452083 0.0005029 -0.5738582
8.75 0.29809848732900202 0.34622 0.0004823 -0.57414
8.70 0.29723224662659264 0.3472422 0.0004624 -0.574417
8.65 0.29636370633499964 0.348275 0.0004432 -0.5746893
8.60 0.29549284475521920 0.349318 0.0004246 -0.574957
8.55 0.29461963987862538 0.3503712 0.0004067 -0.5752202
8.50 0.29374406938062309 0.3514343 0.0003894 -0.5754789
8.45 0.29286611061413348 0.3525071 0.0003727 -0.5757332
8.40 0.29198574060290522 0.3535894 0.0003566 -0.5759832
8.35 0.29110293603464699 0.3546811 0.000341 -0.576229
8.30 0.29021767325397441 0.3557819 0.0003261 -0.5764706
8.25 0.28932992825516618 0.3568918 0.0003116 -0.5767082
8.20 0.28843967667472209 0.3580104 0.0002977 -0.5769417
8.15 0.28754689378371695 0.3591375 0.0002843 -0.5771713
8.10 0.28665155447994300 0.3602731 0.0002714 -0.5773971
8.05 0.28575363327983461 0.3614168 0.000259 -0.577619
8.00 0.28485310431016619 0.3625685 0.000247 -0.5778373
7.95 0.28394994129951745 0.3637281 0.0002355 -0.5780519
7.90 0.28304411756949560 0.3648952 0.0002245 -0.5782629
7.85 0.28213560602570920 0.3660697 0.0002138 -0.5784705
7.80 0.28122437914848114 0.3672514 0.0002036 -0.5786746
7.75 0.28031040898329512 0.3684401 0.0001938 -0.5788754
7.70 0.27939366713096336 0.3696356 0.0001844 -0.5790729
7.65 0.27847412473750777 0.3708377 0.0001754 -0.5792672
7.60 0.27755175248374220 0.3720461 0.0001667 -0.5794584
7.55 0.27662652057454717 0.3732608 0.0001584 -0.5796466
7.50 0.27569839872782342 0.3744814 0.0001504 -0.5798318
7.45 0.27476735616311498 0.3757078 0.0001428 -0.580014
7.40 0.27383336158988730 0.3769398 0.0001355 -0.5801935
7.35 0.27289638319544918 0.3781772 0.0001285 -0.5803701
7.30 0.27195638863250449 0.3794197 0.0001218 -0.5805441
7.25 0.27101334500631991 0.3806672 0.0001154 -0.5807155
7.20 0.27006721886149349 0.3819195 0.0001092 -0.5808843
7.15 0.26911797616831001 0.3831763 0.0001034 -0.5810507
7.10 0.26816558230866605 0.3844375 0.0000978 -0.5812146
7.05 0.26721000206154838 0.3857029 0.0000924 -0.5813763
7.00 0.26625119958804888 0.3869722 0.0000873 -0.5815356
6.95 0.26528913841589680 0.3882454 0.0000825 -0.5816928
6.90 0.26432378142348961 0.3895221 0.0000778 -0.5818479
6.85 0.26335509082340303 0.3908022 0.0000734 -0.5820009
6.80 0.26238302814535797 0.3920856 0.0000692 -0.582152
6.75 0.26140755421862366 0.3933719 0.0000652 -0.5823012
6.70 0.26042862915383336 0.3946612 0.0000614 -0.5824485
6.65 0.25944621232418863 0.3959531 0.0000577 -0.5825941
6.60 0.25846026234602637 0.3972476 0.0000543 -0.582738
6.55 0.25747073705872320 0.3985445 0.000051 -0.5828803
6.50 0.25647759350390792 0.3998436 0.0000479 -0.5830211
6.45 0.25548078790395357 0.4011447 0.0000449 -0.5831604
6.40 0.25448027563971826 0.4024479 0.0000421 -0.5832983
6.35 0.25347601122750207 0.4037528 0.0000395 -0.5834349
6.30 0.25246794829518643 0.4050595 0.000037 -0.5835702
6.25 0.25145603955751983 0.4063678 0.0000346 -0.5837044
6.20 0.25044023679051242 0.4076776 0.0000323 -0.5838374
6.15 0.24942049080490034 0.4089889 0.0000302 -0.5839694
