45.0 0.75983570225832975 -0.46877 -0.31224 -0.01292 0.15323 .29932
44.95 0.75917290940448456 -0.46876 -0.31224 -0.01293 0.15323 .29931
44.90 0.75851069267822968 -0.46876 -0.31224 -0.01293 0.15323 .29931
44.85 0.75784904956591581 -0.46876 -0.31223 -0.01293 0.15324 .29930
44.80 0.75718797756129208 -0.46875 -0.31223 -0.01294 0.15325 .29929
44.75 0.75652747416546084 -0.46874 -0.31222 -0.01295 0.15326 .29927
44.70 0.75586753688683117 -0.46874 -0.31221 -0.01296 0.15327 .29925
44.65 0.75520816324107432 -0.46873 -0.31220 -0.01297 0.15328 .29923
44.60 0.75454935075107776 -0.46871 -0.31219 -0.01298 0.15330 .29921
44.55 0.75389109694690015 -0.46870 -0.31217 -0.01300 0.15332 .29917
44.50 0.75323339936572720 -0.46868 -0.31216 -0.01302 0.15334 .29914
44.45 0.75257625555182672 -0.46867 -0.31214 -0.01304 0.15336 .29910
44.40 0.75191966305650404 -0.46865 -0.31212 -0.01306 0.15339 .29906
44.35 0.75126361943805864 -0.46863 -0.31210 -0.01308 0.15342 .29902
44.30 0.75060812226173934 -0.46860 -0.31208 -0.01311 0.15345 .29897
44.25 0.74995316909970178 -0.46858 -0.31205 -0.01314 0.15348 .29891
44.20 0.74929875753096364 -0.46856 -0.31203 -0.01317 0.15352 .29886
44.15 0.74864488514136263 -0.46853 -0.31200 -0.01320 0.15355 .29880
44.10 0.74799154952351277 -0.46850 -0.31197 -0.01323 0.15359 .29874
44.05 0.74733874827676172 -0.46847 -0.31194 -0.01326 0.15363 .29868
44.00 0.74668647900714824 -0.46844 -0.31191 -0.01330 0.15368 .29861
43.95 0.74603473932735997 -0.46840 -0.31188 -0.01334 0.15372 .29854
43.90 0.74538352685669107 -0.46837 -0.31184 -0.01338 0.15377 .29846
43.85 0.74473283922100009 -0.46833 -0.31181 -0.01342 0.15382 .29839
43.80 0.74408267405266870 -0.46829 -0.31177 -0.01347 0.15387 .29830
43.75 0.74343302899055930 -0.46825 -0.31173 -0.01351 0.15393 .29822
43.70 0.74278390167997466 -0.46821 -0.31169 -0.01356 0.15398 .29813
43.65 0.74213528977261611 -0.46817 -0.31164 -0.01361 0.15404 .29803
43.60 0.74148719092654247 -0.46812 -0.31160 -0.01366 0.15410 .29794
43.55 0.74083960280612982 -0.46808 -0.31155 -0.01371 0.15417 .29784
43.50 0.74019252308203054 -0.46803 -0.31150 -0.01377 0.15423 .29773
43.45 0.73954594943113283 -0.46798 -0.31145 -0.01383 0.15430 .29762
43.40 0.73889987953652059 -0.46793 -0.31140 -0.01389 0.15437 .29751
43.35 0.73825431108743367 -0.46788 -0.31135 -0.01395 0.15444 .29740
43.30 0.73760924177922782 -0.46782 -0.31129 -0.01401 0.15451 .29728
43.25 0.73696466931333482 -0.46776 -0.31124 -0.01407 0.15459 .29717
43.20 0.73632059139722317 -0.46771 -0.31118 -0.01414 0.15467 .29704
43.15 0.73567700574435957 -0.46765 -0.31112 -0.01421 0.15475 .29691
43.10 0.73503391007416841 -0.46759 -0.31106 -0.01428 0.15483 .29678
43.05 0.73439130211199355 -0.46752 -0.31099 -0.01435 0.15492 .29664
43.00 0.73374917958905994 -0.46746 -0.31093 -0.01442 0.15500 .29651
42.95 0.73310754024243474 -0.46739 -0.31086 -0.01449 0.15509 .29637
42.90 0.73246638181498858 -0.46732 -0.31080 -0.01457 0.15518 .29623
42.85 0.73182570205535757 -0.46725 -0.31073 -0.01465 0.15528 .29608
42.80 0.73118549871790539 -0.46718 -0.31065 -0.01473 0.15537 .29592
42.75 0.73054576956268569 -0.46711 -0.31058 -0.01481 0.15547 .29577
42.70 0.72990651235540349 -0.46704 -0.31051 -0.01489 0.15557 .29562
42.65 0.72926772486737823 -0.46696 -0.31043 -0.01498 0.15567 .29545
42.60 0.72862940487550631 -0.46688 -0.31035 -0.01507 0.15577 .29528
42.55 0.72799155016222405 -0.46680 -0.31028 -0.01516 0.15588 .29512
42.50 0.72735415851547003 -0.46672 -0.31019 -0.01525 0.15599 .29494
42.45 0.72671722772864877 -0.46664 -0.31011 -0.01534 0.15610 .29477
42.40 0.72608075560059371 -0.46656 -0.31003 -0.01543 0.15621 .29460
42.35 0.72544473993553082 -0.46647 -0.30994 -0.01553 0.15632 .29441
42.30 0.72480917854304194 -0.46638 -0.30986 -0.01562 0.15644 .29424
42.25 0.72417406923802852 -0.46629 -0.30977 -0.01572 0.15656 .29405
42.20 0.72353940984067577 -0.46620 -0.30968 -0.01582 0.15668 .29386
42.15 0.72290519817641630 -0.46611 -0.30958 -0.01593 0.15680 .29365
42.10 0.72227143207589473 -0.46602 -0.30949 -0.01603 0.15692 .29346
42.05 0.72163810937493145 -0.46592 -0.30940 -0.01614 0.15705 .29326
42.00 0.72100522791448773 -0.46582 -0.30930 -0.01624 0.15717 .29306
41.95 0.72037278554063011 -0.46572 -0.30920 -0.01635 0.15730 .29285
41.90 0.71974078010449472 -0.46562 -0.30910 -0.01646 0.15744 .29264
41.85 0.71910920946225287 -0.46552 -0.30900 -0.01657 0.15757 .29243
41.80 0.71847807147507592 -0.46542 -0.30889 -0.01669 0.15771 .29220
41.75 0.71784736400909988 -0.46531 -0.30879 -0.01680 0.15784 .29199
41.70 0.71721708493539160 -0.46521 -0.30868 -0.01692 0.15798 .29176
41.65 0.71658723212991393 -0.46510 -0.30857 -0.01704 0.15812 .29153
41.60 0.71595780347349092 -0.46499 -0.30847 -0.01716 0.15827 .29131
41.55 0.71532879685177420 -0.46487 -0.30835 -0.01728 0.15841 .29107
41.50 0.71470021015520846 -0.46476 -0.30824 -0.01740 0.15856 .29084
41.45 0.71407204127899770 -0.46465 -0.30813 -0.01753 0.15871 .29060
41.40 0.71344428812307092 -0.46453 -0.30801 -0.01765 0.15886 .29036
41.35 0.71281694859204914 -0.46441 -0.30789 -0.01778 0.15901 .29011
41.30 0.71219002059521097 -0.46429 -0.30777 -0.01791 0.15917 .28986
41.25 0.71156350204645979 -0.46417 -0.30765 -0.01804 0.15932 .28961
41.20 0.71093739086429042 -0.46404 -0.30753 -0.01817 0.15948 .28936
41.15 0.71031168497175501 -0.46392 -0.30741 -0.01831 0.15964 .28910
41.10 0.70968638229643122 -0.46379 -0.30728 -0.01844 0.15980 .28884
41.05 0.70906148077038822 -0.46366 -0.30715 -0.01858 0.15997 .28857
41.00 0.70843697833015451 -0.46353 -0.30702 -0.01871 0.16013 .28831
40.95 0.70781287291668460 -0.46340 -0.30689 -0.01885 0.16030 .28804
40.90 0.70718916247532726 -0.46327 -0.30676 -0.01900 0.16047 .28776
40.85 0.70656584495579211 -0.46313 -0.30663 -0.01914 0.16064 .28749
40.80 0.70594291831211764 -0.46300 -0.30649 -0.01928 0.16081 .28721
40.75 0.70532038050263912 -0.46286 -0.30636 -0.01943 0.16099 .28693
40.70 0.70469822948995642 -0.46272 -0.30622 -0.01957 0.16116 .28665
40.65 0.70407646324090134 -0.46258 -0.30608 -0.01972 0.16134 .28636
40.60 0.70345507972650678 -0.46244 -0.30594 -0.01987 0.16152 .28607
40.55 0.70283407692197408 -0.46229 -0.30579 -0.02002 0.16170 .28577
40.50 0.70221345280664171 -0.46214 -0.30565 -0.02017 0.16189 .28548
40.45 0.70159320536395353 -0.46200 -0.30550 -0.02033 0.16207 .28517
40.40 0.70097333258142724 -0.46185 -0.30535 -0.02048 0.16226 .28487
40.35 0.70035383245062366 -0.46170 -0.30520 -0.02064 0.16245 .28456
40.30 0.69973470296711415 -0.46154 -0.30505 -0.02079 0.16264 .28426
40.25 0.69911594213045092 -0.46139 -0.30490 -0.02095 0.16283 .28395
40.20 0.69849754794413488 -0.46123 -0.30475 -0.02111 0.16302 .28364
40.15 0.69787951841558515 -0.46107 -0.30459 -0.02128 0.16322 .28331
40.10 0.69726185155610820 -0.46091 -0.30443 -0.02144 0.16341 .28299
40.05 0.69664454538086706 -0.46075 -0.30428 -0.02160 0.16361 .28268
40.00 0.69602759790885060 -0.46059 -0.30412 -0.02177 0.16381 .28235
39.95 0.69541100716284310 -0.46043 -0.30395 -0.02193 0.16401 .28202
39.90 0.69479477116939314 -0.46026 -0.30379 -0.02210 0.16422 .28169
39.85 0.69417888795878446 -0.40171 -0.28844 -0.03065 0.21129 .25779
39.80 0.69356335556500459 -0.40156 -0.28851 -0.03059 0.21137 .25792
39.75 0.69294817202571524 -0.40142 -0.28858 -0.03053 0.21145 .25805
39.70 0.69233333538222186 -0.40127 -0.28864 -0.03048 0.21153 .25816
39.65 0.69171884367944381 -0.40112 -0.28871 -0.03042 0.21161 .25829
39.60 0.69110469496588456 -0.40097 -0.28878 -0.03036 0.21169 .25842
39.55 0.69049088729360164 -0.40081 -0.28885 -0.03030 0.21177 .25855
39.50 0.68987741871817743 -0.40066 -0.28892 -0.03023 0.21186 .25869
39.45 0.68926428729868816 -0.40050 -0.28899 -0.03017 0.21194 .25882
39.40 0.68865149109767598 -0.40034 -0.28907 -0.03011 0.21203 .25896
39.35 0.68803902818111884 -0.40018 -0.28914 -0.03005 0.21211 .25909
39.30 0.68742689661840040 -0.40002 -0.28921 -0.02998 0.21220 .25923
39.25 0.68681509448228206 -0.39986 -0.28928 -0.02992 0.21229 .25936
39.20 0.68620361984887257 -0.39970 -0.28936 -0.02985 0.21238 .25951
39.15 0.68559247079759911 -0.39953 -0.28943 -0.02978 0.21247 .25965
39.10 0.68498164541117901 -0.39936 -0.28951 -0.02972 0.21256 .25979
39.05 0.68437114177558944 -0.39919 -0.28958 -0.02965 0.21265 .25993
39.00 0.68376095798003989 -0.39902 -0.28966 -0.02958 0.21274 .26008
38.95 0.68315109211694214 -0.39885 -0.28973 -0.02951 0.21283 .26022
38.90 0.68254154228188213 -0.39868 -0.28981 -0.02944 0.21292 .26037
38.85 0.68193230657359116 -0.39850 -0.28989 -0.02937 0.21302 .26052
38.80 0.68132338309391693 -0.39832 -0.28997 -0.02930 0.21311 .26067
38.75 0.68071476994779589 -0.39815 -0.29004 -0.02922 0.21320 .26082
38.70 0.68010646524322338 -0.39797 -0.29012 -0.02915 0.21330 .26097
38.65 0.67949846709122641 -0.39778 -0.29020 -0.02908 0.21340 .26112
38.60 0.67889077360583494 -0.39760 -0.29028 -0.02900 0.21349 .26128
38.55 0.67828338290405310 -0.39742 -0.29036 -0.02892 0.21359 .26144
38.50 0.67767629310583211 -0.39723 -0.29044 -0.02885 0.21369 .26159
38.45 0.67706950233404084 -0.39704 -0.29053 -0.02877 0.21379 .26176
38.40 0.67646300871443843 -0.39685 -0.29061 -0.02869 0.21389 .26192
38.35 0.67585681037564649 -0.39666 -0.29069 -0.02861 0.21399 .26208
38.30 0.67525090544912036 -0.39647 -0.29077 -0.02853 0.21409 .26224
38.25 0.67464529206912238 -0.39627 -0.29086 -0.02845 0.21419 .26241
38.20 0.67403996837269264 -0.39607 -0.29094 -0.02837 0.21429 .26257
38.15 0.67343493249962227 -0.39588 -0.29103 -0.02829 0.21440 .26274
38.10 0.67283018259242555 -0.39568 -0.29111 -0.02820 0.21450 .26291
38.05 0.67222571679631171 -0.39548 -0.29120 -0.02812 0.21460 .26308
38.00 0.67162153325915808 -0.39527 -0.29128 -0.02803 0.21471 .26325
37.95 0.67101763013148197 -0.39507 -0.29137 -0.02795 0.21482 .26342
37.90 0.67041400556641328 -0.39486 -0.29146 -0.02786 0.21492 .26360
37.85 0.66981065771966752 -0.39465 -0.29154 -0.02777 0.21503 .26377
37.80 0.66920758474951780 -0.39445 -0.29163 -0.02769 0.21514 .26394
37.75 0.66860478481676788 -0.39423 -0.29172 -0.02760 0.21525 .26412
37.70 0.66800225608472497 -0.39402 -0.29181 -0.02751 0.21536 .26430
37.65 0.66739999671917172 -0.39381 -0.29190 -0.02741 0.21547 .26449
37.60 0.66679800488834029 -0.39359 -0.29199 -0.02732 0.21558 .26467
37.55 0.66619627876288412 -0.39337 -0.29208 -0.02723 0.21569 .26485
37.50 0.66559481651585173 -0.39315 -0.29217 -0.02714 0.21580 .26503
37.45 0.66499361632265863 -0.39293 -0.29226 -0.02704 0.21591 .26522
37.40 0.66439267636106136 -0.39271 -0.29235 -0.02695 0.21603 .26540
37.35 0.66379199481112994 -0.39248 -0.29244 -0.02685 0.21614 .26559
37.30 0.66319156985522110 -0.39226 -0.29253 -0.02675 0.21625 .26578
37.25 0.66259139967795155 -0.39203 -0.29263 -0.02665 0.21637 .26598
37.20 0.66199148246617079 -0.39180 -0.29272 -0.02655 0.21649 .26617
37.15 0.66139181640893463 -0.39157 -0.29281 -0.02645 0.21660 .26636
37.10 0.66079239969747838 -0.39133 -0.29291 -0.02635 0.21672 .26656
37.05 0.66019323052519030 -0.39110 -0.29300 -0.02625 0.21684 .26675
37.00 0.65959430708758449 -0.39086 -0.29310 -0.02615 0.21696 .26695
36.95 0.65899562758227459 -0.39063 -0.29319 -0.02604 0.21708 .26715
36.90 0.65839719020894694 -0.39039 -0.29329 -0.02594 0.21719 .26735
36.85 0.65779899316933454 -0.39014 -0.29338 -0.02583 0.21732 .26755
36.80 0.65720103466718971 -0.38990 -0.29348 -0.02573 0.21744 .26775
36.75 0.65660331290825846 -0.38965 -0.29358 -0.02562 0.21756 .26796
36.70 0.65600582610025293 -0.38941 -0.29367 -0.02551 0.21768 .26816
36.65 0.65540857245282624 -0.38916 -0.29377 -0.02540 0.21780 .26837
36.60 0.65481155017754511 -0.38891 -0.29387 -0.02529 0.21793 .26858
36.55 0.65421475748786373 -0.38866 -0.29397 -0.02518 0.21805 .26879
36.50 0.65361819259909770 -0.38840 -0.29407 -0.02506 0.21818 .26901
36.45 0.65302185372839705 -0.38815 -0.29417 -0.02495 0.21830 .26922
36.40 0.65242573909472057 -0.38789 -0.29427 -0.02484 0.21843 .26943
36.35 0.65182984691880952 -0.38763 -0.29437 -0.02472 0.21856 .26965
36.30 0.65123417542316075 -0.38737 -0.29447 -0.02460 0.21868 .26987
36.25 0.65063872283200119 -0.38711 -0.29457 -0.02449 0.21881 .27008
36.20 0.65004348737126105 -0.38684 -0.29467 -0.02437 0.21894 .27030
36.15 0.64944846726854788 -0.38657 -0.29477 -0.02425 0.21907 .27052
36.10 0.64885366075312068 -0.38631 -0.29487 -0.02413 0.21920 .27074
36.05 0.64825906605586314 -0.38604 -0.29497 -0.02401 0.21933 .27096
36.00 0.64766468140925815 -0.38576 -0.29508 -0.02388 0.21946 .27120
35.95 0.64707050504736097 -0.38549 -0.29518 -0.02376 0.21959 .27142
35.90 0.64647653520577386 -0.38522 -0.29528 -0.02364 0.21972 .27164
35.85 0.64588277012161954 -0.38494 -0.29539 -0.02351 0.21986 .27188
35.80 0.64528920803351497 -0.38466 -0.29549 -0.02338 0.21999 .27211
35.75 0.64469584718154593 -0.38438 -0.29559 -0.02326 0.22013 .27233
35.70 0.64410268580724028 -0.38410 -0.29570 -0.02313 0.22026 .27257
35.65 0.64350972215354219 -0.38381 -0.29580 -0.02300 0.22040 .27280
35.60 0.64291695446478636 -0.38352 -0.29591 -0.02287 0.22053 .27304
35.55 0.64232438098667155 -0.38324 -0.29601 -0.02273 0.22067 .27328
35.50 0.64173199996623487 -0.38295 -0.29612 -0.02260 0.22080 .27352
35.45 0.64113980965182582 -0.38265 -0.29623 -0.02247 0.22094 .27376
35.40 0.64054780829307956 -0.38236 -0.29633 -0.02233 0.22108 .27400
35.35 0.63995599414089233 -0.38207 -0.29644 -0.02220 0.22122 .27424
35.30 0.63936436544739395 -0.38177 -0.29655 -0.02206 0.22136 .27449
35.25 0.63877292046592293 -0.38147 -0.29666 -0.02192 0.22150 .27474
35.20 0.63818165745099997 -0.38117 -0.29676 -0.02178 0.22164 .27498
35.15 0.63759057465830182 -0.38087 -0.29687 -0.02164 0.22178 .27523
35.10 0.63699967034463578 -0.38056 -0.29698 -0.02150 0.22192 .27548
35.05 0.63640894276791349 -0.38025 -0.29709 -0.02136 0.22206 .27573
35.00 0.63581839018712483 -0.37995 -0.29720 -0.02122 0.22220 .27598
34.95 0.63522801086231206 -0.37964 -0.29731 -0.02107 0.22235 .27624
34.90 0.63463780305454343 -0.37932 -0.29742 -0.02093 0.22249 .27649
34.85 0.63404776502588822 -0.37901 -0.29753 -0.02078 0.22264 .27675
34.80 0.63345789503938943 -0.37869 -0.29764 -0.02063 0.22278 .27701
34.75 0.63286819135903882 -0.37838 -0.29775 -0.02048 0.22292 .27727
34.70 0.63227865224975011 -0.37806 -0.29786 -0.02033 0.22307 .27753
34.65 0.63168927597733326 -0.37774 -0.29797 -0.02018 0.22322 .27779
34.60 0.63110006080846870 -0.37741 -0.29808 -0.02003 0.22336 .27805
34.55 0.63051100501068102 -0.37709 -0.29819 -0.01988 0.22351 .27831
34.50 0.62992210685231265 -0.37676 -0.29830 -0.01972 0.22366 .27858
34.45 0.62933336460249822 -0.37643 -0.29842 -0.01957 0.22381 .27885
34.40 0.62874477653113825 -0.37610 -0.29853 -0.01941 0.22395 .27912
34.35 0.62815634090887318 -0.37577 -0.29864 -0.01925 0.22410 .27939
34.30 0.62756805600705678 -0.37543 -0.29875 -0.01909 0.22425 .27966
34.25 0.62697992009773107 -0.37509 -0.29887 -0.01893 0.22440 .27994
34.20 0.62639193145359873 -0.37476 -0.29898 -0.01877 0.22455 .28021
34.15 0.62580408834799783 -0.37442 -0.29909 -0.01861 0.22470 .28048
34.10 0.62521638905487575 -0.37407 -0.29921 -0.01845 0.22486 .28076
34.05 0.62462883184876250 -0.37373 -0.29932 -0.01828 0.22501 .28104
34.00 0.62404141500474464 -0.37338 -0.29944 -0.01812 0.22516 .28132
33.95 0.62345413679843897 -0.37303 -0.29955 -0.01795 0.22531 .28160
33.90 0.62286699550596603 -0.37268 -0.29966 -0.01778 0.22547 .28188
33.85 0.62227998940392448 -0.37233 -0.29978 -0.01761 0.22562 .28217
33.80 0.62169311676936412 -0.37198 -0.29989 -0.01744 0.22577 .28245
33.75 0.62110637587975959 -0.37162 -0.30001 -0.01727 0.22593 .28274
33.70 0.62051976501298423 -0.37127 -0.30012 -0.01710 0.22608 .28302
33.65 0.61993328244728318 -0.37091 -0.30024 -0.01693 0.22624 .28331
33.60 0.61934692646124778 -0.37054 -0.30035 -0.01675 0.22639 .28360
33.55 0.61876069533378786 -0.37018 -0.30047 -0.01658 0.22655 .28389
33.50 0.61817458734410646 -0.36981 -0.30059 -0.01640 0.22670 .28419
33.45 0.61758860077167221 -0.36945 -0.30070 -0.01622 0.22686 .28448
33.40 0.61700273389619331 -0.36908 -0.30082 -0.01604 0.22702 .28478
33.35 0.61641698499759090 -0.36871 -0.30093 -0.01586 0.22718 .28507
33.30 0.61583135235597231 -0.36833 -0.30105 -0.01568 0.22733 .28537
33.25 0.61524583425160395 -0.36796 -0.30117 -0.01550 0.22749 .28567
33.20 0.61466042896488526 -0.36758 -0.30128 -0.01532 0.22765 .28596
33.15 0.61407513477632125 -0.36720 -0.30140 -0.01513 0.22781 .28627
33.10 0.61348994996649608 -0.36682 -0.30152 -0.01494 0.22797 .28658
33.05 0.61290487281604611 -0.36644 -0.30163 -0.01476 0.22813 .28687
33.00 0.61231990160563299 -0.36605 -0.30175 -0.01457 0.22829 .28718
32.95 0.61173503461591627 -0.36567 -0.30187 -0.01438 0.22845 .28749
32.90 0.61115027012752698 -0.36528 -0.30199 -0.01419 0.22861 .28780
32.85 0.61056560642104030 -0.36489 -0.30210 -0.01400 0.22877 .28810
32.80 0.60998104177694812 -0.36449 -0.30222 -0.01380 0.22893 .28842
32.75 0.60939657447563289 -0.36410 -0.30234 -0.01361 0.22909 .28873
32.70 0.60881220279733894 -0.36370 -0.30245 -0.01342 0.22925 .28903
32.65 0.60822792502214618 -0.36330 -0.30257 -0.01322 0.22941 .28935
32.60 0.60764373942994288 -0.36290 -0.30269 -0.01302 0.22957 .28967
32.55 0.60705964430039738 -0.36250 -0.30281 -0.01282 0.22973 .28999
32.50 0.60647563791293169 -0.36210 -0.30292 -0.01262 0.22990 .29030
32.45 0.60589171854669355 -0.36169 -0.30304 -0.01242 0.23006 .29062
32.40 0.60530788448052819 -0.36128 -0.30316 -0.01222 0.23022 .29094
32.35 0.60472413399295200 -0.36087 -0.30328 -0.01202 0.23038 .29126
32.30 0.60414046536212396 -0.36046 -0.30339 -0.01181 0.23055 .29158
32.25 0.60355687686581816 -0.36005 -0.30351 -0.01161 0.23071 .29190
32.20 0.60297336678139601 -0.35963 -0.30363 -0.01140 0.23087 .29223
32.15 0.60238993338577806 -0.35922 -0.30375 -0.01119 0.23104 .29256
32.10 0.60180657495541667 -0.35880 -0.30386 -0.01098 0.23120 .29288
32.05 0.60122328976626727 -0.35837 -0.30398 -0.01077 0.23136 .29321
32.00 0.60064007609376124 -0.35795 -0.30410 -0.01056 0.23153 .29354
31.95 0.60005693221277612 -0.35753 -0.30421 -0.01035 0.23169 .29386
31.90 0.59947385639760953 -0.35710 -0.30433 -0.01013 0.23185 .29420
31.85 0.59889084692194905 -0.35667 -0.30444 -0.00992 0.23202 .29452
31.80 0.59830790205884488 -0.35624 -0.30456 -0.00970 0.23218 .29486
31.75 0.59772502008068074 -0.35581 -0.30468 -0.00949 0.23235 .29519
31.70 0.59714219925914636 -0.35537 -0.30479 -0.00927 0.23251 .29552
31.65 0.59655943786520738 -0.35494 -0.30491 -0.00905 0.23267 .29586
31.60 0.59597673416907782 -0.35450 -0.30502 -0.00883 0.23284 .29619
31.55 0.59539408644019098 -0.35406 -0.30514 -0.00861 0.23300 .29653
31.50 0.59481149294717062 -0.35362 -0.30525 -0.00838 0.23317 .29687
31.45 0.59422895195780179 -0.35318 -0.30537 -0.00816 0.23333 .29721
31.40 0.59364646173900193 -0.35273 -0.30548 -0.00794 0.23349 .29754
31.35 0.59306402055679219 -0.35229 -0.30559 -0.00771 0.23366 .29788
31.30 0.59248162667626747 -0.35184 -0.30571 -0.00748 0.23382 .29823
31.25 0.59189927836156764 -0.35139 -0.30582 -0.00725 0.23398 .29857
31.20 0.59131697387584792 -0.35094 -0.30593 -0.00702 0.23415 .29891
31.15 0.59073471148124979 -0.35048 -0.30604 -0.00679 0.23431 .29925
31.10 0.59015248943887078 -0.35003 -0.30615 -0.00656 0.23427 .29959
31.05 0.58957030600873539 -0.34957 -0.30626 -0.00633 0.23362 .29993
31.00 0.58898815944976501 -0.34911 -0.30637 -0.00610 0.23297 .30027
30.95 0.58840604801974816 -0.34866 -0.30648 -0.00586 0.23231 .30062
30.90 0.58782396997531072 -0.34819 -0.30659 -0.00562 0.23166 .30097
30.85 0.58724192357188520 -0.34773 -0.30670 -0.00539 0.23101 .30131
30.80 0.58665990706368132 -0.34727 -0.30680 -0.00515 0.23035 .30165
30.75 0.58607791870365555 -0.34680 -0.30691 -0.00491 0.22969 .30200
30.70 0.58549595674348021 -0.34634 -0.30701 -0.00467 0.22904 .30234
30.65 0.58491401943351373 -0.34587 -0.30712 -0.00443 0.22838 .30269
30.60 0.58433210502276955 -0.34540 -0.30722 -0.00418 0.22772 .30304
30.55 0.58375021175888564 -0.34493 -0.30732 -0.00394 0.22706 .30338
30.50 0.58316833788809341 -0.34446 -0.30742 -0.00370 0.22640 .30372
30.45 0.58258648165518689 -0.34399 -0.30752 -0.00345 0.22574 .30407
30.40 0.58200464130349217 -0.34352 -0.30762 -0.00320 0.22508 .30442
30.35 0.58142281507483518 -0.34305 -0.30772 -0.00296 0.22442 .30476
30.30 0.58084100120951132 -0.34257 -0.30781 -0.00271 0.22376 .30510
30.25 0.58025919794625369 -0.34210 -0.30791 -0.00246 0.22309 .30545
30.20 0.57967740352220132 -0.34162 -0.30800 -0.00221 0.22243 .30579
30.15 0.57909561617286820 -0.34115 -0.30809 -0.00195 0.22177 .30614
30.10 0.57851383413211033 -0.34067 -0.30818 -0.00170 0.22110 .30648
30.05 0.57793205563209493 -0.34019 -0.30826 -0.00145 0.22044 .30681
30.00 0.57735027890326807 -0.33972 -0.30835 -0.00119 0.21977 .30716
29.95 0.57676850217432185 -0.33924 -0.30843 -0.00094 0.21911 .30749
29.90 0.57618672367216306 -0.33876 -0.30851 -0.00068 0.21844 .30783
29.85 0.57560494162187992 -0.33829 -0.30858 -0.00042 0.21777 .30816
29.80 0.57502315424671002 -0.33781 -0.30866 -0.00016 0.21711 .30850
29.75 0.57444135976800692 -0.33734 -0.30873 0.00010 0.21644 .30883
29.70 0.57385955640520825 -0.33686 -0.30880 0.00036 0.21577 .30916
29.65 0.57327774237580176 -0.33639 -0.30886 0.00062 0.21510 .30948
29.60 0.57269591589529301 -0.33592 -0.30892 0.00088 0.21443 .30980
29.55 0.57211407517717083 -0.33545 -0.30898 0.00114 0.21377 .31012
29.50 0.57153221843287527 -0.33498 -0.30903 0.00141 0.21310 .31044
29.45 0.57095034387176313 -0.33452 -0.30907 0.00167 0.21243 .31074
29.40 0.57036844970107436 -0.33405 -0.30912 0.00194 0.21176 .31106
29.35 0.56978653412589808 -0.33359 -0.30915 0.00220 0.21109 .31135
29.30 0.56920459534913859 -0.33314 -0.30918 0.00247 0.21042 .31165
29.25 0.56862263157148163 -0.33268 -0.30921 0.00274 0.20975 .31195
29.20 0.56804064099135865 -0.33223 -0.30923 0.00301 0.20908 .31224
29.15 0.56745862180491358 -0.33179 -0.30924 0.00328 0.20841 .31252
29.10 0.56687657220596777 -0.33135 -0.30925 0.00355 0.20774 .31280
29.05 0.56629449038598434 -0.33091 -0.30924 0.00382 0.20707 .31306
29.00 0.56571237453403433 -0.33049 -0.30923 0.00409 0.20640 .31332
28.95 0.56513022283676029 -0.33006 -0.30921 0.00437 0.20573 .31358
28.90 0.56454803347834170 -0.32965 -0.30918 0.00464 0.20506 .31382
28.85 0.56396580464045909 -0.32924 -0.30914 0.00492 0.20439 .31406
28.80 0.56338353450225820 -0.32885 -0.30908 0.00519 0.20373 .31427
28.75 0.56280122124031395 -0.32846 -0.30902 0.00547 0.20306 .31449
28.70 0.56221886302859492 -0.32808 -0.30894 0.00574 0.20239 .31468
28.65 0.56163645803842610 -0.32771 -0.30885 0.00602 0.20172 .31487
28.60 0.56105400443845332 -0.32735 -0.30875 0.00630 0.20105 .31505
28.55 0.56047150039460558 -0.32701 -0.30863 0.00657 0.20038 .31520
28.50 0.55988894407005929 -0.32667 -0.30850 0.00685 0.19971 .31535
28.45 0.55930633362520032 -0.32636 -0.30835 0.00713 0.19905 .31548
28.40 0.55872366721758682 -0.32605 -0.30819 0.00741 0.19838 .31560
28.35 0.55814094300191230 -0.32576 -0.30800 0.00769 0.19771 .31569
28.30 0.55755815912996731 -0.32548 -0.30780 0.00797 0.19705 .31577
28.25 0.55697531375060216 -0.32522 -0.30759 0.00826 0.19638 .31585
28.20 0.55639240500968834 -0.32498 -0.30735 0.00854 0.19572 .31589
28.15 0.55580943105008029 -0.32475 -0.30710 0.00882 0.19505 .31592
28.10 0.55522639001157725 -0.32454 -0.30682 0.00910 0.19439 .31592
28.05 0.55464328003088403 -0.32434 -0.30653 0.00938 0.19373 .31591
28.00 0.55406009924157285 -0.32416 -0.30622 0.00967 0.19306 .31589
27.95 0.55347684577404310 -0.32399 -0.30589 0.00995 0.19240 .31584
27.90 0.55289351775548301 -0.32384 -0.30555 0.01023 0.19174 .31578
27.85 0.55231011330982938 -0.32371 -0.30518 0.01052 0.19108 .31570
27.80 0.55172663055772764 -0.32359 -0.30480 0.01080 0.19042 .31560
27.75 0.55114306761649301 -0.32348 -0.30440 0.01109 0.18976 .31549
27.70 0.55055942260006829 -0.32339 -0.30399 0.01137 0.18910 .31536
27.65 0.54997569361898513 -0.32331 -0.30356 0.01166 0.18845 .31522
27.60 0.54939187878032203 -0.32324 -0.30311 0.01194 0.18779 .31505
27.55 0.54880797618766397 -0.32319 -0.30265 0.01223 0.18714 .31488
27.50 0.54822398394106098 -0.32314 -0.30217 0.01251 0.18648 .31468
27.45 0.54763990013698649 -0.32311 -0.30169 0.01279 0.18583 .31448
27.40 0.54705572286829596 -0.32309 -0.30118 0.01308 0.18518 .31426
27.35 0.54647145022418464 -0.32308 -0.30067 0.01336 0.18453 .31403
27.30 0.54588708029014499 -0.32307 -0.30015 0.01365 0.18388 .31380
27.25 0.54530261114792489 -0.32308 -0.29961 0.01393 0.18324 .31354
27.20 0.54471804087548426 -0.32309 -0.29906 0.01422 0.18259 .31328
27.15 0.54413336754695263 -0.32311 -0.29850 0.01450 0.18195 .31300
27.10 0.54354858923258453 -0.32314 -0.29794 0.01478 0.18131 .31272
27.05 0.54296370399871785 -0.32317 -0.29736 0.01507 0.18066 .31243
27.00 0.54237870990772830 -0.32321 -0.29677 0.01535 0.18003 .31212
26.95 0.54179360501798601 -0.32326 -0.29618 0.01563 0.17939 .31181
26.90 0.54120838738381127 -0.32331 -0.29558 0.01591 0.17875 .31149
26.85 0.54062305505542918 -0.32337 -0.29496 0.01619 0.17812 .31115
26.80 0.54003760607892537 -0.32343 -0.29435 0.01647 0.17749 .31082
26.75 0.53945203849620049 -0.32349 -0.29372 0.01675 0.17686 .31047
26.70 0.53886635034492414 -0.32357 -0.29309 0.01703 0.17623 .31012
26.65 0.53828053965848977 -0.32364 -0.29245 0.01731 0.17560 .30976
26.60 0.53769460446596806 -0.32372 -0.29180 0.01759 0.17498 .30939
26.55 0.53710854279206044 -0.32380 -0.29115 0.01787 0.17436 .30902
26.50 0.53652235265705239 -0.32388 -0.29049 0.01814 0.17374 .30863
26.45 0.53593603207676654 -0.32397 -0.28982 0.01842 0.17313 .30824
26.40 0.53534957906251479 -0.32406 -0.28915 0.01869 0.17251 .30784
26.35 0.53476299162105112 -0.32416 -0.28847 0.01896 0.17190 .30743
26.30 0.53417626775452287 -0.32426 -0.28779 0.01923 0.17129 .30702
26.25 0.53358940546042311 -0.32435 -0.28710 0.01950 0.17069 .30660
26.20 0.53300240273154131 -0.32446 -0.28641 0.01977 0.17008 .30618
26.15 0.53241525755591457 -0.32456 -0.28571 0.02004 0.16948 .30575
26.10 0.53182796791677822 -0.32467 -0.28501 0.02031 0.16889 .30532
26.05 0.53124053179251596 -0.32477 -0.28430 0.02057 0.16829 .30487
26.00 0.53065294715660993 -0.32489 -0.28358 0.02083 0.16770 .30441
25.95 0.53006521197759027 -0.32500 -0.28286 0.02109 0.16711 .30395
25.90 0.52947732421898386 -0.32511 -0.28214 0.02135 0.16653 .30349
25.85 0.52888928183926420 -0.32523 -0.28141 0.02161 0.16595 .30302
25.80 0.52830108279179877 -0.32534 -0.28068 0.02186 0.16537 .30254
25.75 0.52771272502479782 -0.32546 -0.27994 0.02212 0.16480 .30206
25.70 0.52712420648126190 -0.32558 -0.27920 0.02237 0.16423 .30157
25.65 0.52653552509892954 -0.32570 -0.27845 0.02262 0.16366 .30107
25.60 0.52594667881022350 -0.32583 -0.27770 0.02286 0.16310 .30056
25.55 0.52535766554219843 -0.32595 -0.27695 0.02311 0.16254 .30006
25.50 0.52476848321648584 -0.32608 -0.27619 0.02335 0.16199 .29954
25.45 0.52417912974924130 -0.32620 -0.27543 0.02359 0.16144 .29902
25.40 0.52358960305108848 -0.32633 -0.27466 0.02382 0.16089 .29848
25.35 0.52299990102706539 -0.32646 -0.27388 0.02406 0.16035 .29794
25.30 0.52241002157656802 -0.32659 -0.27311 0.02429 0.15982 .29740
25.25 0.52181996259329522 -0.32672 -0.27233 0.02451 0.15929 .29684
25.20 0.52122972196519191 -0.32686 -0.27154 0.02474 0.15876 .29628
25.15 0.52063929757439309 -0.32699 -0.27075 0.02496 0.15824 .29571
25.10 0.52004868729716613 -0.32712 -0.26996 0.02517 0.15772 .29513
25.05 0.51945788900385370 -0.32726 -0.26916 0.02539 0.15721 .29455
25.00 0.51886690055881535 -0.32739 -0.26836 0.02560 0.15671 .29396
24.95 0.51827571982036957 -0.32753 -0.26756 0.02581 0.15621 .29337
24.90 0.51768434464073498 -0.32767 -0.26675 0.02601 0.15571 .29276
24.85 0.51709277286597055 -0.32781 -0.26594 0.02621 0.15523 .29215
24.80 0.51650100233591645 -0.32795 -0.26512 0.02640 0.15474 .29152
24.75 0.51590903088413309 -0.32809 -0.26430 0.02659 0.15427 .29089
24.70 0.51531685633784119 -0.32823 -0.26347 0.02678 0.15380 .29025
24.65 0.51472447651786013 -0.32837 -0.26264 0.02696 0.15334 .28960
24.60 0.51413188923854658 -0.32851 -0.26181 0.02713 0.15288 .28894
24.55 0.51353909230773198 -0.32866 -0.26097 0.02731 0.15243 .28828
24.50 0.51294608352666027 -0.32880 -0.26013 0.02747 0.15199 .28760
24.45 0.51235286068992469 -0.32894 -0.25929 0.02763 0.15155 .28692
24.40 0.51175942158540400 -0.32909 -0.25844 0.02779 0.15112 .28623
24.35 0.51116576399419855 -0.32924 -0.25759 0.02794 0.15070 .28553
24.30 0.51057188569056522 -0.32938 -0.25673 0.02809 0.15029 .28482
24.25 0.50997778444185260 -0.32953 -0.25587 0.02823 0.14988 .28410
24.20 0.50938345800843532 -0.32968 -0.25501 0.02836 0.14948 .28337
24.15 0.50878890414364741 -0.32983 -0.25414 0.02849 0.14909 .28263
24.10 0.50819412059371571 -0.32998 -0.25327 0.02861 0.14871 .28188
24.05 0.50759910509769279 -0.33013 -0.25239 0.02873 0.14833 .28112
24.00 0.50700385538738835 -0.33028 -0.25151 0.02884 0.14797 .28035
23.95 0.50640836918730148 -0.33043 -0.25063 0.02894 0.14761 .27957
23.90 0.50581264421455108 -0.33058 -0.24974 0.02903 0.14726 .27877
23.85 0.50521667817880678 -0.33073 -0.24885 0.02912 0.14692 .27797
23.80 0.50462046878221822 -0.33088 -0.24795 0.02921 0.14659 .27716
23.75 0.50402401371934424 -0.33104 -0.24705 0.02928 0.14627 .27633
23.70 0.50342731067708213 -0.33119 -0.24615 0.02935 0.14596 .27550
23.65 0.50283035733459502 -0.33135 -0.24524 0.02941 0.14566 .27465
23.60 0.50223315136323943 -0.33150 -0.24433 0.02946 0.14537 .27379
23.55 0.50163569042649214 -0.33166 -0.24341 0.02951 0.14509 .27292
23.50 0.50103797217987622 -0.33182 -0.24249 0.02954 0.14482 .27203
23.45 0.50043999427088670 -0.33197 -0.24157 0.02957 0.14456 .27114
23.40 0.49984175433891520 -0.33213 -0.24064 0.02959 0.14431 .27023
23.35 0.49924325001517428 -0.33229 -0.23971 0.02961 0.14406 .26932
23.30 0.49864447892262104 -0.33245 -0.23877 0.02961 0.14384 .26838
23.25 0.49804543867587991 -0.33261 -0.23783 0.02961 0.14362 .26744
23.20 0.49744612688116491 -0.33277 -0.23689 0.02959 0.14341 .26648
23.15 0.49684654113620130 -0.33293 -0.23594 0.02957 0.14321 .26551
23.10 0.49624667903014597 -0.33309 -0.23499 0.02954 0.14303 .26453
23.05 0.49564653814350829 -0.33325 -0.23404 0.02950 0.14286 .26354
23.00 0.49504611604806875 -0.33342 -0.23308 0.02945 0.14269 .26253
22.95 0.49444541030679834 -0.33358 -0.23211 0.02939 0.14254 .26150
22.90 0.49384441847377619 -0.33374 -0.23114 0.02932 0.14241 .26046
22.85 0.49324313809410680 -0.33391 -0.23017 0.02925 0.14228 .25942
22.80 0.49264156670383669 -0.33407 -0.22920 0.02916 0.14216 .25836
22.75 0.49203970182987000 -0.33424 -0.22822 0.02906 0.14206 .25728
22.70 0.49143754098988363 -0.33441 -0.22723 0.02896 0.14197 .25619
22.65 0.49083508169224127 -0.33458 -0.22624 0.02884 0.14190 .25508
22.60 0.49023232143590700 -0.33474 -0.22525 0.02871 0.14183 .25396
22.55 0.48962925771035787 -0.33491 -0.22425 0.02858 0.14178 .25283
22.50 0.48902588799549546 -0.33508 -0.22325 0.02843 0.14174 .25168
22.45 0.48842220976155742 -0.33525 -0.22225 0.02828 0.14171 .25053
22.40 0.48781822046902723 -0.33543 -0.22124 0.02811 0.14170 .24935
22.35 0.48721391756854376 -0.33560 -0.22022 0.02793 0.14170 .24815
22.30 0.48660929850080958 -0.33577 -0.21921 0.02774 0.14171 .24695
22.25 0.48600436069649899 -0.33595 -0.21818 0.02755 0.14174 .24573
22.20 0.48539910157616445 -0.33612 -0.21716 0.02734 0.14178 .24450
22.15 0.48479351855014252 -0.33630 -0.21613 0.02712 0.14183 .24325
22.10 0.48418760901845936 -0.33647 -0.21509 0.02689 0.14190 .24198
22.05 0.48358137037073412 -0.33665 -0.21405 0.02665 0.14197 .24070
22.00 0.48297479998608267 -0.33683 -0.21301 0.02640 0.14207 .23941
21.95 0.48236789523301982 -0.33701 -0.21196 0.02614 0.14217 .23810
21.90 0.48176065346936059 -0.33719 -0.21091 0.02587 0.14229 .23678
21.85 0.48115307204212066 -0.33737 -0.20985 0.02559 0.14242 .23544
21.80 0.48054514828741574 -0.33755 -0.20879 0.02530 0.14257 .23409
21.75 0.47993687953036013 -0.33774 -0.20772 0.02500 0.14273 .23272
21.70 0.47932826308496429 -0.33792 -0.20665 0.02468 0.14290 .23133
21.65 0.47871929625403137 -0.33811 -0.20558 0.02436 0.14309 .22994
21.60 0.47810997632905239 -0.33830 -0.20450 0.02403 0.14329 .22853
21.55 0.47750030059010101 -0.33849 -0.20342 0.02368 0.14351 .22710
21.50 0.47689026630572684 -0.33868 -0.20233 0.02333 0.14373 .22566
21.45 0.47627987073284805 -0.33887 -0.20123 0.02297 0.14398 .22420
21.40 0.47566911111664228 -0.33906 -0.20014 0.02259 0.14423 .22273
21.35 0.47505798469043725 -0.33926 -0.19903 0.02221 0.14450 .22124
21.30 0.47444648867559963 -0.33945 -0.19793 0.02181 0.14478 .21974
21.25 0.47383462028142359 -0.33965 -0.19681 0.02140 0.14508 .21821
21.20 0.47322237670501677 -0.33985 -0.19570 0.02099 0.14539 .21669
21.15 0.47260975513118736 -0.34005 -0.19458 0.02056 0.14572 .21514
21.10 0.47199675273232761 -0.34026 -0.19345 0.02013 0.14606 .21358
21.05 0.47138336666829789 -0.34046 -0.19232 0.01968 0.14641 .21200
21.00 0.47076959408630886 -0.34067 -0.19118 0.01922 0.14678 .21040
20.95 0.47015543212080257 -0.34088 -0.19004 0.01876 0.14716 .20880
20.90 0.46954087789333243 -0.34109 -0.18889 0.01828 0.14756 .20717
20.85 0.46892592851244164 -0.34130 -0.18774 0.01779 0.14797 .20553
20.80 0.46831058107354084 -0.34152 -0.18658 0.01729 0.14839 .20387
20.75 0.46769483265878409 -0.34174 -0.18542 0.01679 0.14883 .20221
20.70 0.46707868033694405 -0.34196 -0.18425 0.01627 0.14929 .20052
20.65 0.46646212116328506 -0.34219 -0.18308 0.01574 0.14976 .19882
20.60 0.46584515217943595 -0.34241 -0.18190 0.01520 0.15024 .19710
20.55 0.46522777041326047 -0.34265 -0.18072 0.01465 0.15074 .19537
20.50 0.46460997287872730 -0.34288 -0.17953 0.01409 0.15126 .19362
20.45 0.46399175657577785 -0.34312 -0.17833 0.01353 0.15179 .19186
20.40 0.46337311849019369 -0.34336 -0.17713 0.01295 0.15234 .19008
20.35 0.46275405559346122 -0.34361 -0.17592 0.01235 0.15291 .18827
20.30 0.46213456484263626 -0.34386 -0.17471 0.01175 0.15349 .18646
20.25 0.46151464318020630 -0.34411 -0.17348 0.01114 0.15409 .18462
20.20 0.46089428753395190 -0.34437 -0.17226 0.01052 0.15471 .18278
20.15 0.46027349481680574 -0.34464 -0.17102 0.00988 0.15534 .18090
20.10 0.45965226192671138 -0.34491 -0.16978 0.00924 0.15600 .17902
20.05 0.45903058574647937 -0.34519 -0.16853 0.00858 0.15668 .17711
20.00 0.45840846314364242 -0.34548 -0.16727 0.00791 0.15738 .17518
19.95 0.45778589097030903 -0.34577 -0.16601 0.00722 0.15711 .17323
19.90 0.45716286606301498 -0.34607 -0.16473 0.00653 0.15587 .17126
19.85 0.45653938524257409 -0.34638 -0.16345 0.00582 0.15463 .16927
19.80 0.45591544531392630 -0.34670 -0.16216 0.00509 0.15339 .16725
19.75 0.45529104306598517 -0.34703 -0.16086 0.00436 0.15215 .16522
19.70 0.45466617527148268 -0.34737 -0.15954 0.00360 0.15092 .16314
19.65 0.45404083868681316 -0.34772 -0.15822 0.00283 0.14968 .16105
19.60 0.45341503005187517 -0.34809 -0.15688 0.00205 0.14845 .15893
19.55 0.45278874608991104 -0.34847 -0.15553 0.00124 0.14723 .15677
19.50 0.45216198350734593 -0.34887 -0.15417 0.00042 0.14601 .15459
19.45 0.45153473899362395 -0.40316 -0.11110 0.01294 0.09553 .12404
19.40 0.45090700922104293 -0.40393 -0.11100 0.01354 0.09461 .12454
19.35 0.45027879084458722 -0.40470 -0.11092 0.01412 0.09373 .12504
19.30 0.44965008050175848 -0.40547 -0.11085 0.01467 0.09289 .12552
19.25 0.44902087481240505 -0.40625 -0.11080 0.01518 0.09211 .12598
19.20 0.44839117037854909 -0.40702 -0.11076 0.01566 0.09137 .12642
19.15 0.44776096378421115 -0.40778 -0.11074 0.01610 0.09068 .12684
19.10 0.44713025159523395 -0.40855 -0.11073 0.01651 0.09004 .12724
19.05 0.44649903035910310 -0.40932 -0.11074 0.01687 0.08946 .12761
19.00 0.44586729660476643 -0.41009 -0.11076 0.01719 0.08894 .12795
18.95 0.44523504684245080 -0.41085 -0.11080 0.01747 0.08847 .12827
18.90 0.44460227756347698 -0.41162 -0.11085 0.01770 0.08806 .12855
18.85 0.44396898524007278 -0.41238 -0.11092 0.01788 0.08772 .12880
18.80 0.44333516632518272 -0.41314 -0.11100 0.01802 0.08743 .12902
18.75 0.44270081725227745 -0.41390 -0.11110 0.01810 0.08721 .12920
18.70 0.44206593443515912 -0.41466 -0.11120 0.01814 0.08706 .12934
18.65 0.44143051426776569 -0.41542 -0.11133 0.01812 0.08697 .12945
18.60 0.44079455312397198 -0.41617 -0.11146 0.01805 0.08694 .12951
18.55 0.44015804735738923 -0.41693 -0.11161 0.01793 0.08698 .12954
18.50 0.43952099330116196 -0.41768 -0.11177 0.01775 0.08708 .12952
18.45 0.43888338726776216 -0.41844 -0.11194 0.01753 0.08724 .12947
18.40 0.43824522554878126 -0.41919 -0.11212 0.01725 0.08747 .12937
18.35 0.43760650441471993 -0.41994 -0.11232 0.01693 0.08775 .12925
18.30 0.43696722011477462 -0.42069 -0.11253 0.01656 0.08810 .12909
18.25 0.43632736887662232 -0.42144 -0.11275 0.01614 0.08850 .12889
18.20 0.43568694690620202 -0.42219 -0.11298 0.01568 0.08896 .12866
18.15 0.43504595038749433 -0.42294 -0.11322 0.01518 0.08947 .12840
18.10 0.43440437548229766 -0.42369 -0.11347 0.01463 0.09004 .12810
18.05 0.43376221833000173 -0.42443 -0.11373 0.01405 0.09065 .12778
18.00 0.43311947504735931 -0.42518 -0.11400 0.01343 0.09131 .12743
17.95 0.43247614172825383 -0.42593 -0.11428 0.01277 0.09202 .12705
17.90 0.43183221444346498 -0.42667 -0.11457 0.01209 0.09277 .12666
17.85 0.43118768924043122 -0.42742 -0.11487 0.01137 0.09356 .12624
17.80 0.43054256214300907 -0.42816 -0.11518 0.01062 0.09439 .12580
17.75 0.42989682915123001 -0.42891 -0.11550 0.00985 0.09526 .12535
17.70 0.42925048624105394 -0.42965 -0.11583 0.00905 0.09616 .12488
17.65 0.42860352936411933 -0.43039 -0.11616 0.00822 0.09710 .12438
17.60 0.42795595444749102 -0.43114 -0.11650 0.00738 0.09806 .12388
17.55 0.42730775739340404 -0.43188 -0.11685 0.00651 0.09906 .12336
17.50 0.42665893407900496 -0.43263 -0.11721 0.00563 0.10009 .12284
17.45 0.42600948035608893 -0.43337 -0.11757 0.00472 0.10114 .12229
17.40 0.42535939205083484 -0.43412 -0.11794 0.00380 0.10222 .12174
17.35 0.42470866496353571 -0.43487 -0.11832 0.00287 0.10332 .12119
17.30 0.42405729486832622 -0.43561 -0.11871 0.00192 0.10444 .12063
17.25 0.42340527751290741 -0.43636 -0.11910 0.00096 0.10559 .12006
17.20 0.42275260861826658 -0.43711 -0.11950 -0.00001 0.10676 .11949
17.15 0.42209928387839457 -0.43786 -0.11990 -0.00099 0.10795 .11891
17.10 0.42144529895999888 -0.43860 -0.12031 -0.00199 0.10915 .11832
17.05 0.42079064950221312 -0.43936 -0.12073 -0.00299 0.11037 .11774
17.00 0.42013533111630319 -0.44011 -0.12115 -0.00400 0.11161 .11715
16.95 0.41947933938536919 -0.44086 -0.12157 -0.00502 0.11287 .11655
16.90 0.41882266986404287 -0.44161 -0.12201 -0.00605 0.11414 .11596
16.85 0.41816531807818275 -0.44237 -0.12244 -0.00708 0.11543 .11536
16.80 0.41750727952456318 -0.44312 -0.12289 -0.00812 0.11673 .11477
16.75 0.41684854967056112 -0.44388 -0.12333 -0.00916 0.11804 .11417
16.70 0.41618912395383745 -0.44464 -0.12378 -0.01021 0.11937 .11357
16.65 0.41552899778201507 -0.44540 -0.12424 -0.01126 0.12071 .11298
16.60 0.41486816653235176 -0.44616 -0.12470 -0.01232 0.12206 .11238
16.55 0.41420662555140919 -0.44692 -0.12516 -0.01338 0.12342 .11178
16.50 0.41354437015471773 -0.44769 -0.12563 -0.01445 0.12479 .11118
16.45 0.41288139562643611 -0.44845 -0.12610 -0.01551 0.12617 .11059
16.40 0.41221769721900697 -0.44922 -0.12658 -0.01658 0.12757 .11000
16.35 0.41155327015280768 -0.44999 -0.12706 -0.01765 0.12897 .10941
16.30 0.41088810961579586 -0.45076 -0.12754 -0.01872 0.13038 .10882
16.25 0.41022221076315113 -0.45154 -0.12803 -0.01979 0.13180 .10824
16.20 0.40955556871691118 -0.45231 -0.12852 -0.02087 0.13323 .10765
16.15 0.40888817856560256 -0.45309 -0.12901 -0.02194 0.13467 .10707
16.10 0.40822003536386753 -0.45387 -0.12950 -0.02302 0.13612 .10648
16.05 0.40755113413208455 -0.45466 -0.13000 -0.02409 0.13757 .10591
16.00 0.40688146985598445 -0.45544 -0.13050 -0.02517 0.13903 .10533
15.95 0.40621103748626042 -0.45623 -0.13101 -0.02625 0.14050 .10476
15.90 0.40553983193817339 -0.45702 -0.13151 -0.02732 0.14198 .10419
15.85 0.40486784809115106 -0.45781 -0.13202 -0.02840 0.14346 .10362
15.80 0.40419508078838223 -0.45860 -0.13254 -0.02947 0.14495 .10307
15.75 0.40352152483640419 -0.45940 -0.13305 -0.03055 0.14644 .10250
15.70 0.40284717500468581 -0.46020 -0.13356 -0.03162 0.14795 .10194
15.65 0.40217202602520330 -0.46100 -0.13408 -0.03269 0.14945 .10139
15.60 0.40149607259201053 -0.46181 -0.13460 -0.03376 0.15097 .10084
15.55 0.40081930936080368 -0.46262 -0.13512 -0.03483 0.15249 .10029
15.50 0.40014173094847860 -0.46343 -0.13565 -0.03590 0.15401 .09975
15.45 0.39946333193268280 -0.46424 -0.13617 -0.03696 0.15555 .09921
15.40 0.39878410685136023 -0.46506 -0.13670 -0.03803 0.15708 .09867
15.35 0.39810405020228995 -0.46588 -0.13723 -0.03909 0.15862 .09814
15.30 0.39742315644261811 -0.46670 -0.13776 -0.04015 0.16017 .09761
15.25 0.39674141998838264 -0.46753 -0.13829 -0.04121 0.16172 .09708
15.20 0.39605883521403118 -0.46835 -0.13882 -0.04226 0.16328 .09656
15.15 0.39537539645193265 -0.46919 -0.13936 -0.04332 0.16484 .09604
15.10 0.39469109799188024 -0.47002 -0.13989 -0.04437 0.16641 .09552
15.05 0.39400593408058848 -0.47086 -0.14043 -0.04542 0.16798 .09501
15.00 0.39331989892118169 -0.47170 -0.14097 -0.04646 0.16956 .09451
14.95 0.39263298667267577 -0.47255 -0.14150 -0.04751 0.17114 .09399
14.90 0.39194519144945134 -0.47340 -0.14204 -0.04855 0.17272 .09349
14.85 0.39125650732071982 -0.47425 -0.14258 -0.04958 0.17431 .09300
14.80 0.39056692830998108 -0.47511 -0.14312 -0.05062 0.17590 .09250
14.75 0.38987644839447261 -0.47597 -0.14366 -0.05165 0.17750 .09201
14.70 0.38918506150461102 -0.47683 -0.14420 -0.05268 0.17910 .09152
14.65 0.38849276152342449 -0.47770 -0.14475 -0.05370 0.18071 .09105
14.60 0.38779954228597707 -0.47857 -0.14529 -0.05472 0.18231 .09057
14.55 0.38710539757878348 -0.47944 -0.14583 -0.05574 0.18393 .09009
14.50 0.38641032113921558 -0.48032 -0.14637 -0.05675 0.18554 .08962
14.45 0.38571430665489931 -0.48120 -0.14691 -0.05776 0.18716 .08915
14.40 0.38501734776310242 -0.48209 -0.14746 -0.05877 0.18879 .08869
14.35 0.38431943805011287 -0.48298 -0.14800 -0.05978 0.19041 .08822
14.30 0.38362057105060715 -0.48388 -0.14854 -0.06078 0.19205 .08776
14.25 0.38292074024700901 -0.48477 -0.14909 -0.06177 0.19368 .08732
14.20 0.38221993906883789 -0.48568 -0.14963 -0.06276 0.19532 .08687
14.15 0.38151816089204771 -0.48658 -0.15017 -0.06375 0.19696 .08642
14.10 0.38081539903835421 -0.48749 -0.15071 -0.06474 0.19860 .08597
14.05 0.38011164677455245 -0.48841 -0.15125 -0.06572 0.20025 .08553
14.00 0.37940689731182314 -0.48933 -0.15180 -0.06669 0.20190 .08511
13.95 0.37870114380502756 -0.49025 -0.15234 -0.06767 0.20355 .08467
13.90 0.37799437935199204 -0.49118 -0.15288 -0.06863 0.20521 .08425
13.85 0.37728659699277994 -0.49211 -0.15342 -0.06960 0.20687 .08382
13.80 0.37657778970895234 -0.49305 -0.15395 -0.07056 0.20853 .08339
13.75 0.37586795042281695 -0.49399 -0.15449 -0.07151 0.21020 .08298
13.70 0.37515707199666415 -0.49494 -0.15503 -0.07246 0.21187 .08257
13.65 0.37444514723199135 -0.49589 -0.15557 -0.07341 0.21354 .08216
13.60 0.37373216886871380 -0.49684 -0.15610 -0.07435 0.21522 .08175
13.55 0.37301812958436309 -0.49780 -0.15664 -0.07529 0.21690 .08135
13.50 0.37230302199327187 -0.49877 -0.15717 -0.07622 0.21858 .08095
13.45 0.37158683864574560 -0.49973 -0.15770 -0.07715 0.22026 .08055
13.40 0.37086957202721976 -0.50071 -0.15823 -0.07807 0.22195 .08016
13.35 0.37015121455740396 -0.50169 -0.15876 -0.07899 0.22364 .07977
13.30 0.36943175858941057 -0.50267 -0.15929 -0.07991 0.22533 .07938
13.25 0.36871119640886968 -0.50366 -0.15982 -0.08082 0.22703 .07900
13.20 0.36798952023302828 -0.50465 -0.16034 -0.08172 0.22873 .07862
13.15 0.36726672220983475 -0.50565 -0.16087 -0.08262 0.23043 .07825
13.10 0.36654279441700738 -0.50665 -0.16139 -0.08351 0.23213 .07788
13.05 0.36581772886108715 -0.50766 -0.16191 -0.08440 0.23384 .07751
13.00 0.36509151747647400 -0.50867 -0.16243 -0.08529 0.23555 .07714
12.95 0.36436415212444700 -0.50969 -0.16295 -0.08617 0.23726 .07678
12.90 0.36363562459216681 -0.51071 -0.16347 -0.08704 0.23898 .07643
12.85 0.36290592659166121 -0.51173 -0.16398 -0.08791 0.24070 .07607
12.80 0.36217504975879339 -0.51277 -0.16449 -0.08878 0.24242 .07571
12.75 0.36144298565221100 -0.51380 -0.16500 -0.08964 0.24414 .07536
12.70 0.36070972575227789 -0.51484 -0.16551 -0.09049 0.24587 .07502
12.65 0.35997526145998643 -0.51589 -0.16602 -0.09134 0.24760 .07468
12.60 0.35923958409585033 -0.51694 -0.16652 -0.09218 0.24934 .07434
12.55 0.35850268489877835 -0.51800 -0.16703 -0.09302 0.25107 .07401
12.50 0.35776455502492738 -0.51906 -0.16753 -0.09386 0.25281 .07367
12.45 0.35702518554653512 -0.52013 -0.16803 -0.09468 0.25455 .07335
12.40 0.35628456745073178 -0.52120 -0.16852 -0.09551 0.25630 .07301
12.35 0.35554269163833013 -0.52228 -0.16902 -0.09632 0.25805 .07270
12.30 0.35479954892259385 -0.52336 -0.16951 -0.09714 0.25980 .07237
12.25 0.35405513002798283 -0.52445 -0.17000 -0.09794 0.26156 .07206
12.20 0.35330942558887629 -0.52554 -0.17048 -0.09875 0.26331 .07173
12.15 0.35256242614827166 -0.52664 -0.17097 -0.09954 0.26507 .07143
12.10 0.35181412215645985 -0.52774 -0.17145 -0.10033 0.26684 .07112
12.05 0.35106450396967603 -0.52885 -0.17193 -0.10112 0.26861 .07081
12.00 0.35031356184872481 -0.52996 -0.17241 -0.10190 0.27038 .07051
11.95 0.34956128595758001 -0.53108 -0.17288 -0.10267 0.27215 .07021
11.90 0.34880766636195842 -0.53220 -0.17335 -0.10344 0.27393 .06991
11.85 0.34805269302786601 -0.53333 -0.17382 -0.10420 0.27571 .06962
11.80 0.34729635582011686 -0.53446 -0.17429 -0.10496 0.27750 .06933
11.75 0.34653864450082428 -0.53560 -0.17475 -0.10572 0.27929 .06903
11.70 0.34577954872786260 -0.53674 -0.17521 -0.10646 0.28108 .06875
11.65 0.34501905805329952 -0.53789 -0.17567 -0.10720 0.28287 .06847
11.60 0.34425716192179839 -0.53904 -0.17612 -0.10794 0.28467 .06818
11.55 0.34349384966898983 -0.54020 -0.17657 -0.10867 0.28648 .06790
11.50 0.34272911051981081 -0.54136 -0.17702 -0.10940 0.28828 .06762
11.45 0.34196293358681218 -0.54253 -0.17747 -0.11012 0.29010 .06735
11.40 0.34119530786843266 -0.54370 -0.17791 -0.11083 0.29191 .06708
11.35 0.34042622224723856 -0.54488 -0.17835 -0.11154 0.29373 .06681
11.30 0.33965566548812931 -0.54606 -0.17879 -0.11224 0.29555 .06655
11.25 0.33888362623650670 -0.54725 -0.17922 -0.11294 0.29738 .06628
11.20 0.33811009301640765 -0.54844 -0.17965 -0.11363 0.29921 .06602
11.15 0.33733505422859994 -0.54964 -0.18008 -0.11432 0.30105 .06576
11.10 0.33655849814863903 -0.55084 -0.18050 -0.11500 0.30289 .06550
11.05 0.33578041292488614 -0.55205 -0.18092 -0.11568 0.30474 .06524
11.00 0.33500078657648524 -0.55326 -0.18134 -0.11635 0.30659 .06499
10.95 0.33421960699129954 -0.55447 -0.18175 -0.11701 0.30844 .06474
10.90 0.33343686192380506 -0.55569 -0.18216 -0.11767 0.31030 .06449
10.85 0.33265253899294100 -0.55692 -0.18257 -0.11832 0.31217 .06425
10.80 0.33186662567991565 -0.55815 -0.18297 -0.11897 0.31404 .06400
10.75 0.33107910932596624 -0.55938 -0.18338 -0.11962 0.31591 .06376
10.70 0.33028997713007269 -0.56062 -0.18377 -0.12025 0.31779 .06352
10.65 0.32949921614662253 -0.56186 -0.18417 -0.12089 0.31968 .06328
10.60 0.32870681328302698 -0.56311 -0.18456 -0.12151 0.32157 .06305
10.55 0.32791275529728653 -0.56436 -0.18494 -0.12214 0.32346 .06280
10.50 0.32711702879550453 -0.56562 -0.18533 -0.12275 0.32537 .06258
10.45 0.32631962022934713 -0.56688 -0.18571 -0.12336 0.32727 .06235
10.40 0.32552051589344949 -0.56814 -0.18608 -0.12397 0.32919 .06211
10.35 0.32471970192276511 -0.56941 -0.18646 -0.12457 0.33111 .06189
10.30 0.32391716428985806 -0.57068 -0.18683 -0.12517 0.33303 .06166
10.25 0.32311288880213562 -0.57196 -0.18719 -0.12576 0.33496 .06143
10.20 0.32230686109902068 -0.57324 -0.18755 -0.12634 0.33690 .06121
10.15 0.32149906664906186 -0.57453 -0.18791 -0.12692 0.33885 .06099
10.10 0.32068949074697878 -0.57582 -0.18827 -0.12750 0.34080 .06077
10.05 0.31987811851064291 -0.57711 -0.18862 -0.12806 0.34276 .06056
10.00 0.31906493487798943 -0.57841 -0.18897 -0.12863 0.34472 .06034
9.95 0.31824992460386070 -0.57971 -0.18931 -0.12919 0.34669 .06012
9.90 0.31743307225677786 -0.58101 -0.18965 -0.12974 0.34867 .05991
9.85 0.31661436221563910 -0.58232 -0.18999 -0.13029 0.35066 .05970
9.80 0.31579377866634295 -0.58363 -0.19032 -0.13084 0.35265 .05948
9.75 0.31497130559833353 -0.58495 -0.19065 -0.13138 0.35465 .05927
9.70 0.31414692680106648 -0.58627 -0.19098 -0.13191 0.35666 .05907
9.65 0.31332062586039267 -0.58759 -0.19130 -0.13244 0.35867 .05886
9.60 0.31249238615485792 -0.58892 -0.19162 -0.13296 0.36069 .05866
9.55 0.31166219085191565 -0.59025 -0.19193 -0.13348 0.36272 .05845
9.50 0.31083002290405076 -0.59158 -0.19224 -0.13400 0.36476 .05824
9.45 0.30999586504481119 -0.59292 -0.19255 -0.13451 0.36681 .05804
9.40 0.30915969978474567 -0.59426 -0.19285 -0.13501 0.36887 .05784
9.35 0.30832150940724323 -0.59560 -0.19315 -0.13551 0.37093 .05764
9.30 0.30748127596427399 -0.59694 -0.19345 -0.13601 0.37300 .05744
9.25 0.30663898127202549 -0.59829 -0.19374 -0.13650 0.37509 .05724
9.20 0.30579460690643406 -0.59964 -0.19403 -0.13699 0.37718 .05704
9.15 0.30494813419860595 -0.60100 -0.19432 -0.13747 0.37928 .05685
9.10 0.30409954423012653 -0.60236 -0.19460 -0.13794 0.38138 .05666
9.05 0.30324881782825319 -0.60372 -0.19487 -0.13842 0.38350 .05645
9.00 0.30239593556098865 -0.60508 -0.19515 -0.13888 0.38563 .05627
8.95 0.30154087773203153 -0.60645 -0.19542 -0.13935 0.38777 .05607
8.90 0.30068362437559926 -0.60782 -0.19568 -0.13981 0.38992 .05587
8.85 0.29982415525112072 -0.60919 -0.19595 -0.14026 0.39207 .05569
8.80 0.29896244983779341 -0.61056 -0.19620 -0.14071 0.39424 .05549
8.75 0.29809848732900202 -0.61194 -0.19646 -0.14116 0.39642 .05530
8.70 0.29723224662659264 -0.61332 -0.19671 -0.14160 0.39861 .05511
8.65 0.29636370633499964 -0.61470 -0.19696 -0.14203 0.40080 .05493
8.60 0.29549284475521920 -0.61608 -0.19720 -0.14247 0.40301 .05473
8.55 0.29461963987862538 -0.61747 -0.19744 -0.14289 0.40523 .05455
8.50 0.29374406938062309 -0.61885 -0.19768 -0.14332 0.40747 .05436
8.45 0.29286611061413348 -0.62024 -0.19791 -0.14374 0.40971 .05417
8.40 0.29198574060290522 -0.62164 -0.19814 -0.14415 0.41196 .05399
8.35 0.29110293603464699 -0.62303 -0.19836 -0.14456 0.41423 .05380
8.30 0.29021767325397441 -0.62443 -0.19858 -0.14497 0.41651 .05361
8.25 0.28932992825516618 -0.62583 -0.19880 -0.14537 0.41880 .05343
8.20 0.28843967667472209 -0.62723 -0.19901 -0.14577 0.42110 .05324
8.15 0.28754689378371695 -0.62863 -0.19922 -0.14617 0.42341 .05305
8.10 0.28665155447994300 -0.63003 -0.19943 -0.14656 0.42574 .05287
8.05 0.28575363327983461 -0.63144 -0.19963 -0.14694 0.42808 .05269
8.00 0.28485310431016619 -0.63284 -0.19983 -0.14733 0.43043 .05250
7.95 0.28394994129951745 -0.63425 -0.20003 -0.14771 0.43280 .05232
7.90 0.28304411756949560 -0.63566 -0.20022 -0.14808 0.43518 .05214
7.85 0.28213560602570920 -0.63707 -0.20041 -0.14845 0.43757 .05196
7.80 0.28122437914848114 -0.63848 -0.20059 -0.14882 0.43998 .05177
7.75 0.28031040898329512 -0.63990 -0.20077 -0.14918 0.44240 .05159
7.70 0.27939366713096336 -0.64131 -0.20095 -0.14954 0.44483 .05141
7.65 0.27847412473750777 -0.64273 -0.20112 -0.14990 0.44728 .05122
7.60 0.27755175248374220 -0.64415 -0.20129 -0.15025 0.44974 .05104
7.55 0.27662652057454717 -0.64556 -0.20146 -0.15060 0.45222 .05086
7.50 0.27569839872782342 -0.64698 -0.20162 -0.15095 0.45471 .05067
7.45 0.27476735616311498 -0.64840 -0.20178 -0.15129 0.45721 .05049
7.40 0.27383336158988730 -0.64983 -0.20194 -0.15163 0.45974 .05031
7.35 0.27289638319544918 -0.65125 -0.20209 -0.15196 0.46227 .05013
7.30 0.27195638863250449 -0.65267 -0.20224 -0.15229 0.46483 .04995
7.25 0.27101334500631991 -0.65409 -0.20238 -0.15262 0.46740 .04976
7.20 0.27006721886149349 -0.65552 -0.20252 -0.15294 0.46998 .04958
7.15 0.26911797616831001 -0.65694 -0.20266 -0.15326 0.47258 .04940
7.10 0.26816558230866605 -0.65837 -0.20279 -0.15358 0.47520 .04921
7.05 0.26721000206154838 -0.65980 -0.20292 -0.15389 0.47783 .04903
7.00 0.26625119958804888 -0.66122 -0.20305 -0.15420 0.48048 .04885
6.95 0.26528913841589680 -0.66265 -0.20317 -0.15451 0.48315 .04866
6.90 0.26432378142348961 -0.66408 -0.20329 -0.15481 0.48584 .04848
6.85 0.26335509082340303 -0.66550 -0.20341 -0.15512 0.48854 .04829
6.80 0.26238302814535797 -0.66693 -0.20352 -0.15541 0.49126 .04811
6.75 0.26140755421862366 -0.66836 -0.20363 -0.15571 0.49400 .04792
6.70 0.26042862915383336 -0.66979 -0.20374 -0.15600 0.49676 .04774
6.65 0.25944621232418863 -0.67122 -0.20384 -0.15629 0.49953 .04755
6.60 0.25846026234602637 -0.67265 -0.20394 -0.15657 0.50233 .04737
6.55 0.25747073705872320 -0.67407 -0.20404 -0.15685 0.50514 .04719
6.50 0.25647759350390792 -0.67550 -0.20413 -0.15713 0.50797 .04700
6.45 0.25548078790395357 -0.67693 -0.20422 -0.15741 0.51082 .04681
6.40 0.25448027563971826 -0.67836 -0.20430 -0.15768 0.51370 .04662
6.35 0.25347601122750207 -0.67979 -0.20439 -0.15795 0.51659 .04644
6.30 0.25246794829518643 -0.68121 -0.20447 -0.15822 0.51950 .04625
6.25 0.25145603955751983 -0.68264 -0.20454 -0.15848 0.52243 .04606
6.20 0.25044023679051242 -0.68407 -0.20461 -0.15874 0.52538 .04587
6.15 0.24942049080490034 -0.68549 -0.20468 -0.15900 0.52836 .04568
