18.5 0.43952099330116196 0.007088 0.1109395 0.1291101 -0.0252354
18.75 0.44270081725227745 0.0144055 0.1041934 0.1324725 -0.0285187
19.00 0.44586729660476643 0.0192381 0.0981257 0.1353227 -0.0318021
19.25 0.44902087481240505 0.0225593 0.0925528 0.1382656 -0.0349875
19.50 0.45216198350734593 0.0257282 0.0875775 0.1413471 -0.0379564
19.75 0.45529104306598517 0.02972 0.0832999 0.1443622 -0.0406048
20.00 0.45840846314364242 -0.0018587 0.0794127 0.0794127 -0.05383
20.25 0.46151464318020630 -0.0012563 0.0708883 0.0793126 -0.0568259
20.50 0.46460997287872730 -0.0058024 0.060185 0.0819265 -0.0604295
20.75 0.46769483265878409 -0.0090199 0.0510102 0.0851039 -0.0636522
21.00 0.47076959408630886 -0.0102299 0.0424697 0.0915301 -0.0665456
21.25 0.47383462028142359 -0.0105736 0.0344502 0.1024107 -0.0695765
21.50 0.47689026630572684 -0.0149652 0.0266522 0.1130636 -0.0732478
21.75 0.47993687953036013 -0.0218319 0.0191823 0.1200206 -0.0771031
22.00 0.48297479998608267 -0.0287004 0.0120277 0.1247541 -0.0808861
22.25 0.48600436069649899 -0.0350982 0.0051391 0.1282039 -0.0845678
22.50 0.48902588799549546 -0.040973 -0.0014939 0.130708 -0.0881528
22.75 0.49203970182987000 -0.0463256 -0.0078578 0.1323517 -0.0916532
23.00 0.49504611604806875 -0.0511587 -0.0139275 0.1330971 -0.0950919
23.25 0.49804543867587991 -0.0554897 -0.0196757 0.1328212 -0.0985229
23.50 0.50103797217987622 -0.0594304 -0.0250907 0.1312702 -0.1021046
23.75 0.50402401371934424 -0.0639619 -0.0303644 0.127341 -0.106832
24.00 0.50700385538738835
24.25 0.50997778444185260
24.50 0.51294608352666027
24.75 0.51590903088413309
25.00 0.51886690055881535
25.25 0.52181996259329522
25.50 0.52476848321648584 -0.0951135 -0.0201387 0.0974686 -0.0969127
25.75 0.52771272502479782
26.00 0.53065294715660993 -0.1045351 -0.0298099 0.1054069 -0.0974711
26.25 0.53358940546042311 -0.1061424 -0.0381889 0.1431485 -0.0924153
26.50 0.53652235265705239 0.0448113 0.1311368 0.1311368 0.
26.75 0.53945203849620049 0.0426787 0.1277988 0.1277988 0.
27.00 0.54237870990772830 0.040443 0.1246114 0.1246114 0.
27.25 0.54530261114792489 0.0381134 0.121622 0.121622 0.
27.50 0.54822398394106098 0.0357006 0.1188844 0.1188844 0.
27.75 0.55114306761649301 0.0332241 0.1164648 0.1164648 0.
28.00 0.55406009924157285 0.0307311 0.114445 0.114445 0.
28.25 0.55697531375060216 0.0283371 0.112923 0.112923 0.
28.50 0.55988894407005929 0.0262993 0.1119948 0.1119948 0.
28.75 0.56280122124031395 0.025089 0.1116959 0.1116959 0.
29.00 0.56571237453403433 0.0252971 0.1119073 0.1119073 0.
29.25 0.56862263157148163 0.0272355 0.1123581 0.1123581 0.
29.50 0.57153221843287527 0.0306623 0.1128175 0.1128175 0.
29.75 0.57444135976800692 0.0350543 0.1132229 0.1132229 0.
30.00 0.57735027890326807 0.0399646 0.1136133 0.1136133 0.
30.25 0.58025919794625369 0.0451138 0.1140398 0.1140398 0.
30.50 0.58316833788809341 0.050346 0.1145347 0.1145347 0.
30.75 0.58607791870365555 0.0555755 0.1151121 0.1151121 0.
31.00 0.58898815944976501 0.0607534 0.1157744 0.1157744 0.
31.25 0.59189927836156764 -0.0375774 0.0526555 0.0526555 -0.0445026
31.50 0.59481149294717062 -0.0404131 0.0501553 0.0501553 -0.0473852
31.75 0.59772502008068074 -0.0432565 0.0476957 0.0476957 -0.050317
32.00 0.60064007609376124 -0.0549688 0.0170343 0.0916531 -0.035413
32.25 0.60355687686581816 -0.0555506 0.0183375 0.0893054 -0.0363536
32.50 0.60647563791293169 -0.0562281 0.0195962 0.0869035 -0.0373422
32.75 0.60939657447563289
33.00 0.61231990160563299 -0.0578644 0.0219814 0.0819668 -0.0394379
33.25 0.61524583425160395
33.50 0.61817458734410646
33.75 0.62110637587975959
34.00 0.62404141500474464
34.25 0.62697992009773107
34.50 0.62992210685231265 -0.1241739 -0.0445667 -0.0147148 -0.1426373
34.75 0.63286819135903882 -0.1281352 -0.0430781 -0.016009 -0.1439645
35.00 0.63581839018712483
35.25 0.63877292046592293 -0.1019458 -0.0507847 -0.008914 -0.1085744
35.50 0.64173199996623487 -0.093833 -0.0522598 -0.0118639 -0.0979976
35.75 0.64469584718154593 -0.0877032 -0.0515605 -0.0150138 -0.0919806
36.00 0.64766468140925815 -0.0824955 -0.0504532 -0.0178881 -0.0874568
36.25 0.65063872283200119 -0.0782549 -0.0494519 -0.0205316 -0.0839009
36.50 0.65361819259909770 -0.0749742 -0.0486909 -0.0230077 -0.0811552
36.75 0.65660331290825846 -0.0725512 -0.0481719 -0.0253486 -0.0790996
37.00 0.65959430708758449 -0.1472512 -0.0210872 -0.0210872 -0.1472512
37.25 0.66259139967795155 -0.1464327 -0.0192095 -0.0192095 -0.1464327
37.50 0.66559481651585173 0.1078364 0.14635 0.14635 0.
37.75 0.66860478481676788 0.1098849 0.1475947 0.1475947 0.
38.00 0.67162153325915808 0.1119096 0.1488219 0.1488219 0.
38.25 0.67464529206912238 0.1139075 0.1500297 0.1500297 0.
38.50 0.67767629310583211 0.115876 0.1512161 0.1512161 0.
38.75 0.68071476994779589 0.1178123 0.1523791 0.1523791 0.
39.00 0.68376095798003989 0.1197137 0.1535168 0.1535168 0.
39.25 0.68681509448228206 0.1215773 0.1546273 0.1546273 0.
39.50 0.68987741871817743 0.1234003 0.1557085 0.1557085 0.
39.75 0.69294817202571524 0.1251799 0.1567587 0.1567587 0.
40.00 0.69602759790885060 0.1269131 0.1577758 0.1577758 0.
40.25 0.69911594213045092 -0.1388315 -0.0007198 -0.0007198 -0.1388315
40.50 0.70221345280664171 -0.1383742 0.0004581 0.0004581 -0.1383742
40.75 0.70532038050263912 -0.1379427 0.0015766 0.0015766 -0.1379427
41.00 0.70843697833015451 -0.137537 0.002635 0.002635 -0.137537
41.25 0.71156350204645979 -0.1371568 0.0036327 0.0036327 -0.1371568
41.50 0.71470021015520846 -0.1368019 0.0045691 0.0045691 -0.1368019
41.75 0.71784736400909988 -0.1364723 0.0054435 0.0054435 -0.1364723
42.00 0.72100522791448773 -0.1361676 0.0062554 0.0062554 -0.1361676
42.25 0.72417406923802852 -0.1358879 0.0070043 0.0070043 -0.1358879
42.50 0.72735415851547003 -0.1356329 0.0076898 0.0076898 -0.1356329
42.75 0.73054576956268569 -0.1354026 0.0083114 0.0083114 -0.1354026
43.00 0.73374917958905994 -0.1351968 0.0088686 0.0088686 -0.1351968
43.25 0.73696466931333482 -0.1350155 0.0093612 0.0093612 -0.1350155
43.50 0.74019252308203054 -0.1348585 0.0097887 0.0097887 -0.1348585
43.75 0.74343302899055930 -0.1347258 0.010151 0.010151 -0.1347258
44.00 0.74668647900714824 -0.1346173 0.0104477 0.0104477 -0.1346173
44.25 0.74995316909970178 -0.1345329 0.0106787 0.0106787 -0.1345329
44.50 0.75323339936572720 -0.1344727 0.0108438 0.0108438 -0.1344727
44.75 0.75652747416546084 -0.1344366 0.0109429 0.0109429 -0.1344366
45.00 0.75983570225832975 -0.1344245 0.010976 0.010976 -0.1344245
45.25 0.76315839694289456 -0.1344366 0.0109429 0.0109429 -0.1344366
45.50 0.76649587620041937 -0.1344727 0.0108438 0.0108438 -0.1344727
45.75 0.76984846284222430 -0.1345329 0.0106787 0.0106787 -0.1345329
46.00 0.77321648466098036 -0.1346173 0.0104477 0.0104477 -0.1346173
46.25 0.77660027458611014 -0.1347258 0.010151 0.010151 -0.1347258
46.50 0.78000017084346973 -0.1348585 0.0097887 0.0097887 -0.1348585
46.75 0.78341651711948912 0.1436649 0.1671826 0.1671826 0.
47.00 0.78684966272995749 0.1428564 0.1667525 0.1667525 0.
47.25 0.79029996279364645 0.1419531 0.1662683 0.1662683 0.
47.50 0.79376777841097601 0.1409591 0.1657312 0.1657312 0.
47.75 0.79725347684792980 0.1398784 0.1651425 0.1651425 0.
48.00 0.80075743172543956 -0.1361676 0.0062554 0.0062554 -0.1361676
48.25 0.80428002321446923 -0.1364723 0.0054435 0.0054435 -0.1364723
48.50 0.80782163823703412 -0.1368019 0.0045691 0.0045691 -0.1368019
48.75 0.81138267067340353 -0.1371568 0.0036327 0.0036327 -0.1371568
49.00 0.81496352157574936 -0.137537 0.002635 0.002635 -0.137537
49.25 0.81856459938850701 -0.1379427 0.0015766 0.0015766 -0.1379427
49.50 0.82218632017573356 -0.1383742 0.0004581 0.0004581 -0.1383742
49.75 0.82582910785575958 -0.1388315 -0.0007198 -0.0007198 -0.1388315
50.00 0.82949339444344139 -0.1393151 -0.0019565 -0.0019565 -0.1393151
50.25 0.83317962030033754 -0.1398249 -0.0032511 -0.0032511 -0.1398249
50.50 0.83688823439314863 -0.1403614 -0.004603 -0.004603 -0.1403614
50.75 0.84061969456077290 -0.1409248 -0.0060113 -0.0060113 -0.1409248
51.00 0.84437446779034697 -0.1415153 -0.0074753 -0.0074753 -0.1415153
51.25 0.84815303050266300 -0.1421331 -0.0089941 -0.0089941 -0.1421331
51.50 0.85195586884736429 -0.1427787 -0.0105669 -0.0105669 -0.1427787
51.75 0.85578347900834917 -0.1434522 -0.0121928 -0.0121928 -0.1434522
52.00 0.85963636751982619 -0.144154 -0.013871 -0.013871 -0.144154
52.25 0.86351505159349251 -0.1448845 -0.0156004 -0.0156004 -0.1448845
52.50 0.86742005945732381 -0.1456439 -0.0173803 -0.0173803 -0.1456439
52.75 0.87135193070649397 -0.1464327 -0.0192095 -0.0192095 -0.1464327
53.00 0.87531121666696521 -0.1472512 -0.0210872 -0.0210872 -0.1472512
53.25 0.87929848077231665 -0.1480998 -0.0230122 -0.0230122 -0.1480998
53.50 0.88331429895441260 -0.1489789 -0.0249837 -0.0249837 -0.1489789
53.75 0.88735926004853483 -0.1498889 -0.0270005 -0.0270005 -0.1498889
54.00 0.89143396621364279 -0.1500855 -0.0267803 -0.0308389 -0.1505298
54.25 0.89553903336845653 -0.1518036 -0.0311655 -0.0311655 -0.1518036
54.50 0.89967509164409376 -0.1528092 -0.0333114 -0.0333114 -0.1528092
54.75 0.90384278585403033 -0.1538477 -0.035498 -0.035498 -0.1538477
55.00 0.90804277598219907 -0.1549197 -0.037724 -0.037724 -0.1549197
55.25 0.91227573769007742 -0.1560256 -0.039988 -0.039988 -0.1560256
55.50 0.91654236284366797 -0.1571661 -0.0422888 -0.0422888 -0.1571661
55.75 0.92084336006132139 -0.1502077 -0.0460167 -0.0460167 -0.1502077
56.00 0.92517945528340284 -0.1595538 -0.0469945 -0.0469945 -0.1595538
56.25 0.92955139236486140 -0.1608024 -0.0493962 -0.0493962 -0.1608024
56.50 0.93395993369181618 -0.1620887 -0.0518284 -0.0518284 -0.1620887
56.75 0.93840586082334254 -0.1634136 -0.0542891 -0.0542891 -0.1634136
57.00 0.94288997515969897 -0.1647781 -0.0567764 -0.0567764 -0.1647781
57.25 0.94741309863831702 -0.1661834 -0.0592882 -0.0592882 -0.1661834
57.50 0.95197607445894206
57.75 0.95657976783940157 -0.0555506 0.0183376 0.0893054 -0.0363536
58.00 0.96122506680355879 -0.0549688 0.0170343 0.0916531 -0.0354129
58.25 0.96591288300310196 -0.0544837 0.015686 0.0939385 -0.034528
58.50 0.97064415257492132 0.0629407 0.1173372 0.1173372 0.
58.75 0.97541983703592194 -0.0538077 0.0128522 0.0982892 -0.0329655
59.00 0.98024092421724396 -0.0536181 0.0113658 0.100337 -0.0323148
59.25 0.98510842923997155 -0.0535282 0.0098324 0.102288 -0.0317748
59.50 0.99002339553454166 -0.0535386 0.0082514 0.1041334 -0.0313701
59.75 0.99498689590620693 -0.0536497 0.0066222 0.1058646 -0.0311322
60.00 1.0000000336490449 -0.0538621 0.0049441 0.1074734 -0.0311016
60.25 1.0050639437111659 -0.0541766 0.0032162 0.108952 -0.0313286
60.50 1.0101797939139427 -0.054594 0.0014376 0.1102936 -0.0318719
60.75 1.0153487862282633 -0.0551156 -0.0003929 0.1114924 -0.0327919
61.00 1.0205721581109972 -0.0557433 -0.0022767 0.1125434 -0.034138
61.25 1.0258511839050852 -0.0564795 -0.0042156 0.1134435 -0.0359344
61.50 1.0311871763068714 -0.0573278 -0.006212 0.114191 -0.0381728
61.75 1.0365814879045478 -0.0582933 -0.0082689 0.1147864 -0.0408187
62.00 1.0420355127918348 -0.0593832 -0.0103905 0.1152328 -0.0438264
62.25 1.0475506882612993 -0.0606082 -0.0125823 0.1155369 -0.0471524
62.50 1.0531284965820111 -0.0619847 -0.0148527 0.1157106 -0.0507643
62.75 1.0587704668665670 -0.0635381 -0.0172139 0.1157742 -0.0546448
63.00 1.0644781770328475 -0.0653118 -0.0196857 0.1157626 -0.0587964
63.25 1.0702532558662603 -0.0673847 -0.0223028 0.1157407 -0.0632503
63.50 1.0760973851886237 -0.0699247 -0.0251353 0.115846 -0.0680962
63.75 1.0820123021402799 -0.1061424 -0.0381889 0.1431485 -0.0924153
64.00 1.0879998015825072 -0.1045351 -0.0298099 0.1054069 -0.0974711
64.25 1.0940617386278098
64.50 1.1002000313062268 -0.0951134 -0.0201387 0.0974686 -0.0969127
64.75 1.1064166633763877
65.00 1.1127136872907215
65.25 1.1190932273249123
65.50 1.1255574828824770
65.75 1.1321087319861824
66.00 1.1387493349689228
66.25 1.1454817383776770 -0.0639618 -0.0303643 0.127341 -0.106832
66.50 1.1523084791052536 -0.0594304 -0.0250907 0.1312702 -0.1021046
66.75 1.1592321887657087 -0.0554896 -0.0196757 0.1328212 -0.0985228
67.00 1.1662555983306084 -0.0511587 -0.0139275 0.1330971 -0.0950919
67.25 1.1733815430447392 -0.0463256 -0.0078577 0.1323517 -0.0916531
67.50 1.1806129676413906 -0.040973 -0.0014939 0.130708 -0.0881528
67.75 1.1879529318790409 -0.0350982 0.0051391 0.1282039 -0.0845678
68.00 1.1954046164231349 -0.0287004 0.0120278 0.1247541 -0.080886
68.25 1.2029713290986654 -0.0218319 0.0191823 0.1200205 -0.0771031
68.50 1.2106565115415191 -0.0149651 0.0266523 0.1130636 -0.0732478
68.75 1.2184637462790018 -0.0105736 0.0344502 0.1024106 -0.0695765
69.00 1.2263967642726714 -0.0102299 0.0424697 0.09153 -0.0665455
69.25 1.2344594529595776 -0.0090199 0.0510102 0.0851039 -0.0636522
69.50 1.2426558648313226 -0.0058024 0.0601851 0.0819265 -0.0604295
69.75 1.2509902265939778 -0.0012563 0.0708883 0.0793126 -0.0568258
70.00 1.2594669489559134 -0.0018587 0.0794127 0.0794127 -0.05383
70.25 1.2680906370950717 0.02972 0.0832999 0.1443622 -0.0406047
70.50 1.2768661018621295 0.0257282 0.0875775 0.1413472 -0.0379564
70.75 1.2857983717814927 0.0225593 0.0925529 0.1382656 -0.0349874
71.00 1.2948927059181552 0.0192381 0.0981257 0.1353228 -0.0318021
71.25 1.3041546076852373 0.0144055 0.1041934 0.1324725 -0.0285187
71.50 1.3135898396745678 0.007088 0.1109395 0.1291101 -0.0252354
71.75 1.3232044396011293 0.0008587 0.1227339 0.1227339 -0.021461
72.00 1.3330047374615932 0.0057943 0.1317721 0.1317721 -0.0155829
72.25 1.3429973740177321 0.0119089 0.1415281 0.1415281 -0.0102516
72.50 1.3531893207273342 0.0190317 0.1519102 0.1519102 -0.0060508
72.75 1.3635879012585173 0.0269809 0.1628213 0.1628213 -0.0032528
73.00 1.3742008147382716 0.0355917 0.1741729 0.1741729 -0.001624
73.25 1.3850361609029067 0.0447294 0.1858918 0.1858918 -0.0007399
73.50 1.3961024673370386 0.054289 0.1979201 0.1979201 -0.0002736
73.75 1.4074087190092159 0.0641915 0.2102139 0.2102139 -0.0000333
74.00 1.4189643903365978 0.0743784 0.22274 0.22274 0.
74.25 1.4307794800386300 0.084806 0.2354737 0.2354737 0.
74.50 1.4428645490710084 0.0954421 0.2483963 0.2483963 0.
74.75 1.4552307619668963 0.1062626 0.2614941 0.2614941 0.
75.00 1.4678899319530556 0.1172492 0.2747566 0.2747566 0.
75.25 1.4808545702551064 0.128388 0.2881759 0.2881759 0.
75.50 1.4941379400594756 0.1396684 0.3017461 0.3017461 0.
75.75 1.5077541156608558 0.1510818 0.3154627 0.3154627 0.
76.00 1.5217180473945009 0.1626218 0.3293221 0.3293221 0.
76.25 1.5360456330340897 0.174283 0.3433216 0.3433216 0.
76.50 1.5507537964299845 0.1860611 0.3574588 0.3574588 0.
76.75 1.5658605742718710 0.1979528 0.3717319 0.3717319 0.
77.00 1.5813852119866876 0.2099553 0.3861389 0.3861389 0.
77.25 1.5973482699307082 0.2220663 0.4006773 0.4006773 0.
77.50 1.6137717412076256 0.2342841 0.4153438 0.4153438 0.
77.75 1.6306791826473761 0.2466074 0.4301317 0.4301317 0.
78.00 1.6480958607190197 0.2590351 0.4450255 0.4450255 0.
78.25 1.6660489144325314 0.2715667 0.4599728 0.4599728 0.
78.50 1.6845675376176648 0.284202 0.4746386 0.4746386 0.
78.75 1.7036831833639368 0.2969409 0.4853581 0.4853581 0.
79.00 1.7234297938777567 0.3097841 0.4916135 0.4916135 0.
79.25 1.7438440595774944 0.3227325 0.4974185 0.4974185 0.
79.50 1.7649657119256603 0.3357872 0.5031859 0.5031859 0.
79.75 1.7868378553155890 0.3489502 0.5089804 0.5089804 0.
80.00 1.8095073443210954 0.3622239 0.5148238 0.5148238 0.
80.25 1.8330252138232914 0.3756111 0.5207274 0.5207274 0.
80.50 1.8574471710024862 0.3891155 0.5266993 0.5266993 0.
80.75 1.8828341599932619 0.4027415 0.5327458 0.5327458 0.
81.00 1.9092530122354845 0.4164943 0.5388733 0.5388733 0.
81.25 1.9367771983277440 0.43038 0.5450877 0.5450877 0.
81.50 1.9654877006520655 0.4444061 0.551395 0.551395 0.
81.75 1.9954740303864316 0.458581 0.5578008 0.5578008 0.
82.00 2.0268354180156947 0.4729148 0.5643084 0.5643084 0.
82.25 2.0596822134404817 0.487419 0.5709083 0.5709083 0.
82.50 2.0941375407372735 0.5021072 0.5773879 0.5773879 0.
82.75 2.1303392641794385 0.516995 0.5800347 0.5800347 0.
83.00 2.1684423371644423 0.5321004 0.5810245 0.5810245 0.
83.25 2.2086216254199424 0.5474443 0.581889 0.581889 0.
83.50 2.2510753219802888 0.5630508 0.5826861 0.5826861 0.
83.75 2.2960291063410230 0.5789477 0.5834333 0.5834333 0.
84.00 2.3437412473608381 0.5841429 0.5841429 0.5841429 0.
84.25 2.3945089138952178 0.5848254 0.5848254 0.5848254 0.
84.50 2.4486760461856742 0.5854912 0.5854912 0.5854912 0.
84.75 2.5066432657105051 0.5861504 0.5861504 0.5861504 0.
