18.5 0.43952099330116196 -4.93780903532
18.75 0.44270081725227745 -4.92573015511
19.00 0.44586729660476643 -4.91428549651
19.25 0.44902087481240505 -4.90347452905
19.50 0.45216198350734593 -4.89331145202
19.75 0.45529104306598517 -4.88382037796
20.00 0.45840846314364242 -4.86917378957
20.25 0.46151464318020630 -4.85996158965
20.50 0.46460997287872730 -4.85150031230
20.75 0.46769483265878409 -4.84376951556
21.00 0.47076959408630886 -4.83668846033
21.25 0.47383462028142359 -4.83004522483
21.50 0.47689026630572684 -4.82363093591
21.75 0.47993687953036013 -4.81745706719
22.00 0.48297479998608267 -4.81158610386
22.25 0.48600436069649899 -4.80604807160
22.50 0.48902588799549546 -4.80085907644
22.75 0.49203970182987000 -4.79603331317
23.00 0.49504611604806875 -4.79158944843
23.25 0.49804543867587991 -4.78755649034
23.50 0.50103797217987622 -4.78398430682
23.75 0.50402401371934424 -4.78098545124
25.50 0.52476848321648584 -4.79911813460
26.00 0.53065294715660993 -4.79900444277
26.25 0.53358940546042311 -4.79985022173
26.50 0.53652235265705239 -4.87732235583
26.75 0.53945203849620049 -4.87848379133
27.00 0.54237870990772830 -4.87956785977
27.25 0.54530261114792489 -4.88058671009
27.50 0.54822398394106098 -4.88155527587
27.75 0.55114306761649301 -4.88249236507
28.00 0.55406009924157285 -4.88342203987
28.25 0.55697531375060216 -4.88437504686
28.50 0.55988894407005929 -4.88538930054
28.75 0.56280122124031395 -4.88650678324
29.00 0.56571237453403433 -4.88776319209
29.25 0.56862263157148163 -4.88917282687
29.50 0.57153221843287527 -4.89072329535
29.75 0.57444135976800692 -4.89238676235
30.00 0.57735027890326807 -4.89413390461
30.25 0.58025919794625369 -4.89594038633
30.50 0.58316833788809341 -4.89778766553
30.75 0.58607791870365555 -4.89966188186
31.00 0.58898815944976501 -4.90155256389
31.25 0.59189927836156764 -4.87804297804
31.50 0.59481149294717062 -4.87765628544
31.75 0.59772502008068074 -4.87721071961
32.00 0.60064007609376124 -4.86925313606
32.25 0.60355687686581816 -4.87069221089
32.50 0.60647563791293169 -4.87203327857
33.00 0.61231990160563299 -4.87443473015
34.50 0.62992210685231265 -4.82173893983
34.75 0.63286819135903882 -4.82465242634
35.25 0.63877292046592293 -4.82977687246
35.50 0.64173199996623487 -4.83144906109
35.75 0.64469584718154593 -4.83281938444
36.00 0.64766468140925815 -4.83395106115
36.25 0.65063872283200119 -4.83487508455
36.50 0.65361819259909770 -4.83561715254
36.75 0.65660331290825846 -4.83620094073
37.50 0.66559481651585173 -4.94416614717
37.75 0.66860478481676788 -4.94534975808
38.00 0.67162153325915808 -4.94649332394
38.25 0.67464529206912238 -4.94759667480
38.50 0.67767629310583211 -4.94865967723
38.75 0.68071476994779589 -4.94968223051
39.00 0.68376095798003989 -4.95066426306
39.25 0.68681509448228206 -4.95160572910
39.50 0.68987741871817743 -4.95250660550
39.75 0.69294817202571524 -4.95336688884
40.00 0.69602759790885060 -4.95418659271
46.75 0.78341651711948912 -4.96117337592
47.00 0.78684966272995749 -4.96087616782
47.25 0.79029996279364645 -4.96053916186
47.50 0.79376777841097601 -4.96016229856
47.75 0.79725347684792980 -4.95974551403
54.00 0.89143396621364279 -4.83895673131
57.75 0.95657976783940157 -4.87069222950
58.00 0.96122506680355879 -4.86925315501
58.25 0.96591288300310196 -4.86771268163
58.50 0.97064415257492132 -4.90535261661
58.75 0.97541983703592194 -4.86431373330
59.00 0.98024092421724396 -4.86244823402
59.25 0.98510842923997155 -4.86046728575
59.50 0.99002339553454166 -4.85836725184
59.75 0.99498689590620693 -4.85614444591
60.00 1.0000000336490449 -4.85379513280
60.25 1.0050639437111659 -4.85131553040
60.50 1.0101797939139427 -4.84870181268
60.75 1.0153487862282633 -4.84595011435
61.00 1.0205721581109972 -4.84305653793
61.25 1.0258511839050852 -4.84001716417
61.50 1.0311871763068714 -4.83682806761
61.75 1.0365814879045478 -4.83348533989
62.00 1.0420355127918348 -4.82998512540
62.25 1.0475506882612993 -4.82632367743
62.50 1.0531284965820111 -4.82249744994
62.75 1.0587704668665670 -4.81850325573
63.00 1.0644781770328475 -4.81433855862
63.25 1.0702532558662603 -4.81000206913
63.50 1.0760973851886237 -4.80549515032
63.75 1.0820123021402799 -4.79985024645
64.00 1.0879998015825072 -4.79900447025
64.50 1.1002000313062268 -4.79911816469
66.25 1.1454817383776770 -4.78098549383
66.50 1.1523084791052536 -4.78398435233
66.75 1.1592321887657087 -4.78755653791
67.00 1.1662555983306084 -4.79158949783
67.25 1.1733815430447392 -4.79603336429
67.50 1.1806129676413906 -4.80085912920
67.75 1.1879529318790409 -4.80604812594
68.00 1.1954046164231349 -4.81158615971
68.25 1.2029713290986654 -4.81745712442
68.50 1.2106565115415191 -4.82363099427
68.75 1.2184637462790018 -4.83004528381
69.00 1.2263967642726714 -4.83668852005
69.25 1.2344594529595776 -4.84376957702
69.50 1.2426558648313226 -4.85150037616
69.75 1.2509902265939778 -4.85996165607
70.00 1.2594669489559134 -4.86917385861
70.25 1.2680906370950717 -4.88382045099
70.50 1.2768661018621295 -4.89331152676
70.75 1.2857983717814927 -4.90347460542
71.00 1.2948927059181552 -4.91428557445
71.25 1.3041546076852373 -4.92573023455
71.50 1.3135898396745678 -4.93780911618
71.75 1.3232044396011293 -4.95054194195
72.00 1.3330047374615932 -4.96361251241
72.25 1.3429973740177321 -4.97678145742
72.50 1.3531893207273342 -4.98997004921
72.75 1.3635879012585173 -5.00310954690
73.00 1.3742008147382716 -5.01614085487
73.25 1.3850361609029067 -5.02901309303
73.50 1.3961024673370386 -5.04168183014
73.75 1.4074087190092159 -5.05410741612
74.00 1.4189643903365978 -5.06625358361
74.25 1.4307794800386300 -5.07808634085
74.50 1.4428645490710084 -5.08957311676
74.75 1.4552307619668963 -5.10068210401
75.00 1.4678899319530556 -5.11138175010
75.25 1.4808545702551064 -5.12164035551
75.50 1.4941379400594756 -5.13142574817
75.75 1.5077541156608558 -5.14070501097
76.00 1.5217180473945009 -5.14944424536
76.25 1.5360456330340897 -5.15760835834
76.50 1.5507537964299845 -5.16516086330
76.75 1.5658605742718710 -5.17206368721
77.00 1.5813852119866876 -5.17827697837
77.25 1.5973482699307082 -5.18375890953
77.50 1.6137717412076256 -5.18846547211
77.75 1.6306791826473761 -5.19235025735
78.00 1.6480958607190197 -5.19536422030
78.25 1.6660489144325314 -5.19745542258
78.50 1.6845675376176648 -5.19856874928
78.75 1.7036831833639368 -5.19864559522
79.00 1.7234297938777567 -5.19762351477
79.25 1.7438440595774944 -5.19543582900
79.50 1.7649657119256603 -5.19201118235
79.75 1.7868378553155890 -5.18727304022
80.00 1.8095073443210954 -5.18113911657
80.25 1.8330252138232914 -5.17352071925
80.50 1.8574471710024862 -5.16432199745
80.75 1.8828341599932619 -5.15343907315
81.00 1.9092530122354845 -5.14075903395
81.25 1.9367771983277440 -5.12615876006
81.50 1.9654877006520655 -5.10950355164
81.75 1.9954740303864316 -5.09064551527
82.00 2.0268354180156947 -5.06942165793
82.25 2.0596822134404817 -5.04565162448
82.50 2.0941375407372735 -5.01913499808
82.75 2.1303392641794385 -4.98964806224
83.00 2.1684423371644423 -4.95693989544
83.25 2.2086216254199424 -4.92072763332
83.50 2.2510753219802888 -4.88069068568
83.75 2.2960291063410230 -4.83646363154
84.00 2.3437412473608381 -4.78762742891
84.25 2.3945089138952178 -4.73369845787
84.50 2.4486760461856742 -4.67411475156
84.75 2.5066432657105051 -4.60821854067
