#HF isntabilities: hessian eigenvalues
#y,rrhf,crhf,ruhf
0.25 0.4082441 0.0000314 -0.5838946
.26 0.3952251 0.0000598 -0.5825123
.27 0.3820085 0.0001088 -0.5808962
.28 0.3688445 0.0001906 -0.5789427
.29 0.3560535 0.0003225 -0.5765293
.30 0.3440044 0.0005286 -0.5735125
.31 0.3331045 0.0008416 -0.5697266
.32 0.3237878 0.0013033 -0.5649856
.33 0.3164894 0.0019652 -0.5590895
.34 0.3115956 0.0028873 -0.5518362
.35 0.2955004 0.0041349 -0.5430388
.36 0.2614555 0.0057739 -0.5325444
.37 0.2269078 0.0078639 -0.5202466
.38 0.1920133 0.0104483 -0.5060823
.39 0.1570353 0.0135306 -0.490012
.40 0.1223484 0.0169975 -0.4719764
.41 0.0884714 0.0202473 -0.4518426
.42 0.0561346 0.0196474 -0.42934
.43 0.0264164 0.0031771 -0.404032
.44 0.0009046 -0.0227028 -0.3754866
.45 0.0237337 -0.0268045 -0.2529377
.46 0.0070644 -0.0259149 -0.1491843
.47 0.0295717 -0.0026408 -0.13292
.48 0.051787 0.0184981 -0.1225567
.49 0.0721409 0.0365231 -0.1143911
.50 0.0895517 0.0506512 -0.10731
.51 0.1028617 0.0603154 -0.1009188
.52 0.1103508 0.0652352 -0.0950518
.53 0.1105675 0.065594 -0.0896295
.54 0.1058577 0.0622822 -0.0846143
.55 0.0993606 0.0566014 -0.0800042
.56 0.0924309 0.0496649 -0.0758754
.57 0.0855748 0.0421929 -0.0727249
.58 0.0790097 0.0346063 -0.074131
.59 0.0728395 0.0271489 -0.0815949
.60 0.067115 0.0199646 -0.0903441
.61 0.0618582 0.0131402 -0.099272
.62 -0.0054482 -0.0503103 -0.1612832
.63 -0.0078361 -0.047434 -0.1323666
.64 -0.0229687 -0.0505328 -0.1046981
.65 -0.032101 -0.052916 -0.0949441
.66 -0.0375467 -0.0549926 -0.0922065
.67 -0.0407031 -0.0568505 -0.0925482
.68 -0.0424239 -0.0585131 -0.0942978
.69 -0.0432528 -0.0599844 -0.0966524
.70 -0.043545 -0.0612621 -0.099172
.71 -0.0435355 -0.0623429 -0.1015882
.72 -0.0433803 -0.0632241 -0.1037263
.73 0.0700838 0.0082099 -0.1354401
.74 -0.043004 -0.0643852 -0.1067492
.75 0.074282 0.0106816 -0.1345318
.76 0.0747953 0.0109759 -0.1344245
.77 0.0742614 0.0106697 -0.1345361
.78 -0.043001 -0.0643925 -0.1067689
.79 0.0703372 0.0083623 -0.1353838
.80 -0.0433476 -0.063353 -0.1040508
.81 -0.0435018 -0.0626078 -0.1022158
.82 -0.0435672 -0.0617276 -0.1001831
.83 -0.0434653 -0.0607242 -0.0980636
.84 -0.0430955 -0.0596091 -0.0959913
.85 -0.0423293 -0.0583927 -0.0941353
.86 -0.0410019 -0.0570839 -0.0927238
.87 -0.0389006 -0.0556887 -0.0920906
.88 -0.0357462 -0.054207 -0.0927695
.89 -0.0311668 -0.0526287 -0.0956825
.90 -0.0246521 -0.0509179 -0.1025046
.91 -0.0154976 -0.0489696 -0.1164348
.92 -0.0029989 -0.0463335 -0.1460204
.93 -0.0047165 -0.0496436 -0.1609322
.94 0.0597905 0.0103939 -0.1029981
.95 0.0630065 0.01465 -0.0972547
.96 0.0663473 0.0189818 -0.0915983
.97 0.0698018 0.0233682 -0.0860969
.98 0.0733577 0.0277868 -0.0808646
.99 0.0770004 0.0322111 -0.0761791
1.00 0.080714 0.0366119 -0.0729287
1.01 0.084479 0.0409535 -0.0724504
1.02 0.088271 0.0451919 -0.0737676
1.03 0.0920602 0.0492746 -0.0756732
1.04 0.0958077 0.053136 -0.0778084
1.05 0.0994584 0.0566937 -0.0800671
1.06 0.1029323 0.0598473 -0.0824094
1.07 0.1061068 0.0624785 -0.0848172
1.08 0.1087844 0.064455 -0.0872813
1.09 0.1106585 0.0656461 -0.0897971
1.10 0.1113185 0.0659414 -0.0923621
1.11 0.1104023 0.0652693 -0.0949756
1.12 0.1078368 0.0636072 -0.0976386
1.13 0.1038363 0.0609741 -0.1003532
1.14 0.0986925 0.0574179 -0.1031234
1.15 0.092649 0.0530026 -0.1059553
1.16 0.0858887 0.0478004 -0.1088581
1.17 0.0785536 0.0418883 -0.1118451
1.18 0.0707601 0.0353462 -0.114936
1.19 0.0626094 0.0282559 -0.1181599
1.20 0.0541913 0.0206976 -0.1215602
1.21 0.0455912 0.0127504 -0.1252028
1.22 0.036892 0.0044893 -0.1291898
1.23 0.0281855 -0.0040107 -0.1336791
1.24 0.019575 -0.0126775 -0.1389201
1.25 0.0111959 -0.0214346 -0.1453018
1.26 0.0032452 -0.0301914 -0.1534201
1.27 0.010944 -0.0305364 -0.1977524
1.28 0.0225239 -0.0274698 -0.2400639
1.29 0.0231838 -0.0255252 -0.2810486
1.30 0.0154672 -0.0242543 -0.3219384
1.31 0.001483 -0.0237251 -0.3690425
1.32 0.0070567 -0.0158583 -0.3832667
1.33 0.0153445 -0.0072133 -0.3927383
1.34 0.024035 0.0010733 -0.4017129
1.35 0.0330425 0.0085554 -0.4102153
1.36 0.0422895 0.0145725 -0.4182736
1.37 0.0517143 0.018529 -0.425921
1.38 0.0612628 0.0204653 -0.4331873
1.39 0.0708905 0.0210047 -0.440101
1.40 0.0805596 0.0207597 -0.4466872
1.41 0.0902422 0.0201087 -0.45297
1.42 0.0999117 0.0192557 -0.4589688
1.43 0.1095461 0.0183094 -0.4647005
1.44 0.1191292 0.0173294 -0.4701812
1.45 0.1286453 0.0163493 -0.475424
1.46 0.1380824 0.0153884 -0.480441
1.47 0.1474306 0.0144579 -0.4852428
1.48 0.1566818 0.0135642 -0.4898392
1.49 0.1658281 0.0127107 -0.4942385
1.50 0.1748641 0.011899 -0.4984486
1.51 0.1837856 0.0111295 -0.5024771
1.52 0.1925896 0.0104017 -0.5063308
1.53 0.2012708 0.0097148 -0.5100156
1.54 0.2098306 0.0090676 -0.5135384
1.55 0.218264 0.0084586 -0.5169041
1.56 0.2265735 0.0078864 -0.5201192
1.57 0.2347566 0.0073493 -0.5231887
1.58 0.2428156 0.0068456 -0.5261184
1.59 0.2507489 0.0063737 -0.5289129
1.60 0.2585595 0.005932 -0.5315778
1.61 0.2662466 0.0055189 -0.5341176
1.62 0.2738125 0.0051329 -0.5365375
1.63 0.281261 0.0047723 -0.5388426
1.64 0.2885921 0.0044358 -0.5410374
1.65 0.2958072 0.0041219 -0.5431262
1.66 0.3029109 0.0038293 -0.545114
1.67 0.309905 0.0035566 -0.5470052
1.68 0.3104616 0.0033027 -0.548804
1.69 0.3110469 0.0030664 -0.5505144
1.70 0.3117352 0.0028465 -0.5521409
1.71 0.3125211 0.002642 -0.5536872
1.72 0.3133999 0.0024519 -0.5551572
1.73 0.3143664 0.0022752 -0.5565545
1.74 0.3154156 0.002111 -0.5578828
1.75 0.3165424 0.0019585 -0.5591456
1.76 0.3177419 0.0018169 -0.5603461
1.77 0.3190084 0.0016855 -0.5614873
1.78 0.3203374 0.0015635 -0.5625724
1.79 0.3217245 0.0014503 -0.5636044
1.80 0.3231651 0.0013453 -0.564586
1.81 0.3246545 0.0012479 -0.5655197
1.82 0.3261889 0.0011575 -0.5664082
1.83 0.3277642 0.0010737 -0.5672538
1.84 0.3293756 0.0009959 -0.5680586
1.85 0.3310205 0.0009239 -0.5688251
1.86 0.3326953 0.000857 -0.5695552
1.87 0.3343966 0.000795 -0.5702508
1.88 0.3361208 0.0007376 -0.5709138
1.89 0.3378658 0.0006843 -0.5715459
1.90 0.3396284 0.0006349 -0.5721489
1.91 0.3414059 0.0005892 -0.5727243
1.92 0.3431955 0.0005467 -0.5732735
1.93 0.3449956 0.0005073 -0.5737979
1.94 0.3468036 0.0004708 -0.574299
1.95 0.3486175 0.000437 -0.574778
1.96 0.3504359 0.0004056 -0.5752361
1.97 0.352256 0.0003765 -0.5756743
1.98 0.3540767 0.0003496 -0.5760937
1.99 0.3558972 0.0003245 -0.5764955
2.00 0.3577141 0.0003013 -0.5768804
2.01 0.3595283 0.0002798 -0.5772495
2.02 0.3613368 0.0002598 -0.5776036
2.03 0.3631382 0.0002413 -0.5779433
2.04 0.3649337 0.0002241 -0.5782697
2.05 0.3667196 0.0002082 -0.5785833
2.06 0.3684966 0.0001934 -0.5788848
2.07 0.3702635 0.0001796 -0.5791749
2.08 0.3720195 0.0001669 -0.5794543
2.09 0.3737635 0.0001551 -0.5797233
2.10 0.3754958 0.0001441 -0.5799827
2.11 0.3772145 0.0001339 -0.5802329
2.12 0.3789191 0.0001244 -0.5804744
2.13 0.3806106 0.0001156 -0.5807078
2.14 0.3822874 0.0001075 -0.5809333
2.15 0.3839483 0.0000999 -0.5811514
2.16 0.3855953 0.0000928 -0.5813626
2.17 0.3872253 0.0000863 -0.5815671
2.18 0.3888405 0.0000803 -0.5817654
2.19 0.386082 -0.0000747 -0.5821623
2.20 0.3920218 0.0000694 -0.5821445
2.21 0.3935872 0.0000645 -0.5823259
2.22 0.3951367 0.00006 -0.5825023
2.23 0.396669 0.0000558 -0.5826739
2.24 0.398185 0.0000519 -0.582841
2.25 0.3996835 0.0000483 -0.5830038
2.26 0.4011663 0.0000449 -0.5831626
2.27 0.4026315 0.0000418 -0.5833176
2.28 0.4008544 -0.0000388 -0.5835699
2.29 0.4055123 0.0000361 -0.5836168
2.30 0.4069288 0.0000336 -0.5837614
2.31 0.4083277 0.0000313 -0.583903
2.32 0.4097115 0.0000291 -0.5840416
2.33
2.34 0.4124301 0.0000252 -0.5843108
2.35 0.4112051 -0.0000234 -0.5845002
2.36
2.37 0.4139953 -0.0000203 -0.5847465
2.38 0.4153638 -0.0000189 -0.5848669
2.39 0.4189569 0.0000176 -0.5849426
2.40
2.41 0.4214656 0.0000152 -0.5851814
2.42 0.422699 0.0000141 -0.5852983
2.43 0.4239189 0.0000132 -0.5854135
2.44 0.4251257 0.0000122 -0.5855273
2.45 0.4263186 0.0000114 -0.5856396
2.46 0.4274996 0.0000106 -0.5857506
2.47 0.428668 0.0000099 -0.5858603
2.48 0.4298248 0.0000092 -0.5859688
2.49 0.4309695 0.0000085 -0.5860762
