#RHF Energy of H10
0.25 -4.53086680687
.26 -4.61814750675
.27 -4.69214837183
.28 -4.75401426041
.29 -4.80474731422
.30 -4.84524459992
.31 -4.87632794795
.32 -4.89876717659
.33 -4.91329717149
.34 -4.92062871532
.35 -4.92145492414
.36 -4.91645304220
.37 -4.90628414944
.38 -4.89158930745
.39 -4.87299623361
.40 -4.85112307903
.41 -4.82660345142
.42 -4.80011968324
.43 -4.77246962037
.44 -4.74465906128
.45 -4.72828921416
.46 -4.74097270175
.47 -4.76357112798
.48 -4.78383774050
.49 -4.80156734668
.50 -4.81680003768
.51 -4.82966322165
.52 -4.84031928346
.53 -4.84894555297
.54 -4.85572499892
.55 -4.86084123306
.56 -4.86447601559
.57 -4.86680678453
.58 -4.86800518677
.59 -4.86823668896
.60 -4.86765927768
.61 -4.86642175470
.62 -4.80829760500
.63 -4.81990977327
.64 -4.82691745915
.65 -4.83097394373
.66 -4.83317593408
.67 -4.83416016862
.68 -4.83435447677
.69 -4.83405976849
.70 -4.83349452748
.71 -4.83281695137
.72 -4.83214272232
.73 -4.88374708036
.74 -4.83110268300
.75 -4.88635678802
.76 -4.88666469929
.77 -4.88634424847
.78 -4.83109523614
.79 -4.88390957113
.80 -4.83203515814
.81 -4.83262547195
.82 -4.83322350681
.83 -4.83376478928
.84 -4.83417286665
.85 -4.83435998961
.86 -4.83422433270
.87 -4.83364737074
.88 -4.83248639338
.89 -4.83057103710
.90 -4.82767879845
.91 -4.82350139209
.92 -4.81749598073
.93 -4.80932319593
.94 -4.86573915755
.95 -4.86675242057
.96 -4.86752167485
.97 -4.86802734521
.98 -4.86825057355
.99 -4.86817621038
1.00 -4.86778842030
1.01 -4.86707495910
1.02 -4.86602598247
1.03 -4.86463192299
1.04 -4.86288465527
1.05 -4.86077894000
1.06 -4.85831019396
1.07 -4.85547425442
1.08 -4.85227061575
1.09 -4.84869831197
1.10 -4.84475644084
1.11 -4.84044883458
1.12 -4.83577656827
1.13 -4.83074353839
1.14 -4.82535462715
1.15 -4.81961571293
1.16 -4.81353371379
1.17 -4.80711667701
1.18 -4.80037393416
1.19 -4.79331770742
1.20 -4.78595953564
1.21 -4.77831621042
1.22 -4.77040520966
1.23 -4.76225506655
1.24 -4.75389601377
1.25 -4.74537152222
1.26 -4.73674612363
1.27 -4.72968487659
1.28 -4.72803692154
1.29 -4.73002010171
1.30 -4.73500961506
1.31 -4.74268182103
1.32 -4.75187549745
1.33 -4.76102560240
1.34 -4.77007234609
1.35 -4.77897669119
1.36 -4.78770616137
1.37 -4.79623452841
1.38 -4.80454022659
1.39 -4.81260583966
1.40 -4.82041734296
1.41 -4.82796332371
1.42 -4.83523470351
1.43 -4.84222440945
1.44 -4.84892661687
1.45 -4.85533711967
1.46 -4.86145261734
1.47 -4.86727066958
1.48 -4.87278954631
1.49 -4.87800859992
1.50 -4.88292734664
1.51 -4.88754570716
1.52 -4.89186393136
1.53 -4.89588402957
1.54 -4.89960549893
1.55 -4.90303188603
1.56 -4.90616292994
1.57 -4.90900200802
1.58 -4.91154984177
1.59 -4.91381042142
1.60 -4.91578459867
1.61 -4.91747690043
1.62 -4.91888963190
1.63 -4.92002356069
1.64 -4.92088378001
1.65 -4.92147429811
1.66 -4.92179587224
1.67 -4.92185245914
1.68 -4.92164822382
1.69 -4.92118753315
1.70 -4.92047074926
1.71 -4.91950426370
1.72 -4.91829043861
1.73 -4.91683380805
1.74 -4.91513658764
1.75 -4.91320332967
1.76 -4.91103605556
1.77 -4.90864206339
1.78 -4.90602343583
1.79 -4.90318197526
1.80 -4.90012226155
1.81 -4.89684897777
1.82 -4.89336362531
1.83 -4.88967076565
1.84 -4.88577853915
1.85 -4.88168479750
1.86 -4.87739402797
1.87 -4.87291078864
1.88 -4.86823970588
1.89 -4.86338143185
1.90 -4.85834038551
1.91 -4.85312104179
1.92 -4.84772792975
1.93 -4.84216113627
1.94 -4.83642494605
1.95 -4.83052368796
1.96 -4.82445688903
1.97 -4.81823357093
1.98 -4.81185310314
1.99 -4.80531441445
2.00 -4.79863195595
2.01 -4.79179395295
2.02 -4.78481503977
2.03 -4.77769947775
2.04 -4.77043411119
2.05 -4.76303996515
2.06 -4.75550925558
2.07 -4.74784560545
2.08 -4.74005266024
2.09 -4.73213408815
2.10 -4.72408700068
2.11 -4.71592143141
2.12 -4.70764111511
2.13 -4.69923586708
2.14 -4.69071577964
2.15 -4.68209149187
2.16 -4.67334471613
2.17 -4.66450060476
2.18 -4.65554010403
2.19 -4.64633213589
2.20 -4.63731227078
2.21 -4.62805141242
2.22 -4.61868602307
2.23 -4.60922716022
2.24 -4.59966952043
2.25 -4.59002447302
2.26 -4.58027772159
2.27 -4.57044941715
2.28 -4.56044704313
2.29 -4.55052441671
2.30 -4.54042378875
2.31 -4.53025323981
2.32 -4.51998725405
2.33 -4.21763037102
2.34 -4.49922659768
2.35 -4.48868058777
2.36 -4.18516096851
2.37 -4.46746343577
2.38 -4.45674704707
2.39 -4.44598667181
2.40 -4.14262794024
2.41 -4.42417325258
2.42 -4.41316254477
2.43 -4.40208185098
2.44 -4.39093336314
2.45 -4.37973085623
2.46 -4.36845357837
2.47 -4.35711518442
2.48 -4.34570590080
2.49 -4.33423972658
