5.0 0.22474786951272291 0.4407199 -0.0000004 -0.5937668
5.25 0.23032811073355966 0.4339839 -0.0000008 -0.5933064
5.50 0.23578063841929153 0.4273593 -0.0000013 -0.5928542
5.75 0.24111432303437602 0.4208087 -0.000002 -0.5924018
6.00 0.24633708657984518 0.4142966 -0.0000032 -0.5919412
6.25 0.25145603955751983 0.4077915 -0.0000048 -0.5914648
6.50 0.25647759350390792 0.4012685 -0.000007 -0.5909653
6.75 0.26140755421862366 0.3947105 -0.0000102 -0.5904357
7.00 0.26625119958804888 0.3881094 -0.0000144 -0.5898695
7.25 0.27101334500631991 0.3814656 -0.0000202 -0.5892606
7.50 0.27569839872782342 0.3747861 -0.0000277 -0.5886033
7.75 0.28031040898329512 0.3680828 -0.0000376 -0.5878924
8.00 0.28485310431016619 0.3613705 -0.0000502 -0.5871231
8.25 0.28932992825516618 0.3546651 -0.0000664 -0.5862909
8.50 0.29374406938062309 0.3479822 -0.0000868 -0.585392
8.75 0.29809848732900202 0.3413367 -0.0001123 -0.584423
9.00 0.30239593556098865 0.3347421 -0.0001439 -0.5833811
9.25 0.30663898127202549 0.3282103 -0.0001826 -0.5822638
9.50 0.31083002290405076 0.3217517 -0.0002299 -0.5810693
9.75 0.31497130559833353 0.3153749 -0.0002871 -0.5797963
10.00 0.31906493487798943 0.3090872 -0.0003557 -0.5784439
10.25 0.32311288880213562 0.3028945 -0.0004377 -0.5770119
10.50 0.32711702879550453 0.2968013 -0.0005349 -0.5755005
10.75 0.33107910932596624 0.2908108 -0.0006495 -0.5739104
11.00 0.33500078657648524 0.2849253 -0.0007838 -0.5722426
11.25 0.33888362623650670 0.2791457 -0.0009403 -0.5704989
11.50 0.34272911051981081 0.2734721 -0.0011217 -0.5686811
11.75 0.34653864450082428 0.2679038 -0.0013308 -0.5667915
12.00 0.35031356184872481 0.2624389 -0.0015709 -0.5648325
12.25 0.35405513002798283 0.2570749 -0.001845 -0.5628069
12.50 0.35776455502492738 0.2518083 -0.0021567 -0.5607175
12.75 0.36144298565221100 0.2466351 -0.0025095 -0.558567
13.00 0.36509151747647400 0.2415496 -0.002907 -0.5563582
13.25 0.36871119640886968 0.2365431 -0.0033533 -0.5540934
13.50 0.37230302199327187 0.231502 -0.0038522 -0.5517748
13.75 0.37586795042281695 0.2203565 -0.0044078 -0.5494038
14.00 0.37940689731182314 0.2083031 -0.0050244 -0.5469811
14.25 0.38292074024700901 0.1962603 -0.0057063 -0.5445065
14.50 0.38641032113921558 0.1842366 -0.0064579 -0.5419783
14.75 0.38987644839447261 0.1722371 -0.0072838 -0.539393
15.00 0.39331989892118169 0.1602682 -0.0081889 -0.5367449
15.25 0.39674141998838264 0.148338 -0.0091784 -0.5340254
15.50 0.40014173094847860 0.1364576 -0.0102579 -0.5312219
15.75 0.40352152483640419 0.1246408 -0.0114341 -0.5283167
16.00 0.40688146985598445 0.1129055 -0.0127149 -0.5252857
16.25 0.41022221076315113 0.1012746 -0.0141102 -0.5220958
16.50 0.41354437015471773 0.0897772 -0.0156336 -0.5187021
16.75 0.41684854967056112 0.0784501 -0.0173043 -0.5150441
17.00 0.42013533111630319 0.0673404 -0.0191511 -0.5110402
17.25 0.42340527751290741 0.0565076 -0.0212187 -0.5065809
17.50 0.42665893407900496 0.0460262 -0.0235796 -0.5015195
17.75 0.42989682915123001 0.0359877 -0.0263527 -0.4956613
18.00 0.43311947504735931 0.0265005 -0.0297284 -0.4887522
18.25 0.43632736887662232 0.0176846 -0.0339728 -0.480468
18.50 0.43952099330116196 0.0096565 -0.0393237 -0.4704104
18.75 0.44270081725227745 0.0024991 -0.0457405 -0.4581178
19.00 0.44586729660476643 -0.0037854 -0.0528035 -0.4431104
19.25 0.44902087481240505 -0.0093213 -0.0599407 -0.4250273
19.50 0.45216198350734593 -0.0143055 -0.0666184 -0.4040525
19.75 0.45529104306598517 -0.0186259 -0.0723758 -0.3819579
20.00 0.45840846314364242 -0.0214278 -0.0769624 -0.3627588
20.25 0.46151464318020630 -0.0220775 -0.080537 -0.3496933
20.50 0.46460997287872730 -0.0211745 -0.0834621 -0.3422847
20.75 0.46769483265878409 -0.0197188 -0.0860092 -0.3384655
21.00 0.47076959408630886 -0.0184193 -0.0883276 -0.3366273
21.25 0.47383462028142359 -0.0176465 -0.0904975 -0.3358496
21.50 0.47689026630572684 -0.0175313 -0.0925648 -0.3356447
21.75 0.47993687953036013 -0.01806 -0.0945588 -0.3357547
22.00 0.48297479998608267 -0.0191505 -0.0965 -0.3360406
22.25 0.48600436069649899 -0.0207058 -0.0984034 -0.3364255
22.50 0.48902588799549546 -0.0226407 -0.1002818 -0.3368659
22.75 0.49203970182987000 -0.024891 -0.1021458 -0.3373369
23.00 0.49504611604806875 -0.0274132 -0.1040055 -0.3378238
23.25 0.49804543867587991 -0.0301806 -0.1058707 -0.3383181
23.50 0.50103797217987622 -0.0331775 -0.1077513 -0.3388149
23.75 0.50402401371934424 -0.0363956 -0.1096581 -0.3393114
24.00 0.50700385538738835 -0.0398291 -0.1116026 -0.339806
24.25 0.50997778444185260 -0.0434721 -0.1135976 -0.3402981
24.50 0.51294608352666027 -0.0473154 -0.1156577 -0.3407873
24.75 0.51590903088413309 -0.0513458 -0.1177989 -0.3412736
25.00 0.51886690055881535 -0.0555456 -0.1200392 -0.3417573
25.25 0.52181996259329522 -0.0598939 -0.1223978 -0.3422386
25.50 0.52476848321648584 -0.0643671 -0.1248944 -0.3427177
25.75 0.52771272502479782 -0.0689415 -0.1275483 -0.3431949
26.00 0.53065294715660993 -0.0735937 -0.1303761 -0.3436707
26.25 0.53358940546042311 -0.0783024 -0.1333897 -0.3441451
26.50 0.53652235265705239 -0.083048 -0.1365944 -0.3446187
26.75 0.53945203849620049 -0.0878137 -0.1399879 -0.3450914
27.00 0.54237870990772830 -0.092585 -0.1435595 -0.3455637
27.25 0.54530261114792489 -0.0973495 -0.1472921 -0.3460357
27.50 0.54822398394106098 -0.1020969 -0.1511639 -0.3465077
27.75 0.55114306761649301 -0.1068186 -0.155151 -0.3469797
28.00 0.55406009924157285 -0.1115072 -0.1592291 -0.347452
28.25 0.55697531375060216 -0.116157 -0.1633754 -0.3479247
28.50 0.55988894407005929 -0.1207629 -0.167569 -0.348398
28.75 0.56280122124031395 -0.1253208 -0.171792 -0.3488721
29.00 0.56571237453403433 -0.1298274 -0.1760288 -0.349347
29.25 0.56862263157148163 -0.1342798 -0.1802663 -0.3498228
29.50 0.57153221843287527 -0.1386757 -0.1844935 -0.3502998
29.75 0.57444135976800692 -0.1430131 -0.1887012 -0.350778
30.00 0.57735027890326807 -0.1472905 -0.192882 -0.3512576
30.25 0.58025919794625369 -0.1515064 -0.1970294 -0.3517387
30.50 0.58316833788809341 -0.1556599 -0.2011384 -0.3522215
30.75 0.58607791870365555 -0.1597499 -0.2052045 -0.3527062
31.00 0.58898815944976501 -0.1637757 -0.2092241 -0.3531929
31.25 0.59189927836156764 -0.1677367 -0.2131942 -0.3536818
31.50 0.59481149294717062 -0.1716324 -0.2171122 -0.3541733
31.75 0.59772502008068074 -0.1754624 -0.2209759 -0.3546676
32.00 0.60064007609376124 -0.1792262 -0.2247835 -0.355165
32.25 0.60355687686581816 -0.1829237 -0.2285334 -0.3556661
32.50 0.60647563791293169 -0.1865547 -0.2322243 -0.3561713
32.75 0.60939657447563289 -0.1901189 -0.235855 -0.3566813
33.00 0.61231990160563299 -0.1936163 -0.2394245 -0.357197
33.25 0.61524583425160395 -0.1970468 -0.2429319 -0.3577192
33.50 0.61817458734410646 -0.2004104 -0.2463764 -0.3582493
33.75 0.62110637587975959 -0.203707 -0.2497575 -0.3587888
34.00 0.62404141500474464 -0.2069368 -0.2530743 -0.3593398
34.25 0.62697992009773107 -0.2100997 -0.2563265 -0.3599046
34.50 0.62992210685231265 -0.2131959 -0.2595135 -0.3604866
34.75 0.63286819135903882 -0.2162254 -0.2626349 -0.3610896
35.00 0.63581839018712483 -0.2191884 -0.2656902 -0.361719
35.25 0.63877292046592293 -0.2220851 -0.2686792 -0.3623811
35.50 0.64173199996623487 -0.2249156 -0.2716013 -0.3630844
35.75 0.64469584718154593 -0.2276802 -0.2744564 -0.3638389
36.00 0.64766468140925815 -0.2303791 -0.2772441 -0.3646575
36.25 0.65063872283200119 -0.2330126 -0.2799642 -0.3655547
36.50 0.65361819259909770 -0.235581 -0.2826164 -0.3665472
36.75 0.65660331290825846 -0.2380845 -0.2852004 -0.3676513
37.00 0.65959430708758449 -0.2405236 -0.287716 -0.3688809
37.25 0.66259139967795155 -0.2428986 -0.290163 -0.3702441
37.50 0.66559481651585173 -0.2452099 -0.2925413 -0.3717398
37.75 0.66860478481676788 -0.247458 -0.2948505 -0.3733573
38.00 0.67162153325915808 -0.2496433 -0.2970905 -0.3750773
38.25 0.67464529206912238 -0.2517662 -0.2992612 -0.3768757
38.50 0.67767629310583211 -0.2538272 -0.3013624 -0.3787267
38.75 0.68071476994779589 -0.2558267 -0.3033938 -0.380606
39.00 0.68376095798003989 -0.2577653 -0.3053553 -0.382492
39.25 0.68681509448228206 -0.2596434 -0.3072468 -0.3843662
39.50 0.68987741871817743 -0.2614612 -0.309068 -0.3862131
39.75 0.69294817202571524 -0.2632191 -0.3108187 -0.3880197
40.00 0.69602759790885060 -0.2649173 -0.3124986 -0.3897752
40.25 0.69911594213045092 -0.2665558 -0.3141075 -0.3914707
40.50 0.70221345280664171 -0.2681345 -0.3156449 -0.3930982
40.75 0.70532038050263912 -0.2696529 -0.3171104 -0.3946511
41.00 0.70843697833015451 -0.2711104 -0.3185035 -0.3961238
41.25 0.71156350204645979 -0.2725059 -0.3198234 -0.3975112
41.50 0.71470021015520846 -0.2738379 -0.3210694 -0.3988095
41.75 0.71784736400909988 -0.2751046 -0.3222404 -0.4000151
42.00 0.72100522791448773 -0.2763034 -0.3233353 -0.4011256
42.25 0.72417406923802852 -0.2774313 -0.3243527 -0.4021394
42.50 0.72735415851547003 -0.2784848 -0.3252912 -0.4030556
42.75 0.73054576956268569 -0.2794598 -0.3261489 -0.4038743
43.00 0.73374917958905994 -0.2803515 -0.3269239 -0.4045965
43.25 0.73696466931333482 -0.2811552 -0.3276144 -0.4052238
43.50 0.74019252308203054 -0.2818657 -0.3282182 -0.4057587
43.75 0.74343302899055930 -0.2824777 -0.3287333 -0.406204
44.00 0.74668647900714824 -0.2829863 -0.3291578 -0.4065627
44.25 0.74995316909970178 -0.2833872 -0.32949 -0.4068379
44.50 0.75323339936572720 -0.2836764 -0.3297284 -0.4070323
44.75 0.75652747416546084 -0.2838511 -0.3298719 -0.407148
45.00 0.75983570225832975 -0.2839096 -0.3299198 -0.4071864
45.25 0.76315839694289456 -0.2838511 -0.3298719 -0.407148
45.50 0.76649587620041937 -0.2836764 -0.3297284 -0.4070323
45.75 0.76984846284222430 -0.2833872 -0.32949 -0.4068379
46.00 0.77321648466098036 -0.2829863 -0.3291578 -0.4065627
46.25 0.77660027458611014 -0.2824777 -0.3287333 -0.406204
46.50 0.78000017084346973 -0.2818657 -0.3282182 -0.4057587
46.75 0.78341651711948912 -0.2811552 -0.3276144 -0.4052238
47.00 0.78684966272995749 -0.2803515 -0.3269239 -0.4045965
47.25 0.79029996279364645 -0.2794598 -0.3261489 -0.4038743
47.50 0.79376777841097601 -0.2784848 -0.3252912 -0.4030556
47.75 0.79725347684792980 -0.2774313 -0.3243527 -0.4021394
48.00 0.80075743172543956 -0.2763034 -0.3233353 -0.4011256
48.25 0.80428002321446923 -0.2751046 -0.3222404 -0.4000151
48.50 0.80782163823703412 -0.2738379 -0.3210694 -0.3988095
48.75 0.81138267067340353 -0.2725059 -0.3198234 -0.3975112
49.00 0.81496352157574936 -0.2711104 -0.3185035 -0.3961238
49.25 0.81856459938850701 -0.2696529 -0.3171104 -0.3946511
49.50 0.82218632017573356 -0.2681345 -0.3156449 -0.3930982
49.75 0.82582910785575958 -0.2665558 -0.3141075 -0.3914706
50.00 0.82949339444344139 -0.2649173 -0.3124986 -0.3897752
50.25 0.83317962030033754 -0.2632191 -0.3108187 -0.3880197
50.50 0.83688823439314863 -0.2614612 -0.309068 -0.3862131
50.75 0.84061969456077290 -0.2596433 -0.3072468 -0.3843662
51.00 0.84437446779034697 -0.2577653 -0.3053553 -0.382492
51.25 0.84815303050266300 -0.2558267 -0.3033938 -0.380606
51.50 0.85195586884736429 -0.2538272 -0.3013624 -0.3787267
51.75 0.85578347900834917 -0.2517661 -0.2992612 -0.3768757
52.00 0.85963636751982619 -0.2496433 -0.2970905 -0.3750773
52.25 0.86351505159349251 -0.247458 -0.2948505 -0.3733573
52.50 0.86742005945732381 -0.2452099 -0.2925413 -0.3717398
52.75 0.87135193070649397 -0.2428986 -0.290163 -0.3702441
53.00 0.87531121666696521 -0.2405236 -0.287716 -0.3688809
53.25 0.87929848077231665 -0.2380845 -0.2852004 -0.3676513
53.50 0.88331429895441260 -0.235581 -0.2826164 -0.3665472
53.75 0.88735926004853483 -0.2330126 -0.2799642 -0.3655547
54.00 0.89143396621364279 -0.2303791 -0.2772441 -0.3646575
54.25 0.89553903336845653 -0.2276802 -0.2744564 -0.3638389
54.50 0.89967509164409376 -0.2249156 -0.2716013 -0.3630844
54.75 0.90384278585403033 -0.2220851 -0.2686791 -0.3623811
55.00 0.90804277598219907 -0.2191884 -0.2656902 -0.361719
55.25 0.91227573769007742 -0.2162254 -0.2626349 -0.3610896
55.50 0.91654236284366797 -0.2131959 -0.2595135 -0.3604866
55.75 0.92084336006132139 -0.2100997 -0.2563265 -0.3599046
56.00 0.92517945528340284 -0.2069368 -0.2530743 -0.3593398
56.25 0.92955139236486140 -0.203707 -0.2497575 -0.3587888
56.50 0.93395993369181618 -0.2004104 -0.2463764 -0.3582493
56.75 0.93840586082334254 -0.1970468 -0.2429319 -0.3577192
57.00 0.94288997515969897 -0.1936163 -0.2394244 -0.357197
57.25 0.94741309863831702 -0.1901189 -0.2358549 -0.3566813
57.50 0.95197607445894206 -0.1865547 -0.2322242 -0.3561713
57.75 0.95657976783940157 -0.1829237 -0.2285334 -0.3556661
58.00 0.96122506680355879 -0.1792262 -0.2247834 -0.355165
58.25 0.96591288300310196 -0.1754624 -0.2209758 -0.3546676
58.50 0.97064415257492132 -0.1716324 -0.2171121 -0.3541733
58.75 0.97541983703592194 -0.1677367 -0.2131942 -0.3536818
59.00 0.98024092421724396 -0.1637757 -0.2092241 -0.3531929
59.25 0.98510842923997155 -0.1597499 -0.2052045 -0.3527062
59.50 0.99002339553454166 -0.1556599 -0.2011384 -0.3522215
59.75 0.99498689590620693 -0.1515064 -0.1970294 -0.3517387
60.00 1.0000000336490449 -0.1472904 -0.192882 -0.3512576
60.25 1.0050639437111659 -0.1430131 -0.1887012 -0.350778
60.50 1.0101797939139427 -0.1386757 -0.1844935 -0.3502998
60.75 1.0153487862282633 -0.1342798 -0.1802663 -0.3498228
61.00 1.0205721581109972 -0.1298274 -0.1760288 -0.3493469
61.25 1.0258511839050852 -0.1253208 -0.171792 -0.3488721
61.50 1.0311871763068714 -0.1207629 -0.167569 -0.348398
61.75 1.0365814879045478 -0.116157 -0.1633754 -0.3479247
62.00 1.0420355127918348 -0.1115072 -0.1592291 -0.347452
62.25 1.0475506882612993 -0.1068186 -0.155151 -0.3469797
62.50 1.0531284965820111 -0.1020969 -0.1511639 -0.3465077
62.75 1.0587704668665670 -0.0973495 -0.1472921 -0.3460357
63.00 1.0644781770328475 -0.092585 -0.1435594 -0.3455637
63.25 1.0702532558662603 -0.0878137 -0.1399879 -0.3450914
63.50 1.0760973851886237 -0.083048 -0.1365944 -0.3446186
63.75 1.0820123021402799 -0.0783024 -0.1333897 -0.3441451
64.00 1.0879998015825072 -0.0735937 -0.130376 -0.3436707
64.25 1.0940617386278098 -0.0689415 -0.1275483 -0.3431949
64.50 1.1002000313062268 -0.0643671 -0.1248944 -0.3427177
64.75 1.1064166633763877 -0.0598938 -0.1223977 -0.3422386
65.00 1.1127136872907215 -0.0555456 -0.1200392 -0.3417573
65.25 1.1190932273249123 -0.0513457 -0.1177989 -0.3412736
65.50 1.1255574828824770 -0.0473154 -0.1156577 -0.3407873
65.75 1.1321087319861824 -0.0434721 -0.1135976 -0.3402981
66.00 1.1387493349689228 -0.0398291 -0.1116025 -0.339806
66.25 1.1454817383776770 -0.0363956 -0.1096581 -0.3393114
66.50 1.1523084791052536 -0.0331775 -0.1077513 -0.3388149
66.75 1.1592321887657087 -0.0301805 -0.1058706 -0.3383181
67.00 1.1662555983306084 -0.0274132 -0.1040055 -0.3378238
67.25 1.1733815430447392 -0.0248909 -0.1021458 -0.3373369
67.50 1.1806129676413906 -0.0226407 -0.1002818 -0.3368659
67.75 1.1879529318790409 -0.0207058 -0.0984034 -0.3364255
68.00 1.1954046164231349 -0.0191505 -0.0964999 -0.3360406
68.25 1.2029713290986654 -0.01806 -0.0945588 -0.3357547
68.50 1.2106565115415191 -0.0175313 -0.0925648 -0.3356447
68.75 1.2184637462790018 -0.0176465 -0.0904974 -0.3358496
69.00 1.2263967642726714 -0.0184193 -0.0883276 -0.3366273
69.25 1.2344594529595776 -0.0197188 -0.0860092 -0.3384655
69.50 1.2426558648313226 -0.0211745 -0.0834621 -0.3422847
69.75 1.2509902265939778 -0.0220775 -0.080537 -0.3496933
70.00 1.2594669489559134 -0.0214278 -0.0769624 -0.3627588
70.25 1.2680906370950717 -0.0186259 -0.0723758 -0.381958
70.50 1.2768661018621295 -0.0143055 -0.0666184 -0.4040526
70.75 1.2857983717814927 -0.0093212 -0.0599407 -0.4250274
71.00 1.2948927059181552 -0.0037854 -0.0528035 -0.4431104
71.25 1.3041546076852373 0.0024992 -0.0457405 -0.4581178
71.50 1.3135898396745678 0.0096565 -0.0393237 -0.4704104
71.75 1.3232044396011293 0.0176846 -0.0339728 -0.480468
72.00 1.3330047374615932 0.0265005 -0.0297284 -0.4887522
72.25 1.3429973740177321 0.0359877 -0.0263527 -0.4956613
72.50 1.3531893207273342 0.0460262 -0.0235796 -0.5015195
72.75 1.3635879012585173 0.0565076 -0.0212187 -0.5065809
73.00 1.3742008147382716 0.0673405 -0.0191511 -0.5110403
73.25 1.3850361609029067 0.0784501 -0.0173043 -0.5150441
73.50 1.3961024673370386 0.0897772 -0.0156336 -0.5187021
73.75 1.4074087190092159 0.1012747 -0.0141102 -0.5220958
74.00 1.4189643903365978 0.1129055 -0.0127149 -0.5252857
74.25 1.4307794800386300 0.1246408 -0.0114341 -0.5283167
74.50 1.4428645490710084 0.1364576 -0.0102579 -0.5312219
74.75 1.4552307619668963 0.1483381 -0.0091784 -0.5340254
75.00 1.4678899319530556 0.1602682 -0.0081889 -0.5367449
75.25 1.4808545702551064 0.1722371 -0.0072838 -0.539393
75.50 1.4941379400594756 0.1842366 -0.0064579 -0.5419783
75.75 1.5077541156608558 0.1962603 -0.0057063 -0.5445065
76.00 1.5217180473945009 0.2083031 -0.0050244 -0.5469811
76.25 1.5360456330340897 0.2203566 -0.0044078 -0.5494038
76.50 1.5507537964299845 0.231502 -0.0038522 -0.5517748
76.75 1.5658605742718710 0.2365431 -0.0033533 -0.5540934
77.00 1.5813852119866876 0.2415496 -0.002907 -0.5563582
77.25 1.5973482699307082 0.2466351 -0.0025095 -0.558567
77.50 1.6137717412076256 0.2518083 -0.0021567 -0.5607175
77.75 1.6306791826473761 0.2570749 -0.001845 -0.562807
78.00 1.6480958607190197 0.2624389 -0.0015709 -0.5648325
78.25 1.6660489144325314 0.2679038 -0.0013308 -0.5667915
78.50 1.6845675376176648 0.2734721 -0.0011217 -0.5686811
78.75 1.7036831833639368 0.2791457 -0.0009403 -0.5704989
79.00 1.7234297938777567 0.2849253 -0.0007838 -0.5722427
79.25 1.7438440595774944 0.2908108 -0.0006495 -0.5739104
79.50 1.7649657119256603 0.2968013 -0.0005349 -0.5755005
79.75 1.7868378553155890 0.3028945 -0.0004377 -0.5770119
80.00 1.8095073443210954 0.3090872 -0.0003557 -0.5784439
80.25 1.8330252138232914 0.3153749 -0.0002871 -0.5797963
80.50 1.8574471710024862 0.3217517 -0.0002299 -0.5810693
80.75 1.8828341599932619 0.3282103 -0.0001826 -0.5822638
81.00 1.9092530122354845 0.3347421 -0.0001439 -0.5833811
81.25 1.9367771983277440 0.3413367 -0.0001123 -0.584423
81.50 1.9654877006520655 0.3479822 -0.0000868 -0.585392
81.75 1.9954740303864316 0.3546651 -0.0000664 -0.5862909
82.00 2.0268354180156947 0.3613705 -0.0000502 -0.5871231
