5.0 0.22474786951272291 -0.71693 -0.20194 -0.16767 0.59927 .03427
5.25 0.23032811073355966 -0.70963 -0.20183 -0.16672 0.58161 .03511
5.50 0.23578063841929153 -0.70228 -0.20165 -0.16571 0.56462 .03594
5.75 0.24111432303437602 -0.69486 -0.20139 -0.16464 0.54829 .03675
6.00 0.24633708657984518 -0.68740 -0.20106 -0.16351 0.53256 .03755
6.25 0.25145603955751983 -0.67989 -0.20064 -0.16232 0.51741 .03832
6.50 0.25647759350390792 -0.67234 -0.20013 -0.16105 0.50279 .03908
6.75 0.26140755421862366 -0.66475 -0.19954 -0.15971 0.48868 .03983
7.00 0.26625119958804888 -0.65714 -0.19886 -0.15830 0.47505 .04056
7.25 0.27101334500631991 -0.64951 -0.19810 -0.15681 0.46187 .04129
7.50 0.27569839872782342 -0.64186 -0.19724 -0.15523 0.44911 .04201
7.75 0.28031040898329512 -0.63420 -0.19629 -0.15358 0.43676 .04271
8.00 0.28485310431016619 -0.62653 -0.19524 -0.15184 0.42478 .04340
8.25 0.28932992825516618 -0.61887 -0.19410 -0.15002 0.41317 .04408
8.50 0.29374406938062309 -0.61122 -0.19286 -0.14811 0.40188 .04475
8.75 0.29809848732900202 -0.60359 -0.19153 -0.14611 0.39092 .04542
9.00 0.30239593556098865 -0.59597 -0.19009 -0.14402 0.38025 .04607
9.25 0.30663898127202549 -0.58838 -0.18855 -0.14184 0.36986 .04671
9.50 0.31083002290405076 -0.58082 -0.18691 -0.13956 0.35974 .04735
9.75 0.31497130559833353 -0.57330 -0.18517 -0.13720 0.34987 .04797
10.00 0.31906493487798943 -0.56583 -0.18333 -0.13475 0.34024 .04858
10.25 0.32311288880213562 -0.55840 -0.18138 -0.13221 0.33082 .04917
10.50 0.32711702879550453 -0.55103 -0.17934 -0.12957 0.32162 .04977
10.75 0.33107910932596624 -0.54371 -0.17718 -0.12685 0.31262 .05033
11.00 0.33500078657648524 -0.53646 -0.17493 -0.12404 0.30381 .05089
11.25 0.33888362623650670 -0.52927 -0.17257 -0.12115 0.29518 .05142
11.50 0.34272911051981081 -0.52216 -0.17011 -0.11817 0.28672 .05194
11.75 0.34653864450082428 -0.51512 -0.16754 -0.11511 0.27842 .05243
12.00 0.35031356184872481 -0.50815 -0.16488 -0.11197 0.27027 .05291
12.25 0.35405513002798283 -0.50127 -0.16211 -0.10875 0.26228 .05336
12.50 0.35776455502492738 -0.49447 -0.15925 -0.10546 0.25443 .05379
12.75 0.36144298565221100 -0.48776 -0.15628 -0.10210 0.24671 .05418
13.00 0.36509151747647400 -0.48113 -0.15322 -0.09867 0.23913 .05455
13.25 0.36871119640886968 -0.47459 -0.15006 -0.09518 0.23167 .05488
13.50 0.37230302199327187 -0.46815 -0.14681 -0.09162 0.22434 .05519
13.75 0.37586795042281695 -0.46179 -0.14347 -0.08801 0.21713 .05546
14.00 0.37940689731182314 -0.45553 -0.14004 -0.08435 0.21004 .05569
14.25 0.38292074024700901 -0.44936 -0.13652 -0.08065 0.20306 .05587
14.50 0.38641032113921558 -0.44329 -0.13292 -0.07690 0.19620 .05602
14.75 0.38987644839447261 -0.43730 -0.12924 -0.07312 0.18945 .05612
15.00 0.39331989892118169 -0.43141 -0.12548 -0.06931 0.18282 .05617
15.25 0.39674141998838264 -0.42561 -0.12166 -0.06548 0.17630 .05618
15.50 0.40014173094847860 -0.41990 -0.11778 -0.06164 0.16989 .05614
15.75 0.40352152483640419 -0.41427 -0.11385 -0.05779 0.16361 .05606
16.00 0.40688146985598445 -0.40872 -0.10988 -0.05394 0.15745 .05594
16.25 0.41022221076315113 -0.40324 -0.10589 -0.05012 0.15142 .05577
16.50 0.41354437015471773 -0.39783 -0.10188 -0.04633 0.14553 .05555
16.75 0.41684854967056112 -0.39248 -0.09788 -0.04259 0.13979 .05529
17.00 0.42013533111630319 -0.38718 -0.09392 -0.03892 0.13421 .05500
17.25 0.42340527751290741 -0.38190 -0.09004 -0.03535 0.12883 .05469
17.50 0.42665893407900496 -0.37662 -0.08627 -0.03191 0.12365 .05436
17.75 0.42989682915123001 -0.37133 -0.08266 -0.02863 0.11873 .05403
18.00 0.43311947504735931 -0.36599 -0.07930 -0.02555 0.11409 .05375
18.25 0.43632736887662232 -0.36057 -0.07625 -0.02273 0.10978 .05352
18.50 0.43952099330116196 -0.35502 -0.07364 -0.02020 0.10583 .05344
18.75 0.44270081725227745 -0.34932 -0.07158 -0.01799 0.10227 .05359
19.00 0.44586729660476643 -0.34347 -0.07024 -0.01613 0.09907 .05411
19.25 0.44902087481240505 -0.33750 -0.06983 -0.01461 0.09617 .05522
19.50 0.45216198350734593 -0.33154 -0.07062 -0.01345 0.09350 .05717
19.75 0.45529104306598517 -0.32585 -0.07286 -0.01281 0.09116 .06005
20.00 0.45840846314364242 -0.32078 -0.07644 -0.01307 0.08963 .06337
20.25 0.46151464318020630 -0.31646 -0.08080 -0.01450 0.08936 .06630
20.50 0.46460997287872730 -0.31274 -0.08542 -0.01701 0.09031 .06841
20.75 0.46769483265878409 -0.30942 -0.09005 -0.02026 0.09210 .06979
21.00 0.47076959408630886 -0.30636 -0.09464 -0.02399 0.09438 .07065
21.25 0.47383462028142359 -0.30347 -0.09917 -0.02800 0.09694 .07117
21.50 0.47689026630572684 -0.30072 -0.10364 -0.03220 0.09962 .07144
21.75 0.47993687953036013 -0.29807 -0.10804 -0.03650 0.10233 .07154
22.00 0.48297479998608267 -0.29549 -0.11238 -0.04084 0.10500 .07154
22.25 0.48600436069649899 -0.29298 -0.11665 -0.04521 0.10759 .07144
22.50 0.48902588799549546 -0.29052 -0.12085 -0.04956 0.11007 .07129
22.75 0.49203970182987000 -0.28811 -0.12499 -0.05390 0.11241 .07109
23.00 0.49504611604806875 -0.28574 -0.12905 -0.05820 0.11459 .07085
23.25 0.49804543867587991 -0.28341 -0.13304 -0.06245 0.11660 .07059
23.50 0.50103797217987622 -0.28111 -0.13695 -0.06666 0.11842 .07029
23.75 0.50402401371934424 -0.27885 -0.14079 -0.07081 0.12005 .06998
24.00 0.50700385538738835 -0.27662 -0.14456 -0.07490 0.12149 .06966
24.25 0.50997778444185260 -0.27441 -0.14824 -0.07893 0.12273 .06931
24.50 0.51294608352666027 -0.27224 -0.15185 -0.08289 0.12378 .06896
24.75 0.51590903088413309 -0.27009 -0.15538 -0.08679 0.12464 .06859
25.00 0.51886690055881535 -0.26796 -0.15884 -0.09063 0.12531 .06821
25.25 0.52181996259329522 -0.26586 -0.16221 -0.09439 0.12581 .06782
25.50 0.52476848321648584 -0.26379 -0.16551 -0.09809 0.12615 .06742
25.75 0.52771272502479782 -0.26174 -0.16873 -0.10173 0.12633 .06700
26.00 0.53065294715660993 -0.25972 -0.17187 -0.10529 0.12636 .06658
26.25 0.53358940546042311 -0.25773 -0.17493 -0.10879 0.12627 .06614
26.50 0.53652235265705239 -0.25576 -0.17790 -0.11222 0.12607 .06568
26.75 0.53945203849620049 -0.25382 -0.18080 -0.11559 0.12575 .06521
27.00 0.54237870990772830 -0.25192 -0.18361 -0.11888 0.12535 .06473
27.25 0.54530261114792489 -0.25004 -0.18634 -0.12211 0.12486 .06423
27.50 0.54822398394106098 -0.24820 -0.18898 -0.12528 0.12430 .06370
27.75 0.55114306761649301 -0.24640 -0.19153 -0.12838 0.12368 .06315
28.00 0.55406009924157285 -0.24464 -0.19398 -0.13141 0.12301 .06257
28.25 0.55697531375060216 -0.24293 -0.19634 -0.13438 0.12229 .06196
28.50 0.55988894407005929 -0.24128 -0.19858 -0.13728 0.12154 .06130
28.75 0.56280122124031395 -0.23969 -0.20072 -0.14013 0.12076 .06059
29.00 0.56571237453403433 -0.23819 -0.20272 -0.14291 0.11995 .05981
29.25 0.56862263157148163 -0.23678 -0.20457 -0.14562 0.11913 .05895
29.50 0.57153221843287527 -0.23550 -0.20625 -0.14828 0.11829 .05797
29.75 0.57444135976800692 -0.23438 -0.20774 -0.15088 0.11745 .05686
30.00 0.57735027890326807 -0.23344 -0.20898 -0.15341 0.11661 .05557
30.25 0.58025919794625369 -0.23274 -0.20995 -0.15589 0.11576 .05406
30.50 0.58316833788809341 -0.23232 -0.21060 -0.15830 0.11492 .05230
30.75 0.58607791870365555 -0.23219 -0.21091 -0.16066 0.11408 .05025
31.00 0.58898815944976501 -0.23235 -0.21088 -0.16296 0.11325 .04792
31.25 0.59189927836156764 -0.23279 -0.21055 -0.16520 0.11243 .04535
31.50 0.59481149294717062 -0.23345 -0.20994 -0.16739 0.11162 .04255
31.75 0.59772502008068074 -0.23428 -0.20913 -0.16952 0.11083 .03961
32.00 0.60064007609376124 -0.23524 -0.20816 -0.17160 0.11005 .03656
32.25 0.60355687686581816 -0.23629 -0.20706 -0.17362 0.10929 .03344
32.50 0.60647563791293169 -0.23738 -0.20588 -0.17558 0.10855 .03030
32.75 0.60939657447563289 -0.23851 -0.20463 -0.17750 0.10783 .02713
33.00 0.61231990160563299 -0.23965 -0.20334 -0.17936 0.10712 .02398
33.25 0.61524583425160395 -0.24078 -0.20202 -0.18117 0.10644 .02085
33.50 0.61817458734410646 -0.24191 -0.20067 -0.18293 0.10578 .01774
33.75 0.62110637587975959 -0.24302 -0.19932 -0.18463 0.10514 .01469
34.00 0.62404141500474464 -0.24410 -0.19796 -0.18629 0.10452 .01167
34.25 0.62697992009773107 -0.24516 -0.19660 -0.18790 0.10392 .00870
34.50 0.62992210685231265 -0.24619 -0.19525 -0.18946 0.10334 .00579
34.75 0.63286819135903882 -0.24719 -0.19390 -0.19097 0.10279 .00293
35.00 0.63581839018712483 -0.24815 -0.19256 -0.19243 0.10226 .00013
35.25 0.63877292046592293 -0.24909 -0.19124 -0.19385 0.10175 -.00261
35.50 0.64173199996623487 -0.24998 -0.18992 -0.19522 0.10126 -.00530
35.75 0.64469584718154593 -0.25085 -0.18863 -0.19655 0.10079 -.00792
36.00 0.64766468140925815 -0.25168 -0.18735 -0.19783 0.10035 -.01048
36.25 0.65063872283200119 -0.25247 -0.18608 -0.19906 0.09992 -.01298
36.50 0.65361819259909770 -0.25323 -0.18484 -0.20025 0.09952 -.01541
36.75 0.65660331290825846 -0.25396 -0.18362 -0.20140 0.09914 -.01778
37.00 0.65959430708758449 -0.25465 -0.18241 -0.20251 0.09877 -.02010
37.25 0.66259139967795155 -0.25532 -0.18123 -0.20358 0.09843 -.02235
37.50 0.66559481651585173 -0.25594 -0.18007 -0.20460 0.09811 -.02453
37.75 0.66860478481676788 -0.25654 -0.17894 -0.20558 0.09781 -.02664
38.00 0.67162153325915808 -0.25711 -0.17782 -0.20652 0.09752 -.02870
38.25 0.67464529206912238 -0.25765 -0.17674 -0.20743 0.09725 -.03069
38.50 0.67767629310583211 -0.25816 -0.17567 -0.20829 0.09700 -.03262
38.75 0.68071476994779589 -0.25863 -0.17464 -0.20912 0.09677 -.03448
39.00 0.68376095798003989 -0.25909 -0.17363 -0.20990 0.09656 -.03627
39.25 0.68681509448228206 -0.25951 -0.17264 -0.21065 0.09636 -.03801
39.50 0.68987741871817743 -0.25991 -0.17169 -0.21137 0.09618 -.03968
39.75 0.69294817202571524 -0.26028 -0.17076 -0.21205 0.09601 -.04129
40.00 0.69602759790885060 -0.26063 -0.16987 -0.21269 0.09586 -.04282
40.25 0.69911594213045092 -0.26095 -0.16900 -0.21329 0.09572 -.04429
40.50 0.70221345280664171 -0.26125 -0.16817 -0.21386 0.09560 -.04569
40.75 0.70532038050263912 -0.26153 -0.16737 -0.21440 0.09549 -.04703
41.00 0.70843697833015451 -0.26178 -0.16660 -0.21490 0.09540 -.04830
41.25 0.71156350204645979 -0.26201 -0.16587 -0.21537 0.09532 -.04950
41.50 0.71470021015520846 -0.26223 -0.16517 -0.21581 0.09525 -.05064
41.75 0.71784736400909988 -0.26242 -0.16451 -0.21621 0.09519 -.05170
42.00 0.72100522791448773 -0.26259 -0.16389 -0.21658 0.09515 -.05269
42.25 0.72417406923802852 -0.26275 -0.16331 -0.21692 0.09511 -.05361
42.50 0.72735415851547003 -0.26288 -0.16278 -0.21722 0.09509 -.05444
42.75 0.73054576956268569 -0.26300 -0.16229 -0.21750 0.09507 -.05521
43.00 0.73374917958905994 -0.26311 -0.16185 -0.21774 0.09506 -.05589
43.25 0.73696466931333482 -0.26320 -0.16145 -0.21796 0.09506 -.05651
43.50 0.74019252308203054 -0.26327 -0.16110 -0.21814 0.09506 -.05704
43.75 0.74343302899055930 -0.26334 -0.16081 -0.21830 0.09507 -.05749
44.00 0.74668647900714824 -0.26339 -0.16056 -0.21842 0.09507 -.05786
44.25 0.74995316909970178 -0.26342 -0.16037 -0.21852 0.09508 -.05815
44.50 0.75323339936572720 -0.26345 -0.16024 -0.21859 0.09508 -.05835
44.75 0.75652747416546084 -0.26347 -0.16015 -0.21863 0.09509 -.05848
45.00 0.75983570225832975 -0.26347 -0.16013 -0.21865 0.09509 -.05852
45.25 0.76315839694289456 -0.26347 -0.16015 -0.21863 0.09509 -.05848
45.50 0.76649587620041937 -0.26345 -0.16024 -0.21859 0.09508 -.05835
45.75 0.76984846284222430 -0.26342 -0.16037 -0.21852 0.09508 -.05815
46.00 0.77321648466098036 -0.26339 -0.16056 -0.21842 0.09507 -.05786
46.25 0.77660027458611014 -0.26334 -0.16081 -0.21830 0.09507 -.05749
46.50 0.78000017084346973 -0.26327 -0.16110 -0.21814 0.09506 -.05704
46.75 0.78341651711948912 -0.26320 -0.16145 -0.21796 0.09506 -.05651
47.00 0.78684966272995749 -0.26311 -0.16185 -0.21774 0.09506 -.05589
47.25 0.79029996279364645 -0.26300 -0.16229 -0.21750 0.09507 -.05521
47.50 0.79376777841097601 -0.26288 -0.16278 -0.21722 0.09509 -.05444
47.75 0.79725347684792980 -0.26275 -0.16331 -0.21692 0.09511 -.05361
48.00 0.80075743172543956 -0.26259 -0.16389 -0.21658 0.09515 -.05269
48.25 0.80428002321446923 -0.26242 -0.16451 -0.21621 0.09519 -.05170
48.50 0.80782163823703412 -0.26223 -0.16517 -0.21581 0.09525 -.05064
48.75 0.81138267067340353 -0.26201 -0.16587 -0.21537 0.09532 -.04950
49.00 0.81496352157574936 -0.26178 -0.16660 -0.21490 0.09540 -.04830
49.25 0.81856459938850701 -0.26153 -0.16737 -0.21440 0.09549 -.04703
49.50 0.82218632017573356 -0.26125 -0.16817 -0.21386 0.09560 -.04569
49.75 0.82582910785575958 -0.26095 -0.16900 -0.21329 0.09572 -.04429
50.00 0.82949339444344139 -0.26063 -0.16987 -0.21269 0.09586 -.04282
50.25 0.83317962030033754 -0.26028 -0.17076 -0.21205 0.09601 -.04129
50.50 0.83688823439314863 -0.25991 -0.17169 -0.21137 0.09618 -.03968
50.75 0.84061969456077290 -0.25951 -0.17264 -0.21065 0.09636 -.03801
51.00 0.84437446779034697 -0.25909 -0.17363 -0.20990 0.09656 -.03627
51.25 0.84815303050266300 -0.25863 -0.17464 -0.20912 0.09677 -.03448
51.50 0.85195586884736429 -0.25816 -0.17567 -0.20829 0.09700 -.03262
51.75 0.85578347900834917 -0.25765 -0.17674 -0.20743 0.09725 -.03069
52.00 0.85963636751982619 -0.25711 -0.17782 -0.20652 0.09752 -.02870
52.25 0.86351505159349251 -0.25654 -0.17894 -0.20558 0.09781 -.02664
52.50 0.86742005945732381 -0.25594 -0.18007 -0.20460 0.09811 -.02453
52.75 0.87135193070649397 -0.25532 -0.18123 -0.20358 0.09843 -.02235
53.00 0.87531121666696521 -0.25465 -0.18241 -0.20251 0.09877 -.02010
53.25 0.87929848077231665 -0.25396 -0.18362 -0.20140 0.09914 -.01778
53.50 0.88331429895441260 -0.25323 -0.18484 -0.20025 0.09952 -.01541
53.75 0.88735926004853483 -0.25247 -0.18608 -0.19906 0.09992 -.01298
54.00 0.89143396621364279 -0.25168 -0.18735 -0.19783 0.10035 -.01048
54.25 0.89553903336845653 -0.25085 -0.18863 -0.19655 0.10079 -.00792
54.50 0.89967509164409376 -0.24998 -0.18992 -0.19522 0.10126 -.00530
54.75 0.90384278585403033 -0.24909 -0.19124 -0.19385 0.10175 -.00261
55.00 0.90804277598219907 -0.24815 -0.19256 -0.19243 0.10226 .00013
55.25 0.91227573769007742 -0.24719 -0.19390 -0.19097 0.10279 .00293
55.50 0.91654236284366797 -0.24619 -0.19525 -0.18946 0.10334 .00579
55.75 0.92084336006132139 -0.24516 -0.19660 -0.18790 0.10392 .00870
56.00 0.92517945528340284 -0.24410 -0.19796 -0.18629 0.10452 .01167
56.25 0.92955139236486140 -0.24302 -0.19932 -0.18463 0.10514 .01469
56.50 0.93395993369181618 -0.24191 -0.20067 -0.18293 0.10578 .01774
56.75 0.93840586082334254 -0.24078 -0.20202 -0.18117 0.10644 .02085
57.00 0.94288997515969897 -0.23965 -0.20334 -0.17936 0.10712 .02398
57.25 0.94741309863831702 -0.23851 -0.20463 -0.17750 0.10783 .02713
57.50 0.95197607445894206 -0.23738 -0.20588 -0.17558 0.10855 .03030
57.75 0.95657976783940157 -0.23629 -0.20706 -0.17362 0.10929 .03344
58.00 0.96122506680355879 -0.23524 -0.20816 -0.17160 0.11005 .03656
58.25 0.96591288300310196 -0.23428 -0.20913 -0.16952 0.11083 .03961
58.50 0.97064415257492132 -0.23345 -0.20994 -0.16739 0.11162 .04255
58.75 0.97541983703592194 -0.23279 -0.21055 -0.16520 0.11243 .04535
59.00 0.98024092421724396 -0.23235 -0.21088 -0.16296 0.11325 .04792
59.25 0.98510842923997155 -0.23219 -0.21091 -0.16066 0.11408 .05025
59.50 0.99002339553454166 -0.23232 -0.21060 -0.15830 0.11492 .05230
59.75 0.99498689590620693 -0.23274 -0.20995 -0.15589 0.11576 .05406
60.00 1.0000000336490449 -0.23344 -0.20898 -0.15341 0.11661 .05557
60.25 1.0050639437111659 -0.23438 -0.20774 -0.15088 0.11745 .05686
60.50 1.0101797939139427 -0.23550 -0.20625 -0.14828 0.11829 .05797
60.75 1.0153487862282633 -0.23678 -0.20457 -0.14562 0.11913 .05895
61.00 1.0205721581109972 -0.23819 -0.20272 -0.14291 0.11995 .05981
61.25 1.0258511839050852 -0.23969 -0.20072 -0.14013 0.12076 .06059
61.50 1.0311871763068714 -0.24128 -0.19858 -0.13728 0.12154 .06130
61.75 1.0365814879045478 -0.24293 -0.19634 -0.13438 0.12229 .06196
62.00 1.0420355127918348 -0.24464 -0.19398 -0.13141 0.12301 .06257
62.25 1.0475506882612993 -0.24640 -0.19153 -0.12838 0.12368 .06315
62.50 1.0531284965820111 -0.24820 -0.18898 -0.12528 0.12430 .06370
62.75 1.0587704668665670 -0.25004 -0.18634 -0.12211 0.12486 .06423
63.00 1.0644781770328475 -0.25192 -0.18361 -0.11888 0.12535 .06473
63.25 1.0702532558662603 -0.25382 -0.18080 -0.11559 0.12575 .06521
63.50 1.0760973851886237 -0.25576 -0.17790 -0.11222 0.12607 .06568
63.75 1.0820123021402799 -0.25773 -0.17493 -0.10879 0.12627 .06614
64.00 1.0879998015825072 -0.25972 -0.17187 -0.10529 0.12636 .06658
64.25 1.0940617386278098 -0.26174 -0.16873 -0.10173 0.12633 .06700
64.50 1.1002000313062268 -0.26379 -0.16551 -0.09809 0.12615 .06742
64.75 1.1064166633763877 -0.26586 -0.16221 -0.09439 0.12581 .06782
65.00 1.1127136872907215 -0.26796 -0.15884 -0.09063 0.12531 .06821
65.25 1.1190932273249123 -0.27009 -0.15538 -0.08679 0.12464 .06859
65.50 1.1255574828824770 -0.27224 -0.15185 -0.08289 0.12378 .06896
65.75 1.1321087319861824 -0.27441 -0.14824 -0.07893 0.12273 .06931
66.00 1.1387493349689228 -0.27662 -0.14456 -0.07490 0.12149 .06966
66.25 1.1454817383776770 -0.27885 -0.14079 -0.07081 0.12005 .06998
66.50 1.1523084791052536 -0.28111 -0.13695 -0.06666 0.11842 .07029
66.75 1.1592321887657087 -0.28341 -0.13304 -0.06245 0.11660 .07059
67.00 1.1662555983306084 -0.28574 -0.12905 -0.05820 0.11459 .07085
67.25 1.1733815430447392 -0.28811 -0.12499 -0.05390 0.11241 .07109
67.50 1.1806129676413906 -0.29052 -0.12085 -0.04956 0.11007 .07129
67.75 1.1879529318790409 -0.29298 -0.11665 -0.04521 0.10759 .07144
68.00 1.1954046164231349 -0.29549 -0.11238 -0.04084 0.10500 .07154
68.25 1.2029713290986654 -0.29807 -0.10804 -0.03650 0.10233 .07154
68.50 1.2106565115415191 -0.30072 -0.10364 -0.03220 0.09962 .07144
68.75 1.2184637462790018 -0.30347 -0.09917 -0.02800 0.09694 .07117
69.00 1.2263967642726714 -0.30636 -0.09464 -0.02399 0.09438 .07065
69.25 1.2344594529595776 -0.30942 -0.09005 -0.02026 0.09210 .06979
69.50 1.2426558648313226 -0.31274 -0.08542 -0.01701 0.09031 .06841
69.75 1.2509902265939778 -0.31646 -0.08080 -0.01450 0.08936 .06630
70.00 1.2594669489559134 -0.32078 -0.07644 -0.01307 0.08963 .06337
70.25 1.2680906370950717 -0.32585 -0.07286 -0.01281 0.09116 .06005
70.50 1.2768661018621295 -0.33154 -0.07062 -0.01345 0.09350 .05717
70.75 1.2857983717814927 -0.33750 -0.06983 -0.01461 0.09617 .05522
71.00 1.2948927059181552 -0.34347 -0.07024 -0.01613 0.09907 .05411
71.25 1.3041546076852373 -0.34932 -0.07158 -0.01799 0.10227 .05359
71.50 1.3135898396745678 -0.35502 -0.07364 -0.02020 0.10583 .05344
71.75 1.3232044396011293 -0.36057 -0.07625 -0.02273 0.10978 .05352
72.00 1.3330047374615932 -0.36599 -0.07930 -0.02555 0.11409 .05375
72.25 1.3429973740177321 -0.37133 -0.08266 -0.02863 0.11873 .05403
72.50 1.3531893207273342 -0.37662 -0.08627 -0.03191 0.12365 .05436
72.75 1.3635879012585173 -0.38190 -0.09004 -0.03535 0.12883 .05469
73.00 1.3742008147382716 -0.38718 -0.09392 -0.03892 0.13421 .05500
73.25 1.3850361609029067 -0.39248 -0.09788 -0.04259 0.13979 .05529
73.50 1.3961024673370386 -0.39783 -0.10188 -0.04633 0.14553 .05555
73.75 1.4074087190092159 -0.40324 -0.10589 -0.05012 0.15142 .05577
74.00 1.4189643903365978 -0.40872 -0.10988 -0.05394 0.15745 .05594
74.25 1.4307794800386300 -0.41427 -0.11385 -0.05779 0.16361 .05606
74.50 1.4428645490710084 -0.41990 -0.11778 -0.06164 0.16989 .05614
74.75 1.4552307619668963 -0.42561 -0.12166 -0.06548 0.17630 .05618
75.00 1.4678899319530556 -0.43141 -0.12548 -0.06931 0.18282 .05617
75.25 1.4808545702551064 -0.43730 -0.12924 -0.07312 0.18945 .05612
75.50 1.4941379400594756 -0.44329 -0.13292 -0.07690 0.19620 .05602
75.75 1.5077541156608558 -0.44936 -0.13652 -0.08065 0.20306 .05587
76.00 1.5217180473945009 -0.45553 -0.14004 -0.08435 0.21004 .05569
76.25 1.5360456330340897 -0.46179 -0.14347 -0.08801 0.21713 .05546
76.50 1.5507537964299845 -0.46815 -0.14681 -0.09162 0.22434 .05519
76.75 1.5658605742718710 -0.47459 -0.15006 -0.09518 0.23167 .05488
77.00 1.5813852119866876 -0.48113 -0.15322 -0.09867 0.23913 .05455
77.25 1.5973482699307082 -0.48776 -0.15628 -0.10210 0.24671 .05418
77.50 1.6137717412076256 -0.49447 -0.15925 -0.10546 0.25443 .05379
77.75 1.6306791826473761 -0.50127 -0.16211 -0.10875 0.26228 .05336
78.00 1.6480958607190197 -0.50815 -0.16488 -0.11197 0.27027 .05291
78.25 1.6660489144325314 -0.51512 -0.16754 -0.11511 0.27842 .05243
78.50 1.6845675376176648 -0.52216 -0.17011 -0.11817 0.28672 .05194
78.75 1.7036831833639368 -0.52927 -0.17257 -0.12115 0.29518 .05142
79.00 1.7234297938777567 -0.53646 -0.17493 -0.12404 0.30381 .05089
79.25 1.7438440595774944 -0.54371 -0.17718 -0.12685 0.31262 .05033
79.50 1.7649657119256603 -0.55103 -0.17934 -0.12957 0.32162 .04977
79.75 1.7868378553155890 -0.55840 -0.18138 -0.13221 0.33082 .04917
80.00 1.8095073443210954 -0.56583 -0.18333 -0.13475 0.34024 .04858
80.25 1.8330252138232914 -0.57330 -0.18517 -0.13720 0.34987 .04797
80.50 1.8574471710024862 -0.58082 -0.18691 -0.13956 0.35974 .04735
80.75 1.8828341599932619 -0.58838 -0.18855 -0.14184 0.36986 .04671
81.00 1.9092530122354845 -0.59597 -0.19009 -0.14402 0.38025 .04607
81.25 1.9367771983277440 -0.60359 -0.19153 -0.14611 0.39092 .04542
81.50 1.9654877006520655 -0.61122 -0.19286 -0.14811 0.40188 .04475
81.75 1.9954740303864316 -0.61887 -0.19410 -0.15002 0.41317 .04408
82.00 2.0268354180156947 -0.62653 -0.19524 -0.15184 0.42478 .04340
