5.0 0.22474786951272291 -5.12288182768
5.25 0.23032811073355966 -5.21443697690
5.50 0.23578063841929153 -5.29712804393
5.75 0.24111432303437602 -5.37192765864
6.00 0.24633708657984518 -5.43966057455
6.25 0.25145603955751983 -5.50103160333
6.50 0.25647759350390792 -5.55664743963
6.75 0.26140755421862366 -5.60703387819
7.00 0.26625119958804888 -5.65264951454
7.25 0.27101334500631991 -5.69389673637
7.50 0.27569839872782342 -5.73113060695
7.75 0.28031040898329512 -5.76466609465
8.00 0.28485310431016619 -5.79478399449
8.25 0.28932992825516618 -5.82173580789
8.50 0.29374406938062309 -5.84574778690
8.75 0.29809848732900202 -5.86702430460
9.00 0.30239593556098865 -5.88575067845
9.25 0.30663898127202549 -5.90209554743
9.50 0.31083002290405076 -5.91621288382
9.75 0.31497130559833353 -5.92824370359
10.00 0.31906493487798943 -5.93831752815
10.25 0.32311288880213562 -5.94655363921
10.50 0.32711702879550453 -5.95306216172
10.75 0.33107910932596624 -5.95794500291
11.00 0.33500078657648524 -5.96129667078
11.25 0.33888362623650670 -5.96320499130
11.50 0.34272911051981081 -5.96375174033
11.75 0.34653864450082428 -5.96301320360
12.00 0.35031356184872481 -5.96106067610
12.25 0.35405513002798283 -5.95796091030
12.50 0.35776455502492738 -5.95377652138
12.75 0.36144298565221100 -5.94856635673
13.00 0.36509151747647400 -5.94238583568
13.25 0.36871119640886968 -5.93528726550
13.50 0.37230302199327187 -5.92732013880
13.75 0.37586795042281695 -5.91853141766
14.00 0.37940689731182314 -5.90896580976
14.25 0.38292074024700901 -5.89866604253
14.50 0.38641032113921558 -5.88767314183
14.75 0.38987644839447261 -5.87602672310
15.00 0.39331989892118169 -5.86376530516
15.25 0.39674141998838264 -5.85092665945
15.50 0.40014173094847860 -5.83754821171
15.75 0.40352152483640419 -5.82366751942
16.00 0.40688146985598445 -5.80932285717
16.25 0.41022221076315113 -5.79455395441
16.50 0.41354437015471773 -5.77940294878
16.75 0.41684854967056112 -5.76391564445
17.00 0.42013533111630319 -5.74814320245
17.25 0.42340527751290741 -5.73214444271
17.50 0.42665893407900496 -5.71598900959
17.75 0.42989682915123001 -5.69976174659
18.00 0.43311947504735931 -5.68356873991
18.25 0.43632736887662232 -5.66754561420
18.50 0.43952099330116196 -5.65186876444
18.75 0.44270081725227745 -5.63677017776
19.00 0.44586729660476643 -5.62255583340
19.25 0.44902087481240505 -5.60962400916
19.50 0.45216198350734593 -5.59846393163
19.75 0.45529104306598517 -5.58956749722
20.00 0.45840846314364242 -5.58316146928
20.25 0.46151464318020630 -5.57895869117
20.50 0.46460997287872730 -5.57635390597
20.75 0.46769483265878409 -5.57478373992
21.00 0.47076959408630886 -5.57384826622
21.25 0.47383462028142359 -5.57328481225
21.50 0.47689026630572684 -5.57292209747
21.75 0.47993687953036013 -5.57264694011
22.00 0.48297479998608267 -5.57238332331
22.25 0.48600436069649899 -5.57207951348
22.50 0.48902588799549546 -5.57170003182
22.75 0.49203970182987000 -5.57122053552
23.00 0.49504611604806875 -5.57062447263
23.25 0.49804543867587991 -5.56990084350
23.50 0.50103797217987622 -5.56904266941
23.75 0.50402401371934424 -5.56804592394
24.00 0.50700385538738835 -5.56690877372
24.25 0.50997778444185260 -5.56563103015
24.50 0.51294608352666027 -5.56421374771
24.75 0.51590903088413309 -5.56265892587
25.00 0.51886690055881535 -5.56096928511
25.25 0.52181996259329522 -5.55914809707
25.50 0.52476848321648584 -5.55719905435
25.75 0.52771272502479782 -5.55512616995
26.00 0.53065294715660993 -5.55293369904
26.25 0.53358940546042311 -5.55062607767
26.50 0.53652235265705239 -5.54820787446
26.75 0.53945203849620049 -5.54568375236
27.00 0.54237870990772830 -5.54305843827
27.25 0.54530261114792489 -5.54033669879
27.50 0.54822398394106098 -5.53752332083
27.75 0.55114306761649301 -5.53462309608
28.00 0.55406009924157285 -5.53164080852
28.25 0.55697531375060216 -5.52858122450
28.50 0.55988894407005929 -5.52544908462
28.75 0.56280122124031395 -5.52224909742
29.00 0.56571237453403433 -5.51898593420
29.25 0.56862263157148163 -5.51566422502
29.50 0.57153221843287527 -5.51228855543
29.75 0.57444135976800692 -5.50886346398
30.00 0.57735027890326807 -5.50539344030
30.25 0.58025919794625369 -5.50188292357
30.50 0.58316833788809341 -5.49833630141
30.75 0.58607791870365555 -5.49475790903
31.00 0.58898815944976501 -5.49115202868
31.25 0.59189927836156764 -5.48752288921
31.50 0.59481149294717062 -5.48387466580
31.75 0.59772502008068074 -5.48021147986
32.00 0.60064007609376124 -5.47653739887
32.25 0.60355687686581816 -5.47285643644
32.50 0.60647563791293169 -5.46917255225
32.75 0.60939657447563289 -5.46548965212
33.00 0.61231990160563299 -5.46181158801
33.25 0.61524583425160395 -5.45814215802
33.50 0.61817458734410646 -5.45448510637
33.75 0.62110637587975959 -5.45084412330
34.00 0.62404141500474464 -5.44722284503
34.25 0.62697992009773107 -5.44362485351
34.50 0.62992210685231265 -5.44005367625
34.75 0.63286819135903882 -5.43651278595
35.00 0.63581839018712483 -5.43300560022
35.25 0.63877292046592293 -5.42953548107
35.50 0.64173199996623487 -5.42610573440
35.75 0.64469584718154593 -5.42271960944
36.00 0.64766468140925815 -5.41938029806
36.25 0.65063872283200119 -5.41609093404
36.50 0.65361819259909770 -5.41285459225
36.75 0.65660331290825846 -5.40967428786
37.00 0.65959430708758449 -5.40655297540
37.25 0.66259139967795155 -5.40349354782
37.50 0.66559481651585173 -5.40049883562
37.75 0.66860478481676788 -5.39757160589
38.00 0.67162153325915808 -5.39471456144
38.25 0.67464529206912238 -5.39193034000
38.50 0.67767629310583211 -5.38922151353
38.75 0.68071476994779589 -5.38659058763
39.00 0.68376095798003989 -5.38404000125
39.25 0.68681509448228206 -5.38157212648
39.50 0.68987741871817743 -5.37918926879
39.75 0.69294817202571524 -5.37689366747
40.00 0.69602759790885060 -5.37468749645
40.25 0.69911594213045092 -5.37257286553
40.50 0.70221345280664171 -5.37055182189
40.75 0.70532038050263912 -5.36862635193
41.00 0.70843697833015451 -5.36679838326
41.25 0.71156350204645979 -5.36506978675
41.50 0.71470021015520846 -5.36344237825
41.75 0.71784736400909988 -5.36191791979
42.00 0.72100522791448773 -5.36049811971
42.25 0.72417406923802852 -5.35918463142
42.50 0.72735415851547003 -5.35797905000
42.75 0.73054576956268569 -5.35688290652
43.00 0.73374917958905994 -5.35589765942
43.25 0.73696466931333482 -5.35502468299
43.50 0.74019252308203054 -5.35426525291
43.75 0.74343302899055930 -5.35362052936
44.00 0.74668647900714824 -5.35309153856
44.25 0.74995316909970178 -5.35267915362
44.50 0.75323339936572720 -5.35238407623
44.75 0.75652747416546084 -5.35220682050
45.00 0.75983570225832975 -5.35214770034
45.25 0.76315839694289456 -5.35220682127
45.50 0.76649587620041937 -5.35238407776
45.75 0.76984846284222430 -5.35267915591
46.00 0.77321648466098036 -5.35309154162
46.25 0.77660027458611014 -5.35362053318
46.50 0.78000017084346973 -5.35426525749
46.75 0.78341651711948912 -5.35502468834
47.00 0.78684966272995749 -5.35589766552
47.25 0.79029996279364645 -5.35688291337
47.50 0.79376777841097601 -5.35797905761
47.75 0.79725347684792980 -5.35918463978
48.00 0.80075743172543956 -5.36049812883
48.25 0.80428002321446923 -5.36191792964
48.50 0.80782163823703412 -5.36344238885
48.75 0.81138267067340353 -5.36506979809
49.00 0.81496352157574936 -5.36679839533
49.25 0.81856459938850701 -5.36862636473
49.50 0.82218632017573356 -5.37055183542
49.75 0.82582910785575958 -5.37257287979
50.00 0.82949339444344139 -5.37468751143
50.25 0.83317962030033754 -5.37689368316
50.50 0.83688823439314863 -5.37918928519
50.75 0.84061969456077290 -5.38157214358
51.00 0.84437446779034697 -5.38404001905
51.25 0.84815303050266300 -5.38659060613
51.50 0.85195586884736429 -5.38922153271
51.75 0.85578347900834917 -5.39193035986
52.00 0.85963636751982619 -5.39471458197
52.25 0.86351505159349251 -5.39757162709
52.50 0.86742005945732381 -5.40049885748
52.75 0.87135193070649397 -5.40349357033
53.00 0.87531121666696521 -5.40655299856
53.25 0.87929848077231665 -5.40967431167
53.50 0.88331429895441260 -5.41285461669
53.75 0.88735926004853483 -5.41609095910
54.00 0.89143396621364279 -5.41938032374
54.25 0.89553903336845653 -5.42271963573
54.50 0.89967509164409376 -5.42610576129
54.75 0.90384278585403033 -5.42953550855
55.00 0.90804277598219907 -5.43300562830
55.25 0.91227573769007742 -5.43651281461
55.50 0.91654236284366797 -5.44005370548
55.75 0.92084336006132139 -5.44362488331
56.00 0.92517945528340284 -5.44722287538
56.25 0.92955139236486140 -5.45084415420
56.50 0.93395993369181618 -5.45448513781
56.75 0.93840586082334254 -5.45814219000
57.00 0.94288997515969897 -5.46181162051
57.25 0.94741309863831702 -5.46548968514
57.50 0.95197607445894206 -5.46917258578
57.75 0.95657976783940157 -5.47285647047
58.00 0.96122506680355879 -5.47653743340
58.25 0.96591288300310196 -5.48021151487
58.50 0.97064415257492132 -5.48387470130
58.75 0.97541983703592194 -5.48752292517
59.00 0.98024092421724396 -5.49115206511
59.25 0.98510842923997155 -5.49475794592
59.50 0.99002339553454166 -5.49833633875
59.75 0.99498689590620693 -5.50188296136
60.00 1.0000000336490449 -5.50539347853
60.25 1.0050639437111659 -5.50886350264
60.50 1.0101797939139427 -5.51228859451
60.75 1.0153487862282633 -5.51566426453
61.00 1.0205721581109972 -5.51898597412
61.25 1.0258511839050852 -5.52224913775
61.50 1.0311871763068714 -5.52544912536
61.75 1.0365814879045478 -5.52858126564
62.00 1.0420355127918348 -5.53164085007
62.25 1.0475506882612993 -5.53462313801
62.50 1.0531284965820111 -5.53752336316
62.75 1.0587704668665670 -5.54033674151
63.00 1.0644781770328475 -5.54305848138
63.25 1.0702532558662603 -5.54568379587
63.50 1.0760973851886237 -5.54820791836
63.75 1.0820123021402799 -5.55062612196
64.00 1.0879998015825072 -5.55293374372
64.25 1.0940617386278098 -5.55512621503
64.50 1.1002000313062268 -5.55719909983
64.75 1.1064166633763877 -5.55914814297
65.00 1.1127136872907215 -5.56096933142
65.25 1.1190932273249123 -5.56265897261
65.50 1.1255574828824770 -5.56421379489
65.75 1.1321087319861824 -5.56563107777
66.00 1.1387493349689228 -5.56690882181
66.25 1.1454817383776770 -5.56804597252
66.50 1.1523084791052536 -5.56904271850
66.75 1.1592321887657087 -5.56990089312
67.00 1.1662555983306084 -5.57062452283
67.25 1.1733815430447392 -5.57122058633
67.50 1.1806129676413906 -5.57170008329
67.75 1.1879529318790409 -5.57207956568
68.00 1.1954046164231349 -5.57238337633
68.25 1.2029713290986654 -5.57264699406
68.50 1.2106565115415191 -5.57292215248
68.75 1.2184637462790018 -5.57328486855
69.00 1.2263967642726714 -5.57384832409
69.25 1.2344594529595776 -5.57478379981
69.50 1.2426558648313226 -5.57635396855
69.75 1.2509902265939778 -5.57895875744
70.00 1.2594669489559134 -5.58316154060
70.25 1.2680906370950717 -5.58956757478
70.50 1.2768661018621295 -5.59846401561
70.75 1.2857983717814927 -5.60962409881
71.00 1.2948927059181552 -5.62255592766
71.25 1.3041546076852373 -5.63677027569
71.50 1.3135898396745678 -5.65186886533
71.75 1.3232044396011293 -5.66754571748
72.00 1.3330047374615932 -5.68356884521
72.25 1.3429973740177321 -5.69976185362
72.50 1.3531893207273342 -5.71598911815
72.75 1.3635879012585173 -5.73214455266
73.00 1.3742008147382716 -5.74814331372
73.25 1.3850361609029067 -5.76391575699
73.50 1.3961024673370386 -5.77940306258
73.75 1.4074087190092159 -5.79455406950
74.00 1.4189643903365978 -5.80932297358
74.25 1.4307794800386300 -5.82366763719
74.50 1.4428645490710084 -5.83754833094
74.75 1.4552307619668963 -5.85092678022
75.00 1.4678899319530556 -5.86376542758
75.25 1.4808545702551064 -5.87602684729
75.50 1.4941379400594756 -5.88767326795
75.75 1.5077541156608558 -5.89866617073
76.00 1.5217180473945009 -5.90896594022
76.25 1.5360456330340897 -5.91853155058
76.50 1.5507537964299845 -5.92732027440
76.75 1.5658605742718710 -5.93528740402
77.00 1.5813852119866876 -5.94238597739
77.25 1.5973482699307082 -5.94856650194
77.50 1.6137717412076256 -5.95377667040
77.75 1.6306791826473761 -5.95796106349
78.00 1.6480958607190197 -5.96106083386
78.25 1.6660489144325314 -5.96301336637
78.50 1.6845675376176648 -5.96375190858
78.75 1.7036831833639368 -5.96320516558
79.00 1.7234297938777567 -5.96129685165
79.25 1.7438440595774944 -5.95794519103
79.50 1.7649657119256603 -5.95306235780
79.75 1.7868378553155890 -5.94655384404
80.00 1.8095073443210954 -5.93831774262
80.25 1.8330252138232914 -5.92824392867
80.50 1.8574471710024862 -5.91621312058
80.75 1.8828341599932619 -5.90209579709
81.00 1.9092530122354845 -5.88575094234
81.25 1.9367771983277440 -5.86702458425
81.50 1.9654877006520655 -5.84574808396
81.75 1.9954740303864316 -5.82173612427
82.00 2.0268354180156947 -5.79478433231
