0.5 -2.0342639682
.55 -2.0121628282
.60 -1.9893497522
.65 -1.9670823038
.70 -1.9461896570
.75 -1.9271916497
.80 -1.9103771863
.85 -1.8958673722
.90 -1.8836648104
.95 -1.8736875826
1.00 -1.8715143785
1.05 -1.8766466509
1.10 -1.8808292399
1.15 -1.8840799880
1.20 -1.8864170290
1.25 -1.8878737990
1.30 -1.8885037162
1.35 -1.8883782219
1.40 -1.8875815701
1.45 -1.8862045291
1.50 -1.8843382356
1.55 -1.8820690425
1.60 -1.8794746062
1.65 -1.8766213178
1.70 -1.8735630350
1.75 -1.8703409513
1.80 -1.8715669545
1.85 -1.8762180021
1.90 -1.8811550220
1.95 -1.8863325298
2.00 -1.8917075500
2.05 -1.8972401936
2.10 -1.9028937897
2.15 -1.9086349878
2.20 -1.9144334724
2.25 -1.9202619582
2.30 -1.9260959238
2.35 -1.9319134241
2.40 -1.9376949454
2.45 -1.9434230713
2.50 -1.9490825095
2.55 -1.9546598063
2.60 -1.9601431811
2.65 -1.9655225278
2.70 -1.9707890469
2.75 -1.9759353041
2.80 -1.9809550999
2.85 -1.9858432175
2.90 -1.9905955439
2.95 -1.9952086415
3.00 -1.9996799895
3.05 -2.0040076947
3.10 -2.0081904842
3.15 -2.0122275845
3.20 -2.0161186649
3.25 -2.0198637611
3.30 -2.0234633070
3.35 -2.0269179447
3.40 -2.0302285748
3.45 -2.0333962362
3.50 -2.0364221686
3.55 -2.0393076860
3.60 -2.0420542114
3.65 -2.0446632624
3.70 -2.0471363369
3.75 -2.0494750215
3.80 -2.0516808975
3.85 -2.0537555781
3.90 -2.0557006628
