5.0 0.22474786951272291 -4.24173288895
5.25 0.23032811073355966 -4.31501515014
5.50 0.23578063841929153 -4.38119850068
5.75 0.24111432303437602 -4.44106247882
6.00 0.24633708657984518 -4.49526823891
6.25 0.25145603955751983 -4.54438088630
6.50 0.25647759350390792 -4.58888692670
6.75 0.26140755421862366 -4.62920803072
7.00 0.26625119958804888 -4.66571198743
7.25 0.27101334500631991 -4.69872149194
7.50 0.27569839872782342 -4.72852124842
7.75 0.28031040898329512 -4.75536375151
8.00 0.28485310431016619 -4.77947402313
8.25 0.28932992825516618 -4.80105351742
8.50 0.29374406938062309 -4.82028335895
8.75 0.29809848732900202 -4.83732704342
9.00 0.30239593556098865 -4.85233270235
9.25 0.30663898127202549 -4.86543501246
9.50 0.31083002290405076 -4.87675681412
9.75 0.31497130559833353 -4.88641049032
10.00 0.31906493487798943 -4.89449914785
10.25 0.32311288880213562 -4.90111763459
10.50 0.32711702879550453 -4.90635342025
10.75 0.33107910932596624 -4.91028736324
11.00 0.33500078657648524 -4.91299438227
11.25 0.33888362623650670 -4.91454404811
11.50 0.34272911051981081 -4.91500110850
11.75 0.34653864450082428 -4.91442595714
12.00 0.35031356184872481 -4.91287505619
12.25 0.35405513002798283 -4.91040132065
12.50 0.35776455502492738 -4.90705447216
12.75 0.36144298565221100 -4.90288136931
13.00 0.36509151747647400 -4.89792632178
13.25 0.36871119640886968 -4.89223139572
13.50 0.37230302199327187 -4.88583671966
13.75 0.37586795042281695 -4.87878080056
14.00 0.37940689731182314 -4.87110086522
14.25 0.38292074024700901 -4.86283324472
14.50 0.38641032113921558 -4.85401382907
14.75 0.38987644839447261 -4.84467863050
15.00 0.39331989892118169 -4.83486451306
15.25 0.39674141998838264 -4.82461017588
15.50 0.40014173094847860 -4.81395752385
15.75 0.40352152483640419 -4.80295363201
16.00 0.40688146985598445 -4.79165361862
16.25 0.41022221076315113 -4.78012489733
16.50 0.41354437015471773 -4.76845347555
16.75 0.41684854967056112 -4.75675316523
17.00 0.42013533111630319 -4.74517870044
17.25 0.42340527751290741 -4.73394388041
17.50 0.42665893407900496 -4.72334677286
17.75 0.42989682915123001 -4.71380810681
18.00 0.43311947504735931 -4.70593990781
18.25 0.43632736887662232 -4.70067325036
18.50 0.43952099330116196 -4.69931188855
18.75 0.44270081725227745 -4.70231516452
19.00 0.44586729660476643 -4.70802475059
19.25 0.44902087481240505 -4.71491611140
19.251 0.44903346380253673 -4.71494491800
19.252 0.44904605259319824 -4.71497373157
19.253 0.44905864118441713 -4.71500255207
19.254 0.44907122957622064 -4.71503137948
19.255 0.44908381776863593 -4.71506021376
19.256 0.44909640576169024 -4.71508905490
19.257 0.44910899355541084 -4.71511790285
19.258 0.44912158114982492 -4.71514675760
19.259 0.44913416854495974 -4.71517561911
19.260 0.44914675574084262 -4.71520448736
19.261 0.44915934273750058 -4.71523336232
19.262 0.44917192953496110 -4.71526224396
19.263 0.44918451613325128 -4.71529113225
19.264 0.44919710253239820 -4.71532002717
19.265 0.44920968873242934 -4.71534892869
19.266 0.44922227473337173 -4.71537783679
19.267 0.44923486053525274 -4.71540675143
19.268 0.44924744613809936 -4.71543567258
19.269 0.44926003154193889 -4.71546460023
19.270 0.44927261674679869 -4.71549353434
19.271 0.44928520175270575 -4.71552247489
19.272 0.44929778655968727 -4.71555142185
19.273 0.44931037116777056 -4.71558037519
19.274 0.44932295557698282 -4.71560933489
19.275 0.44933553978735113 -4.71563830092
19.276 0.44934812379890271
19.277 0.44936070761166486 -4.71569625186
19.278 0.44937329122566455 -4.71572523672
19.279 0.44938587464092911 -4.71575422781
19.280 0.44939845785748567 -4.71578322509
19.281 0.44941104087536132 -4.71581222854
19.282 0.44942362369458344 -4.71584123815
19.283 0.44943620631517900 -4.71587025387
19.284 0.44944878873717520 -4.71589927568
19.285 0.44946137096059924 -4.71592830357
19.286 0.44947395298547832 -4.71595733750
19.287 0.44948653481183942 -4.71598637744
19.288 0.44949911643970991 -4.71601542338
19.289 0.44951169786911682 -4.71604447528
19.290 0.44952427910008724 -4.71607353312
19.291 0.44953686013264843 -4.71610259688
19.292 0.44954944096682747 -4.71613166653
19.293 0.44956202160265152 -4.71616074204
19.294 0.44957460204014765 -4.71618982339
19.295 0.44958718227934308 -4.71621891056
19.296 0.44959976232026483 -4.71624800351
19.297 0.44961234216294022 -4.71627710223
19.298 0.44962492180739611 -4.71630620669
19.299 0.44963750125365987 -4.71633531687
19.300 0.44965008050175848 -4.71636443273
19.301 0.44966265955171902 -4.71639355426
19.302 0.44967523840356866 -4.71642268144
19.303 0.44968781705733457 -4.71645181422
19.304 0.44970039551304369 -4.71648095260
19.305 0.44971297377072328 -4.71651009655
19.306 0.44972555183040042 -4.71653924604
19.307 0.44973812969210203 -4.71656840105
19.308 0.44975070735585548 -4.71659756156
19.309 0.44976328482168770 -4.71662672753
19.310 0.44977586208962567 -4.71665589895
19.311 0.44978843915969674 -4.71668507580
19.312 0.44980101603192785 -4.71671425804
19.313 0.44981359270634602 -4.71674344566
19.314 0.44982616918297835 -4.71677263864
19.315 0.44983874546185210 -4.71680183694
19.316 0.44985132154299412 -4.71683104054
19.317 0.44986389742643157 -4.71686024942
19.318 0.44987647311219148 -4.71688946357
19.319 0.44988904860030088 -4.71691868294
19.320 0.44990162389078697 -4.71694790753
19.321 0.44991419898367668 -4.71697713730
19.322 0.44992677387899704 -4.71700637224
19.323 0.44993934857677531 -4.71703561232
19.324 0.44995192307703830 -4.71706485751
19.325 0.44996449737981314 -4.71709410780
19.326 0.44997707148512694 -4.71712336317
19.327 0.44998964539300662 -4.71715262358
19.328 0.45000221910347926 -4.71718188902
19.329 0.45001479261657196 -4.71721115946
19.330 0.45002736593231163 -4.71724043488
19.331 0.45003993905072537 -4.71726971526
19.332 0.45005251197184032 -4.71729900058
19.333 0.45006508469568324 -4.71732829081
19.334 0.45007765722228144 -4.71735758593
19.335 0.45009022955166172 -4.71738688592
19.336 0.45010280168385114 -4.71741619076
19.337 0.45011537361887677 -4.71744550042
19.338 0.45012794535676565 -4.71747481488
19.339 0.45014051689754464 -4.71750413412
19.340 0.45015308824124084 -4.71753345812
19.341 0.45016565938788122 -4.71756278685
19.342 0.45017823033749277 -4.71759212030
19.343 0.45019080109010257 -4.71762145844
19.344 0.45020337164573754 -4.71765080125
19.345 0.45021594200442461 -4.71768014871
19.346 0.45022851216619092 -4.71770950080
19.347 0.45024108213106334 -4.71773885749
19.348 0.45025365189906885 -4.71776821876
19.349 0.45026622147023454 -4.71779758460
19.350 0.45027879084458722 -4.71782695498
19.351 0.45029136002215386 -4.71785632987
19.352 0.45030392900296162 -4.71788570927
19.353 0.45031649778703736 -4.71791509314
19.354 0.45032906637440795 -4.71794448147
19.355 0.45034163476510053 -4.71797387423
19.356 0.45035420295914191 -4.71800327141
19.357 0.45036677095655914 -4.71803267297
19.358 0.45037933875737907 -4.71806207891
19.359 0.45039190636162885 -4.71809148920
19.360 0.45040447376933507 -4.71812090382
19.361 0.45041704098052504 -4.71815032275
19.362 0.45042960799522552 -4.71817974597
19.363 0.45044217481346349 -4.71820917345
19.364 0.45045474143526587 -4.71823860518
19.365 0.45046730786065953 -4.71826804114
19.366 0.45047987408967155 -4.71829748131
19.367 0.45049244012232875 -4.71832692566
19.368 0.45050500595865800 -4.71835637417
19.369 0.45051757159868644 -4.71838582683
19.370 0.45053013704244077 -4.71841528362
19.371 0.45054270228994797 -4.71844474451
19.372 0.45055526734123497 -4.71847420948
19.373 0.45056783219632873 -4.71850367852
19.374 0.45058039685525597 -4.71853315160
19.375 0.45059296131804383 -4.71856262871
19.376 0.45060552558471906 -4.71859210982
19.377 0.45061808965530858 -4.71862159491
19.378 0.45063065352983939 -4.71865108397
19.379 0.45064321720833822 -4.71868057698
19.380 0.45065578069083206 -4.71871007391
19.381 0.45066834397734779 -4.71873957474
19.382 0.45068090706791231 -4.71876907946
19.383 0.45069346996255238 -4.71879858805
19.384 0.45070603266129511 -4.71882810049
19.385 0.45071859516416718 -4.71885761675
19.386 0.45073115747119552 -4.71888713682
19.387 0.45074371958240694 -4.71891666068
19.388 0.45075628149782848 -4.71894618831
19.389 0.45076884321748678 -4.71897571969
19.390 0.45078140474140888 -4.71900525480
19.391 0.45079396606962158 -4.71903479362
19.392 0.45080652720215175 -4.71906433614
19.393 0.45081908813902616 -4.71909388233
19.394 0.45083164888027177 -4.71912343218
19.395 0.45084420942591541 -4.71915298566
19.396 0.45085676977598388 -4.71918254276
19.397 0.45086932993050394 -4.71921210346
19.398 0.45088188988950267 -4.71924166773
19.399 0.45089444965300673 -4.71927123557
19.400 0.45090700922104293 -4.71930080695
19.401 0.45091956859363824 -4.71933038186
19.402 0.45093212777081937 -4.71935996027
19.403 0.45094468675261318 -4.71938954217
19.404 0.45095724553904654 -4.71941912753
19.405 0.45096980413014620 -4.71944871635
19.406 0.45098236252593904 -4.71947830860
19.407 0.45099492072645181 -4.71950790426
19.408 0.45100747873171138 -4.71953750331
19.409 0.45102003654174444 -4.71956710575
19.410 0.45103259415657798 -4.71959671154
19.411 0.45104515157623870 -4.71962632067
19.412 0.45105770880075341 -4.71965593313
19.413 0.45107026583014881 -4.71968554889
19.414 0.45108282266445193 -4.71971516794
19.415 0.45109537930368931 -4.71974479025
19.416 0.45110793574788793 -4.71977441582
19.417 0.45112049199707449 -4.71980404462
19.418 0.45113304805127580 -4.71983367664
19.419 0.45114560391051861 -4.71986331185
19.420 0.45115815957482974 -4.71989295025
19.421 0.45117071504423584 -4.71992259181
19.422 0.45118327031876382 -4.71995223651
19.423 0.45119582539844039 -4.71998188434
19.424 0.45120838028329247 -4.72001153528
19.425 0.45122093497334659 -4.72004118931
19.426 0.45123348946862962 -4.72007084642
19.427 0.45124604376916827 -4.72010050659
19.428 0.45125859787498945 -4.72013016980
19.429 0.45127115178611965 -4.72015983603
19.430 0.45128370550258595 -4.72018950527
19.431 0.45129625902441478 -4.72021917749
19.432 0.45130881235163306 -4.72024885269
19.433 0.45132136548426754 -4.72027853084
19.434 0.45133391842234483 -4.72030821194
19.435 0.45134647116589177 -4.72033789595
19.436 0.45135902371493514 -4.72036758287
19.437 0.45137157606950157 -4.72039727267
19.438 0.45138412822961776 -4.72042696535
19.439 0.45139668019531054 -4.72045666088
19.440 0.45140923196660665 -4.72048635924
19.441 0.45142178354353268 -4.72051606043
19.442 0.45143433492611545 -4.72054576442
19.443 0.45144688611438161 -4.72057547120
19.444 0.45145943710835795 -4.72060518075
19.445 0.45147198790807108 -4.72063489305
19.446 0.45148453851354775 -4.72066460809
19.447 0.45149708892481472 -4.72069432586
19.448 0.45150963914189857 -4.72072404632
19.449 0.45152218916482612 -4.72075376948
19.450 0.45153473899362395 -4.72078349531
19.451 0.45154728862831894 -4.72081322379
19.452 0.45155983806893757 -4.72084295492
19.453 0.45157238731550658 -4.72087268867
19.454 0.45158493636805275 -4.72090242502
19.455 0.45159748522660259 -4.72093216397
19.456 0.45161003389118298 -4.72096190549
19.457 0.45162258236182046 -4.72099164958
19.458 0.45163513063854177 -4.72102139620
19.459 0.45164767872137346 -4.72105114536
19.460 0.45166022661034239 -4.72108089702
19.461 0.45167277430547503 -4.72111065119
19.462 0.45168532180679821 -4.72114040783
19.463 0.45169786911433851 -4.72117016694
19.464 0.45171041622812258 -4.72119992849
19.465 0.45172296314817706 -4.72122969248
19.466 0.45173550987452865 -4.72125945889
19.467 0.45174805640720384 -4.72128922770
19.468 0.45176060274622953 -4.72131899890
19.469 0.45177314889163223 -4.72134877247
19.470 0.45178569484343850 -4.72137854839
19.471 0.45179824060167512 -4.72140832666
19.472 0.45181078616636872 -4.72143810725
19.473 0.45182333153754572 -4.72146789015
19.474 0.45183587671523306 -4.72149767534
19.475 0.45184842169945716 -4.72152746281
19.476 0.45186096649024465 -4.72155725255
19.477 0.45187351108762225 -4.72158704454
19.478 0.45188605549161648 -4.72161683876
19.479 0.45189859970225399 -4.72164663520
19.480 0.45191114371956143 -4.72167643384
19.481 0.45192368754356543 -4.72170623467
19.482 0.45193623117429238 -4.72173603767
19.483 0.45194877461176919 -4.72176584284
19.484 0.45196131785602223 -4.72179565015
19.485 0.45197386090707820 -4.72182545958
19.486 0.45198640376496368 -4.72185527113
19.487 0.45199894642970534 -4.72188508478
19.488 0.45201148890132958 -4.72191490052
19.489 0.45202403117986317 -4.72194471833
19.490 0.45203657326533259 -4.72197453819
19.491 0.45204911515776447 -4.72200436009
19.492 0.45206165685718541 -4.72203418402
19.493 0.45207419836362184 -4.72206400996
19.494 0.45208673967710050 -4.72209383790
19.495 0.45209928079764800 -4.72212366782
19.496 0.45211182172529063 -4.72215349971
19.497 0.45212436246005527 -4.72218333355
19.498 0.45213690300196829 -4.72221316933
19.499 0.45214944335105633 -4.72224300704
19.500 0.45216198350734593 -4.72227284666
19.501 0.45217452347086362 -4.72230268818
19.502 0.45218706324163599 -4.72233253158
19.503 0.45219960281968952 -4.72236237685
19.504 0.45221214220505090 -4.72239222397
19.505 0.45222468139774646 -4.72242207293
19.506 0.45223722039780295 -4.72245192372
19.507 0.45224975920524679 -4.72248177633
19.508 0.45226229782010446 -4.72251163073
19.509 0.45227483624240267 -4.72254148691
19.510 0.45228737447216788 -4.72257134487
19.511 0.45229991250942647 -4.72260120458
19.512 0.45231245035420514 -4.72263106604
19.513 0.45232498800653043 -4.72266092922
19.514 0.45233752546642869 -4.72269079412
19.515 0.45235006273392658 -4.72272066073
19.516 0.45236259980905047 -4.72275052902
19.517 0.45237513669182700 -4.72278039898
19.518 0.45238767338228270 -4.72281027061
19.519 0.45240020988044394 -4.72284014388
19.520 0.45241274618633737 -4.72287001878
19.521 0.45242528229998935 -4.72289989531
19.522 0.45243781822142648 -4.72292977344
19.523 0.45245035395067518 -4.72295965317
19.524 0.45246288948776203 -4.72298953447
19.525 0.45247542483271341 -4.72301941735
19.526 0.45248795998555585 -4.72304930177
19.527 0.45250049494631595 -4.72307918774
19.528 0.45251302971501994 -4.72310907523
19.529 0.45252556429169455 -4.72313896423
19.530 0.45253809867636607 -4.72316885474
19.531 0.45255063286906105 -4.72319874673
19.532 0.45256316686980602 -4.72322864020
19.533 0.45257570067862735 -4.72325853512
19.534 0.45258823429555151 -4.72328843150
19.535 0.45260076772060504 -4.72331832931
19.536 0.45261330095381430 -4.72334822854
19.537 0.45262583399520584 -4.72337812918
19.538 0.45263836684480602 -4.72340803121
19.539 0.45265089950264137 -4.72343793463
19.540 0.45266343196873826 -4.72346783942
19.541 0.45267596424312323 -4.72349774557
19.542 0.45268849632582264 -4.72352765306
19.543 0.45270102821686298 -4.72355756188
19.544 0.45271355991627066 -4.72358747202
19.545 0.45272609142407211 -4.72361738346
19.546 0.45273862274029375 -4.72364729620
19.547 0.45275115386496201 -4.72367721022
19.548 0.45276368479810342 -4.72370712551
19.549 0.45277621553974423 -4.72373704206
19.550 0.45278874608991104 -4.72376695985
19.551 0.45280127644863005 -4.72379687887
19.552 0.45281380661592791 -4.72382679910
19.553 0.45282633659183091 -4.72385672055
19.554 0.45283886637636539 -4.72388664318
19.555 0.45285139596955792 -4.72391656700
19.556 0.45286392537143477 -4.72394649198
19.557 0.45287645458202241 -4.72397641813
19.558 0.45288898360134727 -4.72400634541
19.559 0.45290151242943566 -4.72403627383
19.560 0.45291404106631400 -4.72406620337
19.561 0.45292656951200871 -4.72409613401
19.562 0.45293909776654617 -4.72412606575
19.563 0.45295162582995269 -4.72415599858
19.564 0.45296415370225479 -4.72418593247
19.565 0.45297668138347880 -4.72421586742
19.566 0.45298920887365102 -4.72424580342
19.567 0.45300173617279782 -4.72427574046
19.568 0.45301426328094574 -4.72430567852
19.569 0.45302679019812098 -4.72433561758
19.570 0.45303931692434996 -4.72436555765
19.571 0.45305184345965904 -4.72439549871
19.572 0.45306436980407461 -4.72442544074
19.573 0.45307689595762302 -4.72445538373
19.574 0.45308942192033058 -4.72448532768
19.575 0.45310194769222367 -4.72451527256
19.576 0.45311447327332866 -4.72454521837
19.577 0.45312699866367190 -4.72457516510
19.578 0.45313952386327966 -4.72460511274
19.579 0.45315204887217836 -4.72463506126
19.580 0.45316457369039426 -4.72466501067
19.581 0.45317709831795389 -4.72469496095
19.582 0.45318962275488334 -4.72472491209
19.583 0.45320214700120903 -4.72475486407
19.584 0.45321467105695740 -4.72478481689
19.585 0.45322719492215463 -4.72481477053
19.586 0.45323971859682705 -4.72484472499
19.587 0.45325224208100107 -4.72487468025
19.588 0.45326476537470295 -4.72490463629
19.589 0.45327728847795901 -4.72493459312
19.590 0.45328981139079561 -4.72496455071
19.840 0.45641463408802407 -4.73245225860
20.090 0.45952796225389403 -4.73985956111
20.340 0.46263019176925335 -4.74710977338
20.590 0.46572170894413906 -4.75415847281
20.840 0.46880289096248168 -4.76097969705
21.090 0.47187410630384163 -4.76755861563
21.340 0.47493571514368838 -4.77388739179
21.590 0.47798806973361968 -4.77996272579
21.840 0.48103151476281408 -4.78578433516
22.090 0.48406638770191407 -4.79135398159
22.340 0.48709301913045044 -4.79667482944
22.590 0.49011173304883909 -4.80175101233
22.840 0.49312284717590771 -4.80658733401
23.090 0.49612667323284187 -4.81118905830
23.340 0.49912351721438014 -4.81556175919
23.590 0.50211367964802955 -4.81971121257
23.840 0.50509745584202104 -4.82364331723
24.090 0.50807513612267585 -4.82736403659
24.340 0.51104700606181097 -4.83087935564
24.590 0.51401334669476872 -4.83419524887
24.840 0.51697443472961813 -4.83731765635
25.090 0.51993054274804451 -4.84025246594
25.340 0.52288193939840311 -4.84300550014
25.590 0.52582888958139340 -4.84558250634
25.840 0.52877165462877340 -4.84798914981
26.090 0.53171049247551350 -4.85023100871
26.340 0.53464565782576345 -4.85231357064
26.590 0.53757740231298434 -4.85424223044
26.840 0.54050597465457684 -4.85602228894
27.090 0.54343162080131779 -4.85765895238
27.340 0.54635458408190074 -4.85915733241
27.590 0.54927510534285728 -4.86052244656
27.840 0.55219342308412256 -4.86175921896
28.090 0.55510977359049407 -4.86287248131
28.340 0.55802439105921919 -4.86386697413
28.590 0.56093750772393214 -4.86474734801
28.840 0.56384935397515679 -4.86551816500
29.090 0.56676015847756911 -4.86618390009
29.340 0.56967014828421869 -4.86674894265
29.590 0.57257954894788177 -4.86721759794
29.840 0.57548858462972630 -4.86759408861
30.090 0.57839747820544851 -4.86788255610
30.340 0.58130645136904169 -4.86808706213
30.590 0.58421572473434424 -4.86821159007
30.840 0.58712551793451384 -4.86826004628
31.090 0.59003604971956258 -4.86823626144
31.340 0.59294753805208611 -4.86814399177
31.590 0.59586020020131325 -4.86798692022
31.840 0.59877425283559771 -4.86776865763
32.090 0.60168991211346845 -4.86749274379
32.340 0.60460739377335204 -4.86716264844
32.590 0.60752691322207597 -4.86678177227
32.840 0.61044868562225640 -4.86635344776
33.090 0.61337292597867521 -4.86588094005
33.340 0.61629984922374215 -4.86536744768
33.590 0.61922967030213938 -4.86481610334
33.840 0.62216260425474068 -4.86422997449
34.090 0.62509886630189759 -4.86361206398
34.340 0.62803867192617857 -4.86296531055
34.590 0.63098223695464972 -4.86229258932
34.840 0.63392977764078173 -4.86159671224
35.090 0.63688151074606358 -4.86088042838
35.340 0.63983765362140799 -4.86014642433
35.590 0.64279842428842615 -4.85939732436
35.840 0.64576404152065303 -4.85863569070
36.090 0.64873472492479900 -4.85786402362
36.340 0.65171069502210832 -4.85708476158
36.590 0.65469217332989749 -4.85630028122
36.840 0.65767938244335289 -4.85551289743
37.090 0.66067254611766135 -4.85472486323
37.340 0.66367188935055110 -4.85393836968
37.341 0.66368389943515416 -4.85393522968
37.342 0.66369590962226410 -4.85393208973
37.343 0.66370791991189526 -4.85392894985
37.344 0.66371993030406218 -4.85392581002
37.345 0.66373194079877951 -4.85392267025
37.346 0.66374395139606168 -4.85391953054
37.347 0.66375596209592336 -4.85391639089
37.348 0.66376797289837886 -4.85391325131
37.349 0.66377998380344294 -4.85391011178
37.350 0.66379199481112994 -4.85390697231
37.351 0.66380400592145450 -4.85390383290
37.352 0.66381601713443117 -4.85390069355
37.353 0.66382802845007438 -4.85389755426
37.354 0.66384003986839868 -4.85389441504
37.355 0.66385205138941872 -4.85389127587
37.356 0.66386406301314904 -4.85388813676
37.357 0.66387607473960386 -4.85388499772
37.358 0.66388808656879816 -4.85388185873
37.359 0.66390009850074616 -4.85387871981
37.360 0.66391211053546262 -4.85387558095
37.361 0.66392412267296175 -4.85387244215
37.362 0.66393613491325842 -4.85386930341
37.363 0.66394814725636708 -4.85386616473
37.364 0.66396015970230204 -4.85386302612
37.365 0.66397217225107819 -4.85385988757
37.366 0.66398418490270983 -4.85385674908
37.367 0.66399619765721163 -4.85385361065
37.368 0.66400821051459802 -4.85385047228
37.369 0.66402022347488354 -4.85384733398
37.370 0.66403223653808263 -4.85384419574
37.371 0.66404424970421028 -4.85384105756
37.372 0.66405626297328046 -4.85383791945
37.373 0.66406827634530807 -4.85383478139
37.374 0.66408028982030765 -4.85383164341
37.375 0.66409230339829339 -4.85382850548
37.376 0.66410431707928019 -4.85382536762
37.377 0.66411633086328259 -4.85382222982
37.378 0.66412834475031490 -4.85381909209
37.379 0.66414035874039179 -4.85381595442
37.380 0.66415237283352790 -4.85381281681
37.381 0.66416438702973757 -4.85380967927
37.382 0.66417640132903544 -4.85380654179
37.383 0.66418841573143617 -4.85380340438
37.384 0.66420043023695408 -4.85380026703
37.385 0.66421244484560382 -4.85379712974
37.386 0.66422445955740006 -4.85379399252
37.387 0.66423647437235700 -4.85379085537
37.388 0.66424848929048952 -4.85378771828
37.389 0.66426050431181216 -4.85378458126
37.390 0.66427251943633914 -4.85378144430
37.391 0.66428453466408532 -4.85377830740
37.392 0.66429654999506527 -4.85377517058
37.393 0.66430856542929329 -4.85377203381
37.394 0.66432058096678415 -4.85376889712
37.395 0.66433259660755228 -4.85376576049
37.396 0.66434461235161213 -4.85376262392
37.397 0.66435662819897845 -4.85375948743
37.398 0.66436864414966579 -4.85375635100
37.399 0.66438066020368847 -4.85375321463
37.400 0.66439267636106136 -4.85375007833
37.401 0.66440469262179880 -4.85374694210
37.402 0.66441670898591532 -4.85374380594
37.403 0.66442872545342557 -4.85374066984
37.404 0.66444074202434400 -4.85373753381
37.405 0.66445275869868536 -4.85373439785
37.406 0.66446477547646388 -4.85373126195
37.407 0.66447679235769430 -4.85372812613
37.408 0.66448880934239141 -4.85372499037
37.409 0.66450082643056940 -4.85372185468
37.410 0.66451284362224283 -4.85371871905
37.411 0.66452486091742657 -4.85371558350
37.412 0.66453687831613484 -4.85371244801
37.413 0.66454889581838239 -4.85370931259
37.414 0.66456091342418366 -4.85370617724
37.415 0.66457293113355331 -4.85370304196
37.416 0.66458494894650577 -4.85369990675
37.417 0.66459696686305580 -4.85369677160
37.418 0.66460898488321762 -4.85369363653
37.419 0.66462100300700622 -4.85369050152
37.420 0.66463302123443579 -4.85368736659
37.421 0.66464503956552101 -4.85368423172
37.422 0.66465705800027652 -4.85368109692
37.423 0.66466907653871687 -4.85367796220
37.424 0.66468109518085650 -4.85367482754
37.425 0.66469311392670993 -4.85367169295
37.426 0.66470513277629206 -4.85366855843
37.427 0.66471715172961698 -4.85366542399
37.428 0.66472917078669969 -4.85366228961
37.429 0.66474118994755438 -4.85365915530
37.430 0.66475320921219583 -4.85365602107
37.431 0.66476522858063847 -4.85365288690
37.432 0.66477724805289717 -4.85364975281
37.433 0.66478926762898594 -4.85364661879
37.434 0.66480128730891985 -4.85364348484
37.435 0.66481330709271325 -4.85364035096
37.436 0.66482532698038066 -4.85363721715
37.437 0.66483734697193675 -4.85363408341
37.438 0.66484936706739606 -4.85363094975
37.439 0.66486138726677302 -4.85362781615
37.440 0.66487340757008240 -4.85362468263
37.441 0.66488542797733874 -4.85362154918
37.442 0.66489744848855636 -4.85361841581
37.443 0.66490946910375004 -4.85361528250
37.444 0.66492148982293453 -4.85361214927
37.445 0.66493351064612394 -4.85360901611
37.446 0.66494553157333314 -4.85360588303
37.447 0.66495755260457667 -4.85360275001
37.448 0.66496957373986909 -4.85359961707
37.449 0.66498159497922482 -4.85359648421
37.450 0.66499361632265863 -4.85359335141
37.451 0.66500563777018495 -4.85359021869
37.452 0.66501765932181844 -4.85358708605
37.453 0.66502968097757365 -4.85358395347
37.454 0.66504170273746510 -4.85358082097
37.455 0.66505372460150736 -4.85357768855
37.456 0.66506574656971496 -4.85357455620
37.457 0.66507776864210266 -4.85357142392
37.458 0.66508979081868491 -4.85356829172
37.459 0.66510181309947636 -4.85356515959
37.460 0.66511383548449121 -4.85356202754
37.461 0.66512585797374457 -4.85355889556
37.462 0.66513788056725076 -4.85355576366
37.463 0.66514990326502432 -4.85355263183
37.464 0.66516192606707980 -4.85354950008
37.465 0.66517394897343196 -4.85354636840
37.466 0.66518597198409513 -4.85354323680
37.467 0.66519799509908406 -4.85354010527
37.468 0.66521001831841320 -4.85353697382
37.469 0.66522204164209731 -4.85353384244
37.470 0.66523406507015082 -4.85353071114
37.471 0.66524608860258827 -4.85352757992
37.472 0.66525811223942444 -4.85352444877
37.473 0.66527013598067364 -4.85352131770
37.474 0.66528215982635075 -4.85351818671
37.475 0.66529418377646998 -4.85351505579
37.476 0.66530620783104621 -4.85351192495
37.477 0.66531823199009388 -4.85350879419
37.478 0.66533025625362752 -4.85350566350
37.479 0.66534228062166201 -4.85350253289
37.480 0.66535430509421145 -4.85349940236
37.481 0.66536632967129095 -4.85349627191
37.482 0.66537835435291459 -4.85349314153
37.483 0.66539037913909715 -4.85349001123
37.484 0.66540240402985351 -4.85348688101
37.485 0.66541442902519765 -4.85348375087
37.486 0.66542645412514467 -4.85348062080
37.487 0.66543847932970901 -4.85347749081
37.488 0.66545050463890509 -4.85347436090
37.489 0.66546253005274758 -4.85347123107
37.490 0.66547455557125124 -4.85346810132
37.491 0.66548658119443038 -4.85346497165
37.492 0.66549860692229967 -4.85346184206
37.493 0.66551063275487399 -4.85345871254
37.494 0.66552265869216742 -4.85345558310
37.495 0.66553468473419486 -4.85345245375
37.496 0.66554671088097084 -4.85344932447
37.497 0.66555873713250990 -4.85344619527
37.498 0.66557076348882671 -4.85344306616
37.499 0.66558278994993580 -4.85343993712
37.500 0.66559481651585173 -4.85343680816
37.501 0.66560684318658914 -4.85343367928
37.502 0.66561886996216246 -4.85343055048
37.503 0.66563089684258658 -4.85342742177
37.504 0.66564292382787582 -4.85342429313
37.505 0.66565495091804505 -4.85342116457
37.506 0.66566697811310838 -4.85341803610
37.507 0.66567900541308089 -4.85341490770
37.508 0.66569103281797704 -4.85341177939
37.509 0.66570306032781124 -4.85340865116
37.510 0.66571508794259815 -4.85340552300
37.511 0.66572711566235254 -4.85340239493
37.512 0.66573914348708885 -4.85339926694
37.513 0.66575117141682161 -4.85339613904
37.514 0.66576319945156559 -4.85339301121
37.515 0.66577522759133523 -4.85338988347
37.516 0.66578725583614506 -4.85338675581
37.517 0.66579928418600998 -4.85338362823
37.518 0.66581131264094440 -4.85338050073
37.519 0.66582334120096276 -4.85337737332
37.520 0.66583536986607994 -4.85337424599
37.521 0.66584739863631037 -4.85337111874
37.522 0.66585942751166860 -4.85336799157
37.523 0.66587145649216939 -4.85336486449
37.524 0.66588348557782717 -4.85336173749
37.525 0.66589551476865672 -4.85335861057
37.526 0.66590754406467234 -4.85335548374
37.527 0.66591957346588904 -4.85335235699
37.528 0.66593160297232101 -4.85334923032
37.529 0.66594363258398315 -4.85334610374
37.530 0.66595566230088987 -4.85334297724
37.531 0.66596769212305573 -4.85333985083
37.532 0.66597972205049549 -4.85333672450
37.533 0.66599175208322392 -4.85333359825
37.534 0.66600378222125500 -4.85333047209
37.535 0.66601581246460395 -4.85332734601
37.536 0.66602784281328531 -4.85332422002
37.537 0.66603987326731318 -4.85332109411
37.538 0.66605190382670265 -4.85331796829
37.539 0.66606393449146828 -4.85331484255
37.540 0.66607596526162438 -4.85331171690
37.541 0.66608799613718572 -4.85330859133
37.542 0.66610002711816707 -4.85330546585
37.543 0.66611205820458275 -4.85330234045
37.544 0.66612408939644752 -4.85329921514
37.545 0.66613612069377592 -4.85329608992
37.546 0.66614815209658262 -4.85329296478
37.547 0.66616018360488216 -4.85328983973
37.548 0.66617221521868919 -4.85328671476
37.549 0.66618424693801837 -4.85328358988
37.550 0.66619627876288412 -4.85328046509
37.551 0.66620831069330133 -4.85327734038
37.552 0.66622034272928421 -4.85327421576
37.553 0.66623237487084774 -4.85327109123
37.554 0.66624440711800637 -4.85326796678
37.555 0.66625643947077473 -4.85326484242
37.556 0.66626847192916716 -4.85326171815
37.557 0.66628050449319887 -4.85325859397
37.558 0.66629253716288406 -4.85325546987
37.559 0.66630456993823728 -4.85325234586
37.560 0.66631660281927330 -4.85324922194
37.561 0.66632863580600665 -4.85324609811
37.562 0.66634066889845200 -4.85324297436
37.563 0.66635270209662401 -4.85323985071
37.564 0.66636473540053720 -4.85323672714
37.565 0.66637676881020613 -4.85323360366
37.566 0.66638880232564568 -4.85323048027
37.567 0.66640083594687005 -4.85322735696
37.568 0.66641286967389413 -4.85322423375
37.569 0.66642490350673256 -4.85322111063
37.570 0.66643693744539978 -4.85321798759
37.571 0.66644897148991045 -4.85321486464
37.572 0.66646100564027932 -4.85321174179
37.573 0.66647303989652085 -4.85320861902
37.574 0.66648507425864978 -4.85320549634
37.575 0.66649710872668055 -4.85320237375
37.576 0.66650914330062794 -4.85319925126
37.577 0.66652117798050647 -4.85319612885
37.578 0.66653321276633093 -4.85319300653
37.579 0.66654524765811562 -4.85318988430
37.580 0.66655728265587533 -4.85318676216
37.581 0.66656931775962480 -4.85318364012
37.582 0.66658135296937859 -4.85318051816
37.583 0.66659338828515102 -4.85317739630
37.584 0.66660542370695719 -4.85317427452
37.585 0.66661745923481142 -4.85317115284
37.586 0.66662949486872825 -4.85316803125
37.587 0.66664153060872255 -4.85316490975
37.588 0.66665356645480889 -4.85316178834
37.589 0.66666560240700168 -4.85315866702
37.590 0.66667763846531580 -4.85315554580
37.591 0.66668967462976569 -4.85315242466
37.592 0.66670171090036601 -4.85314930362
37.593 0.66671374727713151 -4.85314618267
37.594 0.66672578376007663 -4.85314306181
37.595 0.66673782034921614 -4.85313994105
37.596 0.66674985704456458 -4.85313682037
37.597 0.66676189384613660 -4.85313369979
37.598 0.66677393075394675 -4.85313057931
37.599 0.66678596776800969 -4.85312745891
37.600 0.66679800488834029 -4.85312433861
37.601 0.66681004211495276 -4.85312121840
37.602 0.66682207944786198 -4.85311809829
37.603 0.66683411688708261 -4.85311497827
37.604 0.66684615443262907 -4.85311185834
37.605 0.66685819208451602 -4.85310873851
37.606 0.66687022984275834 -4.85310561877
37.607 0.66688226770737047 -4.85310249912
37.608 0.66689430567836694 -4.85309937957
37.609 0.66690634375576263 -4.85309626011
37.610 0.66691838193957209 -4.85309314075
37.611 0.66693042022980964 -4.85309002148
37.612 0.66694245862649038 -4.85308690230
37.613 0.66695449712962862 -4.85308378322
37.614 0.66696653573923914 -4.85308066424
37.615 0.66697857445533648 -4.85307754535
37.616 0.66699061327793530 -4.85307442655
37.617 0.66700265220705035 -4.85307130785
37.618 0.66701469124269608 -4.85306818925
37.619 0.66702673038488725 -4.85306507074
37.620 0.66703876963363828 -4.85306195233
37.621 0.66705080898896407 -4.85305883401
37.622 0.66706284845087915 -4.85305571579
37.623 0.66707488801939807 -4.85305259766
37.624 0.66708692769453559 -4.85304947963
37.625 0.66709896747630637 -4.85304636170
37.626 0.66711100736472484 -4.85304324386
37.627 0.66712304735980588 -4.85304012612
37.628 0.66713508746156391 -4.85303700848
37.629 0.66714712767001361 -4.85303389093
37.630 0.66715916798516983 -4.85303077348
37.631 0.66717120840704702 -4.85302765613
37.632 0.66718324893565972 -4.85302453888
37.633 0.66719528957102281 -4.85302142172
37.634 0.66720733031315083 -4.85301830466
37.635 0.66721937116205832 -4.85301518769
37.636 0.66723141211776016 -4.85301207083
37.637 0.66724345318027056 -4.85300895406
37.638 0.66725549434960452 -4.85300583739
37.639 0.66726753562577668 -4.85300272082
37.640 0.66727957700880136 -4.85299960435
37.641 0.66729161849869356 -4.85299648797
37.642 0.66730366009546793 -4.85299337170
37.643 0.66731570179913879 -4.85299025552
37.644 0.66732774360972091 -4.85298713944
37.645 0.66733978552722917 -4.85298402346
37.646 0.66735182755167788 -4.85298090758
37.647 0.66736386968308192 -4.85297779180
37.648 0.66737591192145573 -4.85297467611
37.649 0.66738795426681408 -4.85297156053
37.650 0.66739999671917172 -4.85296844505
37.651 0.66741203927854309 -4.85296532966
37.652 0.66742408194494285 -4.85296221438
37.653 0.66743612471838576 -4.85295909919
37.654 0.66744816759888648 -4.85295598411
37.655 0.66746021058645943 -4.85295286913
37.656 0.66747225368111951 -4.85294975424
37.657 0.66748429688288113 -4.85294663946
37.658 0.66749634019175930 -4.85294352478
37.659 0.66750838360776832 -4.85294041019
37.660 0.66752042713092286 -4.85293729571
37.661 0.66753247076123801 -4.85293418133
37.662 0.66754451449872787 -4.85293106705
37.663 0.66755655834340732 -4.85292795287
37.664 0.66756860229529091 -4.85292483880
37.665 0.66758064635439351 -4.85292172482
37.666 0.66759269052072945 -4.85291861095
37.667 0.66760473479431370 -4.85291549718
37.668 0.66761677917516082 -4.85291238351
37.669 0.66762882366328524 -4.85290926994
37.670 0.66764086825870184 -4.85290615647
37.671 0.66765291296142526 -4.85290304311
37.672 0.66766495777147006 -4.85289992985
37.673 0.66767700268885100 -4.85289681669
37.674 0.66768904771358262 -4.85289370363
37.675 0.66770109284567958 -4.85289059068
37.676 0.66771313808515664 -4.85288747783
37.677 0.66772518343202847 -4.85288436508
37.678 0.66773722888630960 -4.85288125243
37.679 0.66774927444801457 -4.85287813989
37.680 0.66776132011715839 -4.85287502746
37.681 0.66777336589375547 -4.85287191512
37.682 0.66778541177782058 -4.85286880289
37.683 0.66779745776936816 -4.85286569076
37.684 0.66780950386841309 -4.85286257874
37.685 0.66782155007497002 -4.85285946682
37.686 0.66783359638905349 -4.85285635501
37.687 0.66784564281067826 -4.85285324330
37.688 0.66785768933985901 -4.85285013169
37.689 0.66786973597661026 -4.85284702019
37.690 0.66788178272094667 -4.85284390879
37.940 0.67089688299251371 -4.85206968054
38.190 0.67391893823168836 -4.85130397706
38.440 0.67694817989787026 -4.85054871462
38.690 0.67998484114901192 -4.84980574633
38.940 0.68302915692857280 -4.84907686174
39.190 0.68608136405344711 -4.84836378646
39.440 0.68914170130294539 -4.84766818180
39.690 0.69221040950890822 -4.84699164425
39.940 0.69528773164703284 -4.84633570512
40.190 0.69837391292949746 -4.84570182996
40.440 0.70146920089896336 -4.84509141814
40.690 0.70457384552404234 -4.84450580232
40.940 0.70768809929631604 -4.84394624791
41.190 0.71081221732899502 -4.84341395258
41.440 0.71394645745730900 -4.84291004575
41.690 0.71709108034072089 -4.84243558800
41.940 0.72024634956706002 -4.84199157066
42.190 0.72341253175867060 -4.84157891524
42.440 0.72658989668067864 -4.84119847295
42.690 0.72977871735147726 -4.84085102429
42.940 0.73297927015553754 -4.84053727853
43.190 0.73619183495865459 -4.84025787339
43.440 0.73941669522574016 -4.84001337456
43.690 0.74265413814127823 -4.83980427544
43.940 0.74590445473256339 -4.83963099677
44.190 0.74916793999584619 -4.83949388641
44.440 0.75244489302551065 -4.83939321907
44.690 0.75573561714642123 -4.83932919615
44.940 0.75904042004957006 -4.83930194563
45.190 0.76235961393117113 -4.83931152194
45.440 0.76569351563534638 -4.83935790595
45.690 0.76904244680055611 -4.83944100498
45.940 0.77240673400993165 -4.83956065286
46.190 0.77578670894567647 -4.83971661005
46.440 0.77918270854770488 -4.83990856378
46.690 0.78259507517669336 -4.84013612825
46.940 0.78602415678173632 -4.84039884491
47.190 0.78947030707278898 -4.84069618273
47.440 0.79293388569810408 -4.84102753851
47.690 0.79641525842686767 -4.84139223727
47.940 0.79991479733725135 -4.84178953266
48.190 0.80343288101010601 -4.84221860736
48.440 0.80696989472853486 -4.84267857351
48.690 0.81052623068358931 -4.84316847328
48.940 0.81410228818634522 -4.84368727923
49.190 0.81769847388662797 -4.84423389493
49.440 0.82131520199866548 -4.84480715541
49.690 0.82495289453396092 -4.84540582770
49.940 0.82861198154169224 -4.84602861136
50.190 0.83229290135695766 -4.84667413899
50.440 0.83599610085719844 -4.84734097672
50.690 0.83972203572715554 -4.84802762475
50.940 0.84347117073271871 -4.84873251783
51.190 0.84724398000405599 -4.84945402570
51.440 0.85104094732842606 -4.85019045356
51.690 0.85486256645309078 -4.85094004250
51.940 0.85870934139877264 -4.85170096988
52.190 0.86258178678412023 -4.85247134970
52.440 0.86648042816166460 -4.85324923294
52.441 0.86649607604496726 -4.85325235686
52.442 0.86651172435601409 -4.85325548087
52.443 0.86652737309484018 -4.85325860497
52.444 0.86654302226148028 -4.85326172915
52.445 0.86655867185596880 -4.85326485343
52.446 0.86657432187834083 -4.85326797779
52.447 0.86658997232863089 -4.85327110223
52.448 0.86660562320687384 -4.85327422677
52.449 0.86662127451310433 -4.85327735139
52.450 0.86663692624735733 -4.85328047610
52.451 0.86665257840966714 -4.85328360089
52.452 0.86666823100006907 -4.85328672577
52.453 0.86668388401859742 -4.85328985074
52.454 0.86669953746528738 -4.85329297579
52.455 0.86671519134017316 -4.85329610093
52.456 0.86673084564328995 -4.85329922616
52.457 0.86674650037467260 -4.85330235147
52.458 0.86676215553435543 -4.85330547687
52.459 0.86677781112237362 -4.85330860235
52.460 0.86679346713876182 -4.85331172792
52.461 0.86680912358355466 -4.85331485357
52.462 0.86682478045678724 -4.85331797931
52.463 0.86684043775849418 -4.85332110514
52.464 0.86685609548871001 -4.85332423105
52.465 0.86687175364747016 -4.85332735704
52.466 0.86688741223480881 -4.85333048312
52.467 0.86690307125076094 -4.85333360928
52.468 0.86691873069536152 -4.85333673553
52.469 0.86693439056864530 -4.85333986186
52.470 0.86695005087064692 -4.85334298828
52.471 0.86696571160140135 -4.85334611478
52.472 0.86698137276094345 -4.85334924136
52.473 0.86699703434930786 -4.85335236803
52.474 0.86701269636652956 -4.85335549478
52.475 0.86702835881264328 -4.85335862161
52.476 0.86704402168768380 -4.85336174853
52.477 0.86705968499168606 -4.85336487553
52.478 0.86707534872468506 -4.85336800262
52.479 0.86709101288671520 -4.85337112978
52.480 0.86710667747781156 -4.85337425703
52.481 0.86712234249800924 -4.85337738437
52.482 0.86713800794734242 -4.85338051178
52.483 0.86715367382584663 -4.85338363928
52.484 0.86716934013355629 -4.85338676686
52.485 0.86718500687050670 -4.85338989452
52.486 0.86720067403673207 -4.85339302227
52.487 0.86721634163226780 -4.85339615009
52.488 0.86723200965714853 -4.85339927800
52.489 0.86724767811140901 -4.85340240599
52.490 0.86726334699508445 -4.85340553406
52.491 0.86727901630820947 -4.85340866222
52.492 0.86729468605081894 -4.85341179045
52.493 0.86731035622294783 -4.85341491876
52.494 0.86732602682463111 -4.85341804716
52.495 0.86734169785590343 -4.85342117564
52.496 0.86735736931679996 -4.85342430419
52.497 0.86737304120735514 -4.85342743283
52.498 0.86738871352760438 -4.85343056155
52.499 0.86740438627758232 -4.85343369035
52.500 0.86742005945732381 -4.85343681923
52.501 0.86743573306686383 -4.85343994819
52.502 0.86745140710623725 -4.85344307723
52.503 0.86746708157547914 -4.85344620635
52.504 0.86748275647462425 -4.85344933555
52.505 0.86749843180370756 -4.85345246483
52.506 0.86751410756276370 -4.85345559418
52.507 0.86752978375182799 -4.85345872362
52.508 0.86754546037093538 -4.85346185314
52.509 0.86756113742012042 -4.85346498273
52.510 0.86757681489941829 -4.85346811241
52.511 0.86759249280886397 -4.85347124216
52.512 0.86760817114849209 -4.85347437199
52.513 0.86762384991833785 -4.85347750190
52.514 0.86763952911843634 -4.85348063189
52.515 0.86765520874882207 -4.85348376196
52.516 0.86767088880953047 -4.85348689210
52.517 0.86768656930059607 -4.85349002232
52.518 0.86770225022205405 -4.85349315262
52.519 0.86771793157393917 -4.85349628300
52.520 0.86773361335628674 -4.85349941346
52.521 0.86774929556913138 -4.85350254399
52.522 0.86776497821250809 -4.85350567460
52.523 0.86778066128645204 -4.85350880529
52.524 0.86779634479099810 -4.85351193605
52.525 0.86781202872618113 -4.85351506690
52.526 0.86782771309203643 -4.85351819781
52.527 0.86784339788859866 -4.85352132881
52.528 0.86785908311590276 -4.85352445988
52.529 0.86787476877398406 -4.85352759103
52.530 0.86789045486287741 -4.85353072225
52.531 0.86790614138261746 -4.85353385355
52.532 0.86792182833323972 -4.85353698493
52.533 0.86793751571477895 -4.85354011638
52.534 0.86795320352727001 -4.85354324791
52.535 0.86796889177074810 -4.85354637951
52.536 0.86798458044524840 -4.85354951119
52.537 0.86800026955080545 -4.85355264295
52.538 0.86801595908745455 -4.85355577478
52.539 0.86803164905523089 -4.85355890668
52.540 0.86804733945416901 -4.85356203866
52.541 0.86806303028430432 -4.85356517071
52.542 0.86807872154567189 -4.85356830284
52.543 0.86809441323830638 -4.85357143505
52.544 0.86811010536224320 -4.85357456732
52.545 0.86812579791751709 -4.85357769968
52.546 0.86814149090416304 -4.85358083210
52.547 0.86815718432221656 -4.85358396460
52.548 0.86817287817171229 -4.85358709718
52.549 0.86818857245268544 -4.85359022982
52.550 0.86820426716517096 -4.85359336255
52.551 0.86821996230920406 -4.85359649534
52.552 0.86823565788481938 -4.85359962821
52.553 0.86825135389205244 -4.85360276115
52.554 0.86826705033093832 -4.85360589417
52.555 0.86828274720151166 -4.85360902725
52.556 0.86829844450380778 -4.85361216041
52.557 0.86831414223786196 -4.85361529365
52.558 0.86832984040370886 -4.85361842695
52.559 0.86834553900138378 -4.85362156033
52.560 0.86836123803092191 -4.85362469378
52.561 0.86837693749235811 -4.85362782730
52.562 0.86839263738572736 -4.85363096090
52.563 0.86840833771106529 -4.85363409456
52.564 0.86842403846840643 -4.85363722830
52.565 0.86843973965778609 -4.85364036211
52.566 0.86845544127923946 -4.85364349599
52.567 0.86847114333280162 -4.85364662994
52.568 0.86848684581850732 -4.85364976397
52.569 0.86850254873639221 -4.85365289806
52.570 0.86851825208649103 -4.85365603223
52.571 0.86853395586883897 -4.85365916646
52.572 0.86854966008347134 -4.85366230077
52.573 0.86856536473042301 -4.85366543515
52.574 0.86858106980972904 -4.85366856960
52.575 0.86859677532142499 -4.85367170412
52.576 0.86861248126554547 -4.85367483870
52.577 0.86862818764212613 -4.85367797336
52.578 0.86864389445120149 -4.85368110809
52.579 0.86865960169280720 -4.85368424289
52.580 0.86867530936697834 -4.85368737776
52.581 0.86869101747374955 -4.85369051269
52.582 0.86870672601315668 -4.85369364770
52.583 0.86872243498523449 -4.85369678278
52.584 0.86873814439001829 -4.85369991792
52.585 0.86875385422754281 -4.85370305314
52.586 0.86876956449784382 -4.85370618842
52.587 0.86878527520095628 -4.85370932377
52.588 0.86880098633691494 -4.85371245919
52.589 0.86881669790575555 -4.85371559468
52.590 0.86883240990751309 -4.85371873024
52.591 0.86884812234222253 -4.85372186586
52.592 0.86886383520991917 -4.85372500155
52.593 0.86887954851063853 -4.85372813731
52.594 0.86889526224441505 -4.85373127314
52.595 0.86891097641128456 -4.85373440904
52.596 0.86892669101128217 -4.85373754500
52.597 0.86894240604444284 -4.85374068103
52.598 0.86895812151080176 -4.85374381713
52.599 0.86897383741039425 -4.85374695330
52.600 0.86898955374325570 -4.85375008953
52.601 0.86900527050942089 -4.85375322583
52.602 0.86902098770892533 -4.85375636219
52.603 0.86903670534180422 -4.85375949863
52.604 0.86905242340809252 -4.85376263513
52.605 0.86906814190782566 -4.85376577169
52.606 0.86908386084103906 -4.85376890832
52.607 0.86909958020776745 -4.85377204502
52.608 0.86911530000804649 -4.85377518178
52.609 0.86913102024191113 -4.85377831861
52.610 0.86914674090939681 -4.85378145551
52.611 0.86916246201053837 -4.85378459247
52.612 0.86917818354537157 -4.85378772949
52.613 0.86919390551393139 -4.85379086658
52.614 0.86920962791625300 -4.85379400374
52.615 0.86922535075237195 -4.85379714096
52.616 0.86924107402232309 -4.85380027824
52.617 0.86925679772614195 -4.85380341559
52.618 0.86927252186386372 -4.85380655301
52.619 0.86928824643552360 -4.85380969049
52.620 0.86930397144115690 -4.85381282803
52.621 0.86931969688079902 -4.85381596564
52.622 0.86933542275448494 -4.85381910331
52.623 0.86935114906224997 -4.85382224105
52.624 0.86936687580412975 -4.85382537885
52.625 0.86938260298015924 -4.85382851671
52.626 0.86939833059037364 -4.85383165463
52.627 0.86941405863480847 -4.85383479262
52.628 0.86942978711349894 -4.85383793068
52.629 0.86944551602648013 -4.85384106879
52.630 0.86946124537378788 -4.85384420697
52.631 0.86947697515545697 -4.85384734521
52.632 0.86949270537152268 -4.85385048352
52.633 0.86950843602202066 -4.85385362189
52.634 0.86952416710698610 -4.85385676032
52.635 0.86953989862645409 -4.85385989881
52.636 0.86955563058046026 -4.85386303736
52.637 0.86957136296903970 -4.85386617598
52.638 0.86958709579222770 -4.85386931465
52.639 0.86960282905005981 -4.85387245339
52.640 0.86961856274257121 -4.85387559220
52.641 0.86963429686979732 -4.85387873106
52.642 0.86965003143177322 -4.85388186998
52.643 0.86966576642853455 -4.85388500897
52.644 0.86968150186011639 -4.85388814801
52.645 0.86969723772655427 -4.85389128712
52.646 0.86971297402788328 -4.85389442629
52.647 0.86972871076413893 -4.85389756552
52.648 0.86974444793535677 -4.85390070481
52.649 0.86976018554157175 -4.85390384416
52.650 0.86977592358281952 -4.85390698357
52.651 0.86979166205913550 -4.85391012304
52.652 0.86980740097055476 -4.85391326257
52.653 0.86982314031711272 -4.85391640216
52.654 0.86983888009884491 -4.85391954181
52.655 0.86985462031578653 -4.85392268152
52.656 0.86987036096797299 -4.85392582128
52.657 0.86988610205543970 -4.85392896111
52.658 0.86990184357822231 -4.85393210100
52.659 0.86991758553635579 -4.85393524095
52.660 0.86993332792987554 -4.85393838095
52.661 0.86994907075881733 -4.85394152101
52.662 0.86996481402321613 -4.85394466114
52.663 0.86998055772310745 -4.85394780132
52.664 0.86999630185852694 -4.85395094156
52.665 0.87001204642950958 -4.85395408186
52.666 0.87002779143609110 -4.85395722221
52.667 0.87004353687830682 -4.85396036263
52.668 0.87005928275619215 -4.85396350310
52.669 0.87007502906978251 -4.85396664363
52.670 0.87009077581911309 -4.85396978422
52.671 0.87010652300421953 -4.85397292486
52.672 0.87012227062513736 -4.85397606556
52.673 0.87013801868190177 -4.85397920632
52.674 0.87015376717454840 -4.85398234714
52.675 0.87016951610311255 -4.85398548801
52.676 0.87018526546762953 -4.85398862894
52.677 0.87020101526813498 -4.85399176993
52.678 0.87021676550466420 -4.85399491097
52.679 0.87023251617725284 -4.85399805207
52.680 0.87024826728593607 -4.85400119323
52.681 0.87026401883074955 -4.85400433444
52.682 0.87027977081172869 -4.85400747570
52.683 0.87029552322890880 -4.85401061703
52.684 0.87031127608232550 -4.85401375841
52.685 0.87032702937201434 -4.85401689984
52.686 0.87034278309801050 -4.85402004133
52.687 0.87035853726034962 -4.85402318288
52.688 0.87037429185906734 -4.85402632448
52.689 0.87039004689419863 -4.85402946614
52.690 0.87040580236577936 -4.85403260785
52.691 0.87042155827384504 -4.85403574961
52.692 0.87043731461843099 -4.85403889143
52.693 0.87045307139957262 -4.85404203331
52.694 0.87046882861730568 -4.85404517524
52.695 0.87048458627166547 -4.85404831722
52.696 0.87050034436268753 -4.85405145926
52.697 0.87051610289040737 -4.85405460135
52.698 0.87053186185486064 -4.85405774349
52.699 0.87054762125608243 -4.85406088569
52.700 0.87056338109410869 -4.85406402794
52.701 0.87057914136897474 -4.85406717025
52.702 0.87059490208071610 -4.85407031261
52.703 0.87061066322936820 -4.85407345502
52.704 0.87062642481496666 -4.85407659748
52.705 0.87064218683754702 -4.85407974000
52.706 0.87065794929714468 -4.85408288257
52.707 0.87067371219379552 -4.85408602520
52.708 0.87068947552753451 -4.85408916787
52.709 0.87070523929839772 -4.85409231060
52.710 0.87072100350642034 -4.85409545338
52.711 0.87073676815163792 -4.85409859621
52.712 0.87075253323408641 -4.85410173910
52.713 0.87076829875380080 -4.85410488203
52.714 0.87078406471081693 -4.85410802502
52.715 0.87079983110517045 -4.85411116806
52.716 0.87081559793689667 -4.85411431115
52.717 0.87083136520603133 -4.85411745429
52.718 0.87084713291260996 -4.85412059749
52.719 0.87086290105666797 -4.85412374073
52.720 0.87087866963824112 -4.85412688403
52.721 0.87089443865736482 -4.85413002737
52.722 0.87091020811407505 -4.85413317077
52.723 0.87092597800840688 -4.85413631421
52.724 0.87094174834039595 -4.85413945771
52.725 0.87095751911007824 -4.85414260126
52.726 0.87097329031748894 -4.85414574486
52.727 0.87098906196266379 -4.85414888850
52.728 0.87100483404563855 -4.85415203220
52.729 0.87102060656644842 -4.85415517595
52.730 0.87103637952512925 -4.85415831974
52.731 0.87105215292171678 -4.85416146359
52.732 0.87106792675624634 -4.85416460748
52.733 0.87108370102875377 -4.85416775143
52.734 0.87109947573927438 -4.85417089542
52.735 0.87111525088784403 -4.85417403946
52.736 0.87113102647449836 -4.85417718355
52.737 0.87114680249927290 -4.85418032769
52.738 0.87116257896220317 -4.85418347188
52.739 0.87117835586332493 -4.85418661611
52.740 0.87119413320267391 -4.85418976039
52.741 0.87120991098028533 -4.85419290473
52.742 0.87122568919619536 -4.85419604911
52.743 0.87124146785043943 -4.85419919353
52.744 0.87125724694305295 -4.85420233801
52.745 0.87127302647407201 -4.85420548253
52.746 0.87128880644353190 -4.85420862710
52.747 0.87130458685146839 -4.85421177172
52.748 0.87132036769791710 -4.85421491638
52.749 0.87133614898291378 -4.85421806109
52.750 0.87135193070649397 -4.85422120585
52.751 0.87136771286869352 -4.85422435065
52.752 0.87138349546954796 -4.85422749550
52.753 0.87139927850909282 -4.85423064040
52.754 0.87141506198736407 -4.85423378534
52.755 0.87143084590439734 -4.85423693033
52.756 0.87144663026022795 -4.85424007537
52.757 0.87146241505489197 -4.85424322045
52.758 0.87147820028842515 -4.85424636557
52.759 0.87149398596086269 -4.85424951075
52.760 0.87150977207224078 -4.85425265596
52.761 0.87152555862259495 -4.85425580123
52.762 0.87154134561196084 -4.85425894654
52.763 0.87155713304037408 -4.85426209189
52.764 0.87157292090787075 -4.85426523729
52.765 0.87158870921448595 -4.85426838273
52.766 0.87160449796025596 -4.85427152822
52.767 0.87162028714521622 -4.85427467375
52.768 0.87163607676940247 -4.85427781933
52.769 0.87165186683285045 -4.85428096495
52.770 0.87166765733559592 -4.85428411061
52.771 0.87168344827767463 -4.85428725632
52.772 0.87169923965912199 -4.85429040207
52.773 0.87171503147997431 -4.85429354787
52.774 0.87173082374026689 -4.85429669371
52.775 0.87174661644003548 -4.85429983959
52.776 0.87176240957931606 -4.85430298552
52.777 0.87177820315814436 -4.85430613149
52.778 0.87179399717655570 -4.85430927750
52.779 0.87180979163458638 -4.85431242355
52.780 0.87182558653227193 -4.85431556965
52.781 0.87184138186964810 -4.85431871579
52.782 0.87185717764675041 -4.85432186197
52.783 0.87187297386361517 -4.85432500820
52.784 0.87188877052027769 -4.85432815447
52.785 0.87190456761677382 -4.85433130078
52.786 0.87192036515313964 -4.85433444713
52.787 0.87193616312941058 -4.85433759352
52.788 0.87195196154562238 -4.85434073995
52.789 0.87196776040181123 -4.85434388643
52.790 0.87198355969801256 -4.85434703295
52.791 0.87199935943426221 -4.85435017951
52.792 0.87201515961059617 -4.85435332611
52.793 0.87203096022704985 -4.85435647275
52.794 0.87204676128365954 -4.85435961943
52.795 0.87206256278046057 -4.85436276615
52.796 0.87207836471748912 -4.85436591291
52.797 0.87209416709478083 -4.85436905971
52.798 0.87210996991237133 -4.85437220656
52.799 0.87212577317029683 -4.85437535344
52.800 0.87214157686859295 -4.85437850036
52.801 0.87215738100729556 -4.85438164733
52.802 0.87217318558644008 -4.85438479433
52.803 0.87218899060606292 -4.85438794137
52.804 0.87220479606619961 -4.85439108846
52.805 0.87222060196688600 -4.85439423558
52.806 0.87223640830815796 -4.85439738274
52.807 0.87225221509005157 -4.85440052994
52.808 0.87226802231260214 -4.85440367717
52.809 0.87228382997584597 -4.85440682445
52.810 0.87229963807981881 -4.85440997177
53.060 0.87626558694536849 -4.85519764947
53.310 0.88025965102457515 -4.85598556062
53.560 0.88428240930861612 -4.85677147696
53.810 0.88833445379154308 -4.85755310836
54.060 0.89241638989427619 -4.85832810285
54.310 0.89652883690459040 -4.85909404673
54.560 0.90067242843383866 -4.85984846443
54.810 0.90484781289119087 -4.86058881855
55.060 0.90905565397620969 -4.86131250964
55.310 0.91329663119062809 -4.86201687606
55.560 0.91757144037024452 -4.86269919378
55.810 0.92188079423789437 -4.86335667604
56.060 0.92622542297851385 -4.86398647302
56.310 0.93060607483737057 -4.86458567150
56.560 0.93502351674258677 -4.86515129432
56.810 0.93947853495315503 -4.86568029994
57.060 0.94397193573370619 -4.86616958184
57.310 0.94850454605736445 -4.86661596791
57.560 0.95307721433810244 -4.86701621971
57.810 0.95769081119408739 -4.86736703181
58.060 0.96234623024360122 -4.86766503091
58.310 0.96704438893520894 -4.86790677501
58.560 0.97178622941394466 -4.86808875244
58.810 0.97657271942540091 -4.86820738091
59.060 0.98140485325971039 -4.86825900645
59.310 0.98628365273753504 -4.86823990229
59.560 0.99121016824031039 -4.86814626767
59.810 0.99618547978712491 -4.86797422667
60.060 1.0012106981607682 -4.86771982688
60.310 1.0062869660856417 -4.86737903808
60.560 1.0114154594603924 -4.86694775089
60.810 1.0165973886483173 -4.86642177531
61.060 1.0218339998287824 -4.86579683932
61.310 1.0271265764131099 -4.86506858736
61.560 1.0324764405286155 -4.86423257887
61.810 1.0378849545747233 -4.86328428679
62.060 1.0433535228553477 -4.86221909613
62.310 1.0488835932920104 -4.86103230250
62.560 1.0544766592224766 -4.85971911083
62.810 1.0601342612900091 -4.85827463407
63.060 1.0658579894287032 -4.85669389218
63.310 1.0716494849507479 -4.85497181121
63.560 1.0775104427418647 -4.85310322280
63.810 1.0834426135716291 -4.85108286393
64.060 1.0894478065258630 -4.84890537724
64.310 1.0955278915688060 -4.84656531202
64.560 1.1016848022433394 -4.84405712602
64.810 1.1079205385181594 -4.84137518831
65.060 1.1142371697914555 -4.83851378361
65.310 1.1206368380613707 -4.83546711849
65.560 1.1271217612743232 -4.83222932987
65.810 1.1336942368631036 -4.82879449669
66.060 1.1403566454876108 -4.82515665576
66.310 1.1471114549920949 -4.82130982296
66.560 1.1539612245938891 -4.81724802175
66.810 1.1609086093198082 -4.81296532147
67.060 1.1679563647077329 -4.80845588891
67.310 1.1751073517923165 -4.80371405818
67.560 1.1823645423953459 -4.79873442609
67.810 1.1897310247430184 -4.79351198352
68.060 1.1972100094342844 -4.78804229870
68.310 1.2048048357864933 -4.78232177637
68.560 1.2125189785868720 -4.77634803054
68.810 1.2203560552808759 -4.77012043139
69.060 1.2283198336312242 -4.76364092630
69.310 1.2364142398844955 -4.75691530662
69.560 1.2446433674855233 -4.74995522573
69.810 1.2530114863835569 -4.74278153992
70.060 1.2615230529782839 -4.73543010048
70.310 1.2701827207583702 -4.72796237970
70.560 1.2789953516902330 -4.72048638530
70.561 1.2790309161052771 -4.72045668694
70.562 1.2790664830490739 -4.72042699142
70.563 1.2791020525219581 -4.72039729875
70.564 1.2791376245242609 -4.72036760895
70.565 1.2791731990563162 -4.72033792204
70.566 1.2792087761184563 -4.72030823804
70.567 1.2792443557110131 -4.72027855695
70.568 1.2792799378343216 -4.72024887880
70.569 1.2793155224887136 -4.72021920361
70.570 1.2793511096745216 -4.72018953139
70.571 1.2793866993920802 -4.72015986216
70.572 1.2794222916417215 -4.72013019593
70.573 1.2794578864237787 -4.72010053273
70.574 1.2794934837385852 -4.72007087257
70.575 1.2795290835864752 -4.72004121547
70.576 1.2795646859677809 -4.72001156144
70.577 1.2796002908828370 -4.71998191051
70.578 1.2796358983319762 -4.71995226269
70.579 1.2796715083155321 -4.71992261799
70.580 1.2797071208338389 -4.71989297644
70.581 1.2797427358872298 -4.71986333805
70.582 1.2797783534760385 -4.71983370284
70.583 1.2798139736005996 -4.71980407083
70.584 1.2798495962612466 -4.71977444204
70.585 1.2798852214583130 -4.71974481647
70.586 1.2799208491921334 -4.71971519416
70.587 1.2799564794630420 -4.71968557512
70.588 1.2799921122713720 -4.71965595937
70.589 1.2800277476174584 -4.71962634692
70.590 1.2800633855016357 -4.71959673779
70.591 1.2800990259242373 -4.71956713201
70.592 1.2801346688855986 -4.71953752958
70.593 1.2801703143860537 -4.71950793053
70.594 1.2802059624259363 -4.71947833488
70.595 1.2802416130055820 -4.71944874263
70.596 1.2802772661253248 -4.71941915382
70.597 1.2803129217854996 -4.71938956847
70.598 1.2803485799864418 -4.71935998657
70.599 1.2803842407284853 -4.71933040817
70.600 1.2804199040119650 -4.71930083327
70.601 1.2804555698372162 -4.71927126190
70.602 1.2804912382045741 -4.71924169407
70.603 1.2805269091143725 -4.71921212979
70.604 1.2805625825669480 -4.71918256910
70.605 1.2805982585626354 -4.71915301201
70.606 1.2806339371017694 -4.71912345854
70.607 1.2806696181846859 -4.71909390870
70.608 1.2807053018117200 -4.71906436251
70.609 1.2807409879832066 -4.71903482000
70.610 1.2807766766994821 -4.71900528119
70.611 1.2808123679608809 -4.71897574608
70.612 1.2808480617677396 -4.71894621471
70.613 1.2808837581203938 -4.71891668709
70.614 1.2809194570191789 -4.71888716324
70.615 1.2809551584644301 -4.71885764317
70.616 1.2809908624564845 -4.71882812692
70.617 1.2810265689956772 -4.71879861449
70.618 1.2810622780823433 -4.71876910591
70.619 1.2810979897168207 -4.71873960119
70.620 1.2811337038994448 -4.71871010036
70.621 1.2811694206305508 -4.71868060344
70.622 1.2812051399104762 -4.71865111044
70.623 1.2812408617395565 -4.71862162139
70.624 1.2812765861181272 -4.71859213630
70.625 1.2813123130465267 -4.71856265520
70.626 1.2813480425250905 -4.71853317810
70.627 1.2813837745541543 -4.71850370502
70.628 1.2814195091340561 -4.71847423599
70.629 1.2814552462651314 -4.71844477102
70.630 1.2814909859477166 -4.71841531014
70.631 1.2815267281821499 -4.71838585336
70.632 1.2815624729687674 -4.71835640071
70.633 1.2815982203079053 -4.71832695220
70.634 1.2816339701999016 -4.71829750786
70.635 1.2816697226450926 -4.71826806770
70.636 1.2817054776438148 -4.71823863175
70.637 1.2817412351964068 -4.71820920003
70.638 1.2817769953032052 -4.71817977255
70.639 1.2818127579645471 -4.71815034934
70.640 1.2818485231807690 -4.71812093042
70.641 1.2818842909522095 -4.71809151581
70.642 1.2819200612792050 -4.71806210552
70.643 1.2819558341620938 -4.71803269959
70.644 1.2819916096012127 -4.71800329803
70.645 1.2820273875969004 -4.71797390086
70.646 1.2820631681494938 -4.71794450811
70.647 1.2820989512593304 -4.71791511979
70.648 1.2821347369267475 -4.71788573592
70.649 1.2821705251520845 -4.71785635654
70.650 1.2822063159356787 -4.71782698165
70.651 1.2822421092778671 -4.71779761128
70.652 1.2822779051789890 -4.71776824545
70.653 1.2823137036393819 -4.71773888418
70.654 1.2823495046593831 -4.71770952750
70.655 1.2823853082393328 -4.71768017542
70.656 1.2824211143795681 -4.71765082797
70.657 1.2824569230804268 -4.71762148516
70.658 1.2824927343422483 -4.71759214703
70.659 1.2825285481653708 -4.71756281359
70.660 1.2825643645501317 -4.71753348486
70.661 1.2826001834968714 -4.71750416087
70.662 1.2826360050059278 -4.71747484164
70.663 1.2826718290776387 -4.71744552718
70.664 1.2827076557123442 -4.71741621753
70.665 1.2827434849103825 -4.71738691270
70.666 1.2827793166720916 -4.71735761272
70.667 1.2828151509978123 -4.71732831761
70.668 1.2828509878878827 -4.71729902738
70.669 1.2828868273426413 -4.71726974207
70.670 1.2829226693624280 -4.71724046170
70.671 1.2829585139475819 -4.71721118628
70.672 1.2829943610984416 -4.71718191585
70.673 1.2830302108153466 -4.71715265042
70.674 1.2830660630986372 -4.71712339001
70.675 1.2831019179486518 -4.71709413466
70.676 1.2831377753657307 -4.71706488438
70.677 1.2831736353502128 -4.71703563919
70.678 1.2832094979024378 -4.71700639912
70.679 1.2832453630227458 -4.71697716419
70.680 1.2832812307114760 -4.71694793442
70.681 1.2833171009689679 -4.71691870984
70.682 1.2833529737955627 -4.71688949047
70.683 1.2833888491915995 -4.71686027634
70.684 1.2834247271574180 -4.71683106746
70.685 1.2834606076933588 -4.71680186387
70.686 1.2834964907997619 -4.71677266558
70.687 1.2835323764769668 -4.71674347261
70.688 1.2835682647253144 -4.71671428500
70.689 1.2836041555451447 -4.71668510276
70.690 1.2836400489367987 -4.71665592593
70.691 1.2836759449006163 -4.71662675451
70.692 1.2837118434369379 -4.71659758854
70.693 1.2837477445461041 -4.71656842805
70.694 1.2837836482284557 -4.71653927304
70.695 1.2838195544843325 -4.71651012356
70.696 1.2838554633140766 -4.71648097962
70.697 1.2838913747180283 -4.71645184125
70.698 1.2839272886965276 -4.71642270847
70.699 1.2839632052499166 -4.71639358131
70.700 1.2839991243785358 -4.71636445978
70.701 1.2840350460827259 -4.71633534393
70.702 1.2840709703628284 -4.71630623376
70.703 1.2841068972191840 -4.71627712931
70.704 1.2841428266521342 -4.71624803060
70.705 1.2841787586620208 -4.71621893765
70.706 1.2842146932491847 -4.71618985049
70.707 1.2842506304139667 -4.71616076915
70.708 1.2842865701567094 -4.71613169364
70.709 1.2843225124777538 -4.71610262400
70.710 1.2843584573774405 -4.71607356025
70.711 1.2843944048561129 -4.71604450242
70.712 1.2844303549141121 -4.71601545052
70.713 1.2844663075517790 -4.71598640460
70.714 1.2845022627694567 -4.71595736466
70.715 1.2845382205674865 -4.71592833074
70.716 1.2845741809462095 -4.71589930286
70.717 1.2846101439059694 -4.71587028106
70.718 1.2846461094471076 -4.71584126534
70.719 1.2846820775699657 -4.71581225575
70.720 1.2847180482748868 -4.71578325230
70.721 1.2847540215622126 -4.71575425503
70.722 1.2847899974322847 -4.71572526395
70.723 1.2848259758854472 -4.71569627910
70.724 1.2848619569220416 -4.71566730050
70.725 1.2848979405424104 -4.71563832817
70.726 1.2849339267468967 -4.71560936215
70.727 1.2849699155358425 -4.71558040246
70.728 1.2850059069095900 -4.71555144913
70.729 1.2850419008684837 -4.71552250218
70.730 1.2850778974128652 -4.71549356164
70.731 1.2851138965430777 -4.71546462754
70.732 1.2851498982594638 -4.71543569990
70.733 1.2851859025623671 -4.71540677875
70.734 1.2852219094521300 -4.71537786412
70.735 1.2852579189290965 -4.71534895603
70.736 1.2852939309936089 -4.71532005452
70.737 1.2853299456460112 -4.71529115961
70.738 1.2853659628866465 -4.71526227132
70.739 1.2854019827158583 -4.71523338969
70.740 1.2854380051339886 -4.71520451474
70.741 1.2854740301413834 -4.71517564650
70.742 1.2855100577383851 -4.71514678500
70.743 1.2855460879253366 -4.71511793026
70.744 1.2855821207025828 -4.71508908231
70.745 1.2856181560704671 -4.71506024119
70.746 1.2856541940293322 -4.71503140691
70.747 1.2856902345795240 -4.71500257952
70.748 1.2857262777213854 -4.71497375902
70.749 1.2857623234552600 -4.71494494546
70.750 1.2857983717814927 -4.71491613887
70.751 1.2858344227004272 -4.71488733926
70.752 1.2858704762124069 -4.71485854667
70.753 1.2859065323177781 -4.71482976113
70.754 1.2859425910168836 -4.71480098267
70.755 1.2859786523100678 -4.71477221131
70.756 1.2860147161976760 -4.71474344708
70.757 1.2860507826800522 -4.71471469002
70.758 1.2860868517575401 -4.71468594015
70.759 1.2861229234304863 -4.71465719750
70.760 1.2861589976992343 -4.71462846210
70.761 1.2861950745641286 -4.71459973399
70.762 1.2862311540255147 -4.71457101318
70.763 1.2862672360837373 -4.71454229971
70.764 1.2863033207391408 -4.71451359360
70.765 1.2863394079920709 -4.71448489490
70.766 1.2863754978428725 -4.71445620362
70.767 1.2864115902918907 -4.71442751980
70.768 1.2864476853394708 -4.71439884347
70.769 1.2864837829859583 -4.71437017466
70.770 1.2865198832316975 -4.71434151339
70.771 1.2865559860770350 -4.71431285970
70.772 1.2865920915223159 -4.71428421362
70.773 1.2866281995678845 -4.71425557518
70.774 1.2866643102140884 -4.71422694440
70.775 1.2867004234612722 -4.71419832133
70.776 1.2867365393097816 -4.71416970599
70.777 1.2867726577599625 -4.71414109841
70.778 1.2868087788121609 -4.71411249862
70.779 1.2868449024667221 -4.71408390665
70.780 1.2868810287239925 -4.71405532253
70.781 1.2869171575843183 -4.71402674631
70.782 1.2869532890480448 -4.71399817799
70.783 1.2869894231155197 -4.71396961763
70.784 1.2870255597870877 -4.71394106524
70.785 1.2870616990630954 -4.71391252087
70.786 1.2870978409438898 -4.71388398454
70.787 1.2871339854298163 -4.71385545628
70.788 1.2871701325212217 -4.71382693613
70.789 1.2872062822184533 -4.71379842411
70.790 1.2872424345218574 -4.71376992027
70.791 1.2872785894317795 -4.71374142462
70.792 1.2873147469485677 -4.71371293721
70.793 1.2873509070725684 -4.71368445807
70.794 1.2873870698041276 -4.71365598723
70.795 1.2874232351435930 -4.71362752471
70.796 1.2874594030913120 -4.71359907056
70.797 1.2874955736476306 -4.71357062481
70.798 1.2875317468128968 -4.71354218749
70.799 1.2875679225874572 -4.71351375863
70.800 1.2876041009716590 -4.71348533826
70.801 1.2876402819658497 -4.71345692642
70.802 1.2876764655703765 -4.71342852314
70.803 1.2877126517855868 -4.71340012846
70.804 1.2877488406118283 -4.71337174241
70.805 1.2877850320494488 -4.71334336502
70.806 1.2878212260987949 -4.71331499632
70.807 1.2878574227602153 -4.71328663635
70.808 1.2878936220340573 -4.71325828515
70.809 1.2879298239206678 -4.71322994274
70.810 1.2879660284203964 -4.71320160916
70.811 1.2880022355335901 -4.71317328445
70.812 1.2880384452605964 -4.71314496864
70.813 1.2880746576017645 -4.71311666176
70.814 1.2881108725574408 -4.71308836385
70.815 1.2881470901279755 -4.71306007494
70.816 1.2881833103137159 -4.71303179507
70.817 1.2882195331150099 -4.71300352427
70.818 1.2882557585322065 -4.71297526257
70.819 1.2882919865656539 -4.71294701002
70.820 1.2883282172156998 -4.71291876665
70.821 1.2883644504826941 -4.71289053249
70.822 1.2884006863669852 -4.71286230757
70.823 1.2884369248689211 -4.71283409194
70.824 1.2884731659888504 -4.71280588563
70.825 1.2885094097271230 -4.71277768867
70.826 1.2885456560840862 -4.71274950110
70.827 1.2885819050600906 -4.71272132295
70.828 1.2886181566554840 -4.71269315427
70.829 1.2886544108706164 -4.71266499509
70.830 1.2886906677058363 -4.71263684544
70.831 1.2887269271614925 -4.71260870536
70.832 1.2887631892379348 -4.71258057488
70.833 1.2887994539355128 -4.71255245405
70.834 1.2888357212545756 -4.71252434290
70.835 1.2888719911954720 -4.71249624147
70.836 1.2889082637585527 -4.71246814979
70.837 1.2889445389441667 -4.71244006790
70.838 1.2889808167526624 -4.71241199583
70.839 1.2890170971843919 -4.71238393364
70.840 1.2890533802397037 -4.71235588134
70.841 1.2890896659189470 -4.71232783899
70.842 1.2891259542224731 -4.71229980661
70.843 1.2891622451506310 -4.71227178424
70.844 1.2891985387037701 -4.71224377193
70.845 1.2892348348822422 -4.71221576971
70.846 1.2892711336863965 -4.71218777762
70.847 1.2893074351165827 -4.71215979570
70.848 1.2893437391731521 -4.71213182398
70.849 1.2893800458564548 -4.71210386251
70.850 1.2894163551668398 -4.71207591131
70.851 1.2894526671046598 -4.71204797044
70.852 1.2894889816702644 -4.71202003993
70.853 1.2895252988640034 -4.71199211981
70.854 1.2895616186862284 -4.71196421014
70.855 1.2895979411372900 -4.71193631094
70.856 1.2896342662175382 -4.71190842226
70.857 1.2896705939273245 -4.71188054413
70.858 1.2897069242670003 -4.71185267659
70.859 1.2897432572369154 -4.71182481970
70.860 1.2897795928374223 -4.71179697347
70.861 1.2898159310688708 -4.71176913796
70.862 1.2898522719316123 -4.71174131321
70.863 1.2898886154259988 -4.71171349925
70.864 1.2899249615523811 -4.71168569612
70.865 1.2899613103111096 -4.71165790387
70.866 1.2899976617025375 -4.71163012253
70.867 1.2900340157270154 -4.71160235215
70.868 1.2900703723848945 -4.71157459277
70.869 1.2901067316765273 -4.71154684443
70.870 1.2901430936022651 -4.71151910716
70.871 1.2901794581624590 -4.71149138102
70.872 1.2902158253574614 -4.71146366604
70.873 1.2902521951876245 -4.71143596226
70.874 1.2902885676532994 -4.71140826972
70.875 1.2903249427548391 -4.71138058847
70.876 1.2903613204925950 -4.71135291855
70.877 1.2903977008669190 -4.71132526000
70.878 1.2904340838781643 -4.71129761286
70.879 1.2904704695266820 -4.71126997718
70.880 1.2905068578128249 -4.71124235299
70.881 1.2905432487369459 -4.71121474035
70.882 1.2905796422993971 -4.71118713928
70.883 1.2906160385005303 -4.71115954984
70.884 1.2906524373406991 -4.71113197207
70.885 1.2906888388202560 -4.71110440601
70.886 1.2907252429395524 -4.71107685170
70.887 1.2907616496989429 -4.71104930919
70.888 1.2907980590987800 -4.71102177852
70.889 1.2908344711394153 -4.71099425974
70.890 1.2908708858212035 -4.71096675288
70.891 1.2909073031444966 -4.71093925800
70.892 1.2909437231096474 -4.71091177513
70.893 1.2909801457170100 -4.71088430433
70.894 1.2910165709669368 -4.71085684562
70.895 1.2910529988597816 -4.71082939907
70.896 1.2910894293958979 -4.71080196471
70.897 1.2911258625756390 -4.71077454259
70.898 1.2911622983993576 -4.71074713276
70.899 1.2911987368674085 -4.71071973525
70.900 1.2912351779801445 -4.71069235012
70.901 1.2912716217379188 -4.71066497740
70.902 1.2913080681410867 -4.71063761715
70.903 1.2913445171900011 -4.71061026941
70.904 1.2913809688850155 -4.71058293423
70.905 1.2914174232264848 -4.71055561165
70.906 1.2914538802147626 -4.71052830171
70.907 1.2914903398502016 -4.71050100448
70.908 1.2915268021331583 -4.71047371998
70.909 1.2915632670639858 -4.71044644827
70.910 1.2915997346430379 -4.71041918939
71.160 1.3008006620776573 -4.70416079100
71.410 1.3101728143649003 -4.69994773799
71.660 1.3197221282644169 -4.69966405371
71.910 1.3294548264938708 -4.70368227057
72.160 1.3393774357219190 -4.71074310148
72.410 1.3494968059630994 -4.71976409826
72.660 1.3598201315055571 -4.73003669823
72.910 1.3703549735168756 -4.74108166990
73.160 1.3811092844893791 -4.75256226479
73.410 1.3920914347044444 -4.76423773593
73.660 1.4033102409159024 -4.77593448133
73.910 1.4147749974758257 -4.78752570428
74.160 1.4264955101523273 -4.79891663092
74.410 1.4384821329189219 -4.81003401129
74.660 1.4507458080290194 -4.82081888111
74.910 1.4632981097279321 -4.83122166089
75.160 1.4761512919991304 -4.84119885018
75.410 1.4893183407922490 -4.85071077938
75.660 1.5028130312386114 -4.85972005387
75.910 1.5166499904270705 -4.86819044984
76.160 1.5308447663902209 -4.87608610539
76.410 1.5454139040403261 -4.88337090532
76.660 1.5603750288977700 -4.89000799260
76.910 1.5757469395750043 -4.89595936228
77.160 1.5915497101189195 -4.90118550694
77.410 1.6078048034780668 -4.90564509359
77.660 1.6245351975526334 -4.90929465523
77.910 1.6417655255100487 -4.91208828645
78.160 1.6595222323142846 -4.91397733341
78.410 1.6778337497304077 -4.91491007013
78.660 1.6967306924379078 -4.91483135398
78.910 1.7162460783292017 -4.91368225319
79.160 1.7364155765988716 -4.91139963892
79.410 1.7572777878639765 -4.90791573407
79.660 1.7788745613202692 -4.90315760969
79.910 1.8012513548636644 -4.89704661860
80.160 1.8244576452292549 -4.88949775426
80.410 1.8485473965704817 -4.88041892006
80.660 1.8735795975810514 -4.86971009208
80.910 1.8996188793323963 -4.85726235370
81.160 1.9267362285640228 -4.84295677705
81.410 1.9550098143585724 -4.82666311959
81.660 1.9845259501361321 -4.80823829719
81.910 2.0153802179487430 -4.78752458626
82.160 2.0476787884598942 -4.76434749522
82.410 2.0815399781766404 -4.73851323133
82.660 2.1170960960348042 -4.70980566926
82.910 2.1544956451011581 -4.67798270306
83.160 2.1939059630283904 -4.64277183066
83.410 2.2355164084821166 -4.60386477656
83.660 2.2795422321742409 -4.56091090144
83.910 2.3262293134087031 -4.51350906948
84.160 2.3758600005451784 -4.46119753915
84.410 2.4287603729166825 -4.40344129769
84.660 2.4853093520149176 -4.33961605705
84.910 2.5459502455517704 -4.26898784192
