# h8 energies for multiplicity =  1
# atoms arranged in rhombic structure of 2 isosceles triangles, definied by single parameter y = the height of the triangles 
# y, E(n=1), E(n=2), E(n=3), E(n=4), E(n=5)
0.25 -3.8970388945  -3.3260803788  -3.3260802914 
.26 -3.9632586201  -3.3949045664  FC
.27 -4.0195407243  -3.4544051867  FC
.28 -4.0667239509  -3.5058760061  -3.5058779241 
.29 -4.1055348971  -4.1055348969  FC
.30 -4.1366153096  -4.1366153101  FC
.31 -4.1605436719  FC FC
.32 -4.1778522626  -3.6936002530  FC
.33 -4.1890404579  -3.7402867067  FC
.34 -4.1945846624  -3.7817072743  -3.7440428068 
.35 -4.1949466905  -3.8181365365  -3.7754456714 
.36 -4.1905803105  -3.8498815628  -3.8021241553 
.37 -4.1819371784  -3.8772449998  -3.8245082645 
.38 -4.1694691032  -3.9005185343  -3.8430452264 
.39 -4.1536365489  -3.9199811886  -3.8582235029 
.40 -4.1349097248  -3.9358984699  -3.8706152339 
.41 -4.1137821565  -3.9485221126  -3.8809516320 
.42 -4.0907870921  -3.9580894376  -3.8902186039 
.43 -4.0665516539  -3.9648238520  -3.8996533602 
.44 -4.0419434979  -3.9689347622  -3.9102240256 
.45 -4.0185712778  -3.9706200645  -3.9212088354 
.46 -4.0003693853  -3.9700669501  -3.9282317285 
.47 -3.9945941382  -3.9674549001  -3.9230814569 
.48 -4.0012866305  -3.9629608933  -3.9050145263 
.49 -4.0129153941  -3.9567610184  -3.8812892160 
.50 -4.0254087663  -3.9490414175  -3.8562128186 
.51 -4.0373267731  -3.9400034743  FC
.52 -4.0481289205  -3.9298828092  -3.8476173333 
.53 -4.0576025503  -3.9189903526  -3.8638725844 
.54 -4.0656747230  -3.9079443999  -3.8794531701 
.55 -4.0723397310  -3.9016559971  -3.8893442548 
.56 -4.0776270054  -3.9123966784  -3.8813435723 
.57 -4.0815848002  -3.9254782285  -3.8703078357 
.58 -4.0842713389  -3.9377774778  -3.8595174993 
.59 -4.0857501788  -3.9490152055  -3.8493031165 
.60 -4.0860869439  -3.9591437543  -3.8396282727 
.61 -4.0853467047  -3.9681723407  -3.8303110371 
.62 -4.0835943579  -3.9761331614  -3.8211389896 
.63 -4.0808915156  -3.9830675205  -3.8119281160 
.64 -4.0772977554  -3.9890211947  -3.8151035251 
.65 -4.0728714293  -3.9940420444  -3.8216929512 
.66 -4.0676661456  -3.9981755964  -3.8283903468 
.67 -4.0617339365  -4.0014660343  -3.8351289419 
.68 -4.0551262305  -4.0039559653  -3.8418521781 
.69 -4.0478912765  -4.0056836046  -3.8485060972 
.70 -4.0400785410  -4.0066851236  -3.8550388835 
.71 -4.0317373437  -4.0069924462  -3.8613972965 
.72 -4.0229223329  -4.0066358013  -3.8675273088 
.73 -4.0136936104  -4.0056413673  -3.8733704514 
.74 FC -4.0040343477  -3.8788627966 
.75 -4.0018346911  -3.9943102222  -3.8839263688 
.76 -3.9990628640  -3.9843771079  -3.8884626243 
.77 -3.9957362726  -3.9745132965  -3.8923320057 
.78 -3.9918713273  -3.9650033453  -3.8953254236 
.79 -3.9874840619  -3.9562811215  -3.8971266807 
.80 -3.9825876091  -3.9489489707  -3.8973096264 
.81 -3.9772004535  -3.9436395752  -3.8955217453 
.82 -3.9713368202  -3.9406103629  -3.8919130284 
.83 -3.9650197944  -3.9395352225  -3.8873955995 
.84 -3.9582768219  -3.9398271973  -3.8832787441 
.85 -3.9511496473  -3.9410326292  -3.8807274573 
.86 FC -3.9429395768  -3.8804009847 
.87 -3.9455429906  -3.9360743335  -3.8822791927 
.88 -3.9489836249  -3.9285091460  -3.8856980314 
.89 -3.9534755176  -3.9215919688  -3.8896516631 
.90 -3.9591894911  -3.9165179232  -3.8931940268 
.91 -3.9661450296  -3.9146559996  -3.8957125147 
.92 -3.9741767871  -3.9156643048  -3.8969674613 
.93 -3.9830039984  -3.9180311818  -3.8969731501 
.94 -3.9923288968  -3.9207634139  -3.8958561636 
.95 -4.0018958130  -3.9234138765  -3.8937601395 
.96 -4.0115077443  -3.9257841659  -3.8908089286 
.97 -4.0210203049  -3.9277812955  -3.8871018245 
.98 -4.0303301015  -3.9293574843  -3.8827129875 
.99 -4.0393633298  -3.9304900519  -3.8777038813 
1.00 -4.0480678448  -3.9311654336  -3.8721199596 
1.01 -4.0564064320  -3.9313793048  -3.8660049779 
1.02 -4.0643527619  -3.9311326094  -3.8594036204 
1.03 -4.0718886160  -3.9304273346  -3.8523626447 
1.04 -4.0790015884  -3.9292671803  -3.8449424820 
1.05 -4.0856835949  -3.9276591176  -3.8372376059 
1.06 -4.0919299149  -3.9256101382  -3.8294086813 
1.07 -4.0977382896  -3.9231267835  -3.8217725072 
1.08 -4.1031085450  -3.9202196575  -3.8150292558 
1.09 -4.1080419779  -3.9168977544  -3.8105967437 
1.10 -4.1125408605  -3.9131693198  -3.8100429355 
1.11 -4.1166089490  -3.9090488884  -3.8130011252 
1.12 -4.1202501445  -3.9045473786  -3.8178390991 
1.13 -4.1234691974  -3.8996817829  -3.8234671141 
1.14 -4.1262713324  -3.8944771777  -3.8293709984 
1.15 -4.1286621229  -3.8889815975  -3.8353051602 
1.16 -4.1306474065  -3.8833321951  -3.8459055112 
1.17 -4.1322332022  -3.8782861051  -3.8603903037 
1.18 -4.1334256428  -3.8810675720  -3.8662309050 
1.19 -4.1342314549  -3.8939836661  -3.8611206034 
1.20 -4.1346563874  -3.9078649634  -3.8623169117 
1.21 -4.1347072309  -3.9215046153  -3.8669186715 
1.22 -4.1343895150  -3.9347291396  -3.8712072734 
1.23 -4.1337114282  -3.9474901771  -3.8751736936 
1.24 -4.1326784561  -3.9597711136  -3.8788081470 
1.25 -4.1312965528  -3.9715659048  -3.8821032867 
1.26 -4.1295723921  -3.9828732285  -3.8850540938 
1.27 -4.1275126527  -3.9936944491  -3.8876568755 
1.28 -4.1251229728  -4.0040325885  -3.8899080784 
1.29 -4.1224109329  -4.0138916623  -3.8918071328 
1.30 -4.1193808265  -4.0232764271  -3.8933511602 
1.31 -4.1160400909  -4.0321922293  -3.8945412693 
1.32 -4.1123937660  -4.0406447053  -3.8953769871 
1.33 -4.1084479222  -4.0486398640  -3.8958595547 
1.34 -4.1042099843  -4.0561842669  -3.8959921825 
1.35 -4.0996830455  -4.0632838800  -3.8957744527 
1.36 -4.0948758474  -4.0699459738  -3.8952119644 
1.37 -4.0897909902  -4.0761765488  -3.8943048413 
1.38 -4.0844355463  -4.0819827674  -3.8930579797 
1.39 -4.0873714965  -4.0788149516  -3.8914750762 
1.40 -4.0923502472  -4.0729363838  -3.8895618648 
1.41 -4.0969246441  -4.0668013196  -3.8873188759 
1.42 -4.1011020823  -4.0604165545  -3.8847520841 
1.43 -4.1048901602  -4.0537890398  -3.8818678464 
1.44 -4.1082948262  -4.0469214806  -3.8786686449 
1.45 -4.1113236322  -4.0398206346  -3.8751610870 
1.46 -4.1139832299  -4.0324910426  -3.8713498040 
1.47 -4.1162801359  -4.0249370440  -3.8672394034 
1.48 -4.1182207146  -4.0171627808  -3.8628344203 
1.49 -4.1198124583  -4.0091748004  -3.8581418543 
1.50 -4.1210616153  -4.0009770724  -3.8531663153 
1.51 -4.1219742415  -3.9925733438  -3.8479122724 
1.52 -4.1225561904  -3.9839671217  -3.8423840515 
1.53 -4.1228163326  -3.9751676358  -3.8365916419 
1.54 -4.1227571628  -3.9661723124  -3.8305335448 
1.55 -4.1223892101  -3.9569934106  -3.8242228403 
1.56 -4.1217144015  -3.9476277516  -3.8176575176 
1.57 -4.1207415704  -3.9380845564  -3.8108477757 
1.58 -4.1194738250  -3.9283631783  -3.8037941429 
1.59 -4.1179200745  -3.9184729544  -3.7965070018 
1.60 -4.1160829581  -3.9084127717  -3.7889864548 
1.61 -4.1139714424  -3.8981920692  -3.7812430510 
1.62 -4.1115900927  -3.8878130939  -3.7732802475 
1.63 -4.1089406531  -3.8772738368  -3.7650972709 
1.64 -4.1060320091  -3.8665837325  -3.7567047143 
1.65 -4.1028707838  -3.8557485641  -3.7481095712 
1.66 -4.0994580438  -3.8447656795  -3.7393104388 
1.67 -4.0957999445  -3.8336404240  -3.7303138774 
1.68 -4.0919026955  -3.8223782294  -3.7211265482 
1.69 -4.0877725613  -3.8109846165  -3.7117552605 
1.70 -4.0834094323  -3.7994558210  -3.7021975025 
1.71 -4.0788223806  -3.7878016851  -3.6924645066 
1.72 -4.0740140993  -3.7760227659  -3.6825583378 
1.73 -4.0689904363  -3.7641242837  -3.6724861638 
1.74 -4.0637536516  -3.7521064158  -3.6622513802 
1.75 -4.0583093654  -3.7399742227  -3.6518683088 
1.76 -4.0526593920  -3.7277275005  -3.6414229847 
1.77 -4.0468130741  -3.7153766172  -3.6345003231 
1.78 -4.0407720903  -3.7029213356  -3.6297059781 
1.79 -4.0345377161  -3.6903610799  -3.6247389406 
1.80 -4.0281151204  -3.6777007625  -3.6195652329 
1.81 -4.0215095080  -3.6649454518  -3.6141848083 
1.82 -4.0147215901  -3.6520944489  -3.6085973825 
1.83 -4.0077563055  -3.6391531781  -3.6028070102 
1.84 -4.0006233913  -3.6261342023  -3.5968215851 
1.85 -3.9933184413  -3.6130333956  -3.5906345119 
1.86 -3.9858461470  -3.5998649256  -3.5842412229 
1.87 -3.9782112327  -3.5866711977  -3.5776090101 
1.88 -3.9704184589  -3.5738035061  -3.5703963640 
1.89 -3.9624672518  -3.5646012630  -3.5592620775 
1.90 -3.9543620736  -3.5573172612  -3.5459625672 
1.91 -3.9461074186  -3.5500196601  -3.5324389953 
1.92 -3.9377078148  -3.5425921527  -3.5188170695 
1.93 -3.9291619573  -3.5350137090  -3.5051145571 
1.94 -3.9204740628  -3.5272826524  -3.4913419158 
1.95 -3.9116483791  -3.5194010832  -3.4775058680 
1.96 -3.9026829352  -3.5113667779  -3.4636040822 
1.97 -3.8935880354  -3.5031891959  -3.4496489512 
1.98 -3.8843615126  -3.4948667607  -3.4356370933 
1.99 -3.8750007084  -3.4863975438  -3.4215644908 
2.00 -3.8655227919  -3.4777977250  -3.4074513759 
2.01 -3.8559114806  -3.4690530744  -3.3932769508 
2.02 -3.8461841350  -3.4601800039  -3.3790615204 
2.03 -3.8363448632  -3.4511828820  -3.3648090626 
2.04 -3.8263758632  -3.4420460561  -3.3504971835 
2.05 -3.8163024356  -3.4327932055  -3.3361554418 
2.06 -3.8061136073  -3.4234149120  -3.3217696628 
2.07 -3.7958127894  -3.4139148416  -3.3073429875 
2.08 -3.7854034203  -3.4042966912  -3.2928785165 
2.09 -3.7748889673  -3.3945641715  -3.2783793321 
2.10 -3.7642647763  -3.3847135320  -3.2638388780 
2.11 -3.7535422400  -3.3747557300  -3.2492695133 
2.12 -3.7427249137  -3.3646945254  -3.2346742008 
2.13 -3.7317992237  -3.3545179246  -3.2200358561 
2.14 -3.7207766455  -3.3442369268  -3.2053667057 
2.15 -3.7096692613  -3.3338631023  -3.1906794989 
2.16 -3.6984536967  -3.3233753745  -3.1759457512 
2.17 -3.6871598360  -3.3128016691  -3.1611987232 
2.18 -3.6757634797  -3.3021201061  -3.1464090148 
2.19 -3.6642859910  -3.2913507661  -3.1315998079 
2.20 -3.6527114990  -3.2804793972  -3.1167513582 
2.21 -3.6410620237  -3.2695266764  -3.1018873829 
2.22 -3.6293211495  -3.2584778170  -3.0869875153 
2.23 -3.6175014804  -3.2473448038  -3.0720645693 
2.24 -3.6055958245  -3.2361213212  -3.0571087340 
2.25 -3.5936171478  -3.2248196798  -3.0421331268 
2.26 -3.5815474640  -3.2134235635  -3.0271157238 
2.27 -3.5694103311  -3.2019550612  -3.0120815903 
2.28 -3.5571871946  -3.1903973044  -2.9970081157 
2.29 -3.5449022983  -3.1787730138  -2.9819210357 
2.30 -3.5325253524  -3.1670544128  -2.9667846356 
2.31 -3.5200921275  -3.1552749069  -2.9516375837 
2.32 -3.5075714386  -3.1434058492  -2.9364432925 
2.33 -3.4949884242  -3.1314707924  -2.9212284503 
2.34 -3.4823341202  -3.1194616649  -2.9059815080 
2.35 -3.4696109116  -3.1073809103  -2.8907036776 
2.36 -3.4568212105  -3.0952309903  -2.8753962174 
2.37 -3.4439674563  -3.0830143913  -2.8600604818 
2.38 -3.4310521194  -3.0707336157  -2.8446978387 
2.39 -3.4180650590  -3.0583794464  -2.8292957214 
2.40 -3.4050083015  -3.0459539529  -2.8138551341 
2.41 -3.3918968597  -3.0334712844  -2.7983915360 
2.42 -3.3787201780  -3.0209218053  -2.7828920287 
2.43 -3.3654803565  -3.0083076455  -2.7673578167 
2.44 -3.3521795205  -2.9956309504  -2.7517901572 
2.45 -3.3388334680  -2.9829065975  -2.7362054530 
2.46 -3.3254172571  -2.9701115173  -2.7205751215 
2.47 -3.3119465675  -2.9572604631  -2.7049155278 
2.48 -3.2984094667  -2.9443424660  -2.6892125709 
2.49 -3.2848220302  -2.9313726484  -2.6734830755 
2.50 -3.2711865437  -2.9183532839  -2.6577286915 
2.51 -3.2574906294  -2.9052729609  -2.6419349539 
2.52 -3.2437360983  -2.8921334927  -2.6261030763 
2.53 -3.2299247857  -2.8789367120  -2.6102343239 
2.54 -3.2160737769  -2.8656986892  -2.5943467296 
2.55 -3.2021546844  -2.8523930325  -2.5784084331 
2.56 -3.1882000506  -2.8390502446  -2.5624544576 
2.57 -3.1741808196  -2.8256432890  -2.5464522949 
2.58 -3.1601303067  -2.8122034006  -2.5304378410 
2.59 -3.1460187824  -2.7987028937  -2.5143779283 
2.60 -3.1318477103  -2.7851432240  -2.4982736107 
2.61 -3.1176515771  -2.7715567369  -2.4821620674 
2.62 -3.1033829438  -2.7578991477  -2.4659908942 
2.63 -3.0890765303  -2.7442030195  -2.4497975525 
2.64 -3.0747344518  -2.7304704205  -2.4335838529 
2.65 -3.0603416031  -2.7166872925  -2.4173328327 
2.66 -3.0458821518  -2.7028388800  -2.4010267878 
2.67 -3.0314100336  -2.6889757681  -2.3847241185 
2.68 -3.0168745897  -2.6750505806  -2.3683691671 
2.69 -3.0022949299  -2.6610812825  -2.3519823785 
2.70 -2.9876727512  -2.6470695266  -2.3355652182 
2.71 -2.9730097743  -2.6330169944  -2.3191191998 
2.72 -2.9583077440  -2.6189253807  -2.3026458626 
2.73 -2.9435496490  -2.6047787882  -2.2861263686 
2.74 -2.9287556722  -2.5905961996  -2.2695823425 
2.75 -2.9139276290  -2.5763793748  -2.2530154428 
2.76 -2.8990479906  -2.5621119166  -2.2364063211 
2.77 -2.8841375950  -2.5478134299  -2.2197773252 
2.78 -2.8691785646  -2.5334671805  -2.2031087511 
2.79 -2.8541921771  -2.5190931924  -2.1864234323 
2.80 -2.8391602049  -2.5046743919  -2.1697013258 
2.81 -2.8240840049  -2.4902120923  -2.1529436583 
2.82 -2.8089855214  -2.4757269524  -2.1361739771 
2.83 -2.7938252251  -2.4611818627  -2.1193492102 
2.84 -2.7786458721  -2.4466170428  -2.1025154459 
2.85 -2.7634283373  -2.4320145560  -2.0856517723 
2.86 -2.7481527052  -2.4173557035  -2.0687364108 
2.87 -2.7328630196  -2.4026819352  -2.0518168218 
2.88 -2.7175178156  -2.3879542830  -2.0348479715 
2.89 -2.7021620039  -2.3732150256  -2.0178782113 
2.90 -2.6867533359  -2.3584244420  -2.0008616992 
2.91 -2.6713151759  -2.3436045425  -1.9838235025 
2.92 -2.6558264855  -2.3287355480  -1.9667407339 
2.93 -2.6403110856  -2.3138399057  -1.9496389579 
2.94 -2.6247706088  -2.2989191801  -1.9325197688 
2.95 -2.6091834454  -2.2839530415  -1.9153596928 
2.96 -2.5935741099  -2.2689646006  -1.8981850304 
2.97 -2.5779442983  -2.2539554813  -1.8809974545 
2.98 -2.5622479178  -2.2388822666  -1.8637471374 
2.99 -2.5465336584  -2.2237908555  FC
