5 0.22474786951272291 -4.53523316836
5.01 0.22497365252591611 -4.53829968627
5.02 0.22519921606973192 -4.54135347441
5.03 0.22542456081702295 -4.54439459638
5.04 0.22564968743731795 -4.54742311532
5.05 0.22587459659684478 -4.55043909392
5.06 0.22609928895855358 -4.55344259440
5.07 0.22632376518213904 -4.55643367857
5.08 0.22654802592406309 -4.55941240775
5.09 0.22677207183757717 -4.56237884286
5.10 0.22699590357274410 -4.56533304437
5.11 0.22721952177646010 -4.56827507233
5.12 0.22744292709247638 -4.57120498633
5.13 0.22766612016142063 -4.57412284558
5.14 0.22788910162081844 -4.57702870885
5.15 0.22811187210511408 -4.57992263449
5.16 0.22833443224569183 -4.58280468045
5.17 0.22855678267089635 -4.58567490426
5.18 0.22877892400605346 -4.58853336306
5.19 0.22900085687349053 -4.59138011359
5.20 0.22922258189255645 -4.59421521217
5.21 0.22944409967964197 -4.59703871474
5.22 0.22966541084819922 -4.59985067687
5.23 0.22988651600876181 -4.60265115372
5.24 0.23010741576896382 -4.60544020007
5.25 0.23032811073355966 -4.60821787032
5.26 0.23054860150444290 -4.61098421851
5.27 0.23076888868066542 -4.61373929829
5.28 0.23098897285845632 -4.61648316294
5.29 0.23120885463124038 -4.61921586538
5.30 0.23142853458965695 -4.62193745818
5.31 0.23164801332157800 -4.62464799353
5.32 0.23186729141212659 -4.62734752326
5.33 0.23208636944369465 -4.63003609887
5.34 0.23230524799596128 -4.63271377149
5.35 0.23252392764591012 -4.63538059191
5.36 0.23274240896784726 -4.63803661059
5.37 0.23296069253341858 -4.64068187761
5.38 0.23317877891162708 -4.64331644275
5.39 0.23339666866885000 -4.64594035544
5.40 0.23361436236885605 -4.64855366478
5.41 0.23383186057282201 -4.65115641953
5.42 0.23404916383934982 -4.65374866814
5.43 0.23426627272448280 -4.65633045872
5.44 0.23448318778172256 -4.65890183908
5.45 0.23469990956204492 -4.66146285669
5.46 0.23491643861391640 -4.66401355872
5.47 0.23513277548331021 -4.66655399201
5.48 0.23534892071372221 -4.66908420311
5.49 0.23556487484618652 -4.67160423825
5.50 0.23578063841929153 -4.67411414336
5.51 0.23599621196919518 -4.67661396406
5.52 0.23621159602964048 -4.67910374568
5.53 0.23642679113197093 -4.68158353324
5.54 0.23664179780514541 -4.68405337149
5.55 0.23685661657575352 -4.68651330487
5.56 0.23707124796803025 -4.68896337752
5.57 0.23728569250387108 -4.69140363332
5.58 0.23749995070284630 -4.69383411584
5.59 0.23771402308221598 -4.69625486838
5.60 0.23792791015694406 -4.69866593396
5.61 0.23814161243971299 -4.70106735531
5.62 0.23835513044093770 -4.70345917492
5.63 0.23856846466877979 -4.70584143495
5.64 0.23878161562916170 -4.70821417735
5.65 0.23899458382578037 -4.71057744375
5.66 0.23920736976012100 -4.71293127554
5.67 0.23941997393147085 -4.71527571386
5.68 0.23963239683693283 -4.71761079955
5.69 0.23984463897143882 -4.71993657321
5.70 0.24005670082776287 -4.72225307520
5.71 0.24026858289653491 -4.72456034559
5.72 0.24048028566625335 -4.72685842422
5.73 0.24069180962329853 -4.72914735067
5.74 0.24090315525194522 -4.73142716427
5.75 0.24111432303437602 -4.73369790412
5.76 0.24132531345069344 -4.73595960905
5.77 0.24153612697893301 -4.73821231766
5.78 0.24174676409507559 -4.74045606830
5.79 0.24195722527305979 -4.74269089909
5.80 0.24216751098479444 -4.74491684791
5.81 0.24237762170017066 -4.74713395241
5.82 0.24258755788707423 -4.74934224999
5.83 0.24279732001139728 -4.75154177783
5.84 0.24300690853705065 -4.75373257289
5.85 0.24321632392597542 -4.75591467189
5.86 0.24342556663815490 -4.75808811131
5.87 0.24363463713162625 -4.76025292744
5.88 0.24384353586249199 -4.76240915632
5.89 0.24405226328493165 -4.76455683377
5.90 0.24426081985121312 -4.76669599542
5.91 0.24446920601170380 -4.76882667664
5.92 0.24467742221488226 -4.77094891262
5.93 0.24488546890734891 -4.77306273832
5.94 0.24509334653383757 -4.77516818848
5.95 0.24530105553722595 -4.77726529766
5.96 0.24550859635854694 -4.77935410018
5.97 0.24571596943699930 -4.78143463016
5.98 0.24592317520995846 -4.78350692153
5.99 0.24613021411298688 -4.78557100800
6.00 0.24633708657984518 -4.78762692308
6.01 0.24654379304250215 -4.78967470009
6.02 0.24675033393114545 -4.79171437214
6.03 0.24695670967419189 -4.79374597214
6.04 0.24716292069829746 -4.79576953283
6.05 0.24736896742836809 -4.79778508671
6.06 0.24757485028756915 -4.79979266613
6.07 0.24778056969733586 -4.80179230323
6.08 0.24798612607738313 -4.80378402996
6.09 0.24819151984571550 -4.80576787808
6.10 0.24839675141863690 -4.80774387917
6.11 0.24860182121076049 -4.80971206462
6.12 0.24880672963501826 -4.81167246563
6.13 0.24901147710267063 -4.81362511324
6.14 0.24921606402331600 -4.81557003828
6.15 0.24942049080490034 -4.81750727141
6.16 0.24962475785372637 -4.81943684313
6.17 0.24982886557446302 -4.82135878373
6.18 0.25003281437015457 -4.82327312336
6.19 0.25023660464223019 -4.82517989195
6.20 0.25044023679051242 -4.82707911931
6.21 0.25064371121322704 -4.82897083505
6.22 0.25084702830701122 -4.83085506860
6.23 0.25105018846692329 -4.83273184923
6.24 0.25125319208645069 -4.83460120606
6.25 0.25145603955751983 -4.83646316801
6.26 0.25165873127050375 -4.83831776387
6.27 0.25186126761423150 -4.84016502224
6.28 0.25206364897599670 -4.84200497156
6.29 0.25226587574156573 -4.84383764012
6.30 0.25246794829518643 -4.84566305605
6.31 0.25266986701959665 -4.84748124730
6.32 0.25287163229603254 -4.84929224169
6.33 0.25307324450423657 -4.85109606686
6.34 0.25327470402246627 -4.85289275031
6.35 0.25347601122750207 -4.85468231937
6.36 0.25367716649465555 -4.85646480123
6.37 0.25387817019777748 -4.85824022293
6.38 0.25407902270926586 -4.86000861134
6.39 0.25427972440007401 -4.86176999319
6.40 0.25448027563971826 -4.86352439508
6.41 0.25468067679628581 -4.86527184343
6.42 0.25488092823644276 -4.86701236454
6.43 0.25508103032544155 -4.86874598455
6.44 0.25528098342712902 -4.87047272945
6.45 0.25548078790395357 -4.87219262510
6.46 0.25568044411697310 -4.87390569721
6.47 0.25587995242586242 -4.87561197136
6.48 0.25607931318892085 -4.87731147297
6.49 0.25627852676307922 -4.87900422734
6.50 0.25647759350390792 -4.88069025961
6.51 0.25667651376562350 -4.88236959481
6.52 0.25687528790109654 -4.88404225780
6.53 0.25707391626185855 -4.88570827335
6.54 0.25727239919810913 -4.88736766604
6.55 0.25747073705872320 -4.88902046037
6.56 0.25766893019125808 -4.89066668068
6.57 0.25786697894196048 -4.89230635117
6.58 0.25806488365577340 -4.89393949592
6.59 0.25826264467634319 -4.89556613890
6.60 0.25846026234602637 -4.89718630391
6.61 0.25865773700589639 -4.89880001467
6.62 0.25885506899575050 -4.90040729472
6.63 0.25905225865411657 -4.90200816753
6.64 0.25924930631825965 -4.90360265640
6.65 0.25944621232418863 -4.90519078453
6.66 0.25964297700666283 -4.90677257499
6.67 0.25983960069919881 -4.90834805073
6.68 0.26003608373407644 -4.90991723456
6.69 0.26023242644234584 -4.91148014920
6.70 0.26042862915383336 -4.91303681724
6.71 0.26062469219714840 -4.91458726113
6.72 0.26082061589968947 -4.91613150323
6.73 0.26101640058765063 -4.91766956577
6.74 0.26121204658602742 -4.91920147087
6.75 0.26140755421862366 -4.92072724051
6.76 0.26160292380805716 -4.92224689659
6.77 0.26179815567576609 -4.92376046088
6.78 0.26199325014201486 -4.92526795502
6.79 0.26218820752590039 -4.92676940058
6.80 0.26238302814535797 -4.92826481897
6.81 0.26257771231716737 -4.92975423153
6.82 0.26277226035695866 -4.93123765945
6.83 0.26296667257921807 -4.93271512385
6.84 0.26316094929729411 -4.93418664572
6.85 0.26335509082340303 -4.93565224594
6.86 0.26354909746863481 -4.93711194529
6.87 0.26374296954295884 -4.93856576445
6.88 0.26393670735522967 -4.94001372398
6.89 0.26413031121319269 -4.94145584433
6.90 0.26432378142348961 -4.94289214588
6.91 0.26451711829166430 -4.94432264887
6.92 0.26471032212216805 -4.94574737346
6.93 0.26490339321836531 -4.94716633968
6.94 0.26509633188253923 -4.94857956750
6.95 0.26528913841589680 -4.94998707675
6.96 0.26548181311857455 -4.95138888719
6.97 0.26567435628964386 -4.95278501846
6.98 0.26586676822711625 -4.95417549011
6.99 0.26605904922794865 -4.95556032159
7.00 0.26625119958804888 -4.95693953226
7.01 0.26644321960228068 -4.95831314136
7.02 0.26663510956446890 -4.95968116807
7.03 0.26682686976740494 -4.96104363145
7.04 0.26701850050285159 -4.96240055046
7.05 0.26721000206154838 -4.96375194399
7.06 0.26740137473321640 -4.96509783081
7.07 0.26759261880656371 -4.96643822963
7.08 0.26778373456928983 -4.96777315903
7.09 0.26797472230809122 -4.96910263752
7.10 0.26816558230866605 -4.97042668352
7.11 0.26835631485571898 -4.97174531536
7.12 0.26854692023296622 -4.97305855126
7.13 0.26873739872314034 -4.97436640938
7.14 0.26892775060799506 -4.97566890777
7.15 0.26911797616831001 -4.97696606440
7.16 0.26930807568389570 -4.97825789715
7.17 0.26949804943359795 -4.97954442382
7.18 0.26968789769530283 -4.98082566213
7.19 0.26987762074594124 -4.98210162968
7.20 0.27006721886149349 -4.98337234402
7.21 0.27025669231699417 -4.98463782260
7.22 0.27044604138653633 -4.98589808280
7.23 0.27063526634327650 -4.98715314189
7.24 0.27082436745943889 -4.98840301708
7.25 0.27101334500631991 -4.98964772549
7.26 0.27120219925429290 -4.99088728417
7.27 0.27139093047281232 -4.99212171006
7.28 0.27157953893041825 -4.99335102004
7.29 0.27176802489474083 -4.99457523092
7.30 0.27195638863250449 -4.99579435940
7.31 0.27214463040953257 -4.99700842213
7.32 0.27233275049075129 -4.99821743565
7.33 0.27252074914019414 -4.99942141646
7.34 0.27270862662100648 -5.00062038096
7.35 0.27289638319544918 -5.00181434547
7.36 0.27308401912490321 -5.00300332623
7.37 0.27327153466987381 -5.00418733943
7.38 0.27345893008999456 -5.00536640116
7.39 0.27364620564403147 -5.00654052743
7.40 0.27383336158988730 -5.00770973420
7.41 0.27402039818460522 -5.00887403735
7.42 0.27420731568437340 -5.01003345265
7.43 0.27439411434452848 -5.01118799586
7.44 0.27458079441956035 -5.01233768260
7.45 0.27476735616311498 -5.01348252847
7.46 0.27495379982799967 -5.01462254897
7.47 0.27514012566618601 -5.01575775955
7.48 0.27532633392881423 -5.01688817555
7.49 0.27551242486619704 -5.01801381229
7.50 0.27569839872782342 -5.01913468497
7.51 0.27588425576236258 -5.02025080877
7.52 0.27606999621766742 -5.02136219876
7.53 0.27625562034077911 -5.02246886996
7.54 0.27644112837792972 -5.02357083731
7.55 0.27662652057454717 -5.02466811571
7.56 0.27681179717525800 -5.02576071995
7.57 0.27699695842389183 -5.02684866480
7.58 0.27718200456348419 -5.02793196491
7.59 0.27736693583628114 -5.02901063492
7.60 0.27755175248374220 -5.03008468935
7.61 0.27773645474654429 -5.03115414271
7.62 0.27792104286458524 -5.03221900939
7.63 0.27810551707698727 -5.03327930376
7.64 0.27828987762210078 -5.03433504010
7.65 0.27847412473750777 -5.03538623263
7.66 0.27865825866002514 -5.03643289551
7.67 0.27884227962570868 -5.03747504283
7.68 0.27902618786985589 -5.03851268864
7.69 0.27920998362701011 -5.03954584689
7.70 0.27939366713096336 -5.04057453151
7.71 0.27957723861476025 -5.04159875634
7.72 0.27976069831070094 -5.04261853517
7.73 0.27994404645034476 -5.04363388171
7.74 0.28012728326451364 -5.04464480965
7.75 0.28031040898329512 -5.04565133257
7.76 0.28049342383604597 -5.04665346404
7.77 0.28067632805139536 -5.04765121752
7.78 0.28085912185724815 -5.04864460646
7.79 0.28104180548078805 -5.04963364422
7.80 0.28122437914848114 -5.05061834411
7.81 0.28140684308607877 -5.05159871938
7.82 0.28158919751862077 -5.05257478322
7.83 0.28177144267043908 -5.05354654878
7.84 0.28195357876516031 -5.05451402913
7.85 0.28213560602570920 -5.05547723730
7.86 0.28231752467431181 -5.05643618626
7.87 0.28249933493249840 -5.05739088891
7.88 0.28268103702110686 -5.05834135812
7.89 0.28286263116028537 -5.05928760668
7.90 0.28304411756949560 -5.06022964734
7.91 0.28322549646751610 -5.06116749280
7.92 0.28340676807244480 -5.06210115568
7.93 0.28358793260170240 -5.06303064858
7.94 0.28376899027203500 -5.06395598402
7.95 0.28394994129951745 -5.06487717447
7.96 0.28413078589955604 -5.06579423237
7.97 0.28431152428689155 -5.06670717009
7.98 0.28449215667560229 -5.06761599993
7.99 0.28467268327910661 -5.06852073418
8.00 0.28485310431016619 -5.06942138505
8.01 0.28503341998088882 -5.07031796468
8.02 0.28521363050273102 -5.07121048520
8.03 0.28539373608650120 -5.07209895867
8.04 0.28557373694236227 -5.07298339711
8.05 0.28575363327983461 -5.07386381246
8.06 0.28593342530779864 -5.07474021665
8.07 0.28611311323449784 -5.07561262152
8.08 0.28629269726754136 -5.07648103890
8.09 0.28647217761390681 -5.07734548055
8.10 0.28665155447994300 -5.07820595818
8.11 0.28683082807137261 -5.07906248346
8.12 0.28700999859329496 -5.07991506801
8.13 0.28718906625018870 -5.08076372338
8.14 0.28736803124591431 -5.08160846110
8.15 0.28754689378371695 -5.08244929265
8.16 0.28772565406622908 -5.08328622945
8.17 0.28790431229547309 -5.08411928288
8.18 0.28808286867286365 -5.08494846428
8.19 0.28826132339921079 -5.08577378494
8.20 0.28843967667472209 -5.08659525609
8.21 0.28861792869900543 -5.08741288893
8.22 0.28879607967107124 -5.08822669461
8.23 0.28897412978933568 -5.08903668423
8.24 0.28915207925162262 -5.08984286885
8.25 0.28932992825516618 -5.09064525950
8.26 0.28950767699661367 -5.09144386712
8.27 0.28968532567202743 -5.09223870267
8.28 0.28986287447688791 -5.09302977700
8.29 0.29004032360609577 -5.09381710097
8.30 0.29021767325397441 -5.09460068537
8.31 0.29039492361427244 -5.09538054095
8.32 0.29057207488016606 -5.09615667841
8.33 0.29074912724426144 -5.09692910842
8.34 0.29092608089859723 -5.09769784161
8.35 0.29110293603464699 -5.09846288856
8.36 0.29127969284332106 -5.09922425979
8.37 0.29145635151496968 -5.09998196582
8.38 0.29163291223938476 -5.10073601709
8.39 0.29180937520580241 -5.10148642402
8.40 0.29198574060290522 -5.10223319698
8.41 0.29216200861882469 -5.10297634631
8.42 0.29233817944114321 -5.10371588228
8.43 0.29251425325689689 -5.10445181516
8.44 0.29269023025257712 -5.10518415516
8.45 0.29286611061413348 -5.10591291244
8.46 0.29304189452697560 -5.10663809713
8.47 0.29321758217597532 -5.10735971933
8.48 0.29339317374546936 -5.10807778908
8.49 0.29356866941926113 -5.10879231641
8.50 0.29374406938062309 -5.10950331127
8.51 0.29391937381229882 -5.11021078361
8.52 0.29409458289650536 -5.11091474333
8.53 0.29426969681493514 -5.11161520028
8.54 0.29444471574875847 -5.11231216427
8.55 0.29461963987862538 -5.11300564510
8.56 0.29479446938466780 -5.11369565250
8.57 0.29496920444650176 -5.11438219619
8.58 0.29514384524322962 -5.11506528583
8.59 0.29531839195344184 -5.11574493105
8.60 0.29549284475521920 -5.11642114146
8.61 0.29566720382613509 -5.11709392660
8.62 0.29584146934325722 -5.11776329601
8.63 0.29601564148315002 -5.11842925916
8.64 0.29618972042187630 -5.11909182551
8.65 0.29636370633499964 -5.11975100447
8.66 0.29653759939758617 -5.12040680543
8.67 0.29671139978420680 -5.12105923771
8.68 0.29688510766893889 -5.12170831064
8.69 0.29705872322536864 -5.12235403348
8.70 0.29723224662659264 -5.12299641547
8.71 0.29740567804522022 -5.12363546582
8.72 0.29757901765337524 -5.12427119369
8.73 0.29775226562269796 -5.12490360821
8.74 0.29792542212434719 -5.12553271849
8.75 0.29809848732900202 -5.12615853360
8.76 0.29827146140686372 -5.12678106255
8.77 0.29844434452765789 -5.12740031436
8.78 0.29861713686063623 -5.12801629799
8.79 0.29878983857457825 -5.12862902236
8.80 0.29896244983779341 -5.12923849638
8.81 0.29913497081812290 -5.12984472891
8.82 0.29930740168294140 -5.13044772879
8.83 0.29947974259915905 -5.13104750481
8.84 0.29965199373322332 -5.13164406575
8.85 0.29982415525112072 -5.13223742033
8.86 0.29999622731837872 -5.13282757727
8.87 0.30016821010006750 -5.13341454522
8.88 0.30034010376080184 -5.13399833284
8.89 0.30051190846474268 -5.13457894873
8.90 0.30068362437559926 -5.13515640146
8.91 0.30085525165663074 -5.13573069959
8.92 0.30102679047064773 -5.13630185162
8.93 0.30119824098001446 -5.13686986604
8.94 0.30136960334665036 -5.13743475130
8.95 0.30154087773203153 -5.13799651583
8.96 0.30171206429719305 -5.13855516801
8.97 0.30188316320273001 -5.13911071621
8.98 0.30205417460879996 -5.13966316875
8.99 0.30222509867512393 -5.14021253394
9.00 0.30239593556098865 -5.14075882005
9.01 0.30256668542524795 -5.14130203532
9.02 0.30273734842632455 -5.14184218796
9.03 0.30290792472221167 -5.14237928616
9.04 0.30307841447047473 -5.14291333806
9.05 0.30324881782825319 -5.14344435179
9.06 0.30341913495226158 -5.14397233545
9.07 0.30358936599879205 -5.14449729710
9.08 0.30375951112371524 -5.14501924478
9.09 0.30392957048248237 -5.14553818651
9.10 0.30409954423012653 -5.14605413025
9.11 0.30426943252126443 -5.14656708396
9.12 0.30443923551009822 -5.14707705558
9.13 0.30460895335041660 -5.14758405298
9.14 0.30477858619559678 -5.14808808405
9.15 0.30494813419860595 -5.14858915662
9.16 0.30511759751200290 -5.14908727851
9.17 0.30528697628793944 -5.14958245751
9.18 0.30545627067816200 -5.15007470136
9.19 0.30562548083401342 -5.15056401781
9.20 0.30579460690643406 -5.15105041456
9.21 0.30596364904596368 -5.15153389929
9.22 0.30613260740274267 -5.15201447965
9.23 0.30630148212651404 -5.15249216326
9.24 0.30647027336662430 -5.15296695772
9.25 0.30663898127202549 -5.15343887060
9.26 0.30680760599127638 -5.15390790946
9.27 0.30697614767254400 -5.15437408180
9.28 0.30714460646360531 -5.15483739513
9.29 0.30731298251184835 -5.15529785691
9.30 0.30748127596427399 -5.15575547458
9.31 0.30764948696749717 -5.15621025557
9.32 0.30781761566774857 -5.15666220725
9.33 0.30798566221087598 -5.15711133701
9.34 0.30815362674234548 -5.15755765217
9.35 0.30832150940724323 -5.15800116007
9.36 0.30848931035027677 -5.15844186797
9.37 0.30865702971577641 -5.15887978316
9.38 0.30882466764769656 -5.15931491288
9.39 0.30899222428961731 -5.15974726434
9.40 0.30915969978474567 -5.16017684473
9.41 0.30932709427591698 -5.16060366123
9.42 0.30949440790559657 -5.16102772097
9.43 0.30966164081588060 -5.16144903108
9.44 0.30982879314849793 -5.16186759865
9.45 0.30999586504481119 -5.16228343075
9.46 0.31016285664581833 -5.16269653445
9.47 0.31032976809215368 -5.16310691674
9.48 0.31049659952408970 -5.16351458465
9.49 0.31066335108153803 -5.16391954515
9.50 0.31083002290405076 -5.16432180519
9.51 0.31099661513082205 -5.16472137170
9.52 0.31116312790068928 -5.16511825160
9.53 0.31132956135213424 -5.16551245177
9.54 0.31149591562328471 -5.16590397906
9.55 0.31166219085191565 -5.16629284033
9.56 0.31182838717545014 -5.16667904238
9.57 0.31199450473096130 -5.16706259202
9.58 0.31216054365517321 -5.16744349602
9.59 0.31232650408446211 -5.16782176111
9.60 0.31249238615485792 -5.16819739405
9.61 0.31265819000204520 -5.16857040152
9.62 0.31282391576136487 -5.16894079021
9.63 0.31298956356781493 -5.16930856679
9.64 0.31315513355605207 -5.16967373790
9.65 0.31332062586039267 -5.17003631015
9.66 0.31348604061481428 -5.17039629013
9.67 0.31365137795295672 -5.17075368444
9.68 0.31381663800812321 -5.17110849962
9.69 0.31398182091328186 -5.17146074220
9.70 0.31414692680106648 -5.17181041869
9.71 0.31431195580377819 -5.17215753559
9.72 0.31447690805338629 -5.17250209936
9.73 0.31464178368152984 -5.17284411646
9.74 0.31480658281951840 -5.17318359331
9.75 0.31497130559833353 -5.17352053632
9.76 0.31513595214862983 -5.17385495187
9.77 0.31530052260073627 -5.17418684634
9.78 0.31546501708465702 -5.17451622606
9.79 0.31562943573007302 -5.17484309737
9.80 0.31579377866634295 -5.17516746656
9.81 0.31595804602250427 -5.17548933993
9.82 0.31612223792727451 -5.17580872374
9.83 0.31628635450905240 -5.17612562423
9.84 0.31645039589591911 -5.17644004763
9.85 0.31661436221563910 -5.17675200014
9.86 0.31677825359566136 -5.17706148796
9.87 0.31694207016312070 -5.17736851724
9.88 0.31710581204483873 -5.17767309414
9.89 0.31726947936732497 -5.17797522478
9.90 0.31743307225677786 -5.17827491527
9.91 0.31759659083908603 -5.17857217170
9.92 0.31776003523982949 -5.17886700014
9.93 0.31792340558428023 -5.17915940663
9.94 0.31808670199740396 -5.17944939722
9.95 0.31824992460386070 -5.17973697792
9.96 0.31841307352800602 -5.18002215471
9.97 0.31857614889389219 -5.18030493358
9.98 0.31873915082526905 -5.18058532048
9.99 0.31890207944558530 -5.18086332135
10.00 0.31906493487798943 -5.18113894211
10.01 0.31922771724533072 -5.18141218866
10.02 0.31939042667016049 -5.18168306689
10.03 0.31955306327473276 -5.18195158265
10.04 0.31971562718100588 -5.18221774181
10.05 0.31987811851064291 -5.18248155018
10.06 0.32004053738501309 -5.18274301358
10.07 0.32020288392519275 -5.18300213780
10.08 0.32036515825196621 -5.18325892861
10.09 0.32052736048582703 -5.18351339178
10.10 0.32068949074697878 -5.18376553304
10.11 0.32085154915533615 -5.18401535812
10.12 0.32101353583052605 -5.18426287272
10.13 0.32117545089188843 -5.18450808253
10.14 0.32133729445847725 -5.18475099322
10.15 0.32149906664906186 -5.18499161045
10.16 0.32166076758212725 -5.18522993984
10.17 0.32182239737587592 -5.18546598701
10.18 0.32198395614822817 -5.18569975758
10.19 0.32214544401682332 -5.18593125712
10.20 0.32230686109902068 -5.18616049120
10.21 0.32246820751190053 -5.18638746538
10.22 0.32262948337226499 -5.18661218518
10.23 0.32279068879663897 -5.18683465613
10.24 0.32295182390127131 -5.18705488372
10.25 0.32311288880213562 -5.18727287345
10.26 0.32327388361493092 -5.18748863077
10.27 0.32343480845508316 -5.18770216115
10.28 0.32359566343774560 -5.18791347001
10.29 0.32375644867780012 -5.18812256278
10.30 0.32391716428985806 -5.18832944486
10.31 0.32407781038826089 -5.18853412164
10.32 0.32423838708708141 -5.18873659848
10.33 0.32439889450012460 -5.18893688075
10.34 0.32455933274092857 -5.18913497378
10.35 0.32471970192276511 -5.18933088290
10.36 0.32488000215864132 -5.18952461342
10.37 0.32504023356129969 -5.18971617062
10.38 0.32520039624321961 -5.18990555978
10.39 0.32536049031661773 -5.19009278617
10.40 0.32552051589344949 -5.19027785503
10.41 0.32568047308540937 -5.19046077159
10.42 0.32584036200393218 -5.19064154106
10.43 0.32600018276019377 -5.19082016865
10.44 0.32615993546511185 -5.19099665954
10.45 0.32631962022934713 -5.19117101889
10.46 0.32647923716330368 -5.19134325187
10.47 0.32663878637713040 -5.19151336361
10.48 0.32679826798072126 -5.19168135924
10.49 0.32695768208371689 -5.19184724387
10.50 0.32711702879550453 -5.19201102258
10.51 0.32727630822521958 -5.19217270047
10.52 0.32743552048174634 -5.19233228259
10.53 0.32759466567371837 -5.19248977399
10.54 0.32775374390951995 -5.19264517972
10.55 0.32791275529728653 -5.19279850480
10.56 0.32807169994490565 -5.19294975422
10.57 0.32823057796001764 -5.19309893298
10.58 0.32838938945001683 -5.19324604607
10.59 0.32854813452205195 -5.19339109845
10.60 0.32870681328302698 -5.19353409506
10.61 0.32886542583960227 -5.19367504084
10.62 0.32902397229819508 -5.19381394071
10.63 0.32918245276498043 -5.19395079958
10.64 0.32934086734589191 -5.19408562235
10.65 0.32949921614662253 -5.19421841389
10.66 0.32965749927262539 -5.19434917907
10.67 0.32981571682911470 -5.19447792275
10.68 0.32997386892106617 -5.19460464975
10.69 0.33013195565321829 -5.19472936491
10.70 0.33028997713007269 -5.19485207304
10.71 0.33044793345589513 -5.19497277893
10.72 0.33060582473471622 -5.19509148736
10.73 0.33076365107033218 -5.19520820312
10.74 0.33092141256630558 -5.19532293095
10.75 0.33107910932596624 -5.19543567560
10.76 0.33123674145241183 -5.19554644180
10.77 0.33139430904850864 -5.19565523427
10.78 0.33155181221689245 -5.19576205770
10.79 0.33170925105996918 -5.19586691681
10.80 0.33186662567991565 -5.19596981625
10.81 0.33202393617868037 -5.19607076069
10.82 0.33218118265798419 -5.19616975480
10.83 0.33233836521932120 -5.19626680320
10.84 0.33249548396395934 -5.19636191052
10.85 0.33265253899294100 -5.19645508138
10.86 0.33280953040708416 -5.19654632038
10.87 0.33296645830698257 -5.19663563210
10.88 0.33312332279300710 -5.19672302112
10.89 0.33328012396530576 -5.19680849201
10.90 0.33343686192380506 -5.19689204930
10.91 0.33359353676821030 -5.19697369755
10.92 0.33375014859800639 -5.19705344128
10.93 0.33390669751245877 -5.19713128499
10.94 0.33406318361061377 -5.19720723319
10.95 0.33421960699129954 -5.19728129038
10.96 0.33437596775312661 -5.19735346101
10.97 0.33453226599448882 -5.19742374956
10.98 0.33468850181356369 -5.19749216049
10.99 0.33484467530831341 -5.19755869822
11.00 0.33500078657648524 -5.19762336718
11.01 0.33515683571561250 -5.19768617180
11.02 0.33531282282301511 -5.19774711648
11.03 0.33546874799580007 -5.19780620560
11.04 0.33562461133086247 -5.19786344356
11.05 0.33578041292488614 -5.19791883470
11.06 0.33593615287434392 -5.19797238340
11.07 0.33609183127549885 -5.19802409399
11.08 0.33624744822440439 -5.19807397082
11.09 0.33640300381690558 -5.19812201819
11.10 0.33655849814863903 -5.19816824043
11.11 0.33671393131503435 -5.19821264182
11.12 0.33686930341131410 -5.19825522666
11.13 0.33702461453249505 -5.19829599922
11.14 0.33717986477338818 -5.19833496376
11.15 0.33733505422859994 -5.19837212454
11.16 0.33749018299253258 -5.19840748580
11.17 0.33764525115938487 -5.19844105177
11.18 0.33780025882315262 -5.19847282666
11.19 0.33795520607762952 -5.19850281469
11.20 0.33811009301640765 -5.19853102005
11.21 0.33826491973287814 -5.19855744693
11.22 0.33841968632023162 -5.19858209950
11.23 0.33857439287145935 -5.19860498192
11.24 0.33872903947935318 -5.19862609835
11.25 0.33888362623650670 -5.19864545293
11.26 0.33903815323531561 -5.19866304980
11.27 0.33919262056797844 -5.19867889305
11.28 0.33934702832649694 -5.19869298682
11.29 0.33950137660267710 -5.19870533520
11.30 0.33965566548812931 -5.19871594227
11.31 0.33980989507426945 -5.19872481211
11.32 0.33996406545231883 -5.19873194879
11.33 0.34011817671330558 -5.19873735637
11.34 0.34027222894806464 -5.19874103889
11.35 0.34042622224723856 -5.19874300038
11.36 0.34058015670127828 -5.19874324487
11.37 0.34073403240044342 -5.19874177637
11.38 0.34088784943480316 -5.19873859889
11.39 0.34104160789423632 -5.19873371642
11.40 0.34119530786843266 -5.19872713295
11.41 0.34134894944689287 -5.19871885244
11.42 0.34150253271892966 -5.19870887886
11.43 0.34165605777366770 -5.19869721616
11.44 0.34180952470004478 -5.19868386828
11.45 0.34196293358681218 -5.19866883916
11.46 0.34211628452253517 -5.19865213272
11.47 0.34226957759559345 -5.19863375287
11.48 0.34242281289418230 -5.19861370352
11.49 0.34257599050631238 -5.19859198855
11.50 0.34272911051981081 -5.19856861185
11.51 0.34288217302232160 -5.19854357728
11.52 0.34303517810130624 -5.19851688872
11.53 0.34318812584404396 -5.19848855002
11.54 0.34334101633763286 -5.19845856502
11.55 0.34349384966898983 -5.19842693755
11.56 0.34364662592485168 -5.19839367144
11.57 0.34379934519177513 -5.19835877050
11.58 0.34395200755613786 -5.19832223854
11.59 0.34410461310413870 -5.19828407934
11.60 0.34425716192179839 -5.19824429671
11.61 0.34440965409496005 -5.19820289441
11.62 0.34456208970928948 -5.19815987620
11.63 0.34471446885027629 -5.19811524586
11.64 0.34486679160323364 -5.19806900712
11.65 0.34501905805329952 -5.19802116372
11.66 0.34517126828543671 -5.19797171940
11.67 0.34532342238443375 -5.19792067787
11.68 0.34547552043490515 -5.19786804285
11.69 0.34562756252129201 -5.19781381803
11.70 0.34577954872786260 -5.19775800711
11.71 0.34593147913871281 -5.19770061377
11.72 0.34608335383776673 -5.19764164168
11.73 0.34623517290877703 -5.19758109452
11.74 0.34638693643532570 -5.19751897593
11.75 0.34653864450082428 -5.19745528957
11.76 0.34669029718851474 -5.19739003907
11.77 0.34684189458146952 -5.19732322807
11.78 0.34699343676259242 -5.19725486017
11.79 0.34714492381461892 -5.19718493900
11.80 0.34729635582011686 -5.19711346815
11.81 0.34744773286148656 -5.19704045123
11.82 0.34759905502096183 -5.19696589181
11.83 0.34775032238060988 -5.19688979347
11.84 0.34790153502233256 -5.19681215979
11.85 0.34805269302786601 -5.19673299431
11.86 0.34820379647878186 -5.19665230059
11.87 0.34835484545648721 -5.19657008217
11.88 0.34850584004222562 -5.19648634259
11.89 0.34865678031707698 -5.19640108537
11.90 0.34880766636195842 -5.19631431403
11.91 0.34895849825762493 -5.19622603206
11.92 0.34910927608466930 -5.19613624299
11.93 0.34925999992352297 -5.19604495028
11.94 0.34941066985445651 -5.19595215744
11.95 0.34956128595758001 -5.19585786792
11.96 0.34971184831284352 -5.19576208521
11.97 0.34986235700003754 -5.19566481275
11.98 0.35001281209879348 -5.19556605399
11.99 0.35016321368858438 -5.19546581238
12.00 0.35031356184872481 -5.19536409135
12.01 0.35046385665837188 -5.19526089433
12.02 0.35061409819652556 -5.19515622472
12.03 0.35076428654202885 -5.19505008595
12.04 0.35091442177356863 -5.19494248141
12.05 0.35106450396967603 -5.19483341449
12.06 0.35121453320872653 -5.19472288858
12.07 0.35136450956894089 -5.19461090706
12.08 0.35151443312838532 -5.19449747329
12.09 0.35166430396497211 -5.19438259064
12.10 0.35181412215645985 -5.19426626245
12.11 0.35196388778045407 -5.19414849208
12.12 0.35211360091440763 -5.19402928285
12.13 0.35226326163562116 -5.19390863811
12.14 0.35241287002124333 -5.19378656117
12.15 0.35256242614827166 -5.19366305535
12.16 0.35271193009355267 -5.19353812395
12.17 0.35286138193378241 -5.19341177027
12.18 0.35301078174550687 -5.19328399760
12.19 0.35316012960512244 -5.19315480923
12.20 0.35330942558887629 -5.19302420843
12.21 0.35345866977286688 -5.19289219846
12.22 0.35360786223304425 -5.19275878260
12.23 0.35375700304521074 -5.19262396410
12.24 0.35390609228502107 -5.19248774619
12.25 0.35405513002798283 -5.19235013212
12.26 0.35420411634945720 -5.19221112512
12.27 0.35435305132465911 -5.19207072841
12.28 0.35450193502865746 -5.19192894521
12.29 0.35465076753637614 -5.19178577872
12.30 0.35479954892259385 -5.19164123216
12.31 0.35494827926194483 -5.19149530870
12.32 0.35509695862891916 -5.19134801155
12.33 0.35524558709786319 -5.19119934387
12.34 0.35539416474298019 -5.19104930885
12.35 0.35554269163833013 -5.19089790964
12.36 0.35569116785783095 -5.19074514941
12.37 0.35583959347525812 -5.19059103131
12.38 0.35598796856424569 -5.19043555847
12.39 0.35613629319828632 -5.19027873404
12.40 0.35628456745073178 -5.19012056115
12.41 0.35643279139479345 -5.18996104292
12.42 0.35658096510354265 -5.18980018246
12.43 0.35672908864991093 -5.18963798288
12.44 0.35687716210669057 -5.18947444730
12.45 0.35702518554653512 -5.18930957879
12.46 0.35717315904195940 -5.18914338045
12.47 0.35732108266534024 -5.18897585536
12.48 0.35746895648891680 -5.18880700659
12.49 0.35761678058479091 -5.18863683722
12.50 0.35776455502492738 -5.18846535030
12.51 0.35791227988115454 -5.18829254888
12.52 0.35805995522516448 -5.18811843602
12.53 0.35820758112851370 -5.18794301475
12.54 0.35835515766262294 -5.18776628811
12.55 0.35850268489877835 -5.18758825913
12.56 0.35865016290813112 -5.18740893082
12.57 0.35879759176169829 -5.18722830620
12.58 0.35894497153036298 -5.18704638828
12.59 0.35909230228487482 -5.18686318005
12.60 0.35923958409585033 -5.18667868452
12.61 0.35938681703377318 -5.18649290467
12.62 0.35953400116899470 -5.18630584347
12.63 0.35968113657173428 -5.18611750391
12.64 0.35982822331207936 -5.18592788896
12.65 0.35997526145998643 -5.18573700157
12.66 0.36012225108528079 -5.18554484470
12.67 0.36026919225765741 -5.18535142131
12.68 0.36041608504668077 -5.18515673432
12.69 0.36056292952178581 -5.18496078669
12.70 0.36070972575227789 -5.18476358133
12.71 0.36085647380733316 -5.18456512118
12.72 0.36100317375599900 -5.18436540915
12.73 0.36114982566719450 -5.18416444815
12.74 0.36129642960971081 -5.18396224108
12.75 0.36144298565221100 -5.18375879086
12.76 0.36158949386323114 -5.18355410036
12.77 0.36173595431118027 -5.18334817248
12.78 0.36188236706434057 -5.18314101009
12.79 0.36202873219086829 -5.18293261608
12.80 0.36217504975879339 -5.18272299330
12.81 0.36232131983602039 -5.18251214463
12.82 0.36246754249032859 -5.18230007291
12.83 0.36261371778937224 -5.18208678101
12.84 0.36275984580068132 -5.18187227175
12.85 0.36290592659166121 -5.18165654799
12.86 0.36305196022959374 -5.18143961255
12.87 0.36319794678163697 -5.18122146825
12.88 0.36334388631482600 -5.18100211793
12.89 0.36348977889607276 -5.18078156440
12.90 0.36363562459216681 -5.18055981046
12.91 0.36378142346977554 -5.18033685892
12.92 0.36392717559544457 -5.18011271257
12.93 0.36407288103559776 -5.17988737421
12.94 0.36421853985653796 -5.17966084662
12.95 0.36436415212444700 -5.17943313258
12.96 0.36450971790538644 -5.17920423487
12.97 0.36465523726529725 -5.17897415626
12.98 0.36480071027000083 -5.17874289950
12.99 0.36494613698519895 -5.17851046736
13.00 0.36509151747647400 -5.17827686259
13.01 0.36523685180928978 -5.17804208793
13.02 0.36538214004899117 -5.17780614612
13.03 0.36552738226080483 -5.17756903991
13.04 0.36567257850983981 -5.17733077201
13.05 0.36581772886108715 -5.17709134516
13.06 0.36596283337942076 -5.17685076207
13.07 0.36610789212959749 -5.17660902545
13.08 0.36625290517625764 -5.17636613802
13.09 0.36639787258392498 -5.17612210246
13.10 0.36654279441700738 -5.17587692149
13.11 0.36668767073979691 -5.17563059779
13.12 0.36683250161647024 -5.17538313405
13.13 0.36697728711108896 -5.17513453295
13.14 0.36712202728759963 -5.17488479716
13.15 0.36726672220983475 -5.17463392936
13.16 0.36741137194151224 -5.17438193220
13.17 0.36755597654623634 -5.17412880836
13.18 0.36770053608749764 -5.17387456047
13.19 0.36784505062867345 -5.17361919120
13.20 0.36798952023302828 -5.17336270318
13.21 0.36813394496371371 -5.17310509906
13.22 0.36827832488376916 -5.17284638146
13.23 0.36842266005612184 -5.17258655303
13.24 0.36856695054358735 -5.17232561636
13.25 0.36871119640886968 -5.17206357410
13.26 0.36885539771456172 -5.17180042884
13.27 0.36899955452314559 -5.17153618321
13.28 0.36914366689699252 -5.17127083979
13.29 0.36928773489836381 -5.17100440119
13.30 0.36943175858941057 -5.17073687001
13.31 0.36957573803217425 -5.17046824882
13.32 0.36971967328858690 -5.17019854022
13.33 0.36986356442047141 -5.16992774678
13.34 0.37000741148954192 -5.16965587108
13.35 0.37015121455740396 -5.16938291567
13.36 0.37029497368555481 -5.16910888314
13.37 0.37043868893538384 -5.16883377602
13.38 0.37058236036817271 -5.16855759689
13.39 0.37072598804509566 -5.16828034828
13.40 0.37086957202721976 -5.16800203274
13.41 0.37101311237550538 -5.16772265282
13.42 0.37115660915080628 -5.16744221104
13.43 0.37130006241386987 -5.16716070994
13.44 0.37144347222533769 -5.16687815203
13.45 0.37158683864574560 -5.16659453985
13.46 0.37173016173552376 -5.16630987591
13.47 0.37187344155499741 -5.16602416271
13.48 0.37201667816438694 -5.16573740277
13.49 0.37215987162380798 -5.16544959858
13.50 0.37230302199327187 -5.16516075265
13.51 0.37244612933268595 -5.16487086746
13.52 0.37258919370185373 -5.16457994551
13.53 0.37273221516047517 -5.16428798928
13.54 0.37287519376814698 -5.16399500125
13.55 0.37301812958436309 -5.16370098389
13.56 0.37316102266851447 -5.16340593967
13.57 0.37330387307988966 -5.16310987106
13.58 0.37344668087767519 -5.16281278052
13.59 0.37358944612095563 -5.16251467051
13.60 0.37373216886871380 -5.16221554347
13.61 0.37387484917983133 -5.16191540187
13.62 0.37401748711308858 -5.16161424813
13.63 0.37416008272716511 -5.16131208471
13.64 0.37430263608063979 -5.16100891403
13.65 0.37444514723199135 -5.16070473852
13.66 0.37458761623959841 -5.16039956063
13.67 0.37473004316173963 -5.16009338275
13.68 0.37487242805659421 -5.15978620732
13.69 0.37501477098224206 -5.15947803675
13.70 0.37515707199666415 -5.15916887345
13.71 0.37529933115774256 -5.15885871981
13.72 0.37544154852326067 -5.15854757825
13.73 0.37558372415090385 -5.15823545117
13.74 0.37572585809825948 -5.15792234094
13.75 0.37586795042281695 -5.15760824997
13.76 0.37601000118196826 -5.15729318064
13.77 0.37615201043300805 -5.15697713533
13.78 0.37629397823313415 -5.15666011641
13.79 0.37643590463944748 -5.15634212626
13.80 0.37657778970895234 -5.15602316725
13.81 0.37671963349855697 -5.15570324174
13.82 0.37686143606507344 -5.15538235210
13.83 0.37700319746521810 -5.15506050067
13.84 0.37714491775561176 -5.15473768982
13.85 0.37728659699277994 -5.15441392188
13.86 0.37742823523315305 -5.15408919922
13.87 0.37756983253306692 -5.15376352416
13.88 0.37771138894876255 -5.15343689905
13.89 0.37785290453638665 -5.15310932621
13.90 0.37799437935199204 -5.15278080799
13.91 0.37813581345153763 -5.15245134670
13.92 0.37827720689088856 -5.15212094467
13.93 0.37841855972581684 -5.15178960421
13.94 0.37855987201200120 -5.15145732764
13.95 0.37870114380502756 -5.15112411728
13.96 0.37884237516038921 -5.15078997542
13.97 0.37898356613348683 -5.15045490438
13.98 0.37912471677962922 -5.15011890645
13.99 0.37926582715403301 -5.14978198393
14.00 0.37940689731182314 -5.14944413911
14.01 0.37954792730803311 -5.14910537428
14.02 0.37968891719760522 -5.14876569173
14.03 0.37982986703539062 -5.14842509374
14.04 0.37997077687614972 -5.14808358258
14.05 0.38011164677455245 -5.14774116054
14.06 0.38025247678517837 -5.14739782988
14.07 0.38039326696251674 -5.14705359287
14.08 0.38053401736096709 -5.14670845178
14.09 0.38067472803483948 -5.14636240887
14.10 0.38081539903835421 -5.14601546640
14.11 0.38095603042564258 -5.14566762661
14.12 0.38109662225074686 -5.14531889177
14.13 0.38123717456762057 -5.14496926411
14.14 0.38137768743012862 -5.14461874589
14.15 0.38151816089204771 -5.14426733935
14.16 0.38165859500706639 -5.14391504671
14.17 0.38179898982878546 -5.14356187022
14.18 0.38193934541071778 -5.14320781212
14.19 0.38207966180628911 -5.14285287461
14.20 0.38221993906883789 -5.14249705994
14.21 0.38236017725161542 -5.14214037032
14.22 0.38250037640778634 -5.14178280797
14.23 0.38264053659042885 -5.14142437511
14.24 0.38278065785253451 -5.14106507394
14.25 0.38292074024700901 -5.14070490669
14.26 0.38306078382667191 -5.14034387554
14.27 0.38320078864425738 -5.13998198272
14.28 0.38334075475241375 -5.13961923041
14.29 0.38348068220370429 -5.13925562081
14.30 0.38362057105060715 -5.13889115612
14.31 0.38376042134551563 -5.13852583853
14.32 0.38390023314073829 -5.13815967022
14.33 0.38404000648849940 -5.13779265339
14.34 0.38417974144093892 -5.13742479021
14.35 0.38431943805011287 -5.13705608286
14.36 0.38445909636799336 -5.13668653352
14.37 0.38459871644646898 -5.13631614436
14.38 0.38473829833734491 -5.13594491755
14.39 0.38487784209234305 -5.13557285527
14.40 0.38501734776310242 -5.13519995967
14.41 0.38515681540117919 -5.13482623291
14.42 0.38529624505804716 -5.13445167717
14.43 0.38543563678509735 -5.13407629459
14.44 0.38557499063363904 -5.13370008733
14.45 0.38571430665489931 -5.13332305753
14.46 0.38585358490002336 -5.13294520736
14.47 0.38599282542007529 -5.13256653895
14.48 0.38613202826603721 -5.13218705444
14.49 0.38627119348881056 -5.13180675599
14.50 0.38641032113921558 -5.13142564572
14.51 0.38654941126799175 -5.13104372578
14.52 0.38668846392579825 -5.13066099829
14.53 0.38682747916321331 -5.13027746539
14.54 0.38696645703073562 -5.12989312921
14.55 0.38710539757878348 -5.12950799187
14.56 0.38724430085769562 -5.12912205549
14.57 0.38738316691773089 -5.12873532220
14.58 0.38752199580906915 -5.12834779411
14.59 0.38766078758181077 -5.12795947334
14.60 0.38779954228597707 -5.12757036201
14.61 0.38793825997151082 -5.12718046222
14.62 0.38807694068827603 -5.12678977609
14.63 0.38821558448605820 -5.12639830572
14.64 0.38835419141456462 -5.12600605322
14.65 0.38849276152342449 -5.12561302069
14.66 0.38863129486218934 -5.12521921023
14.67 0.38876979148033280 -5.12482462394
14.68 0.38890825142725116 -5.12442926392
14.69 0.38904667475226323 -5.12403313225
14.70 0.38918506150461102 -5.12363623103
14.71 0.38932341173345919 -5.12323856236
14.72 0.38946172548789604 -5.12284012831
14.73 0.38960000281693302 -5.12244093097
14.74 0.38973824376950561 -5.12204097244
14.75 0.38987644839447261 -5.12164025478
14.76 0.39001461674061710 -5.12123878008
14.77 0.39015274885664630 -5.12083655042
14.78 0.39029084479119186 -5.12043356787
14.79 0.39042890459280982 -5.12002983451
14.80 0.39056692830998108 -5.11962535241
14.81 0.39070491599111135 -5.11922012364
14.82 0.39084286768453158 -5.11881415027
14.83 0.39098078343849768 -5.11840743436
14.84 0.39111866330119144 -5.11799997799
14.85 0.39125650732071982 -5.11759178321
14.86 0.39139431554511606 -5.11718285208
14.87 0.39153208802233896 -5.11677318667
14.88 0.39166982480027385 -5.11636278903
14.89 0.39180752592673190 -5.11595166123
14.90 0.39194519144945134 -5.11553980531
14.91 0.39208282141609679 -5.11512722333
14.92 0.39222041587425976 -5.11471391735
14.93 0.39235797487145879 -5.11429988941
14.94 0.39249549845513970 -5.11388514156
14.95 0.39263298667267577 -5.11346967585
14.96 0.39277043957136759 -5.11305349433
14.97 0.39290785719844362 -5.11263659903
14.98 0.39304523960106036 -5.11221899202
14.99 0.39318258682630214 -5.11180067532
15.00 0.39331989892118169 -5.11138165098
15.01 0.39345717593264012 -5.11096192104
15.02 0.39359441790754707 -5.11054148754
15.03 0.39373162489270103 -5.11012035251
15.04 0.39386879693482935 -5.10969851799
15.05 0.39400593408058848 -5.10927598602
15.06 0.39414303637656417 -5.10885275863
15.07 0.39428010386927148 -5.10842883785
15.08 0.39441713660515532 -5.10800422571
15.09 0.39455413463059008 -5.10757892425
15.10 0.39469109799188024 -5.10715293550
15.11 0.39482802673526030 -5.10672626148
15.12 0.39496492090689500 -5.10629890422
15.13 0.39510178055287970 -5.10587086575
15.14 0.39523860571924002 -5.10544214809
15.15 0.39537539645193265 -5.10501275328
15.16 0.39551215279684487 -5.10458268333
15.17 0.39564887479979544 -5.10415194027
15.18 0.39578556250653385 -5.10372052612
15.19 0.39592221596274157 -5.10328844290
15.20 0.39605883521403118 -5.10285569264
15.21 0.39619542030594712 -5.10242227736
15.22 0.39633197128396574 -5.10198819908
15.23 0.39646848819349545 -5.10155345981
15.24 0.39660497107987674 -5.10111806159
15.25 0.39674141998838264 -5.10068200642
15.26 0.39687783496421847 -5.10024529632
15.27 0.39701421605252252 -5.09980793331
15.28 0.39715056329836562 -5.09936991942
15.29 0.39728687674675178 -5.09893125666
15.30 0.39742315644261811 -5.09849194704
15.31 0.39755940243083504 -5.09805199258
15.32 0.39769561475620624 -5.09761139530
15.33 0.39783179346346931 -5.09717015722
15.34 0.39796793859729551 -5.09672828035
15.35 0.39810405020228995 -5.09628576671
15.36 0.39824012832299188 -5.09584261831
15.37 0.39837617300387473 -5.09539883717
15.38 0.39851218428934643 -5.09495442531
15.39 0.39864816222374921 -5.09450938474
15.40 0.39878410685136023 -5.09406371748
15.41 0.39892001821639134 -5.09361742555
15.42 0.39905589636298949 -5.09317051095
15.43 0.39919174133523666 -5.09272297572
15.44 0.39932755317715013 -5.09227482186
15.45 0.39946333193268280 -5.09182605139
15.46 0.39959907764572289 -5.09137666634
15.47 0.39973479036009452 -5.09092666871
15.48 0.39987047011955756 -5.09047606054
15.49 0.40000611696780830 -5.09002484382
15.50 0.40014173094847860 -5.08957302060
15.51 0.40027731210513723 -5.08912059288
15.52 0.40041286048128893 -5.08866756268
15.53 0.40054837612037553 -5.08821393204
15.54 0.40068385906577536 -5.08775970296
15.55 0.40081930936080368 -5.08730487748
15.56 0.40095472704871288 -5.08684945762
15.57 0.40109011217269247 -5.08639344539
15.58 0.40122546477586940 -5.08593684283
15.59 0.40136078490130811 -5.08547965197
15.60 0.40149607259201053 -5.08502187482
15.61 0.40163132789091660 -5.08456351342
15.62 0.40176655084090396 -5.08410456980
15.63 0.40190174148478852 -5.08364504598
15.64 0.40203689986532415 -5.08318494401
15.65 0.40217202602520330 -5.08272426590
15.66 0.40230712000705676 -5.08226301371
15.67 0.40244218185345404 -5.08180118945
15.68 0.40257721160690335 -5.08133879517
15.69 0.40271220930985185 -5.08087583292
15.70 0.40284717500468581 -5.08041230471
15.71 0.40298210873373053 -5.07994821261
15.72 0.40311701053925070 -5.07948355865
15.73 0.40325188046345056 -5.07901834487
15.74 0.40338671854847391 -5.07855257333
15.75 0.40352152483640419 -5.07808624606
15.76 0.40365629936926484 -5.07761936513
15.77 0.40379104218901923 -5.07715193258
15.78 0.40392575333757097 -5.07668395047
15.79 0.40406043285676385 -5.07621542084
15.80 0.40419508078838223 -5.07574634577
15.81 0.40432969717415079 -5.07527672731
15.82 0.40446428205573509 -5.07480656752
15.83 0.40459883547474157 -5.07433586847
15.84 0.40473335747271744 -5.07386463223
15.85 0.40486784809115106 -5.07339286085
15.86 0.40500230737147214 -5.07292055642
15.87 0.40513673535505157 -5.07244772101
15.88 0.40527113208320198 -5.07197435670
15.89 0.40540549759717731 -5.07150046556
15.90 0.40553983193817339 -5.07102604968
15.91 0.40567413514732803 -5.07055111114
15.92 0.40580840726572104 -5.07007565203
15.93 0.40594264833437421 -5.06959967444
15.94 0.40607685839425184 -5.06912318046
15.95 0.40621103748626042 -5.06864617220
15.96 0.40634518565124922 -5.06816865174
15.97 0.40647930293000989 -5.06769062120
15.98 0.40661338936327712 -5.06721208268
15.99 0.40674744499172844 -5.06673303828
16.00 0.40688146985598445 -5.06625349013
16.01 0.40701546399660887 -5.06577344033
16.02 0.40714942745410881 -5.06529289102
16.03 0.40728336026893469 -5.06481184430
16.04 0.40741726248148069 -5.06433030231
16.05 0.40755113413208455 -5.06384826719
16.06 0.40768497526102787 -5.06336574105
16.07 0.40781878590853604 -5.06288272605
16.08 0.40795256611477881 -5.06239922433
16.09 0.40808631591986999 -5.06191523803
16.10 0.40822003536386753 -5.06143076930
16.11 0.40835372448677393 -5.06094582031
16.12 0.40848738332853651 -5.06046039320
16.13 0.40862101192904687 -5.05997449015
16.14 0.40875461032814175 -5.05948811332
16.15 0.40888817856560256 -5.05900126488
16.16 0.40902171668115594 -5.05851394702
16.17 0.40915522471447374 -5.05802616192
16.18 0.40928870270517292 -5.05753791176
16.19 0.40942215069281601 -5.05704919874
16.20 0.40955556871691118 -5.05656002505
16.21 0.40968895681691198 -5.05607039290
16.22 0.40982231503221789 -5.05558030449
16.23 0.40995564340217444 -5.05508976204
16.24 0.41008894196607304 -5.05459876777
16.25 0.41022221076315113 -5.05410732391
16.26 0.41035544983259276 -5.05361543267
16.27 0.41048865921352795 -5.05312309630
16.28 0.41062183894503351 -5.05263031704
16.29 0.41075498906613278 -5.05213709714
16.30 0.41088810961579586 -5.05164343885
16.31 0.41102120063293962 -5.05114934443
16.32 0.41115426215642809 -5.05065481614
16.33 0.41128729422507221 -5.05015985626
16.34 0.41142029687763026 -5.04966446707
16.35 0.41155327015280768 -5.04916865084
16.36 0.41168621408925743 -5.04867240988
16.37 0.41181912872558013 -5.04817574648
16.38 0.41195201410032400 -5.04767866295
16.39 0.41208487025198504 -5.04718116160
16.40 0.41221769721900697 -5.04668324474
16.41 0.41235049503978194 -5.04618491471
16.42 0.41248326375264988 -5.04568617384
16.43 0.41261600339589899 -5.04518702447
16.44 0.41274871400776608 -5.04468746894
16.45 0.41288139562643611 -5.04418750963
16.46 0.41301404829004285 -5.04368714888
16.47 0.41314667203666872 -5.04318638908
16.48 0.41327926690434491 -5.04268523259
16.49 0.41341183293105149 -5.04218368182
16.50 0.41354437015471773 -5.04168173916
16.51 0.41367687861322178 -5.04117940701
16.52 0.41380935834439125 -5.04067668779
16.53 0.41394180938600317 -5.04017358392
16.54 0.41407423177578373 -5.03967009782
16.55 0.41420662555140919 -5.03916623195
16.56 0.41433899075050495 -5.03866198875
16.57 0.41447132741064668 -5.03815737067
16.58 0.41460363556935975 -5.03765238019
16.59 0.41473591526411957 -5.03714701979
16.60 0.41486816653235176 -5.03664129194
16.61 0.41500038941143202 -5.03613519915
16.62 0.41513258393868657 -5.03562874392
16.63 0.41526475015139203 -5.03512192876
16.64 0.41539688808677561 -5.03461475622
16.65 0.41552899778201507 -5.03410722881
16.66 0.41566107927423918 -5.03359934909
16.67 0.41579313260052742 -5.03309111962
16.68 0.41592515779791023 -5.03258254297
16.69 0.41605715490336936 -5.03207362170
16.70 0.41618912395383745 -5.03156435842
16.71 0.41632106498619881 -5.03105475573
16.72 0.41645297803728898 -5.03054481624
16.73 0.41658486314389498 -5.03003454257
16.74 0.41671672034275553 -5.02952393736
16.75 0.41684854967056112 -5.02901300326
16.76 0.41698035116395388 -5.02850174292
16.77 0.41711212485952820 -5.02799015902
16.78 0.41724387079383018 -5.02747825425
16.79 0.41737558900335825 -5.02696603129
16.80 0.41750727952456318 -5.02645349287
16.81 0.41763894239384786 -5.02594064169
16.82 0.41777057764756781 -5.02542748050
16.83 0.41790218532203099 -5.02491401205
16.84 0.41803376545349819 -5.02440023909
16.85 0.41816531807818275 -5.02388616440
16.86 0.41829684323225097 -5.02337179077
16.87 0.41842834095182224 -5.02285712099
16.88 0.41855981127296871 -5.02234215790
16.89 0.41869125423171605 -5.02182690431
16.90 0.41882266986404287 -5.02131136307
16.91 0.41895405820588150 -5.02079553704
16.92 0.41908541929311743 -5.02027942909
16.93 0.41921675316158979 -5.01976304212
16.94 0.41934805984709156 -5.01924637902
16.95 0.41947933938536919 -5.01872944271
16.96 0.41961059181212323 -5.01821223613
16.97 0.41974181716300801 -5.01769476222
16.98 0.41987301547363215 -5.01717702396
16.99 0.42000418677955825 -5.01665902431
17.00 0.42013533111630319 -5.01614076629
17.01 0.42026644851933836 -5.01562225290
17.02 0.42039753902408922 -5.01510348717
17.03 0.42052860266593634 -5.01458447215
17.04 0.42065963948021434 -5.01406521090
17.05 0.42079064950221312 -5.01354570650
17.06 0.42092163276717698 -5.01302596206
17.07 0.42105258931030548 -5.01250598067
17.08 0.42118351916675301 -5.01198576548
17.09 0.42131442237162919 -5.01146531964
17.10 0.42144529895999888 -5.01094464632
17.11 0.42157614896688200 -5.01042374869
17.12 0.42170697242725436 -5.00990262997
17.13 0.42183776937604683 -5.00938129338
17.14 0.42196853984814614 -5.00885974215
17.15 0.42209928387839457 -5.00833797956
17.16 0.42223000150159029 -5.00781600888
17.17 0.42236069275248739 -5.00729383340
17.18 0.42249135766579571 -5.00677145646
17.19 0.42262199627618136 -5.00624888137
17.20 0.42275260861826658 -5.00572611152
17.21 0.42288319472662994 -5.00520315026
17.22 0.42301375463580609 -5.00468000100
17.23 0.42314428838028645 -5.00415666716
17.24 0.42327479599451873 -5.00363315218
17.25 0.42340527751290741 -5.00310945952
17.26 0.42353573296981356 -5.00258559265
17.27 0.42366616239955524 -5.00206155508
17.28 0.42379656583640712 -5.00153735034
17.29 0.42392694331460112 -5.00101298196
17.30 0.42405729486832622 -5.00048845352
17.31 0.42418762053172832 -4.99996376860
17.32 0.42431792033891097 -4.99943893082
17.33 0.42444819432393466 -4.99891394380
17.34 0.42457844252081772 -4.99838881120
17.35 0.42470866496353571 -4.99786353671
17.36 0.42483886168602170 -4.99733812401
17.37 0.42496903272216696 -4.99681257684
17.38 0.42509917810582015 -4.99628689893
17.39 0.42522929787078789 -4.99576109407
17.40 0.42535939205083484 -4.99523516603
17.41 0.42548946067968368 -4.99470911865
17.42 0.42561950379101532 -4.99418295576
17.43 0.42574952141846872 -4.99365668122
17.44 0.42587951359564141 -4.99313029892
17.45 0.42600948035608893 -4.99260381278
17.46 0.42613942173332592 -4.99207722673
17.47 0.42626933776082498 -4.99155054474
17.48 0.42639922847201789 -4.99102377078
17.49 0.42652909390029475 -4.99049690887
17.50 0.42665893407900496 -4.98996996305
17.51 0.42678874904145642 -4.98944293738
17.52 0.42691853882091624 -4.98891583594
17.53 0.42704830345061068 -4.98838866284
17.54 0.42717804296372502 -4.98786142222
17.55 0.42730775739340404 -4.98733411824
17.56 0.42743744677275175 -4.98680675510
17.57 0.42756711113483148 -4.98627933700
17.58 0.42769675051266626 -4.98575186818
17.59 0.42782636493923870 -4.98522435290
17.60 0.42795595444749102 -4.98469679547
17.61 0.42808551907032522 -4.98416920019
17.62 0.42821505884060335 -4.98364157140
17.63 0.42834457379114710 -4.98311391349
17.64 0.42847406395473847 -4.98258623083
17.65 0.42860352936411933 -4.98205852787
17.66 0.42873297005199190 -4.98153080903
17.67 0.42886238605101867 -4.98100307880
17.68 0.42899177739382227 -4.98047534168
17.69 0.42912114411298613 -4.97994760220
17.70 0.42925048624105394 -4.97941986490
17.71 0.42937980381053004 -4.97889213438
17.72 0.42950909685387939 -4.97836441523
17.73 0.42963836540352796 -4.97783671209
17.74 0.42976760949186232 -4.97730902963
17.75 0.42989682915123001 -4.97678137252
17.76 0.43002602441393972 -4.97625374548
17.77 0.43015519531226093 -4.97572615325
17.78 0.43028434187842468 -4.97519860059
17.79 0.43041346414462289 -4.97467109230
17.80 0.43054256214300907 -4.97414363320
17.81 0.43067163590569796 -4.97361622812
17.82 0.43080068546476602 -4.97308888195
17.83 0.43092971085225085 -4.97256159957
17.84 0.43105871210015223 -4.97203438592
17.85 0.43118768924043122 -4.97150724593
17.86 0.43131664230501093 -4.97098018458
17.87 0.43144557132577627 -4.97045320688
17.88 0.43157447633457408 -4.96992631784
17.89 0.43170335736321336 -4.96939952253
17.90 0.43183221444346498 -4.96887282600
17.91 0.43196104760706239 -4.96834623338
17.92 0.43208985688570090 -4.96781974977
17.93 0.43221864231103835 -4.96729338033
17.94 0.43234740391469512 -4.96676713024
17.95 0.43247614172825383 -4.96624100470
17.96 0.43260485578326002 -4.96571500893
17.97 0.43273354611122139 -4.96518914817
17.98 0.43286221274360898 -4.96466342769
17.99 0.43299085571185614 -4.96413785280
18.00 0.43311947504735931 -4.96361242881
18.01 0.43324807078147792 -4.96308716105
18.02 0.43337664294553435 -4.96256205489
18.03 0.43350519157081407 -4.96203711572
18.04 0.43363371668856587 -4.96151234894
18.05 0.43376221833000173 -4.96098775997
18.06 0.43389069652629686 -4.96046335428
18.07 0.43401915130859003 -4.95993913733
18.08 0.43414758270798343 -4.95941511461
18.09 0.43427599075554285 -4.95889129164
18.10 0.43440437548229766 -4.95836767394
18.11 0.43453273691924088 -4.95784426706
18.12 0.43466107509732949 -4.95732107659
18.13 0.43478939004748413 -4.95679810810
18.14 0.43491768180058954 -4.95627536721
18.15 0.43504595038749433 -4.95575285954
18.16 0.43517419583901135 -4.95523059073
18.17 0.43530241818591736 -4.95470856645
18.18 0.43543061745895345 -4.95418679237
18.19 0.43555879368882516 -4.95366527419
18.20 0.43568694690620202 -4.95314401761
18.21 0.43581507714171847 -4.95262302837
18.22 0.43594318442597307 -4.95210231220
18.23 0.43607126878952918 -4.95158187485
18.24 0.43619933026291463 -4.95106172210
18.25 0.43632736887662232 -4.95054185973
18.26 0.43645538466110945 -4.95002229353
18.27 0.43658337764679850 -4.94950302931
18.28 0.43671134786407667 -4.94898407289
18.29 0.43683929534329624 -4.94846543010
18.30 0.43696722011477462 -4.94794710678
18.31 0.43709512220879426 -4.94742910878
18.32 0.43722300165560291 -4.94691144198
18.33 0.43735085848541355 -4.94639411223
18.34 0.43747869272840467 -4.94587712542
18.35 0.43760650441471993 -4.94536048743
18.36 0.43773429357446864 -4.94484420417
18.37 0.43786206023772584 -4.94432828154
18.38 0.43798980443453184 -4.94381272545
18.39 0.43811752619489303 -4.94329754180
18.40 0.43824522554878126 -4.94278273654
18.41 0.43837290252613448 -4.94226831557
18.42 0.43850055715685643 -4.94175428484
18.43 0.43862818947081678 -4.94124065027
18.44 0.43875579949785137 -4.94072741781
18.45 0.43888338726776216 -4.94021459339
18.46 0.43901095281031716 -4.93970218296
18.47 0.43913849615525075 -4.93919019246
18.48 0.43926601733226361 -4.93867862784
18.49 0.43939351637102286 -4.93816749504
18.50 0.43952099330116196 -4.93765680000
18.51 0.43964844815228105 -4.93714654868
18.52 0.43977588095394654 -4.93663674700
18.53 0.43990329173569198 -4.93612740093
18.54 0.44003068052701727 -4.93561851639
18.55 0.44015804735738923 -4.93511009931
18.56 0.44028539225624158 -4.93460215564
18.57 0.44041271525297493 -4.93409469130
18.58 0.44054001637695683 -4.93358771221
18.59 0.44066729565752188 -4.93308122429
18.60 0.44079455312397198 -4.93257523345
18.61 0.44092178880557592 -4.93206974561
18.62 0.44104900273157011 -4.93156476665
18.63 0.44117619493115789 -4.93106030248
18.64 0.44130336543351034 -4.93055635897
18.65 0.44143051426776569 -4.93005294201
18.66 0.44155764146302989 -4.92955005746
18.67 0.44168474704837646 -4.92904771118
18.68 0.44181183105284627 -4.92854590902
18.69 0.44193889350544829 -4.92804465682
18.70 0.44206593443515912 -4.92754396041
18.71 0.44219295387092322 -4.92704382560
18.72 0.44231995184165274 -4.92654425820
18.73 0.44244692837622812 -4.92604526401
18.74 0.44257388350349747 -4.92554684880
18.75 0.44270081725227745 -4.92504901835
18.76 0.44282772965135242 -4.92455177842
18.77 0.44295462072947517 -4.92405513474
18.78 0.44308149051536683 -4.92355909304
18.79 0.44320833903771673 -4.92306365905
18.80 0.44333516632518272 -4.92256883845
18.81 0.44346197240639096 -4.92207463694
18.82 0.44358875730993641 -4.92158106019
18.83 0.44371552106438228 -4.92108811385
18.84 0.44384226369826085 -4.92059580355
18.85 0.44396898524007278 -4.92010413493
18.86 0.44409568571828745 -4.91961311359
18.87 0.44422236516134345 -4.91912274512
18.88 0.44434902359764805 -4.91863303509
18.89 0.44447566105557751 -4.91814398906
18.90 0.44460227756347698 -4.91765561257
18.91 0.44472887314966103 -4.91716791114
18.92 0.44485544784241304 -4.91668089026
18.93 0.44498200166998575 -4.91619455544
18.94 0.44510853466060130 -4.91570891213
18.95 0.44523504684245080 -4.91522396578
18.96 0.44536153824369512 -4.91473972182
18.97 0.44548800889246426 -4.91425618568
18.98 0.44561445881685818 -4.91377336273
18.99 0.44574088804494588 -4.91329125835
19.00 0.44586729660476643 -4.91280987790
19.01 0.44599368452432830 -4.91232922672
19.02 0.44612005183160980 -4.91184931013
19.03 0.44624639855455911 -4.91137013341
19.04 0.44637272472109418 -4.91089170185
19.05 0.44649903035910310 -4.91041402072
19.06 0.44662531549644363 -4.90993709524
19.07 0.44675158016094385 -4.90946093065
19.08 0.44687782438040174 -4.90898553215
19.09 0.44700404818258566 -4.90851090491
19.10 0.44713025159523395 -4.90803705410
19.11 0.44725643464605541 -4.90756398488
19.12 0.44738259736272923 -4.90709170235
19.13 0.44750873977290467 -4.90662021163
19.14 0.44763486190420188 -4.90614951781
19.15 0.44776096378421115 -4.90567962596
19.16 0.44788704544049368 -4.90521054112
19.17 0.44801310690058099 -4.90474226833
19.18 0.44813914819197548 -4.90427481259
19.19 0.44826516934215027 -4.90380817892
19.20 0.44839117037854909 -4.90334237227
19.21 0.44851715132858694 -4.90287739761
19.22 0.44864311221964920 -4.90241325988
19.23 0.44876905307909271 -4.90194996401
19.24 0.44889497393424510 -4.90148751489
19.25 0.44902087481240505 -4.90102591742
19.26 0.44914675574084262 -4.90056517646
19.27 0.44927261674679869 -4.90010529687
19.28 0.44939845785748567 -4.89964628349
19.29 0.44952427910008724 -4.89918814114
19.30 0.44965008050175848 -4.89873087462
19.31 0.44977586208962567 -4.89827448873
19.32 0.44990162389078697 -4.89781898823
19.33 0.45002736593231163 -4.89736437788
19.34 0.45015308824124084 -4.89691066243
19.35 0.45027879084458722 -4.89645784660
19.36 0.45040447376933507 -4.89600593512
19.37 0.45053013704244077 -4.89555493267
19.38 0.45065578069083206 -4.89510484395
19.39 0.45078140474140888 -4.89465567363
19.40 0.45090700922104293 -4.89420742637
19.41 0.45103259415657798 -4.89376010682
19.42 0.45115815957482974 -4.89331371961
19.43 0.45128370550258595 -4.89286826936
19.44 0.45140923196660665 -4.89242376069
19.45 0.45153473899362395 -4.89198019821
19.46 0.45166022661034239 -4.89153758649
19.47 0.45178569484343850 -4.89109593012
19.48 0.45191114371956143 -4.89065523368
19.49 0.45203657326533259 -4.89021550171
19.50 0.45216198350734593 -4.88977673878
19.51 0.45228737447216788 -4.88933894943
19.52 0.45241274618633737 -4.88890213819
19.53 0.45253809867636607 -4.88846630960
19.54 0.45266343196873826 -4.88803146816
19.55 0.45278874608991104 -4.88759761841
19.56 0.45291404106631400 -4.88716476485
19.57 0.45303931692434996 -4.88673291197
19.58 0.45316457369039426 -4.88630206429
19.59 0.45328981139079561 -4.88587222629
19.60 0.45341503005187517 -4.88544340247
19.61 0.45354022969992741 -4.88501559731
19.62 0.45366541036122010 -4.88458881529
19.63 0.45379057206199380 -4.88416306090
19.64 0.45391571482846244 -4.88373833861
19.65 0.45404083868681316 -4.88331465292
19.66 0.45416594366320651 -4.88289200828
19.67 0.45429102978377617 -4.88247040919
19.68 0.45441609707462938 -4.88204986012
19.69 0.45454114556184688 -4.88163036556
19.70 0.45466617527148268 -4.88121192998
19.71 0.45479118622956460 -4.88079455787
19.72 0.45491617846209392 -4.88037825371
19.73 0.45504115199504575 -4.87996302201
19.74 0.45516610685436865 -4.87954886725
19.75 0.45529104306598517 -4.87913579394
19.76 0.45541596065579143 -4.87872380659
19.77 0.45554085964965768 -4.87831290970
19.78 0.45566574007342792 -4.87790310781
19.79 0.45579060195292009 -4.87749440543
19.80 0.45591544531392630 -4.87708680712
19.81 0.45604027018221255 -4.87668031740
19.82 0.45616507658351896 -4.87627494085
19.83 0.45628986454355991 -4.87587068203
19.84 0.45641463408802407 -4.87546754552
19.85 0.45653938524257409 -4.87506553590
19.86 0.45666411803284707 -4.87466465780
19.87 0.45678883248445457 -4.87426491582
19.88 0.45691352862298235 -4.87386631460
19.89 0.45703820647399096 -4.87346885878
19.90 0.45716286606301498 -4.87307255304
19.91 0.45728750741556395 -4.87267740206
19.92 0.45741213055712188 -4.87228341053
19.93 0.45753673551314733 -4.87189058319
19.94 0.45766132230907369 -4.87149892476
19.95 0.45778589097030903 -4.87110844000
19.96 0.45791044152223620 -4.87071913371
19.97 0.45803497399021309 -4.87033101068
19.98 0.45815948839957221 -4.86994407574
19.99 0.45828398477562110 -4.86955833374
20.00 0.45840846314364242 -4.86917378957
20.01 0.45853292352889374 -4.86879044811
20.02 0.45865736595660761 -4.86840831432
20.03 0.45878179045199208 -4.86802739313
20.04 0.45890619704022984 -4.86764768955
20.05 0.45903058574647937 -4.86726920859
20.06 0.45915495659587402 -4.86689195530
20.07 0.45927930961352265 -4.86651593476
20.08 0.45940364482450946 -4.86614115209
20.09 0.45952796225389403 -4.86576761244
20.10 0.45965226192671138 -4.86539532099
20.11 0.45977654386797212 -4.86502428297
20.12 0.45990080810266237 -4.86465450364
20.13 0.46002505465574384 -4.86428598829
20.14 0.46014928355215401 -4.86391874227
20.15 0.46027349481680574 -4.86355277096
20.16 0.46039768847458806 -4.86318807978
20.17 0.46052186455036542 -4.86282467420
20.18 0.46064602306897834 -4.86246255974
20.19 0.46077016405524307 -4.86210174195
20.20 0.46089428753395190 -4.86174222644
20.21 0.46101839352987306 -4.86138401888
20.22 0.46114248206775066 -4.86102712496
20.23 0.46126655317230514 -4.86067155045
20.24 0.46139060686823286 -4.86031730116
20.25 0.46151464318020630 -4.85996438295
20.26 0.46163866213287436 -4.85961280176
20.27 0.46176266375086189 -4.85926256356
20.28 0.46188664805877022 -4.85891367440
20.29 0.46201061508117702 -4.85856614038
20.30 0.46213456484263626 -4.85821996765
20.31 0.46225849736767832 -4.85787516246
20.32 0.46238241268081021 -4.85753173109
20.33 0.46250631080651516 -4.85718967990
20.34 0.46263019176925335 -4.85684901533
20.35 0.46275405559346122 -4.85650974387
20.36 0.46287790230355197 -4.85617187211
20.37 0.46300173192391558 -4.85583540668
20.38 0.46312554447891857 -4.85550035432
20.39 0.46324933999290457 -4.85516672181
20.40 0.46337311849019369 -4.85483451606
20.41 0.46349687999508299 -4.85450374401
20.42 0.46362062453184660 -4.85417441271
20.43 0.46374435212473553 -4.85384652930
20.44 0.46386806279797760 -4.85352010100
20.45 0.46399175657577785 -4.85319513512
20.46 0.46411543348231854 -4.85287163907
20.47 0.46423909354175880 -4.85254962032
20.48 0.46436273677823503 -4.85222908650
20.49 0.46448636321586090 -4.85191004527
20.50 0.46460997287872730 -4.85159250444
20.51 0.46473356579090230 -4.85127647190
20.52 0.46485714197643141 -4.85096195565
20.53 0.46498070145933779 -4.85064896381
20.54 0.46510424426362151 -4.85033750459
20.55 0.46522777041326047 -4.85002758633
20.56 0.46535127993220998 -4.84971921747
20.57 0.46547477284440303 -4.84941240658
20.58 0.46559824917374998 -4.84910716236
20.59 0.46572170894413906 -4.84880349361
20.60 0.46584515217943595 -4.84850140927
20.61 0.46596857890348425 -4.84820091841
20.62 0.46609198914010530 -4.84790203023
20.63 0.46621538291309811 -4.84760475406
20.64 0.46633876024623983 -4.84730909938
20.65 0.46646212116328506 -4.84701507580
20.66 0.46658546568796683 -4.84672269307
20.67 0.46670879384399577 -4.84643196112
20.68 0.46683210565506073 -4.84614288998
20.69 0.46695540114482847 -4.84585548988
20.70 0.46707868033694405 -4.84556977117
20.71 0.46720194325503045 -4.84528574438
20.72 0.46732518992268907 -4.84500342022
20.73 0.46744842036349932 -4.84472280952
20.74 0.46757163460101892 -4.84444392334
20.75 0.46769483265878409 -4.84416677285
20.76 0.46781801456030914 -4.84389136946
20.77 0.46794118032908683 -4.84361772472
20.78 0.46806432998858849 -4.84334585038
20.79 0.46818746356226371 -4.84307575838
20.80 0.46831058107354084 -4.84280746085
20.81 0.46843368254582646 -4.84254097011
20.82 0.46855676800250606 -4.84227629869
20.83 0.46867983746694358 -4.84201345933
20.84 0.46880289096248168 -4.84175246497
20.85 0.46892592851244164 -4.84149332875
20.86 0.46904895014012360 -4.84123606405
20.87 0.46917195586880656 -4.84098068445
20.88 0.46929494572174807 -4.84072720377
20.89 0.46941791972218488 -4.84047563605
20.90 0.46954087789333243 -4.84022599557
20.91 0.46966382025838521 -4.83997829683
20.92 0.46978674684051663 -4.83973255458
20.93 0.46990965766287907 -4.83948878381
20.94 0.47003255274860423 -4.83924699978
20.95 0.47015543212080257 -4.83900721796
20.96 0.47027829580256408 -4.83876945411
20.97 0.47040114381695763 -4.83853372424
20.98 0.47052397618703146 -4.83830004462
20.99 0.47064679293581285 -4.83806843177
21.00 0.47076959408630886 -4.83783890252
21.01 0.47089237966150543 -4.83761147393
21.02 0.47101514968436786 -4.83738616336
21.03 0.47113790417784135 -4.83716298845
21.04 0.47126064316485006 -4.83694196709
21.05 0.47138336666829789 -4.83672311750
21.06 0.47150607471106820 -4.83650645815
21.07 0.47162876731602393 -4.83629200780
21.08 0.47175144450600764 -4.83607978553
21.09 0.47187410630384163 -4.83586981066
21.10 0.47199675273232761 -4.83566210285
21.11 0.47211938381424728 -4.83545668201
21.12 0.47224199957236207 -4.83525356836
21.13 0.47236460002941294 -4.83505278241
21.14 0.47248718520812111 -4.83485434495
21.15 0.47260975513118736 -4.83465827707
21.16 0.47273230982129244 -4.83446460011
21.17 0.47285484930109734 -4.83427333573
21.18 0.47297737359324249 -4.83408450584
21.19 0.47309988272034870 -4.83389813262
21.20 0.47322237670501677 -4.83371423853
21.21 0.47334485556982775 -4.83353284626
21.22 0.47346731933734254 -4.83335397879
21.23 0.47358976803010250 -4.83317765930
21.24 0.47371220167062889 -4.83300391120
21.25 0.47383462028142359 -4.83283275815
21.26 0.47395702388496830 -4.83266422398
21.27 0.47407941250372537 -4.83249833273
21.28 0.47420178616013764 -4.83233510859
21.29 0.47432414487662788 -4.83217457593
21.30 0.47444648867559963 -4.83201675924
21.31 0.47456881757943686 -4.83186168313
21.32 0.47469113161050402 -4.83170937231
21.33 0.47481343079114596 -4.83155985153
21.34 0.47493571514368838 -4.83141314561
21.35 0.47505798469043725 -4.83126927937
21.36 0.47518023945367943 -4.83112827762
21.37 0.47530247945568249 -4.83099016509
21.38 0.47542470471869452 -4.83085496647
21.39 0.47554691526494458 -4.83072270630
21.40 0.47566911111664228 -4.83059340895
21.41 0.47579129229597833 -4.83046709863
21.42 0.47591345882512415 -4.83034379928
21.43 0.47603561072623202 -4.83022353456
21.44 0.47615774802143523 -4.83010632780
21.45 0.47627987073284805 -4.82999220197
21.46 0.47640197888256569 -4.82988117960
21.47 0.47652407249266449 -4.82977328275
21.48 0.47664615158520179 -4.82966853298
21.49 0.47676821618221599 -4.82956695127
21.50 0.47689026630572684 -4.82946855797
21.51 0.47701230197773509 -4.82937337280
21.52 0.47713432322022270 -4.82928141473
21.53 0.47725633005515300 -4.82919270200
21.54 0.47737832250447043 -4.82910725204
21.55 0.47750030059010101 -4.82902508145
21.56 0.47762226433395183 -4.82894620592
21.57 0.47774421375791165 -4.82887064026
21.58 0.47786614888385043 -4.82879839833
21.59 0.47798806973361968 -4.82872949300
21.60 0.47810997632905239 -4.82866393618
21.61 0.47823186869196305 -4.82860173878
21.62 0.47835374684414783 -4.82854291070
21.63 0.47847561080738421 -4.82848746087
21.64 0.47859746060343183 -4.82843539722
21.65 0.47871929625403137 -4.82838672673
21.66 0.47884111778090560 -4.82834145548
21.67 0.47896292520575900 -4.82829958866
21.68 0.47908471855027762 -4.82826113069
21.69 0.47920649783612945 -4.82822608524
21.70 0.47932826308496429 -4.82819445538
21.71 0.47945001431841394 -4.82816624367
21.72 0.47957175155809179 -4.82814145232
21.73 0.47969347482559349 -4.82812008333
21.74 0.47981518414249635 -4.82810213870
21.75 0.47993687953036013 -4.82808762067
21.76 0.48005856101072614 -4.82807653201
21.77 0.48018022860511778 -4.82806887627
21.78 0.48030188233504117 -4.82806465826
21.79 0.48042352222198376 -4.82806388445
21.80 0.48054514828741574 -4.82806656356
21.81 0.48066676055278912 -4.82807270724
21.82 0.48078835903953848 -4.82808233094
21.83 0.48090994376908047 -4.82809545501
21.84 0.48103151476281408 -4.82811210610
21.85 0.48115307204212066 -4.82813231909
21.86 0.48127461562836377 -4.82815613962
21.87 0.48139614554288962 -4.82818362776
21.88 0.48151766180702654 -4.82821486337
21.89 0.48163916444208577 -4.82824995438
21.90 0.48176065346936059 -4.82828905054
21.91 0.48188212891012711 -4.82833236820
21.92 0.48200359078564381 -4.82838024140
21.93 0.48212503911715188 -4.82843325225
21.94 0.48224647392587511 -4.82849276666
21.95 0.48236789523301982 -4.82856212303
21.96 0.48248930305977533 -4.82864090827
21.97 0.48261069742731327 -4.82870134248
21.98 0.48273207835678850 -4.82882082148
21.99 0.48285344586933820 -4.82894246987
22.00 0.48297479998608267 -4.82896674433
22.01 0.48309614072812496 -4.82896185396
22.02 0.48321746811655081 -4.82917722651
22.03 0.48333878217242932 -4.82914540317
22.04 0.48346008291681214 -4.82898161479
22.05 0.48358137037073412 -4.82946865839
22.06 0.48370264455521289 -4.82946841589
22.07 0.48382390549124937 -4.82956994490
22.08 0.48394515319982745 -4.83044271725
22.09 0.48406638770191407 -4.82969551270
22.10 0.48418760901845936 -4.82954860779
22.11 0.48430881717039653 -4.83050544234
22.12 0.48443001217864218 -4.82785258923
22.13 0.48455119406409580 -4.82896969107
22.14 0.48467236284764054 -4.82980085375
22.15 0.48479351855014252 -4.83022079387
22.16 0.48491466119245141 -4.83048569441
22.17 0.48503579079540005 -4.83046483521
22.18 0.48515690737980477 -4.83084885107
22.19 0.48527801096646511 -4.82978196242
22.20 0.48539910157616445 -4.83141715147
22.21 0.48552017922966922 -4.83388081092
22.22 0.48564124394772962 -4.83015225521
22.23 0.48576229575107938 -4.83816822540
22.24 0.48588333466043548 -4.83831562355
22.25 0.48600436069649899 -4.83846270277
22.26 0.48612537387995419 -4.83860946344
22.27 0.48624637423146921 -4.83875590598
22.28 0.48636736177169587 -4.83890203079
22.29 0.48648833652126955 -4.83904783827
22.30 0.48660929850080958 -4.83919332883
22.31 0.48673024773091894 -4.83933850287
22.32 0.48685118423218443 -4.83948336080
22.33 0.48697210802517676 -4.83962790302
22.34 0.48709301913045044 -4.83977212994
22.35 0.48721391756854376 -4.83991604197
22.36 0.48733480335997914 -4.84005963951
22.37 0.48745567652526295 -4.84020292298
22.38 0.48757653708488530 -4.84034589278
22.39 0.48769738505932064 -4.84048854932
22.40 0.48781822046902723 -4.84063089301
22.41 0.48793904333444749 -4.84077292425
22.42 0.48805985367600796 -4.84091464346
22.43 0.48818065151411916 -4.84105605106
22.44 0.48830143686917604 -4.84119714744
22.45 0.48842220976155742 -4.84133793302
22.46 0.48854297021162668 -4.84147840820
22.47 0.48866371823973126 -4.84161857341
22.48 0.48878445386620284 -4.84175842906
22.49 0.48890517711135739 -4.84189797555
22.50 0.48902588799549546 -4.84203721329
22.51 0.48914658653890175 -4.84217614270
22.52 0.48926727276184523 -4.84231476420
22.53 0.48938794668457974 -4.84245307819
22.54 0.48950860832734311 -4.84259108508
22.55 0.48962925771035787 -4.84272878530
22.56 0.48974989485383097 -4.84286617925
22.57 0.48987051977795409 -4.84300326734
22.58 0.48999113250290316 -4.84314005000
22.59 0.49011173304883909 -4.84327652763
22.60 0.49023232143590700 -4.84341270064
22.61 0.49035289768423701 -4.84354856946
22.62 0.49047346181394375 -4.84368413449
22.63 0.49059401384512641 -4.84381939616
22.64 0.49071455379786932 -4.84395435487
22.65 0.49083508169224127 -4.84408901103
22.66 0.49095559754829587 -4.84422336507
22.67 0.49107610138607172 -4.84435741740
22.68 0.49119659322559195 -4.84449116843
22.69 0.49131707308686490 -4.84462461858
22.70 0.49143754098988363 -4.84475776825
22.71 0.49155799695462621 -4.84489061788
22.72 0.49167844100105557 -4.84502316787
22.73 0.49179887314911991 -4.84515541863
22.74 0.49191929341875201 -4.84528737058
22.75 0.49203970182987000 -4.84541902414
22.76 0.49216009840237707 -4.84555037972
22.77 0.49228048315616119 -4.84568143774
22.78 0.49240085611109607 -4.84581219861
22.79 0.49252121728704001 -4.84594266274
22.80 0.49264156670383669 -4.84607283055
22.81 0.49276190438131501 -4.84620270246
22.82 0.49288223033928913 -4.84633227888
22.83 0.49300254459755849 -4.84646156023
22.84 0.49312284717590771 -4.84659054691
22.85 0.49324313809410680 -4.84671923935
22.86 0.49336341737191108 -4.84684763796
22.87 0.49348368502906137 -4.84697574315
22.88 0.49360394108528372 -4.84710355534
22.89 0.49372418556028969 -4.84723107494
22.90 0.49384441847377619 -4.84735830237
22.91 0.49396463984542582 -4.84748523804
22.92 0.49408484969490662 -4.84761188237
22.93 0.49420504804187199 -4.84773823576
22.94 0.49432523490596092 -4.84786429865
22.95 0.49444541030679834 -4.84799007142
22.96 0.49456557426399439 -4.84811555451
22.97 0.49468572679714501 -4.84824074833
22.98 0.49480586792583181 -4.84836565329
22.99 0.49492599766962198 -4.84849026979
23.00 0.49504611604806875 -4.84861459827
23.01 0.49516622308071068 -4.84873863912
23.02 0.49528631878707235 -4.84886239277
23.03 0.49540640318666412 -4.84898585962
23.04 0.49552647629898205 -4.84910904009
23.05 0.49564653814350829 -4.84923193459
23.06 0.49576658873971052 -4.84935454353
23.07 0.49588662810704282 -4.84947686733
23.08 0.49600665626494467 -4.84959890640
23.09 0.49612667323284187 -4.84972066115
23.10 0.49624667903014597 -4.84984213200
23.11 0.49636667367625475 -4.84996331935
23.12 0.49648665719055191 -4.85008422361
23.13 0.49660662959240703 -4.85020484520
23.14 0.49672659090117621 -4.85032518453
23.15 0.49684654113620130 -4.85044524201
23.16 0.49696648031681040 -4.85056501806
23.17 0.49708640846231777 -4.85068451307
23.18 0.49720632559202377 -4.85080372747
23.19 0.49732623172521523 -4.85092266166
23.20 0.49744612688116491 -4.85104131606
23.21 0.49756601107913218 -4.85115969107
23.22 0.49768588433836231 -4.85127778710
23.23 0.49780574667808719 -4.85139560457
23.24 0.49792559811752485 -4.85151314387
23.25 0.49804543867587991 -4.85163040544
23.26 0.49816526837234321 -4.85174738966
23.27 0.49828508722609188 -4.85186409695
23.28 0.49840489525628989 -4.85198052772
23.29 0.49852469248208742 -4.85209668238
23.30 0.49864447892262104 -4.85221256134
23.31 0.49876425459701407 -4.85232816500
23.32 0.49888401952437628 -4.85244349377
23.33 0.49900377372380395 -4.85255854806
23.34 0.49912351721438014 -4.85267332828
23.35 0.49924325001517428 -4.85278783484
23.36 0.49936297214524256 -4.85290206813
23.37 0.49948268362362791 -4.85301602858
23.38 0.49960238446935978 -4.85312971658
23.39 0.49972207470145458 -4.85324313254
23.40 0.49984175433891520 -4.85335627687
23.41 0.49996142340073141 -4.85346914997
23.42 0.50008108190587996 -4.85358175225
23.43 0.50020072987332409 -4.85369408411
23.44 0.50032036732201390 -4.85380614597
23.45 0.50043999427088670 -4.85391793822
23.46 0.50055961073886635 -4.85402946128
23.47 0.50067921674486393 -4.85414071553
23.48 0.50079881230777701 -4.85425170140
23.49 0.50091839744649047 -4.85436241928
23.50 0.50103797217987622 -4.85447286958
23.51 0.50115753652679296 -4.85458305270
23.52 0.50127709050608649 -4.85469296904
23.53 0.50139663413658975 -4.85480261901
23.54 0.50151616743712257 -4.85491200302
23.55 0.50163569042649214 -4.85502112145
23.56 0.50175520312349264 -4.85512997473
23.57 0.50187470554690550 -4.85523856324
23.58 0.50199419771549925 -4.85534688739
23.59 0.50211367964802955 -4.85545494759
23.60 0.50223315136323943 -4.85556274423
23.61 0.50235261287985911 -4.85567027771
23.62 0.50247206421660606 -4.85577754844
23.63 0.50259150539218500 -4.85588455682
23.64 0.50271093642528819 -4.85599130325
23.65 0.50283035733459502 -4.85609778813
23.66 0.50294976813877235 -4.85620401186
23.67 0.50306916885647435 -4.85630997483
23.68 0.50318855950634278 -4.85641567746
23.69 0.50330794010700641 -4.85652112013
23.70 0.50342731067708213 -4.85662630325
23.71 0.50354667123517383 -4.85673122722
23.72 0.50366602179987308 -4.85683589243
23.73 0.50378536238975880 -4.85694029929
23.74 0.50390469302339780 -4.85704444819
23.75 0.50402401371934424 -4.85714833954
23.76 0.50414332449613986 -4.85725197372
23.77 0.50426262537231414 -4.85735535114
23.78 0.50438191636638419 -4.85745847219
23.79 0.50450119749685474 -4.85756133727
23.80 0.50462046878221822 -4.85766394678
23.81 0.50473973024095475 -4.85776630112
23.82 0.50485898189153233 -4.85786840068
23.83 0.50497822375240653 -4.85797024585
23.84 0.50509745584202104 -4.85807183705
23.85 0.50521667817880678 -4.85817317465
23.86 0.50533589078118313 -4.85827425905
23.87 0.50545509366755703 -4.85837509066
23.88 0.50557428685632311 -4.85847566987
23.89 0.50569347036586432 -4.85857599706
23.90 0.50581264421455108 -4.85867607264
23.91 0.50593180842074237 -4.85877589701
23.92 0.50605096300278440 -4.85887547055
23.93 0.50617010797901185 -4.85897479365
23.94 0.50628924336774739 -4.85907386673
23.95 0.50640836918730148 -4.85917269015
23.96 0.50652748545597293 -4.85927126433
23.97 0.50664659219204833 -4.85936958966
23.98 0.50676568941380284 -4.85946766652
23.99 0.50688477713949898 -4.85956549531
24.00 0.50700385538738835 -4.85966307642
24.01 0.50712292417571003 -4.85976041025
24.02 0.50724198352269134 -4.85985749719
24.03 0.50736103344654826 -4.85995433763
24.04 0.50748007396548467 -4.86005093196
24.05 0.50759910509769279 -4.86014728057
24.06 0.50771812686135298 -4.86024338386
24.07 0.50783713927463403 -4.86033924221
24.08 0.50795614235569320 -4.86043485602
24.09 0.50807513612267585 -4.86053022569
24.10 0.50819412059371571 -4.86062535159
24.11 0.50831309578693518 -4.86072023412
24.12 0.50843206172044486 -4.86081487367
24.13 0.50855101841234363 -4.86090927063
24.14 0.50866996588071922 -4.86100342539
24.15 0.50878890414364741 -4.86109733835
24.16 0.50890783321919286 -4.86119100988
24.17 0.50902675312540846 -4.86128444039
24.18 0.50914566388033600 -4.86137763025
24.19 0.50926456550200538 -4.86147057986
24.20 0.50938345800843532 -4.86156328962
24.21 0.50950234141763318 -4.86165575990
24.22 0.50962121574759489 -4.86174799109
24.23 0.50974008101630508 -4.86183998359
24.24 0.50985893724173703 -4.86193173778
24.25 0.50997778444185260 -4.86202325406
24.26 0.51009662263460254 -4.86211453280
24.27 0.51021545183792616 -4.86220557440
24.28 0.51033427206975168 -4.86229637925
24.29 0.51045308334799622 -4.86238694773
24.30 0.51057188569056522 -4.86247728023
24.31 0.51069067911535326 -4.86256737714
24.32 0.51080946364024393 -4.86265723884
24.33 0.51092823928310949 -4.86274686573
24.34 0.51104700606181097 -4.86283625819
24.35 0.51116576399419855 -4.86292541661
24.36 0.51128451309811096 -4.86301434137
24.37 0.51140325339137638 -4.86310303287
24.38 0.51152198489181155 -4.86319149148
24.39 0.51164070761722258 -4.86327971760
24.40 0.51175942158540400 -4.86336771160
24.41 0.51187812681414002 -4.86345547389
24.42 0.51199682332120355 -4.86354300484
24.43 0.51211551112435660 -4.86363030484
24.44 0.51223419024135020 -4.86371737428
24.45 0.51235286068992469 -4.86380421353
24.46 0.51247152248780958 -4.86389082300
24.47 0.51259017565272325 -4.86397720306
24.48 0.51270882020237341 -4.86406335411
24.49 0.51282745615445702 -4.86414927652
24.50 0.51294608352666027 -4.86423497068
24.51 0.51306470233665846 -4.86432043698
24.52 0.51318331260211614 -4.86440567580
24.53 0.51330191434068728 -4.86449068753
24.54 0.51342050757001501 -4.86457547256
24.55 0.51353909230773198 -4.86466003126
24.56 0.51365766857145989 -4.86474436404
24.57 0.51377623637881009 -4.86482847126
24.58 0.51389479574738295 -4.86491235332
24.59 0.51401334669476872 -4.86499601060
24.60 0.51413188923854658 -4.86507944349
24.61 0.51425042339628546 -4.86516265237
24.62 0.51436894918554377 -4.86524563763
24.63 0.51448746662386924 -4.86532839965
24.64 0.51460597572879907 -4.86541093882
24.65 0.51472447651786013 -4.86549325552
24.66 0.51484296900856885 -4.86557535015
24.67 0.51496145321843101 -4.86565722308
24.68 0.51507992916494205 -4.86573887470
24.69 0.51519839686558722 -4.86582030539
24.70 0.51531685633784119 -4.86590151555
24.71 0.51543530759916822 -4.86598250555
24.72 0.51555375066702247 -4.86606327578
24.73 0.51567218555884742 -4.86614382664
24.74 0.51579061229207657 -4.86622415849
24.75 0.51590903088413309 -4.86630427174
24.76 0.51602744135242973 -4.86638416676
24.77 0.51614584371436911 -4.86646384394
24.78 0.51626423798734355 -4.86654330367
24.79 0.51638262418873537 -4.86662254633
24.80 0.51650100233591645 -4.86670157231
24.81 0.51661937244624856 -4.86678038199
24.82 0.51673773453708360 -4.86685897577
24.83 0.51685608862576293 -4.86693735402
24.84 0.51697443472961813 -4.86701551714
24.85 0.51709277286597055 -4.86709346551
24.86 0.51721110305213147 -4.86717119952
24.87 0.51732942530540216 -4.86724871955
24.88 0.51744773964307378 -4.86732602599
24.89 0.51756604608242773 -4.86740311923
24.90 0.51768434464073498 -4.86747999966
24.91 0.51780263533525694 -4.86755666766
24.92 0.51792091818324504 -4.86763312362
24.93 0.51803919320194047 -4.86770936793
24.94 0.51815746040857480 -4.86778540098
24.95 0.51827571982036957 -4.86786122316
24.96 0.51839397145453647 -4.86793683484
24.97 0.51851221532827740 -4.86801223643
24.98 0.51863045145878439 -4.86808742831
24.99 0.51874867986323947 -4.86816241087
25.00 0.51886690055881535 -4.86823718450
25.01 0.51898511356267429 -4.86831174959
25.02 0.51910331889196937 -4.86838610652
25.03 0.51922151656384363 -4.86846025570
25.04 0.51933970659543049 -4.86853419750
25.05 0.51945788900385370 -4.86860793232
25.06 0.51957606380622712 -4.86868146055
25.07 0.51969423101965517 -4.86875478258
25.08 0.51981239066123264 -4.86882789880
25.09 0.51993054274804451 -4.86890080960
25.10 0.52004868729716613 -4.86897351538
25.11 0.52016682432566352 -4.86904601653
25.12 0.52028495385059303 -4.86911831344
25.13 0.52040307588900114 -4.86919040650
25.14 0.52052119045792533 -4.86926229610
25.15 0.52063929757439309 -4.86933398265
25.16 0.52075739725542280 -4.86940546652
25.17 0.52087548951802287 -4.86947674813
25.18 0.52099357437919291 -4.86954782785
25.19 0.52111165185592245 -4.86961870609
25.20 0.52122972196519191 -4.86968938325
25.21 0.52134778472397236 -4.86975985971
25.22 0.52146584014922537 -4.86983013588
25.23 0.52158388825790325 -4.86990021214
25.24 0.52170192906694857 -4.86997008891
25.25 0.52181996259329522 -4.87003976657
25.26 0.52193798885386711 -4.87010924552
25.27 0.52205600786557926 -4.87017852616
25.28 0.52217401964533749 -4.87024760890
25.29 0.52229202421003806 -4.87031649412
25.30 0.52241002157656802 -4.87038518223
25.31 0.52252801176180541 -4.87045367363
25.32 0.52264599478261886 -4.87052196872
25.33 0.52276397065586799 -4.87059006791
25.34 0.52288193939840311 -4.87065797158
25.35 0.52299990102706539 -4.87072568016
25.36 0.52311785555868695 -4.87079319403
25.37 0.52323580301009076 -4.87086051360
25.38 0.52335374339809049 -4.87092763928
25.39 0.52347167673949124 -4.87099457147
25.40 0.52358960305108848 -4.87106131058
25.41 0.52370752234966900 -4.87112785701
25.42 0.52382543465201048 -4.87119421117
25.43 0.52394333997488129 -4.87126037347
25.44 0.52406123833504137 -4.87132634431
25.45 0.52417912974924130 -4.87139212410
25.46 0.52429701423422270 -4.87145771325
25.47 0.52441489180671852 -4.87152311218
25.48 0.52453276248345249 -4.87158832129
25.49 0.52465062628113945 -4.87165334099
25.50 0.52476848321648584 -4.87171817170
25.51 0.52488633330618861 -4.87178281382
25.52 0.52500417656693610 -4.87184726778
25.53 0.52512201301540784 -4.87191153399
25.54 0.52523984266827473 -4.87197561285
25.55 0.52535766554219843 -4.87203950480
25.56 0.52547548165383207 -4.87210321024
25.57 0.52559329101982022 -4.87216672959
25.58 0.52571109365679836 -4.87223006327
25.59 0.52582888958139340 -4.87229321169
25.60 0.52594667881022350 -4.87235617529
25.61 0.52606446135989826 -4.87241895448
25.62 0.52618223724701840 -4.87248154968
25.63 0.52630000648817599 -4.87254396132
25.64 0.52641776909995486 -4.87260618982
25.65 0.52653552509892954 -4.87266823560
25.66 0.52665327450166644 -4.87273009909
25.67 0.52677101732472331 -4.87279178071
25.68 0.52688875358464926 -4.87285328090
