5 0.22474786951272291 -4.53523316836
5.25 0.23032811073355966 -4.60821787032
5.50 0.23578063841929153 -4.67411414336
5.75 0.24111432303437602 -4.73369790412
6.00 0.24633708657984518 -4.78762692308
6.25 0.25145603955751983 -4.83646316801
6.50 0.25647759350390792 -4.88069025961
6.75 0.26140755421862366 -4.92072724051
7.00 0.26625119958804888 -4.95693953226
7.25 0.27101334500631991 -4.98964772549
7.50 0.27569839872782342 -5.01913468497
7.75 0.28031040898329512 -5.04565133257
8.00 0.28485310431016619 -5.06942138505
8.25 0.28932992825516618 -5.09064525950
8.50 0.29374406938062309 -5.10950331127
8.75 0.29809848732900202 -5.12615853360
9.00 0.30239593556098865 -5.14075882005
9.25 0.30663898127202549 -5.15343887060
9.50 0.31083002290405076 -5.16432180519
9.75 0.31497130559833353 -5.17352053632
10.00 0.31906493487798943 -5.18113894211
10.25 0.32311288880213562 -5.18727287345
10.50 0.32711702879550453 -5.19201102258
10.75 0.33107910932596624 -5.19543567560
11.00 0.33500078657648524 -5.19762336718
11.25 0.33888362623650670 -5.19864545293
11.50 0.34272911051981081 -5.19856861185
11.75 0.34653864450082428 -5.19745528957
12.00 0.35031356184872481 -5.19536409135
12.25 0.35405513002798283 -5.19235013212
12.50 0.35776455502492738 -5.18846535030
12.75 0.36144298565221100 -5.18375879086
13.00 0.36509151747647400 -5.17827686259
13.25 0.36871119640886968 -5.17206357410
13.50 0.37230302199327187 -5.16516075265
13.75 0.37586795042281695 -5.15760824997
14.00 0.37940689731182314 -5.14944413911
14.25 0.38292074024700901 -5.14070490669
14.50 0.38641032113921558 -5.13142564572
14.75 0.38987644839447261 -5.12164025478
15.00 0.39331989892118169 -5.11138165098
15.25 0.39674141998838264 -5.10068200642
15.50 0.40014173094847860 -5.08957302060
15.75 0.40352152483640419 -5.07808624606
16.00 0.40688146985598445 -5.06625349013
16.25 0.41022221076315113 -5.05410732391
16.50 0.41354437015471773 -5.04168173916
16.75 0.41684854967056112 -5.02901300326
17.00 0.42013533111630319 -5.01614076629
17.25 0.42340527751290741 -5.00310945952
17.50 0.42665893407900496 -4.98996996305
17.75 0.42989682915123001 -4.97678137252
18.00 0.43311947504735931 -4.96361242881
18.25 0.43632736887662232 -4.95054185973
18.50 0.43952099330116196 -4.93765680000
18.75 0.44270081725227745 -4.92504901835
19.00 0.44586729660476643 -4.91280987790
19.25 0.44902087481240505 -4.90102591742
19.50 0.45216198350734593 -4.88977673878
19.75 0.45529104306598517 -4.87913579394
20.00 0.45840846314364242 -4.86917378957
20.25 0.46151464318020630 -4.85996438295
20.50 0.46460997287872730 -4.85159250444
20.75 0.46769483265878409 -4.84416677285
21.00 0.47076959408630886 -4.83783890252
21.25 0.47383462028142359 -4.83283275815
21.50 0.47689026630572684 -4.82946855797
21.75 0.47993687953036013 -4.82808762067
22.00 0.48297479998608267 -4.82913692162
22.25 0.48600436069649899 -4.83201072600
22.50 0.48902588799549546 -4.84203721329
22.75 0.49203970182987000 -4.84541902414
23.00 0.49504611604806875 -4.84861459827
23.25 0.49804543867587991 -4.85163040544
23.50 0.50103797217987622 -4.85447286958
23.75 0.50402401371934424 -4.85714833954
24.00 0.50700385538738835 -4.85966307642
24.25 0.50997778444185260 -4.86202325406
24.50 0.51294608352666027 -4.86423497068
24.75 0.51590903088413309 -4.86630427174
25.00 0.51886690055881535 -4.86823718450
25.25 0.52181996259329522 -4.87003976657
25.50 0.52476848321648584 -4.87171817170
25.75 0.52771272502479782 -4.87327873817
26.00 0.53065294715660993 -4.87472810741
26.25 0.53358940546042311 -4.87607338434
26.50 0.53652235265705239 -4.87732235583
26.75 0.53945203849620049 -4.87848379133
27.00 0.54237870990772830 -4.87956785977
27.25 0.54530261114792489 -4.88058671009
27.50 0.54822398394106098 -4.88155527587
27.75 0.55114306761649301 -4.88249236507
28.00 0.55406009924157285 -4.88342203987
28.25 0.55697531375060216 -4.88437504686
28.50 0.55988894407005929 -4.88538930054
28.75 0.56280122124031395 -4.88650678324
29.00 0.56571237453403433 -4.88776319209
29.25 0.56862263157148163 -4.88917282687
29.50 0.57153221843287527 -4.89072329535
29.75 0.57444135976800692 -4.89238676235
30.00 0.57735027890326807 -4.89413390461
30.25 0.58025919794625369 -4.89594038633
30.50 0.58316833788809341 -4.89778766553
30.75 0.58607791870365555 -4.89966188186
31.00 0.58898815944976501 -4.90155256389
31.25 0.59189927836156764 -4.90345161414
31.50 0.59481149294717062 -4.90535259641
31.75 0.59772502008068074 -4.90725025368
32.00 0.60064007609376124 -4.90914018506
32.25 0.60355687686581816 -4.91101862841
32.50 0.60647563791293169 -4.91288231270
32.75 0.60939657447563289 -4.91472835615
33.00 0.61231990160563299 -4.91655419484
33.25 0.61524583425160395 -4.91835753151
33.50 0.61817458734410646 -4.92013629809
33.75 0.62110637587975959 -4.92188862735
34.00 0.62404141500474464 -4.92361283101
34.25 0.62697992009773107 -4.92530738214
34.50 0.62992210685231265 -4.92697090066
34.75 0.63286819135903882 -4.92860214105
35.00 0.63581839018712483 -4.93019998156
35.25 0.63877292046592293 -4.93176341469
35.50 0.64173199996623487 -4.93329153848
35.75 0.64469584718154593 -4.93478354856
36.00 0.64766468140925815 -4.93623873074
36.25 0.65063872283200119 -4.93765645410
36.50 0.65361819259909770 -4.93903616447
36.75 0.65660331290825846 -4.94037737837
37.00 0.65959430708758449 -4.94167967718
37.25 0.66259139967795155 -4.94294270173
37.50 0.66559481651585173 -4.94416614717
37.75 0.66860478481676788 -4.94534975808
38.00 0.67162153325915808 -4.94649332394
38.25 0.67464529206912238 -4.94759667480
38.50 0.67767629310583211 -4.94865967723
38.75 0.68071476994779589 -4.94968223051
39.00 0.68376095798003989 -4.95066426306
39.25 0.68681509448228206 -4.95160572910
39.50 0.68987741871817743 -4.95250660550
39.75 0.69294817202571524 -4.95336688884
40.00 0.69602759790885060 -4.95418659271
40.25 0.69911594213045092 -4.95496574510
40.50 0.70221345280664171 -4.95570438609
40.75 0.70532038050263912 -4.95640256564
41.00 0.70843697833015451 -4.95706034150
41.25 0.71156350204645979 -4.95767777738
41.50 0.71470021015520846 -4.95825494116
41.75 0.71784736400909988 -4.95879190335
42.00 0.72100522791448773 -4.95928873554
42.25 0.72417406923802852 -4.95974550914
42.50 0.72735415851547003 -4.96016229410
42.75 0.73054576956268569 -4.96053915784
43.00 0.73374917958905994 -4.96087616425
43.25 0.73696466931333482 -4.96117337279
43.50 0.74019252308203054 -4.96143083772
43.75 0.74343302899055930 -4.96164860742
44.00 0.74668647900714824 -4.96182672380
44.25 0.74995316909970178 -4.96196522181
44.50 0.75323339936572720 -4.96206412905
44.75 0.75652747416546084 -4.96212346546
45.00 0.75983570225832975 -4.96214324306
45.25 0.76315839694289456 -4.96212346590
45.50 0.76649587620041937 -4.96206412995
45.75 0.76984846284222430 -4.96196522315
46.00 0.77321648466098036 -4.96182672558
46.25 0.77660027458611014 -4.96164860965
46.50 0.78000017084346973 -4.96143084040
46.75 0.78341651711948912 -4.96117337591
47.00 0.78684966272995749 -4.96087616782
47.25 0.79029996279364645 -4.96053916186
47.50 0.79376777841097601 -4.96016229856
47.75 0.79725347684792980 -4.95974551403
48.00 0.80075743172543956 -4.95928874088
48.25 0.80428002321446923 -4.95879190912
48.50 0.80782163823703412 -4.95825494738
48.75 0.81138267067340353 -4.95767778403
49.00 0.81496352157574936 -4.95706034859
49.25 0.81856459938850701 -4.95640257316
49.50 0.82218632017573356 -4.95570439404
49.75 0.82582910785575958 -4.95496575348
50.00 0.82949339444344139 -4.95418660151
50.25 0.83317962030033754 -4.95336689808
50.50 0.83688823439314863 -4.95250661516
50.75 0.84061969456077290 -4.95160573918
51.00 0.84437446779034697 -4.95066427355
51.25 0.84815303050266300 -4.94968224141
51.50 0.85195586884736429 -4.94865968854
51.75 0.85578347900834917 -4.94759668652
52.00 0.85963636751982619 -4.94649333606
52.25 0.86351505159349251 -4.94534977060
52.50 0.86742005945732381 -4.94416616008
52.75 0.87135193070649397 -4.94294271503
53.00 0.87531121666696521 -4.94167969086
53.25 0.87929848077231665 -4.94037739244
53.50 0.88331429895441260 -4.93903617891
53.75 0.88735926004853483 -4.93765646891
54.00 0.89143396621364279 -4.93623874591
54.25 0.89553903336845653 -4.93478356409
54.50 0.89967509164409376 -4.93329155435
54.75 0.90384278585403033 -4.93176343090
55.00 0.90804277598219907 -4.93019999811
55.25 0.91227573769007742 -4.92860215792
55.50 0.91654236284366797 -4.92697091786
55.75 0.92084336006132139 -4.92530739964
56.00 0.92517945528340284 -4.92361284881
56.25 0.92955139236486140 -4.92188864544
56.50 0.93395993369181618 -4.92013631646
56.75 0.93840586082334254 -4.91835755015
57.00 0.94288997515969897 -4.91655421373
57.25 0.94741309863831702 -4.91472837529
57.50 0.95197607445894206 -4.91288233208
57.75 0.95657976783940157 -4.91101864801
58.00 0.96122506680355879 -4.90914020487
58.25 0.96591288300310196 -4.90725027369
58.50 0.97064415257492132 -4.90535261661
58.75 0.97541983703592194 -4.90345163451
59.00 0.98024092421724396 -4.90155258442
59.25 0.98510842923997155 -4.89966190255
59.50 0.99002339553454166 -4.89778768636
59.75 0.99498689590620693 -4.89594040729
60.00 1.0000000336490449 -4.89413392570
60.25 1.0050639437111659 -4.89238678356
60.50 1.0101797939139427 -4.89072331668
60.75 1.0153487862282633 -4.88917284833
61.00 1.0205721581109972 -4.88776321369
61.25 1.0258511839050852 -4.88650680502
61.50 1.0311871763068714 -4.88538932253
61.75 1.0365814879045478 -4.88437506907
62.00 1.0420355127918348 -4.88342206232
62.25 1.0475506882612993 -4.88249238777
62.50 1.0531284965820111 -4.88155529881
62.75 1.0587704668665670 -4.88058673329
63.00 1.0644781770328475 -4.87956788323
63.25 1.0702532558662603 -4.87848381507
63.50 1.0760973851886237 -4.87732237985
63.75 1.0820123021402799 -4.87607340866
64.00 1.0879998015825072 -4.87472813203
64.25 1.0940617386278098 -4.87327876311
64.50 1.1002000313062268 -4.87171819697
64.75 1.1064166633763877 -4.87003979218
65.00 1.1127136872907215 -4.86823721047
65.25 1.1190932273249123 -4.86630429808
65.50 1.1255574828824770 -4.86423499740
65.75 1.1321087319861824 -4.86202328118
66.00 1.1387493349689228 -4.85966310396
66.25 1.1454817383776770 -4.85714836751
66.50 1.1523084791052536 -4.85447289800
66.75 1.1592321887657087 -4.85163043433
67.00 1.1662555983306084 -4.84861462764
67.25 1.1733815430447392 -4.84541905402
67.50 1.1806129676413906 -4.84203724370
67.75 1.1879529318790409 -4.83846273371
68.00 1.1954046164231349 -4.83468915633
68.25 1.2029713290986654 -4.83071038642
68.50 1.2106565115415191 -4.82652079483
68.75 1.2184637462790018 -4.82211571300
69.00 1.2263967642726714 -4.81749238253
69.25 1.2344594529595776 -4.81265229976
69.50 1.2426558648313226 -4.80760993040
69.75 1.2509902265939778 -4.80244885812
70.00 1.2594669489559134 -4.79770316633
70.25 1.2680906370950717 -4.79029972099
70.50 1.2768661018621295 -4.78524506401
70.75 1.2857983717814927 -4.77917867676
71.00 1.2948927059181552 -4.77126410882
71.25 1.3041546076852373 -4.76459827782
71.50 1.3135898396745678 -4.75340738498
71.75 1.3232044396011293 -4.75262264422
72.00 1.3330047374615932 -4.73300808285
72.25 1.3429973740177321 -4.73273865663
72.50 1.3531893207273342 -4.72532863200
72.75 1.3635879012585173 -5.00310954690
73.00 1.3742008147382716 -5.01614085487
73.25 1.3850361609029067 -5.02901309303
73.50 1.3961024673370386 -5.04168183014
73.75 1.4074087190092159 -5.05410741612
74.00 1.4189643903365978 -5.06625358361
74.25 1.4307794800386300 -5.07808634085
74.50 1.4428645490710084 -5.08957311676
74.75 1.4552307619668963 -5.10068210401
75.00 1.4678899319530556 -5.11138175010
75.25 1.4808545702551064 -5.12164035551
75.50 1.4941379400594756 -5.13142574817
75.75 1.5077541156608558 -5.14070501097
76.00 1.5217180473945009 -5.14944424536
76.25 1.5360456330340897 -5.15760835834
76.50 1.5507537964299845 -5.16516086330
76.75 1.5658605742718710 -5.17206368721
77.00 1.5813852119866876 -5.17827697837
77.25 1.5973482699307082 -5.18375890953
77.50 1.6137717412076256 -5.18846547211
77.75 1.6306791826473761 -5.19235025735
78.00 1.6480958607190197 -5.19536422030
78.25 1.6660489144325314 -5.19745542258
78.50 1.6845675376176648 -5.19856874928
78.75 1.7036831833639368 -5.19864559522
79.00 1.7234297938777567 -5.19762351477
79.25 1.7438440595774944 -5.19543582900
79.50 1.7649657119256603 -5.19201118235
79.75 1.7868378553155890 -5.18727304022
80.00 1.8095073443210954 -5.18113911657
80.25 1.8330252138232914 -5.17352071925
80.50 1.8574471710024862 -5.16432199745
80.75 1.8828341599932619 -5.15343907315
81.00 1.9092530122354845 -5.14075903395
81.25 1.9367771983277440 -5.12615876006
81.50 1.9654877006520655 -5.10950355164
81.75 1.9954740303864316 -5.09064551527
82.00 2.0268354180156947 -5.06942165793
82.25 2.0596822134404817 -5.04565162448
82.50 2.0941375407372735 -5.01913499808
82.75 2.1303392641794385 -4.98964806224
83.00 2.1684423371644423 -4.95693989544
83.25 2.2086216254199424 -4.92072763332
83.50 2.2510753219802888 -4.88069068568
83.75 2.2960291063410230 -4.83646363154
84.00 2.3437412473608381 -4.78762742891
84.25 2.3945089138952178 -4.73369845787
84.50 2.4486760461856742 -4.67411475156
84.75 2.5066432657105051 -4.60821854067
