5.0 0.22474786951272291 -4.18461324507
6.0 0.24633708657984518 -4.73356874804
7.0 0.26625119958804888 -5.12235461541
8.0 0.28485310431016619 -5.40361725628
9.0 0.30239593556098865 -5.60815019283
10.0 0.31906493487798943 -5.75539659253
11.0 0.33500078657648524 -5.85839371339
12.0 0.35031356184872481 -5.92630696470
13.0 0.36509151747647400 -5.96582507008
14.0 0.37940689731182314 -5.98197827496
15.0 0.39331989892118169 -5.97864613147
16.0 0.40688146985598445 -5.95888940603
17.0 0.42013533111630319 -5.92517845737
18.0 0.43311947504735931 -5.87956015894
19.0 0.44586729660476643 -5.82379113650
20.0 0.45840846314364242 -5.75946051874
21.0 0.47076959408630886 -5.68812999933
22.0 0.48297479998608267 -5.61153828428
23.0 0.49504611604806875 -5.53196639495
24.0 0.50700385538738835 -5.45296133444
25.0 0.51886690055881535 -5.38065925695
26.0 0.53065294715660993 -5.32473974818
27.0 0.54237870990772830 -5.29277849133
28.0 0.55406009924157285 -5.27894960572
29.0 0.56571237453403433 -5.27212534989
30.0 0.57735027890326807 -5.26615211086
31.0 0.58898815944976501 -5.25850242208
32.0 0.60064007609376124 -5.24819227267
33.0 0.61231990160563299 -5.23490409852
34.0 0.62404141500474464 -5.21865535254
35.0 0.63581839018712483 -5.19968910886
36.0 0.64766468140925815 -5.17848999533
37.0 0.65959430708758449 -5.15595124841
38.0 0.67162153325915808 -5.13396428832
39.0 0.68376095798003989 -5.12767361066
40.0 0.69602759790885060 -5.14853241272
41.0 0.70843697833015451 -5.16727803118
42.0 0.72100522791448773 -5.18329073987
43.0 0.73374917958905994 -5.19644069751
44.0 0.74668647900714824 -5.20670124715
45.0 0.75983570225832975 -5.21406961978
46.0 0.77321648466098036 -5.21854133982
47.0 0.78684966272995749 -5.22009997459
48.0 0.80075743172543956 -5.21871241820
49.0 0.81496352157574936 -5.21432647778
50.0 0.82949339444344139 -5.20686952057
51.0 0.84437446779034697 -5.19624766562
52.0 0.85963636751982619 -5.18234531605
53.0 0.87531121666696521 -5.16502500026
54.0 0.89143396621364279 -5.14412763082
55.0 0.90804277598219907 -5.11947346926
56.0 0.92517945528340284 -5.09086438899
57.0 0.94288997515969897 -5.05808862201
58.0 0.96122506680355879 -5.02093043897
59.0 0.98024092421724396 -4.97919012197
60.0 1.0000000336490449 -4.93272690623
61.0 1.0205721581109972 -4.88155803543
62.0 1.0420355127918348 -4.82611242432
63.0 1.0644781770328475 -4.76798103028
64.0 1.0879998015825072 -4.71249236125
65.0 1.1127136872907215 -4.67500304675
66.0 1.1387493349689228 -4.66818990373
67.0 1.1662555983306084 -4.67859434393
68.0 1.1954046164231349 -4.69229255155
69.0 1.2263967642726714 -4.70269062269
70.0 1.2594669489559134 -4.70651769097
71.0 1.2948927059181552 -4.70172341098
72.0 1.3330047374615932 -4.68667975106
73.0 1.3742008147382716 -4.65984385498
74.0 1.4189643903365978 -4.61957512755
75.0 1.4678899319530556 -4.56399279754
76.0 1.5217180473945009 -4.49081915642
77.0 1.5813852119866876 -4.39716841959
78.0 1.6480958607190197 -4.27923981828
79.0 1.7234297938777567 -4.13186413081
80.0 1.8095073443210954 -3.94783248504
81.0 1.9092530122354845 -3.71688610655
82.0 2.0268354180156947 -3.42411588713
83.0 2.1684423371644423 -3.04720201234
84.0 2.3437412473608381 -2.55117174824
85.0 2.5688804782633659 -1.87744091339
