# h10 energies for multiplicity =  1
# y, E(n=1), E(n=2), E(n=3)
0.76 -5.0488993279  -5.0441781809  -4.9406535414 
.785 -5.0430222157  -5.0390269322  -4.9515832102 
.810 -5.0402292860  -5.0308220275  -4.9609487818 
.835 -5.0358459215  -5.0245340723  -4.9672422822 
.860 -5.0298791502  -5.0203456621  -4.9700605058 
.885 -5.0223046742  -5.0183691762  -4.9692965619 
.910 -5.0186038023  -5.0130774198  -4.9649200229 
.935 -5.0208424439  -5.0021479715  -4.9569646094 
.960 -5.0246178921  -4.9894675564  -4.9455652436 
.985 -5.0292837021  -4.9749968148  -4.9309850384 
1.010 -5.0341524490  -4.9587151581  -4.9136715159 
1.035 -5.0386018919  -4.9406412907  -4.8944222372 
1.060 -5.0421219453  -4.9209197307  -4.9000299952 
1.085 -5.0443311002  -4.9075735444  -4.8986553107 
1.110 -5.0449773523  -4.9121618033  -4.8781204817 
1.135 -5.0439529943  -4.9153578570  -4.8765598142 
1.160 -5.0413658967  -4.9167008352  -4.8932480229 
1.185 -5.0378392063  -4.9173733039  -4.9173733473 
1.210 -5.0359729034  -4.9591386091  -4.9284054314 
1.235 -5.0463348113  -4.9858186588  -4.9422332102 
1.260 -5.0775107934  -4.9872868123  -4.9542205357 
1.285 -5.1154033131  -4.9769851004  -4.9639443551 
1.310 -5.1526491474  -4.9712502943  -4.9620418012 
1.335 -5.1874666958  -4.9760659664  -4.9442023194 
1.360 -5.2193297059  -4.9783685688  -4.9241057192 
1.385 -5.2480696665  -4.9781709853  -4.9025928534 
1.410 -5.2736558322  -4.9755118105  -4.8920087137 
1.435 -5.2961221490  -4.9704467928  -4.8888504824 
1.460 -5.3155377511  -4.9630489465  -4.8838875106 
1.485 -5.3319912955  -4.9533976644  -4.8768219317 
1.510 -5.3455827871  -4.9415786928  -4.8676597958 
1.535 -5.3564187478  -4.9276820190  -4.8564515472 
1.560 -5.3646120338  -4.9118066975  -4.8432697285 
1.585 -5.3702710764  -4.8940389333  -4.8281804413 
1.610 -5.3735096808  -4.8744778770  -4.8112670524 
1.635 -5.3744365313  -4.8532133323  -4.7926066698 
1.660 -5.3731584497  -4.8303344492  -4.7722782842 
1.685 FC -4.8059301458  -4.7503627625 
1.710 FC -4.7800798853  -4.7269333331 
