5.0 0.22474786951272291
6.0 0.24633708657984518 0.4165326 0.0000004 -0.5973184
7.0 0.26625119958804888 0.39353 0.0000024 -0.5956778
8.0 0.28485310431016619 0.3659016 -0.0000102 -0.5933323
9.0 0.30239593556098865 0.3461894 0.0000346 -0.5897764
10.0 0.31906493487798943 0.3223728 0.0000993 -0.5847455
11.0 0.33500078657648524 0.3011483 0.0002492 -0.5778318
12.0 0.35031356184872481 0.283767 0.0005589 -0.568636
13.0 0.36509151747647400 0.2631802 0.0011368 -0.5567236
14.0 0.37940689731182314 0.2142767 0.0021198 -0.5416366
15.0 0.39331989892118169 0.1652709 0.0036523 -0.52286
16.0 0.40688146985598445 0.1167811 0.0058399 -0.4995061
17.0 0.42013533111630319 0.0707061 0.0084439 -0.4690484
18.0 0.43311947504735931 0.0319068 0.0047017 -0.423988
19.0 0.44586729660476643
20.0 0.45840846314364242 0.0230388 -0.0104026 -0.1869338
21.0 0.47076959408630886 0.0263709 -0.0049434 -0.1751196
22.0 0.48297479998608267 0.0056029 -0.0182674 -0.1664221
23.0 0.49504611604806875 0.0225474 -0.0227258 -0.1467807
24.0 0.50700385538738835 0.0209919 -0.0219594 -0.1315083
25.0 0.51886690055881535 0.0064601 -0.0149341 -0.0935496
26.0 0.53065294715660993 0.0257556 0.0047523 -0.0819191
27.0 0.54237870990772830 0.0432857 0.0225089 -0.0727968
28.0 0.55406009924157285 0.0586804 0.0381422 -0.0654757
29.0 0.56571237453403433 0.0716794 0.0514686 -0.0594677
30.0 0.57735027890326807 0.0821483 0.0623314 -0.0544814
31.0 0.58898815944976501 0.0901528 0.0706435 -0.050435
32.0 0.60064007609376124 0.0959904 0.0764379 -0.0480015
33.0 0.61231990160563299 0.1001116 0.0799051 -0.0498325
34.0 0.62404141500474464 0.1029824 0.0813952 -0.0541614
35.0 0.63581839018712483 0.1049892 0.0813651 -0.0591857
36.0 0.64766468140925815 0.1064161 0.0802908 -0.0644315
37.0 0.65959430708758449 0.1074622 0.0785915 -0.0696363
38.0 0.67162153325915808 0.1082664 0.0765961 -0.0746057
39.0 0.68376095798003989 0.1089269 0.0745453 -0.0791861
40.0 0.69602759790885060 0.1095145 0.0726086 -0.0832539
41.0 0.70843697833015451 0.1100793 0.0709034 -0.0867099
42.0 0.72100522791448773 0.1106543 0.0695098 -0.089476
43.0 0.73374917958905994 0.1112493 0.0684811 -0.0914933
44.0 0.74668647900714824 0.1118179 0.0678514 -0.0927201
45.0 0.75983570225832975 0.1121134 0.0676395 -0.0931317
46.0 0.77321648466098036 0.1118179 0.0678514 -0.0927201
47.0 0.78684966272995749 0.1112493 0.0684811 -0.0914933
48.0 0.80075743172543956 0.1106543 0.0695098 -0.089476
49.0 0.81496352157574936 0.1100793 0.0709034 -0.0867099
50.0 0.82949339444344139 0.1095145 0.0726086 -0.0832539
51.0 0.84437446779034697 0.1089269 0.0745453 -0.0791861
52.0 0.85963636751982619 0.1082664 0.0765961 -0.0746057
53.0 0.87531121666696521 0.1074622 0.0785915 -0.0696363
54.0 0.89143396621364279 0.1064161 0.0802908 -0.0644316
55.0 0.90804277598219907 0.1049892 0.0813651 -0.0591857
56.0 0.92517945528340284 0.1029824 0.0813952 -0.0541614
57.0 0.94288997515969897 0.1001116 0.0799051 -0.0498325
58.0 0.96122506680355879 0.0959904 0.0764379 -0.0480015
59.0 0.98024092421724396 0.0901528 0.0706435 -0.050435
60.0 1.0000000336490449 0.0821483 0.0623314 -0.0544814
61.0 1.0205721581109972 0.0716794 0.0514686 -0.0594678
62.0 1.0420355127918348 0.0586804 0.0381422 -0.0654757
63.0 1.0644781770328475 0.0432857 0.0225089 -0.0727968
64.0 1.0879998015825072 0.0257556 0.0047523 -0.0819192
65.0 1.1127136872907215 0.0064601 -0.0149341 -0.0935496
66.0 1.1387493349689228 0.0209919 -0.0219594 -0.1315083
67.0 1.1662555983306084 0.0225474 -0.0227258 -0.1467807
68.0 1.1954046164231349 0.0056029 -0.0182674 -0.1664221
69.0 1.2263967642726714 0.0263709 -0.0049434 -0.1751196
70.0 1.2594669489559134 0.0230388 -0.0104026 -0.1869338
71.0 1.2948927059181552
72.0 1.3330047374615932 0.0319069 0.0047017 -0.423988
73.0 1.3742008147382716 0.0707061 0.0084439 -0.4690484
74.0 1.4189643903365978 0.1167812 0.0058399 -0.4995062
75.0 1.4678899319530556 0.1652709 0.0036523 -0.52286
76.0 1.5217180473945009 0.2142768 0.0021198 -0.5416366
77.0 1.5813852119866876 0.2631802 0.0011368 -0.5567236
78.0 1.6480958607190197 0.283767 0.0005589 -0.5686361
79.0 1.7234297938777567 0.3011483 0.0002492 -0.5778318
80.0 1.8095073443210954 0.3223728 0.0000993 -0.5847455
81.0 1.9092530122354845 0.3461894 0.0000346 -0.5897764
82.0 2.0268354180156947 0.3659016 -0.0000102 -0.5933323
