5.0 0.22474786951272291
6.0 0.24633708657984518 -0.69573 -0.68587 -0.16618 0.52962 .51969
7.0 0.26625119958804888 -0.67106 -0.65447 -0.16117 0.47174 .49330
8.0 0.28485310431016619 -0.64713 -0.62239 -0.15489 0.42130 .46750
9.0 0.30239593556098865 -0.62429 -0.58991 -0.14712 0.37671 .44279
10.0 0.31906493487798943 -0.60259 -0.55752 -0.13776 0.33671 .41976
11.0 0.33500078657648524 -0.58227 -0.52559 -0.12664 0.30023 .39895
12.0 0.35031356184872481 -0.56346 -0.49451 -0.11362 0.26635 .38089
13.0 0.36509151747647400 -0.54626 -0.46467 -0.09857 0.23429 .36610
14.0 0.37940689731182314 -0.53067 -0.43638 -0.08145 0.20343 .35493
15.0 0.39331989892118169 -0.51657 -0.40982 -0.06235 0.17339 .34747
16.0 0.40688146985598445 -0.50364 -0.38489 -0.04167 0.14408 .34322
17.0 0.42013533111630319 -0.49122 -0.36109 -0.02041 0.11613 .34068
18.0 0.43311947504735931 -0.47774 -0.33701 -0.00143 0.09231 .33558
19.0 0.44586729660476643
20.0 0.45840846314364242 -0.42437 -0.23407 0.00464 0.08932 .23871
21.0 0.47076959408630886 -0.41912 -0.22278 0.00112 0.09495 .22390
22.0 0.48297479998608267 -0.41432 -0.21667 -0.00871 0.10873 .20796
23.0 0.49504611604806875 -0.40608 -0.24846 -0.01545 0.11840 .23301
24.0 0.50700385538738835 -0.39312 -0.29340 -0.02203 0.10265 .27137
25.0 0.51886690055881535 -0.38129 -0.32591 -0.02323 0.08757 .30268
26.0 0.53065294715660993 -0.37835 -0.34048 -0.01481 0.08289 .32567
27.0 0.54237870990772830 -0.37553 -0.35404 -0.00792 0.07984 .34612
28.0 0.55406009924157285 -0.37280 -0.36662 -0.00288 0.07878 .36374
29.0 0.56571237453403433 -0.37825 -0.37017 0.00019 0.07981 .37036
30.0 0.57735027890326807 -0.38898 -0.36764 0.00145 0.08278 .36909
31.0 0.58898815944976501 -0.39884 -0.36522 0.00129 0.08727 .36651
32.0 0.60064007609376124 -0.40787 -0.36295 0.00015 0.09276 .36310
33.0 0.61231990160563299 -0.41610 -0.36085 -0.00155 0.09882 .35930
34.0 0.62404141500474464 -0.42357 -0.35898 -0.00352 0.10510 .35546
35.0 0.63581839018712483 -0.43030 -0.35743 -0.00557 0.11133 .35186
36.0 0.64766468140925815 -0.43632 -0.35632 -0.00757 0.11734 .34875
37.0 0.65959430708758449 -0.44165 -0.35587 -0.00944 0.12298 .34643
38.0 0.67162153325915808 -0.44631 -0.35629 -0.01112 0.12816 .34517
39.0 0.68376095798003989 -0.45033 -0.35755 -0.01260 0.13280 .34495
40.0 0.69602759790885060 -0.45371 -0.35928 -0.01385 0.13682 .34543
41.0 0.70843697833015451 -0.45646 -0.36106 -0.01487 0.14017 .34619
42.0 0.72100522791448773 -0.45859 -0.36261 -0.01567 0.14283 .34694
43.0 0.73374917958905994 -0.46011 -0.36379 -0.01623 0.14474 .34756
44.0 0.74668647900714824 -0.46102 -0.36451 -0.01657 0.14590 .34794
45.0 0.75983570225832975 -0.46132 -0.36476 -0.01668 0.14629 .34808
46.0 0.77321648466098036 -0.46102 -0.36451 -0.01657 0.14590 .34794
47.0 0.78684966272995749 -0.46011 -0.36379 -0.01623 0.14474 .34756
48.0 0.80075743172543956 -0.45859 -0.36261 -0.01567 0.14283 .34694
49.0 0.81496352157574936 -0.45646 -0.36106 -0.01487 0.14017 .34619
50.0 0.82949339444344139 -0.45371 -0.35928 -0.01385 0.13682 .34543
51.0 0.84437446779034697 -0.45033 -0.35755 -0.01260 0.13280 .34495
52.0 0.85963636751982619 -0.44631 -0.35629 -0.01112 0.12816 .34517
53.0 0.87531121666696521 -0.44165 -0.35587 -0.00944 0.12298 .34643
54.0 0.89143396621364279 -0.43632 -0.35632 -0.00757 0.11734 .34875
55.0 0.90804277598219907 -0.43030 -0.35743 -0.00557 0.11133 .35186
56.0 0.92517945528340284 -0.42357 -0.35898 -0.00352 0.10510 .35546
57.0 0.94288997515969897 -0.41610 -0.36085 -0.00155 0.09882 .35930
58.0 0.96122506680355879 -0.40787 -0.36295 0.00015 0.09276 .36310
59.0 0.98024092421724396 -0.39884 -0.36522 0.00129 0.08727 .36651
60.0 1.0000000336490449 -0.38898 -0.36764 0.00145 0.08278 .36909
61.0 1.0205721581109972 -0.37825 -0.37017 0.00019 0.07981 .37036
62.0 1.0420355127918348 -0.37280 -0.36662 -0.00288 0.07878 .36374
63.0 1.0644781770328475 -0.37553 -0.35404 -0.00792 0.07984 .34612
64.0 1.0879998015825072 -0.37835 -0.34048 -0.01481 0.08289 .32567
65.0 1.1127136872907215 -0.38129 -0.32591 -0.02323 0.08757 .30268
66.0 1.1387493349689228 -0.39312 -0.29340 -0.02203 0.10265 .27137
67.0 1.1662555983306084 -0.40608 -0.24846 -0.01545 0.11840 .23301
68.0 1.1954046164231349 -0.41432 -0.21667 -0.00871 0.10873 .20796
69.0 1.2263967642726714 -0.41912 -0.22278 0.00112 0.09495 .22390
70.0 1.2594669489559134 -0.42437 -0.23407 0.00464 0.08932 .23871
71.0 1.2948927059181552
72.0 1.3330047374615932 -0.47774 -0.33701 -0.00143 0.09231 .33558
73.0 1.3742008147382716 -0.49122 -0.36109 -0.02041 0.11613 .34068
74.0 1.4189643903365978 -0.50364 -0.38489 -0.04167 0.14408 .34322
75.0 1.4678899319530556 -0.51657 -0.40982 -0.06235 0.17339 .34747
76.0 1.5217180473945009 -0.53067 -0.43638 -0.08145 0.20343 .35493
77.0 1.5813852119866876 -0.54626 -0.46467 -0.09857 0.23429 .36610
78.0 1.6480958607190197 -0.56346 -0.49451 -0.11362 0.26635 .38089
79.0 1.7234297938777567 -0.58227 -0.52559 -0.12664 0.30023 .39895
80.0 1.8095073443210954 -0.60259 -0.55752 -0.13776 0.33671 .41976
81.0 1.9092530122354845 -0.62429 -0.58991 -0.14712 0.37671 .44279
82.0 2.0268354180156947 -0.64713 -0.62239 -0.15489 0.42130 .46750
