5.0 0.22474786951272291 -5.70563844774
6.0 0.24633708657984518 -6.38511558557
7.0 0.26625119958804888 -6.64070559826
8.0 0.28485310431016619 -6.81120608945
9.0 0.30239593556098865 -6.92026391541
10.0 0.31906493487798943 -6.98315658370
11.0 0.33500078657648524 -7.01056952881
12.0 0.35031356184872481 -7.01032953266
13.0 0.36509151747647400 -6.98844198091
14.0 0.37940689731182314 -6.94969367376
15.0 0.39331989892118169 -6.89804245063
16.0 0.40688146985598445 -6.83693698048
17.0 0.42013533111630319 -6.76978049501
18.0 0.43311947504735931 -6.70111189468
19.0 0.44586729660476643 -6.63592533023
20.0 0.45840846314364242 -6.64238999973
21.0 0.47076959408630886 -6.64999051583
22.0 0.48297479998608267 -6.65364286730
23.0 0.49504611604806875 -6.65837458686
24.0 0.50700385538738835 -6.67763990941
25.0 0.51886690055881535 -6.71044330888
26.0 0.53065294715660993 -6.74290171021
27.0 0.54237870990772830 -6.77085349451
28.0 0.55406009924157285 -6.79470409216
29.0 0.56571237453403433 -6.81488613058
30.0 0.57735027890326807 -6.83182050802
31.0 0.58898815944976501 -6.84590299540
32.0 0.60064007609376124 -6.85749993612
33.0 0.61231990160563299 -6.86694747304
34.0 0.62404141500474464 -6.87455215488
35.0 0.63581839018712483 -6.88059202185
36.0 0.64766468140925815 -6.88531777596
37.0 0.65959430708758449 -6.88895386277
38.0 0.67162153325915808 -6.89169939426
39.0 0.68376095798003989 -6.89372889275
40.0 0.69602759790885060 -6.89519286092
41.0 0.70843697833015451 -6.89621819649
42.0 0.72100522791448773 -6.89690847633
43.0 0.73374917958905994 -6.89734413779
44.0 0.74668647900714824 -6.89758258479
45.0 0.75983570225832975 -6.89765824344
46.0 0.77321648466098036 -6.89758258681
47.0 0.78684966272995749 -6.89734414182
48.0 0.80075743172543956 -6.89690848235
49.0 0.81496352157574936 -6.89621820447
50.0 0.82949339444344139 -6.89519287080
51.0 0.84437446779034697 -6.89372890449
52.0 0.85963636751982619 -6.89169940779
53.0 0.87531121666696521 -6.88895387802
54.0 0.89143396621364279 -6.88531779285
55.0 0.90804277598219907 -6.88059204030
56.0 0.92517945528340284 -6.87455217480
57.0 0.94288997515969897 -6.86694749434
58.0 0.96122506680355879 -6.85749995871
59.0 0.98024092421724396 -6.84590301919
60.0 1.0000000336490449 -6.83182053295
61.0 1.0205721581109972 -6.81488615658
62.0 1.0420355127918348 -6.79470411920
63.0 1.0644781770328475 -6.77085352257
64.0 1.0879998015825072 -6.74290173934
65.0 1.1127136872907215 -6.71044333919
66.0 1.1387493349689228 -6.67763994472
67.0 1.1662555983306084 -6.65837462882
68.0 1.1954046164231349 -6.65364291435
69.0 1.2263967642726714 -6.64999056495
70.0 1.2594669489559134 -6.64239005229
71.0 1.2948927059181552 -6.62890674969
72.0 1.3330047374615932 -6.70111200870
73.0 1.3742008147382716 -6.76978061880
74.0 1.4189643903365978 -6.83693711274
75.0 1.4678899319530556 -6.89804259213
76.0 1.5217180473945009 -6.94969382658
77.0 1.5813852119866876 -6.98844214851
78.0 1.6480958607190197 -7.01032972039
79.0 1.7234297938777567 -7.01056974478
80.0 1.8095073443210954 -6.98315684025
81.0 1.9092530122354845 -6.92026423136
82.0 2.0268354180156947 -6.81120649419
