5.0 0.22474786951272291 0.4369591 0.0019805 -0.4671915
6.0 0.24633708657984518 0.4148394 0.0039843 -0.4431386
7.0 0.26625119958804888 0.3950376 0.006759 -0.4195384
8.0 0.28485310431016619 0.3775178 0.0102049 -0.3964988
9.0 0.30239593556098865 0.3486962 0.0141917 -0.3742504
10.0 0.31906493487798943 0.3047033 0.0185948 -0.353001
11.0 0.33500078657648524 0.2606717 0.0233083 -0.3328854
12.0 0.35031356184872481 0.2164992 0.0282472 -0.3139661
13.0 0.36509151747647400 0.1722508 0.033344 -0.296252
14.0 0.37940689731182314 0.128053 0.0385455 -0.2797193
15.0 0.39331989892118169 0.0840496 0.0438093 -0.2643296
16.0 0.40688146985598445 0.0403934 0.0116129 -0.2500425
17.0 0.42013533111630319 0.0050421 -0.0310479 -0.2320223
18.0 0.43311947504735931 0.016648 -0.0164795 -0.0909905
19.0 0.44586729660476643 0.0620345 0.0297791 -0.0510501
20.0 0.45840846314364242 0.106565 0.0751974 -0.014412
21.0 0.47076959408630886 0.1500025 0.1195712 0.0174638
22.0 0.48297479998608267 0.1917088 0.1623685 0.0424245
23.0 0.49504611604806875 0.2298081 0.2020068 0.0579866
24.0 0.50700385538738835 0.241354 0.2320494 0.0627239
25.0 0.51886690055881535 0.2382134 0.2338451 0.0576897
26.0 0.53065294715660993 0.2301008 0.2141699 0.0456979
27.0 0.54237870990772830 0.2146062 0.1897794 0.0294503
28.0 0.55406009924157285 0.1908333 0.1644641 0.0107523
29.0 0.56571237453403433 0.160583 0.1390725 -0.0093376
30.0 0.57735027890326807 0.1265537 0.0993165 -0.0302064
31.0 0.58898815944976501 0.0907107 0.0593519 -0.0514798
32.0 0.60064007609376124 0.0541991 0.0196765 -0.0729001
33.0 0.61231990160563299 -0.0138827 -0.0428876 -0.0990774
34.0 0.62404141500474464 0.017937 0.0061209 -0.1207212
35.0 0.63581839018712483 0.0331529 0.0271322 -0.1072663
36.0 0.64766468140925815 0.0483173 0.0426204 -0.0956319
37.0 0.65959430708758449 0.0634045 0.0580511 -0.0847638
38.0 0.67162153325915808 0.0783966 0.0734253 -0.0742799
39.0 0.68376095798003989 0.0932751 0.0887449 -0.0640295
40.0 0.69602759790885060 0.1080142 0.1040083 -0.0539495
41.0 0.70843697833015451 0.1225726 0.1192056 -0.0440154
42.0 0.72100522791448773 0.1368823 0.1343124 -0.034224
43.0 0.73374917958905994 0.1508334 0.1492792 -0.0245867
44.0 0.74668647900714824 0.1642486 0.1640102 -0.0151298
45.0 0.75983570225832975 0.1768477 0.1783197 -0.0058977
46.0 0.77321648466098036 0.1642486 0.1640102 -0.0151298
47.0 0.78684966272995749 0.1508334 0.1492792 -0.0245867
48.0 0.80075743172543956 0.1368823 0.1343124 -0.034224
49.0 0.81496352157574936 0.1225726 0.1192056 -0.0440154
50.0 0.82949339444344139 0.1080142 0.1040083 -0.0539495
51.0 0.84437446779034697 0.0932751 0.0887449 -0.0640295
52.0 0.85963636751982619 0.0783966 0.0734253 -0.07428
53.0 0.87531121666696521 0.0634045 0.0580511 -0.0847638
54.0 0.89143396621364279 0.0483173 0.0426204 -0.0956319
55.0 0.90804277598219907 0.0331529 0.0271322 -0.1072663
56.0 0.92517945528340284 0.017937 0.0061209 -0.1207212
57.0 0.94288997515969897 -0.0138827 -0.0428876 -0.0990774
58.0 0.96122506680355879 0.0541991 0.0196765 -0.0729001
59.0 0.98024092421724396 0.0907107 0.0593519 -0.0514798
60.0 1.0000000336490449 0.1265537 0.0993165 -0.0302064
61.0 1.0205721581109972 0.160583 0.1390725 -0.0093376
62.0 1.0420355127918348 0.1908333 0.1644641 0.0107523
63.0 1.0644781770328475 0.2146062 0.1897794 0.0294503
64.0 1.0879998015825072 0.2301008 0.2141699 0.0456979
65.0 1.1127136872907215 0.2382134 0.233845 0.0576897
66.0 1.1387493349689228 0.241354 0.2320494 0.0627239
67.0 1.1662555983306084 0.2298081 0.2020068 0.0579865
68.0 1.1954046164231349 0.1917088 0.1623684 0.0424245
69.0 1.2263967642726714 0.1500025 0.1195712 0.0174637
70.0 1.2594669489559134 0.106565 0.0751973 -0.014412
71.0 1.2948927059181552 0.0620345 0.029779 -0.0510501
72.0 1.3330047374615932 0.016648 -0.0164795 -0.0909906
73.0 1.3742008147382716 0.0050421 -0.0310479 -0.2320224
74.0 1.4189643903365978 0.0403934 0.0116129 -0.2500426
75.0 1.4678899319530556 0.0840497 0.0438093 -0.2643296
76.0 1.5217180473945009 0.128053 0.0385455 -0.2797193
77.0 1.5813852119866876 0.1722508 0.033344 -0.296252
78.0 1.6480958607190197 0.2164992 0.0282472 -0.3139662
79.0 1.7234297938777567 0.2606717 0.0233083 -0.3328854
80.0 1.8095073443210954 0.3047032 0.0185947 -0.353001
81.0 1.9092530122354845 0.3486962 0.0141917 -0.3742504
82.0 2.0268354180156947 0.3775178 0.0102049 -0.3964988
83.0 2.1684423371644423 0.3950376 0.006759 -0.4195384
84.0 2.3437412473608381 0.4148394 0.0039843 -0.4431386
85.0 2.5688804782633659 0.4369591 0.0019805 -0.4671915
