5.0 0.22474786951272291 -0.73311 -0.09826 0.00501 0.66269 .10327
6.0 0.24633708657984518 -0.71426 -0.13089 -0.01620 0.61483 .11469
7.0 0.26625119958804888 -0.69294 -0.15925 -0.03313 0.57438 .12612
8.0 0.28485310431016619 -0.66855 -0.18478 -0.04720 0.53936 .13758
9.0 0.30239593556098865 -0.64084 -0.20824 -0.05921 0.50846 .14903
10.0 0.31906493487798943 -0.61018 -0.23007 -0.06971 0.48082 .16036
11.0 0.33500078657648524 -0.57716 -0.25056 -0.07903 0.45584 .17153
12.0 0.35031356184872481 -0.54240 -0.26989 -0.08744 0.43310 .18245
13.0 0.36509151747647400 -0.50640 -0.28821 -0.09512 0.41227 .19309
14.0 0.37940689731182314 -0.46954 -0.30564 -0.10221 0.39314 .20343
15.0 0.39331989892118169 -0.43212 -0.32228 -0.10882 0.37550 .21346
16.0 0.40688146985598445 -0.39438 -0.33821 -0.11502 0.35920 .22319
17.0 0.42013533111630319 -0.35849 -0.35737 -0.12069 0.34097 .23668
18.0 0.43311947504735931 -0.46013 -0.36551 -0.11364 0.24301 .25187
19.0 0.44586729660476643 -0.45660 -0.37354 -0.07403 0.23052 .29951
20.0 0.45840846314364242 -0.43801 -0.38092 -0.03478 0.21877 .34614
21.0 0.47076959408630886 -0.41937 -0.38771 0.00394 0.20777 .39165
22.0 0.48297479998608267 -0.40069 -0.39396 0.04175 0.19751 .43571
23.0 0.49504611604806875 -0.39973 -0.38193 0.07794 0.18798 .45987
24.0 0.50700385538738835 -0.40504 -0.36308 0.11106 0.17916 .47414
25.0 0.51886690055881535 -0.40994 -0.34411 0.13816 0.17104 .48227
26.0 0.53065294715660993 -0.41446 -0.32502 0.15438 0.16359 .47940
27.0 0.54237870990772830 -0.41861 -0.30578 0.15647 0.15680 .46225
28.0 0.55406009924157285 -0.42242 -0.28638 0.14741 0.15064 .43379
29.0 0.56571237453403433 -0.42591 -0.26680 0.13248 0.14508 .39928
30.0 0.57735027890326807 -0.42908 -0.24703 0.11503 0.14009 .36206
31.0 0.58898815944976501 -0.43195 -0.22709 0.09668 0.13565 .32377
32.0 0.60064007609376124 -0.43452 -0.20697 0.07816 0.13170 .28513
33.0 0.61231990160563299 -0.43161 -0.17166 0.05544 0.11385 .22710
34.0 0.62404141500474464 -0.43503 -0.19575 0.08289 0.10269 .27864
35.0 0.63581839018712483 -0.43794 -0.21422 0.10078 0.10452 .31500
36.0 0.64766468140925815 -0.44056 -0.23206 0.09941 0.12480 .33147
37.0 0.65959430708758449 -0.44290 -0.24927 0.09859 0.14012 .34786
38.0 0.67162153325915808 -0.44495 -0.26589 0.09830 0.14413 .36419
39.0 0.68376095798003989 -0.44201 -0.28192 0.09854 0.14065 .38046
40.0 0.69602759790885060 -0.43075 -0.29739 0.09932 0.13529 .39671
41.0 0.70843697833015451 -0.41926 -0.31231 0.10062 0.12971 .41293
42.0 0.72100522791448773 -0.40756 -0.32666 0.10246 0.12439 .42912
43.0 0.73374917958905994 -0.39578 -0.34033 0.10482 0.11948 .44515
44.0 0.74668647900714824 -0.38445 -0.35279 0.10770 0.11504 .46049
45.0 0.75983570225832975 -0.37765 -0.35997 0.11111 0.11111 .47108
46.0 0.77321648466098036 -0.38445 -0.35279 0.10770 0.11504 .46049
47.0 0.78684966272995749 -0.39578 -0.34033 0.10482 0.11948 .44515
48.0 0.80075743172543956 -0.40756 -0.32666 0.10246 0.12439 .42912
49.0 0.81496352157574936 -0.41926 -0.31231 0.10062 0.12971 .41293
50.0 0.82949339444344139 -0.43075 -0.29739 0.09932 0.13529 .39671
51.0 0.84437446779034697 -0.44201 -0.28192 0.09854 0.14065 .38046
52.0 0.85963636751982619 -0.44495 -0.26589 0.09830 0.14413 .36419
53.0 0.87531121666696521 -0.44290 -0.24927 0.09859 0.14012 .34786
54.0 0.89143396621364279 -0.44056 -0.23206 0.09941 0.12480 .33147
55.0 0.90804277598219907 -0.43794 -0.21422 0.10078 0.10452 .31500
56.0 0.92517945528340284 -0.43503 -0.19575 0.08289 0.10269 .27864
57.0 0.94288997515969897 -0.43161 -0.17166 0.05544 0.11385 .22710
58.0 0.96122506680355879 -0.43452 -0.20697 0.07816 0.13170 .28513
59.0 0.98024092421724396 -0.43195 -0.22709 0.09668 0.13565 .32377
60.0 1.0000000336490449 -0.42908 -0.24703 0.11503 0.14009 .36206
61.0 1.0205721581109972 -0.42591 -0.26680 0.13248 0.14508 .39928
62.0 1.0420355127918348 -0.42242 -0.28638 0.14741 0.15064 .43379
63.0 1.0644781770328475 -0.41861 -0.30578 0.15647 0.15680 .46225
64.0 1.0879998015825072 -0.41446 -0.32502 0.15438 0.16359 .47940
65.0 1.1127136872907215 -0.40994 -0.34411 0.13816 0.17104 .48227
66.0 1.1387493349689228 -0.40504 -0.36308 0.11106 0.17916 .47414
67.0 1.1662555983306084 -0.39973 -0.38193 0.07794 0.18798 .45987
68.0 1.1954046164231349 -0.40069 -0.39396 0.04175 0.19751 .43571
69.0 1.2263967642726714 -0.41937 -0.38771 0.00394 0.20777 .39165
70.0 1.2594669489559134 -0.43801 -0.38092 -0.03478 0.21877 .34614
71.0 1.2948927059181552 -0.45660 -0.37354 -0.07403 0.23052 .29951
72.0 1.3330047374615932 -0.46013 -0.36551 -0.11364 0.24301 .25187
73.0 1.3742008147382716 -0.35849 -0.35737 -0.12069 0.34097 .23668
74.0 1.4189643903365978 -0.39438 -0.33821 -0.11502 0.35920 .22319
75.0 1.4678899319530556 -0.43212 -0.32228 -0.10882 0.37550 .21346
76.0 1.5217180473945009 -0.46954 -0.30564 -0.10221 0.39314 .20343
77.0 1.5813852119866876 -0.50640 -0.28821 -0.09512 0.41227 .19309
78.0 1.6480958607190197 -0.54240 -0.26989 -0.08744 0.43310 .18245
79.0 1.7234297938777567 -0.57716 -0.25056 -0.07903 0.45584 .17153
80.0 1.8095073443210954 -0.61018 -0.23007 -0.06971 0.48082 .16036
81.0 1.9092530122354845 -0.64084 -0.20824 -0.05921 0.50846 .14903
82.0 2.0268354180156947 -0.66855 -0.18478 -0.04720 0.53936 .13758
83.0 2.1684423371644423 -0.69294 -0.15925 -0.03313 0.57438 .12612
84.0 2.3437412473608381 -0.71426 -0.13089 -0.01620 0.61483 .11469
85.0 2.5688804782633659 -0.73311 -0.09826 0.00501 0.66269 .10327
