5.0 0.22474786951272291 -4.18461324507
6.0 0.24633708657984518 -4.73356874804
7.0 0.26625119958804888 -5.12235461541
8.0 0.28485310431016619 -5.40361725628
9.0 0.30239593556098865 -5.60815019283
10.0 0.31906493487798943 -5.75539659253
11.0 0.33500078657648524 -5.85839371339
12.0 0.35031356184872481 -5.92630696470
13.0 0.36509151747647400 -5.96582507008
14.0 0.37940689731182314 -5.98197827496
15.0 0.39331989892118169 -5.97864613147
16.0 0.40688146985598445 -5.95888940603
17.0 0.42013533111630319 -5.92528192770
18.0 0.43311947504735931 -5.93649459554
19.0 0.44586729660476643 -5.97178452815
20.0 0.45840846314364242 -5.99674537752
21.0 0.47076959408630886 -6.01255766571
22.0 0.48297479998608267 -6.02021725648
23.0 0.49504611604806875 -6.02057084170
24.0 0.50700385538738835 -6.01434330053
25.0 0.51886690055881535 -6.00215907781
26.0 0.53065294715660993 -5.98455915157
27.0 0.54237870990772830 -5.96201477385
28.0 0.55406009924157285 -5.93493892328
29.0 0.56571237453403433 -5.90369628538
30.0 0.57735027890326807 -5.86861259448
31.0 0.58898815944976501 -5.82998441497
32.0 0.60064007609376124 -5.78809115346
33.0 0.61231990160563299 -5.72588961137
34.0 0.62404141500474464 -5.76086102073
35.0 0.63581839018712483 -5.78984295155
36.0 0.64766468140925815 -5.81543681846
37.0 0.65959430708758449 -5.83782185358
38.0 0.67162153325915808 -5.85716567550
39.0 0.68376095798003989 -5.87361960554
40.0 0.69602759790885060 -5.88731629699
41.0 0.70843697833015451 -5.89836857551
42.0 0.72100522791448773 -5.90686891671
43.0 0.73374917958905994 -5.91288925164
44.0 0.74668647900714824 -5.91648092850
45.0 0.75983570225832975 -5.91767473520
46.0 0.77321648466098036 -5.91648093008
47.0 0.78684966272995749 -5.91288925481
48.0 0.80075743172543956 -5.90686892150
49.0 0.81496352157574936 -5.89836858194
50.0 0.82949339444344139 -5.88731630512
51.0 0.84437446779034697 -5.87361961543
52.0 0.85963636751982619 -5.85716568724
53.0 0.87531121666696521 -5.83782186725
54.0 0.89143396621364279 -5.81543683420
55.0 0.90804277598219907 -5.78984296951
56.0 0.92517945528340284 -5.76086104109
57.0 0.94288997515969897 -5.72588963497
58.0 0.96122506680355879 -5.78809118132
59.0 0.98024092421724396 -5.82998444382
60.0 1.0000000336490449 -5.86861262428
61.0 1.0205721581109972 -5.90369631613
62.0 1.0420355127918348 -5.93493895503
63.0 1.0644781770328475 -5.96201480669
64.0 1.0879998015825072 -5.98455918567
65.0 1.1127136872907215 -6.00215911341
66.0 1.1387493349689228 -6.01434333800
67.0 1.1662555983306084 -6.02057088151
68.0 1.1954046164231349 -6.02021729927
69.0 1.2263967642726714 -6.01255771233
70.0 1.2594669489559134 -5.99674542908
71.0 1.2948927059181552 -5.97178458611
72.0 1.3330047374615932 -5.93649466179
73.0 1.3742008147382716 -5.92528203869
74.0 1.4189643903365978 -5.95888952697
75.0 1.4678899319530556 -5.97864626436
76.0 1.5217180473945009 -5.98197842433
77.0 1.5813852119866876 -5.96582524226
78.0 1.6480958607190197 -5.92630716857
79.0 1.7234297938777567 -5.85839396159
80.0 1.8095073443210954 -5.75539690336
81.0 1.9092530122354845 -5.60815059330
82.0 2.0268354180156947 -5.40361778738
83.0 2.1684423371644423 -5.12235534152
84.0 2.3437412473608381 -4.73356977514
85.0 2.5688804782633659 -4.18461475994
