5.0 0.22474786951272291 -1.0349364 -1.1856265 -1.3537972
6.0 0.24633708657984518 -0.9714109 -1.1232649 -1.2943294
7.0 0.26625119958804888 -0.9174295 -1.0694449 -1.2424531
8.0 0.28485310431016619 -0.8703528 -1.021243 -1.1949024
9.0 0.30239593556098865 -0.8283127 -0.9766491 -1.1494509
10.0 0.31906493487798943 -0.7899636 -0.9343148 -1.1046769
11.0 0.33500078657648524 -0.7542919 -0.8934009 -1.0598782
12.0 0.35031356184872481 -0.7204888 -0.8534488 -1.014959
13.0 0.36509151747647400 -0.6879023 -0.8142521 -0.9702153
14.0 0.37940689731182314 -0.6560419 -0.7757493 -0.926098
15.0 0.39331989892118169 -0.6245922 -0.7379552 -0.8830449
16.0 0.40688146985598445 -0.5934091 -0.7009235 -0.8414041
17.0 0.42013533111630319 -0.5624968 -0.6647298 -0.801428
18.0 0.43311947504735931 -0.5319849 -0.6294639 -0.7633007
19.0 0.44586729660476643 -0.5021274 -0.5952308 -0.7271784
20.0 0.45840846314364242 -0.4733585 -0.5621602 -0.6932314
21.0 0.47076959408630886 -0.4682085 -0.5304319 -0.6616847
22.0 0.48297479998608267 -0.4651007 -0.5003345 -0.6328499
23.0 0.49504611604806875 -0.461219 -0.4724186 -0.6071739
24.0 0.50700385538738835 -0.4529649 -0.4478201 -0.5863157
25.0 0.51886690055881535 -0.4305417 -0.4274412 -0.579506
26.0 0.53065294715660993 -0.3948564 -0.4115528 -0.5758062
27.0 0.54237870990772830 -0.3715669 -0.3976836 -0.5579768
28.0 0.55406009924157285 -0.3591817 -0.3829244 -0.5369316
29.0 0.56571237453403433 -0.3514996 -0.3756777 -0.5311563
30.0 0.57735027890326807 -0.3460157 -0.3728774 -0.5308965
31.0 0.58898815944976501 -0.3417503 -0.3707619 -0.5309519
32.0 0.60064007609376124 -0.3382731 -0.3691548 -0.5312327
33.0 0.61231990160563299 -0.3353715 -0.3679667 -0.5317004
34.0 0.62404141500474464 -0.3329297 -0.3671474 -0.5323382
35.0 0.63581839018712483 -0.3308791 -0.3666658 -0.5331398
36.0 0.64766468140925815 -0.3291764 -0.3665014 -0.5341049
37.0 0.65959430708758449 -0.3277919 -0.3666398 -0.5352365
38.0 0.67162153325915808 -0.3267047 -0.3670701 -0.5365409
39.0 0.68376095798003989 -0.325899 -0.3677841 -0.5380264
40.0 0.69602759790885060 -0.3253622 -0.3687748 -0.5397041
41.0 0.70843697833015451 -0.3250833 -0.3700363 -0.5415882
42.0 0.72100522791448773 -0.3250522 -0.3715632 -0.5436964
43.0 0.73374917958905994 -0.3252578 -0.3733496 -0.5460518
44.0 0.74668647900714824 -0.3256869 -0.375389 -0.548685
45.0 0.75983570225832975 -0.3263215 -0.3776727 -0.5516377
46.0 0.77321648466098036 -0.3271346 -0.3801881 -0.5549701
47.0 0.78684966272995749 -0.3280829 -0.3829148 -0.5587742
48.0 0.80075743172543956 -0.3290896 -0.3858175 -0.5632029
49.0 0.81496352157574936 -0.3300059 -0.38883 -0.5685416
50.0 0.82949339444344139 -0.3304864 -0.3918084 -0.5754313
51.0 0.84437446779034697
52.0 0.85963636751982619 -0.2978016 -0.3686494 -0.5047676
53.0 0.87531121666696521 -0.2838219 -0.3489086 -0.4675827
54.0 0.89143396621364279 -0.2677939 -0.3283718 -0.4376174
55.0 0.90804277598219907 -0.2498378 -0.3069302 -0.4102702
56.0 0.92517945528340284 -0.2303942 -0.2847576 -0.4035163
57.0 0.94288997515969897 -0.2098228 -0.2665442 -0.4208655
58.0 0.96122506680355879 -0.2048123 -0.281567 -0.4387526
59.0 0.98024092421724396 -0.2162436 -0.2965835 -0.4570599
60.0 1.0000000336490449 -0.2271254 -0.3112854 -0.4755216
61.0 1.0205721581109972 -0.2369285 -0.3251112 -0.4934091
62.0 1.0420355127918348 -0.2450646 -0.336977 -0.5084693
63.0 1.0644781770328475 -0.2518261 -0.3447778 -0.5135982
64.0 1.0879998015825072 -0.2590914 -0.3449553 -0.4958355
65.0 1.1127136872907215 -0.2616545 -0.3337592 -0.4577424
66.0 1.1387493349689228 -0.2514029 -0.3110824 -0.4136544
67.0 1.1662555983306084 -0.2293058 -0.2802039 -0.3688515
68.0 1.1954046164231349 -0.199349 -0.2442466 -0.3239968
69.0 1.2263967642726714 -0.1645062 -0.2051528 -0.2789948
70.0 1.2594669489559134 -0.1265627 -0.1640204 -0.2337203
71.0 1.2948927059181552 -0.0865679 -0.1214743 -0.2135833
72.0 1.3330047374615932 -0.0451593 -0.0778826 -0.2246694
73.0 1.3742008147382716 -0.0027456 -0.0334715 -0.236827
74.0 1.4189643903365978 0.0403934 0.0116129 -0.2500426
75.0 1.4678899319530556 0.0840496 0.0438093 -0.2643296
76.0 1.5217180473945009 0.128053 0.0385455 -0.2797193
77.0 1.5813852119866876 0.1722508 0.033344 -0.296252
78.0 1.6480958607190197 0.2164992 0.0282472 -0.3139662
79.0 1.7234297938777567 0.2606717 0.0233082 -0.3328854
80.0 1.8095073443210954 0.3047032 0.0185947 -0.353001
81.0 1.9092530122354845 0.3486962 0.0141917 -0.3742504
82.0 2.0268354180156947 0.3775178 0.0102049 -0.3964988
83.0 2.1684423371644423 0.3950376 0.006759 -0.4195384
84.0 2.3437412473608381 0.4148394 0.0039843 -0.4431386
85.0 2.5688804782633659 0.4369591 0.0019805 -0.4671915
