5.0 0.22474786951272291 -0.10079 0.42577 -0.48265 0.00246 -.90842
6.0 0.24633708657984518 -0.13325 0.37882 -0.46800 -0.01861 -.84682
7.0 0.26625119958804888 -0.16134 0.33939 -0.45522 -0.03537 -.79461
8.0 0.28485310431016619 -0.18674 0.30560 -0.44330 -0.04958 -.74890
9.0 0.30239593556098865 -0.21048 0.27634 -0.43114 -0.06239 -.70748
10.0 0.31906493487798943 -0.23306 0.25077 -0.41793 -0.07445 -.66870
11.0 0.33500078657648524 -0.25468 0.22808 -0.40323 -0.08598 -.63131
12.0 0.35031356184872481 -0.27530 0.20750 -0.38689 -0.09696 -.59439
13.0 0.36509151747647400 -0.29486 0.18845 -0.36897 -0.10726 -.55742
14.0 0.37940689731182314 -0.31331 0.17049 -0.34967 -0.11678 -.52016
15.0 0.39331989892118169 -0.33068 0.15337 -0.32920 -0.12551 -.48257
16.0 0.40688146985598445 -0.31245 0.13699 -0.30781 -0.13349 -.44480
17.0 0.42013533111630319 -0.27669 0.12129 -0.28576 -0.14078 -.40705
18.0 0.43311947504735931 -0.24073 0.10624 -0.26329 -0.14749 -.36953
19.0 0.44586729660476643 -0.20483 0.09184 -0.24060 -0.15373 -.33244
20.0 0.45840846314364242 -0.16930 0.07800 -0.21791 -0.15959 -.29591
21.0 0.47076959408630886 -0.13455 0.06456 -0.19544 -0.16519 -.26000
22.0 0.48297479998608267 -0.10134 0.05114 -0.17344 -0.17069 -.22458
23.0 0.49504611604806875 -0.07113 0.03676 -0.17630 -0.15215 -.21306
24.0 0.50700385538738835 -0.04698 0.01896 -0.18234 -0.13126 -.20130
25.0 0.51886690055881535 -0.03456 -0.00595 -0.18873 -0.10729 -.18278
26.0 0.53065294715660993 -0.03878 -0.02958 -0.19367 -0.07617 -.16409
27.0 0.54237870990772830 -0.05387 -0.04275 -0.19716 -0.04655 -.15441
28.0 0.55406009924157285 -0.07255 -0.05140 -0.20046 -0.02043 -.14906
29.0 0.56571237453403433 -0.09222 -0.05830 -0.20369 0.00380 -.14539
30.0 0.57735027890326807 -0.11197 -0.06419 -0.20679 0.02701 -.14260
31.0 0.58898815944976501 -0.13143 -0.06931 -0.20969 0.04960 -.14038
32.0 0.60064007609376124 -0.15045 -0.07376 -0.21236 0.07171 -.13860
33.0 0.61231990160563299 -0.16894 -0.07758 -0.21479 0.09329 -.13721
34.0 0.62404141500474464 -0.18688 -0.08081 -0.21697 0.11410 -.13616
35.0 0.63581839018712483 -0.20428 -0.08346 -0.21889 0.13347 -.13543
36.0 0.64766468140925815 -0.22115 -0.08555 -0.22054 0.15006 -.13499
37.0 0.65959430708758449 -0.23751 -0.08708 -0.22193 0.16168 -.13485
38.0 0.67162153325915808 -0.25337 -0.08808 -0.22306 0.16710 -.13498
39.0 0.68376095798003989 -0.26877 -0.08853 -0.22394 0.16778 -.13541
40.0 0.69602759790885060 -0.28372 -0.08846 -0.22455 0.16599 -.13609
41.0 0.70843697833015451 -0.29824 -0.08786 -0.22490 0.16314 -.13704
42.0 0.72100522791448773 -0.31233 -0.08673 -0.22501 0.15992 -.13828
43.0 0.73374917958905994 -0.32592 -0.08508 -0.22486 0.15665 -.13978
44.0 0.74668647900714824 -0.33848 -0.08291 -0.22446 0.15351 -.14155
45.0 0.75983570225832975 -0.34431 -0.08023 -0.22381 0.15056 -.14358
46.0 0.77321648466098036 -0.33576 -0.07703 -0.22293 0.14785 -.14590
47.0 0.78684966272995749 -0.32421 -0.07332 -0.22182 0.14537 -.14850
48.0 0.80075743172543956 -0.31189 -0.06911 -0.22051 0.14307 -.15140
49.0 0.81496352157574936 -0.29907 -0.06442 -0.21901 0.14086 -.15459
50.0 0.82949339444344139 -0.28576 -0.05929 -0.21740 0.13845 -.15811
51.0 0.84437446779034697
52.0 0.85963636751982619 -0.25394 -0.07889 -0.19900 0.14455 -.12011
53.0 0.87531121666696521 -0.23913 -0.09958 -0.19547 0.15079 -.09589
54.0 0.89143396621364279 -0.22332 -0.11996 -0.19290 0.15517 -.07294
55.0 0.90804277598219907 -0.20678 -0.14049 -0.19055 0.15883 -.05006
56.0 0.92517945528340284 -0.18967 -0.16122 -0.18819 0.16225 -.02697
57.0 0.94288997515969897 -0.18213 -0.17207 -0.18574 0.16570 -.01367
58.0 0.96122506680355879 -0.20323 -0.15408 -0.18320 0.16935 -.02912
59.0 0.98024092421724396 -0.22461 -0.13588 -0.18057 0.17335 -.04469
60.0 1.0000000336490449 -0.24645 -0.11781 -0.17791 0.17792 -.06010
61.0 1.0205721581109972 -0.26905 -0.10051 -0.17534 0.18342 -.07483
62.0 1.0420355127918348 -0.29287 -0.08542 -0.17299 0.19083 -.08757
63.0 1.0644781770328475 -0.31779 -0.07568 -0.17077 0.20262 -.09509
64.0 1.0879998015825072 -0.34082 -0.07622 -0.16765 0.22107 -.09143
65.0 1.1127136872907215 -0.35955 -0.08895 -0.16295 0.24073 -.07400
66.0 1.1387493349689228 -0.37681 -0.11141 -0.15766 0.25662 -.04625
67.0 1.1662555983306084 -0.39459 -0.14024 -0.15242 0.26963 -.01218
68.0 1.1954046164231349 -0.41317 -0.17287 -0.14731 0.28139 .02556
69.0 1.2263967642726714 -0.40967 -0.20776 -0.14223 0.29289 .06553
70.0 1.2594669489559134 -0.39620 -0.24402 -0.13712 0.30464 .10690
71.0 1.2948927059181552 -0.38242 -0.28111 -0.13190 0.31697 .14921
72.0 1.3330047374615932 -0.36821 -0.31868 -0.12651 0.33007 .19217
73.0 1.3742008147382716 -0.35650 -0.35349 -0.12090 0.34410 .23259
74.0 1.4189643903365978 -0.39438 -0.33821 -0.11502 0.35920 .22319
75.0 1.4678899319530556 -0.43212 -0.32228 -0.10882 0.37550 .21346
76.0 1.5217180473945009 -0.46954 -0.30564 -0.10221 0.39314 .20343
77.0 1.5813852119866876 -0.50640 -0.28821 -0.09512 0.41227 .19309
78.0 1.6480958607190197 -0.54240 -0.26989 -0.08744 0.43310 .18245
79.0 1.7234297938777567 -0.57716 -0.25056 -0.07903 0.45584 .17153
80.0 1.8095073443210954 -0.61018 -0.23007 -0.06971 0.48082 .16036
81.0 1.9092530122354845 -0.64084 -0.20824 -0.05921 0.50846 .14903
82.0 2.0268354180156947 -0.66855 -0.18478 -0.04720 0.53936 .13758
83.0 2.1684423371644423 -0.69294 -0.15925 -0.03313 0.57438 .12612
84.0 2.3437412473608381 -0.71426 -0.13089 -0.01620 0.61483 .11469
85.0 2.5688804782633659 -0.73311 -0.09826 0.00501 0.66269 .10327
