5.0 0.22474786951272291 -1.87743904986
6.0 0.24633708657984518 -2.55117042117
7.0 0.26625119958804888 -3.04720102523
8.0 0.28485310431016619 -3.42411512809
9.0 0.30239593556098865 -3.71688550699
10.0 0.31906493487798943 -3.94783200054
11.0 0.33500078657648524 -4.13186373128
12.0 0.35031356184872481 -4.27923948257
13.0 0.36509151747647400 -4.39716813244
14.0 0.37940689731182314 -4.49081890659
15.0 0.39331989892118169 -4.56399257662
16.0 0.40688146985598445 -4.61957492924
17.0 0.42013533111630319 -4.65984367453
18.0 0.43311947504735931 -4.68667958488
19.0 0.44586729660476643 -4.70172325640
20.0 0.45840846314364242 -4.70651754602
21.0 0.47076959408630886 -4.70269048600
22.0 0.48297479998608267 -4.69229242232
23.0 0.49504611604806875 -4.67859422213
24.0 0.50700385538738835 -4.66818979070
25.0 0.51886690055881535 -4.67500294587
26.0 0.53065294715660993 -4.71249227334
27.0 0.54237870990772830 -4.76798095208
28.0 0.55406009924157285 -4.82611235393
29.0 0.56571237453403433 -4.88155797181
30.0 0.57735027890326807 -4.93272684865
31.0 0.58898815944976501 -4.97919006988
32.0 0.60064007609376124 -5.02093039189
33.0 0.61231990160563299 -5.05808857956
34.0 0.62404141500474464 -5.09086435087
35.0 0.63581839018712483 -5.11947343519
36.0 0.64766468140925815 -5.14412760059
37.0 0.65959430708758449 -5.16502497370
38.0 0.67162153325915808 -5.18234529301
39.0 0.68376095798003989 -5.19624764601
40.0 0.69602759790885060 -5.20686950430
41.0 0.70843697833015451 -5.21432646478
42.0 0.72100522791448773 -5.21871240845
43.0 0.73374917958905994 -5.22009996808
44.0 0.74668647900714824 -5.21854133655
45.0 0.75983570225832975 -5.21406961979
46.0 0.77321648466098036 -5.20670125047
47.0 0.78684966272995749 -5.19644070421
48.0 0.80075743172543956 -5.18329075005
49.0 0.81496352157574936 -5.16727804494
50.0 0.82949339444344139 -5.14853243018
51.0 0.84437446779034697 -5.11595318102
52.0 0.85963636751982619 -5.13396431132
53.0 0.87531121666696521 -5.15595127401
54.0 0.89143396621364279 -5.17849002354
55.0 0.90804277598219907 -5.19968913967
56.0 0.92517945528340284 -5.21865538601
57.0 0.94288997515969897 -5.23490413475
58.0 0.96122506680355879 -5.24819231182
59.0 0.98024092421724396 -5.25850246437
60.0 1.0000000336490449 -5.26615215666
61.0 1.0205721581109972 -5.27212539977
62.0 1.0420355127918348 -5.27894966069
63.0 1.0644781770328475 -5.29277855334
64.0 1.0879998015825072 -5.32473981954
65.0 1.1127136872907215 -5.38065933685
66.0 1.1387493349689228 -5.45296142005
67.0 1.1662555983306084 -5.53196648429
68.0 1.1954046164231349 -5.61153837644
69.0 1.2263967642726714 -5.68813009409
70.0 1.2594669489559134 -5.75946061638
71.0 1.2948927059181552 -5.82379123771
72.0 1.3330047374615932 -5.87956026484
73.0 1.3742008147382716 -5.92517856962
74.0 1.4189643903365978 -5.95888952697
75.0 1.4678899319530556 -5.97864626436
76.0 1.5217180473945009 -5.98197842433
77.0 1.5813852119866876 -5.96582524226
78.0 1.6480958607190197 -5.92630716857
79.0 1.7234297938777567 -5.85839396159
80.0 1.8095073443210954 -5.75539690336
81.0 1.9092530122354845 -5.60815059330
82.0 2.0268354180156947 -5.40361778738
83.0 2.1684423371644423 -5.12235534152
84.0 2.3437412473608381 -4.73356977514
85.0 2.5688804782633659 -4.18461475994
