5.0 0.22474786951272291 0.4221701 0.0005526 -0.5587171
5.25 0.23032811073355966 0.4148907 0.0007228 -0.5571684
5.50 0.23578063841929153 0.407992 0.000928 -0.5555927
5.75 0.24111432303437602 0.4014923 0.0011721 -0.5539728
6.00 0.24633708657984518 0.3954099 0.0014591 -0.5522916
6.25 0.25145603955751983 0.389763 0.0017929 -0.5505323
6.50 0.25647759350390792 0.3845694 0.0021777 -0.5486785
6.75 0.26140755421862366 0.3798459 0.0026173 -0.5467144
7.00 0.26625119958804888 0.3756078 0.0031157 -0.5446248
7.25 0.27101334500631991 0.3718684 0.0036766 -0.5423956
7.50 0.27569839872782342 0.3686384 0.0043036 -0.5400135
7.75 0.28031040898329512 0.3659258 0.0050001 -0.5374665
8.00 0.28485310431016619 0.363735 0.0057692 -0.5347442
8.25 0.28932992825516618 0.3620669 0.0066137 -0.5318376
8.50 0.29374406938062309 0.3609185 0.0075361 -0.5287393
8.75 0.29809848732900202 0.3602828 0.0085384 -0.5254437
9.00 0.30239593556098865 0.3601486 0.0096223 -0.5219471
9.25 0.30663898127202549 0.3605012 0.010789 -0.5182476
9.50 0.31083002290405076 0.3613219 0.0120394 -0.5143449
9.75 0.31497130559833353 0.362589 0.0133738 -0.5102405
10.00 0.31906493487798943 0.3642776 0.0147922 -0.5059374
10.25 0.32311288880213562 0.3663604 0.016294 -0.50144
10.50 0.32711702879550453 0.3681775 0.0178784 -0.496754
10.75 0.33107910932596624 0.3559639 0.019544 -0.491886
11.00 0.33500078657648524 0.3439172 0.021289 -0.4868435
11.25 0.33888362623650670 0.3320389 0.0231113 -0.4816346
11.50 0.34272911051981081 0.3203305 0.0250081 -0.476268
11.75 0.34653864450082428 0.3087936 0.0269764 -0.4707525
12.00 0.35031356184872481 0.2974301 0.0290125 -0.4650973
12.25 0.35405513002798283 0.2862415 0.0311122 -0.4593115
12.50 0.35776455502492738 0.2752295 0.0332706 -0.4534041
12.75 0.36144298565221100 0.2643952 0.035482 -0.4473839
13.00 0.36509151747647400 0.2537399 0.0377396 -0.4412598
13.25 0.36871119640886968 0.2432643 0.0400355 -0.4350399
13.50 0.37230302199327187 0.232969 0.04236 -0.4287325
13.75 0.37586795042281695 0.2228544 0.0447015 -0.4223453
14.00 0.37940689731182314 0.2129204 0.0470455 -0.4158856
14.25 0.38292074024700901 0.2031668 0.0493741 -0.4093606
14.50 0.38641032113921558 0.1935931 0.0516644 -0.4027769
14.75 0.38987644839447261 0.1841987 0.0538869 -0.3961409
15.00 0.39331989892118169 0.1749826 0.0560035 -0.3894588
15.25 0.39674141998838264 0.1659437 0.0579639 -0.3827363
15.50 0.40014173094847860 0.1570808 0.0597025 -0.375979
15.75 0.40352152483640419 0.1483925 0.0611337 -0.3691923
16.00 0.40688146985598445 0.1398773 0.0621491 -0.3623813
16.25 0.41022221076315113 0.1315336 0.0626187 -0.355551
16.50 0.41354437015471773 0.1233596 0.0624012 -0.3487062
16.75 0.41684854967056112 0.1153536 0.0613684 -0.3418519
17.00 0.42013533111630319 0.1075137 0.0594409 -0.3349927
17.25 0.42340527751290741 0.0998382 0.0566176 -0.3281335
17.50 0.42665893407900496 0.0923252 0.0529783 -0.3212793
17.75 0.42989682915123001 0.0849727 0.0486574 -0.314435
18.00 0.43311947504735931 0.0777788 0.0438065 -0.3076058
18.25 0.43632736887662232 0.0707418 0.0385671 -0.3007974
18.50 0.43952099330116196 0.0638596 0.033057 -0.2940157
18.75 0.44270081725227745 0.0571305 0.0273687 -0.2872669
19.00 0.44586729660476643 0.0505526 0.0215722 -0.2805582
19.25 0.44902087481240505 0.0441242 0.0157199 -0.2738973
19.50 0.45216198350734593 0.0378435 0.0098507 -0.2672928
19.75 0.45529104306598517 0.0317087 0.0039934 -0.2607546
20.00 0.45840846314364242 0.0257182 -0.0018303 -0.2542938
20.25 0.46151464318020630 0.0198704 -0.0076043 -0.2479232
20.50 0.46460997287872730 0.0141636 -0.0133164 -0.2416578
20.75 0.46769483265878409 0.0085963 -0.0189574 -0.2355149
21.00 0.47076959408630886 0.0031669 -0.0245204 -0.2295149
21.25 0.47383462028142359 0.0041597 -0.0281278 -0.2212965
21.50 0.47689026630572684 0.0134453 -0.0289586 -0.2103621
21.75 0.47993687953036013 0.0212931 -0.0297881 -0.2005436
22.00 0.48297479998608267 0.0276765 -0.0306081 -0.1919903
22.25 0.48600436069649899 0.032593 -0.0314075 -0.1849676
22.50 0.48902588799549546 0.0360906 -0.0321717 -0.1798655
22.75 0.49203970182987000 0.0382963 -0.0328812 -0.1770416
23.00 0.49504611604806875 0.0394329 -0.0335122 -0.1764244
23.25 0.49804543867587991 0.0398061 -0.0340383 -0.1772789
23.50 0.50103797217987622 0.0397361 -0.0344361 -0.1785487
23.75 0.50402401371934424 0.0394421 -0.0346944 -0.1793298
24.00 0.50700385538738835 0.0389357 -0.0348207 -0.1790436
24.25 0.50997778444185260 0.0380045 -0.0348419 -0.177399
24.50 0.51294608352666027 0.0363036 -0.0347962 -0.1742875
24.75 0.51590903088413309 0.0334876 -0.0347238 -0.1696793
25.00 0.51886690055881535 0.0293088 -0.0346611 -0.1635419
25.25 0.52181996259329522 0.0236588 -0.0346394 -0.1557852
25.50 0.52476848321648584 0.0165727 -0.0346875 -0.1462276
25.75 0.52771272502479782 0.0082298 -0.0348364 -0.134608
26.00 0.53065294715660993 0.0004912 -0.0346029 -0.1219616
26.25 0.53358940546042311 0.0051784 -0.0299539 -0.1179397
26.50 0.53652235265705239 0.0098357 -0.0253444 -0.1140398
26.75 0.53945203849620049 0.0144622 -0.0207746 -0.1102581
27.00 0.54237870990772830 0.0190568 -0.0162446 -0.1065913
27.25 0.54530261114792489 0.023619 -0.0117547 -0.1030362
27.50 0.54822398394106098 0.0281482 -0.0073049 -0.0995899
27.75 0.55114306761649301 0.0326439 -0.0028952 -0.0962497
28.00 0.55406009924157285 0.0371058 0.0014742 -0.0930128
28.25 0.55697531375060216 0.0415338 0.0058034 -0.0898768
28.50 0.55988894407005929 0.0459276 0.0100924 -0.086839
28.75 0.56280122124031395 0.0502871 0.0143413 -0.083897
29.00 0.56571237453403433 0.0546124 0.0185499 -0.0810484
29.25 0.56862263157148163 0.0589033 0.0227183 -0.0782907
29.50 0.57153221843287527 0.0631599 0.0268467 -0.0756214
29.75 0.57444135976800692 0.0673823 0.0309348 -0.0730381
30.00 0.57735027890326807 0.0715705 0.0349828 -0.0705384
30.25 0.58025919794625369 0.0757247 0.0389906 -0.0681198
30.50 0.58316833788809341 0.0798449 0.0429582 -0.0657801
30.75 0.58607791870365555 0.0839312 0.0468855 -0.0635168
31.00 0.58898815944976501 0.0879838 0.0507725 -0.0613275
31.25 0.59189927836156764 0.0920029 0.054619 -0.05921
31.50 0.59481149294717062 0.0959886 0.058425 -0.057162
31.75 0.59772502008068074 0.0999409 0.0621903 -0.0551814
32.00 0.60064007609376124 0.1038601 0.0659147 -0.0532658
32.25 0.60355687686581816 0.1077463 0.0695981 -0.0514133
32.50 0.60647563791293169 0.1115997 0.0732401 -0.0496218
32.75 0.60939657447563289 0.1154204 0.0768407 -0.0478893
33.00 0.61231990160563299 0.1192084 0.0803994 -0.046214
33.25 0.61524583425160395 0.122964 0.0839159 -0.044594
33.50 0.61817458734410646 0.1266874 0.08739 -0.0430275
33.75 0.62110637587975959 0.1303785 0.0908211 -0.041513
34.00 0.62404141500474464 0.1340375 0.0942089 -0.0400488
34.25 0.62697992009773107 0.1376645 0.0975529 -0.0386335
34.50 0.62992210685231265 0.1412597 0.1008525 -0.0372654
34.75 0.63286819135903882 0.1448231 0.1041072 -0.0359434
35.00 0.63581839018712483 0.1483547 0.1073164 -0.034666
35.25 0.63877292046592293 0.1518548 0.1104794 -0.0334321
35.50 0.64173199996623487 0.1553233 0.1135954 -0.0322404
35.75 0.64469584718154593 0.1587602 0.1166637 -0.03109
36.00 0.64766468140925815 0.1621657 0.1196835 -0.0299797
36.25 0.65063872283200119 0.1655397 0.1226538 -0.0289085
36.50 0.65361819259909770 0.1688823 0.1255737 -0.0278756
36.75 0.65660331290825846 0.1721935 0.1284422 -0.0268801
37.00 0.65959430708758449 0.1754732 0.131258 -0.0259211
37.25 0.66259139967795155 0.1787215 0.1340201 -0.0249979
37.50 0.66559481651585173 0.1819382 0.1367271 -0.0241098
37.75 0.66860478481676788 0.1851233 0.1393777 -0.0232561
38.00 0.67162153325915808 0.1882767 0.1419704 -0.0224362
38.25 0.67464529206912238 0.1913983 0.1445037 -0.0216494
38.50 0.67767629310583211 0.194488 0.146976 -0.0208953
38.75 0.68071476994779589 0.1975455 0.1493855 -0.0201732
39.00 0.68376095798003989 0.2005707 0.1517303 -0.0194828
39.25 0.68681509448228206 0.2035632 0.1540086 -0.0188235
39.50 0.68987741871817743 0.2065227 0.1562183 -0.018195
39.75 0.69294817202571524 0.2094488 0.1583571 -0.0175968
40.00 0.69602759790885060 0.2123411 0.1604229 -0.0170286
40.25 0.69911594213045092 0.2151989 0.1624132 -0.01649
40.50 0.70221345280664171 0.2180216 0.1643255 -0.0159808
40.75 0.70532038050263912 0.2208082 0.1661573 -0.0155006
41.00 0.70843697833015451 0.2235576 0.1679059 -0.0150492
41.25 0.71156350204645979 0.2262686 0.1695685 -0.0146262
41.50 0.71470021015520846 0.2289393 0.1711422 -0.0142316
41.75 0.71784736400909988 0.2315675 0.1726243 -0.0138651
42.00 0.72100522791448773 0.2341505 0.1740118 -0.0135264
42.25 0.72417406923802852 0.2366844 0.1753018 -0.0132154
42.50 0.72735415851547003 0.2391643 0.1764914 -0.012932
42.75 0.73054576956268569 0.2415832 0.1775778 -0.012676
43.00 0.73374917958905994 0.2439317 0.1785584 -0.0124473
43.25 0.73696466931333482 0.2461962 0.1794304 -0.0122457
43.50 0.74019252308203054 0.2483571 0.1801916 -0.0120712
43.75 0.74343302899055930 0.2503855 0.1808397 -0.0119237
44.00 0.74668647900714824 0.2522379 0.1813726 -0.0118031
44.25 0.74995316909970178 0.2538506 0.181789 -0.0117093
44.50 0.75323339936572720 0.2551333 0.1820873 -0.0116425
44.75 0.75652747416546084 0.2559743 0.1822667 -0.0116023
45.00 0.75983570225832975 0.2562694 0.1823266 -0.0115889
45.25 0.76315839694289456 0.2559743 0.1822667 -0.0116023
45.50 0.76649587620041937 0.2551333 0.1820873 -0.0116425
45.75 0.76984846284222430 0.2538506 0.181789 -0.0117093
46.00 0.77321648466098036 0.2522379 0.1813726 -0.0118031
46.25 0.77660027458611014 0.2503855 0.1808396 -0.0119237
46.50 0.78000017084346973 0.2483571 0.1801916 -0.0120712
46.75 0.78341651711948912 0.2461962 0.1794304 -0.0122457
47.00 0.78684966272995749 0.2439317 0.1785584 -0.0124473
47.25 0.79029996279364645 0.2415832 0.1775778 -0.012676
47.50 0.79376777841097601 0.2391643 0.1764914 -0.012932
47.75 0.79725347684792980 0.2366844 0.1753018 -0.0132154
48.00 0.80075743172543956 0.2341505 0.1740118 -0.0135264
48.25 0.80428002321446923 0.2315675 0.1726243 -0.0138651
48.50 0.80782163823703412 0.2289393 0.1711422 -0.0142316
48.75 0.81138267067340353 0.2262686 0.1695685 -0.0146263
49.00 0.81496352157574936 0.2235576 0.1679059 -0.0150492
49.25 0.81856459938850701 0.2208082 0.1661573 -0.0155006
49.50 0.82218632017573356 0.2180216 0.1643255 -0.0159808
49.75 0.82582910785575958 0.2151989 0.1624132 -0.01649
50.00 0.82949339444344139 0.2123411 0.1604229 -0.0170286
50.25 0.83317962030033754 0.2094488 0.1583571 -0.0175968
50.50 0.83688823439314863 0.2065227 0.1562183 -0.018195
50.75 0.84061969456077290 0.2035632 0.1540086 -0.0188235
51.00 0.84437446779034697 0.2005707 0.1517303 -0.0194828
51.25 0.84815303050266300 0.1975455 0.1493855 -0.0201732
51.50 0.85195586884736429 0.194488 0.146976 -0.0208953
51.75 0.85578347900834917 0.1913983 0.1445037 -0.0216494
52.00 0.85963636751982619 0.1882767 0.1419704 -0.0224362
52.25 0.86351505159349251 0.1851233 0.1393777 -0.0232561
52.50 0.86742005945732381 0.1819382 0.1367271 -0.0241098
52.75 0.87135193070649397 0.1787215 0.1340201 -0.0249979
53.00 0.87531121666696521 0.1754732 0.131258 -0.0259211
53.25 0.87929848077231665 0.1721935 0.1284422 -0.0268801
53.50 0.88331429895441260 0.1688823 0.1255737 -0.0278756
53.75 0.88735926004853483 0.1655397 0.1226538 -0.0289085
54.00 0.89143396621364279 0.1621657 0.1196835 -0.0299797
54.25 0.89553903336845653 0.1587602 0.1166637 -0.03109
54.50 0.89967509164409376 0.1553233 0.1135954 -0.0322404
54.75 0.90384278585403033 0.1518548 0.1104794 -0.0334321
55.00 0.90804277598219907 0.1483547 0.1073164 -0.034666
55.25 0.91227573769007742 0.1448231 0.1041072 -0.0359434
55.50 0.91654236284366797 0.1412597 0.1008525 -0.0372654
55.75 0.92084336006132139 0.1376645 0.0975529 -0.0386335
56.00 0.92517945528340284 0.1340375 0.0942089 -0.0400489
56.25 0.92955139236486140 0.1303785 0.0908211 -0.041513
56.50 0.93395993369181618 0.1266873 0.08739 -0.0430276
56.75 0.93840586082334254 0.122964 0.0839159 -0.044594
57.00 0.94288997515969897 0.1192084 0.0803994 -0.046214
57.25 0.94741309863831702 0.1154203 0.0768406 -0.0478893
57.50 0.95197607445894206 0.1115997 0.0732401 -0.0496218
57.75 0.95657976783940157 0.1077463 0.069598 -0.0514133
58.00 0.96122506680355879 0.1038601 0.0659147 -0.0532658
58.25 0.96591288300310196 0.0999409 0.0621903 -0.0551814
58.50 0.97064415257492132 0.0959886 0.058425 -0.057162
58.75 0.97541983703592194 0.0920029 0.054619 -0.05921
59.00 0.98024092421724396 0.0879838 0.0507725 -0.0613275
59.25 0.98510842923997155 0.0839312 0.0468855 -0.0635168
59.50 0.99002339553454166 0.0798448 0.0429582 -0.0657801
59.75 0.99498689590620693 0.0757247 0.0389906 -0.0681198
60.00 1.0000000336490449 0.0715705 0.0349828 -0.0705384
60.25 1.0050639437111659 0.0673823 0.0309348 -0.0730381
60.50 1.0101797939139427 0.0631599 0.0268466 -0.0756214
60.75 1.0153487862282633 0.0589033 0.0227183 -0.0782907
61.00 1.0205721581109972 0.0546124 0.0185499 -0.0810484
61.25 1.0258511839050852 0.0502871 0.0143412 -0.0838971
61.50 1.0311871763068714 0.0459276 0.0100924 -0.086839
61.75 1.0365814879045478 0.0415338 0.0058034 -0.0898768
62.00 1.0420355127918348 0.0371058 0.0014742 -0.0930128
62.25 1.0475506882612993 0.0326439 -0.0028952 -0.0962497
62.50 1.0531284965820111 0.0281482 -0.0073049 -0.0995899
62.75 1.0587704668665670 0.023619 -0.0117547 -0.1030362
63.00 1.0644781770328475 0.0190568 -0.0162446 -0.1065913
63.25 1.0702532558662603 0.0144621 -0.0207746 -0.1102581
63.50 1.0760973851886237 0.0098357 -0.0253444 -0.1140398
63.75 1.0820123021402799 0.0051784 -0.029954 -0.1179397
64.00 1.0879998015825072 0.0004912 -0.0346029 -0.1219616
64.25 1.0940617386278098 0.0082298 -0.0348364 -0.134608
64.50 1.1002000313062268 0.0165727 -0.0346875 -0.1462276
64.75 1.1064166633763877 0.0236589 -0.0346394 -0.1557852
65.00 1.1127136872907215 0.0293088 -0.0346611 -0.1635419
65.25 1.1190932273249123 0.0334876 -0.0347238 -0.1696793
65.50 1.1255574828824770 0.0363036 -0.0347962 -0.1742875
65.75 1.1321087319861824 0.0380045 -0.0348419 -0.177399
66.00 1.1387493349689228 0.0389357 -0.0348207 -0.1790436
66.25 1.1454817383776770 0.0394421 -0.0346944 -0.1793298
66.50 1.1523084791052536 0.0397361 -0.0344361 -0.1785487
66.75 1.1592321887657087 0.0398061 -0.0340383 -0.1772789
67.00 1.1662555983306084 0.0394329 -0.0335122 -0.1764244
67.25 1.1733815430447392 0.0382963 -0.0328812 -0.1770416
67.50 1.1806129676413906 0.0360906 -0.0321717 -0.1798655
67.75 1.1879529318790409 0.032593 -0.0314075 -0.1849676
68.00 1.1954046164231349 0.0276765 -0.0306081 -0.1919903
68.25 1.2029713290986654 0.0212931 -0.0297881 -0.2005436
68.50 1.2106565115415191 0.0134453 -0.0289586 -0.2103621
68.75 1.2184637462790018 0.0041597 -0.0281278 -0.2212966
69.00 1.2263967642726714 0.0031669 -0.0245204 -0.229515
69.25 1.2344594529595776 0.0085963 -0.0189574 -0.235515
69.50 1.2426558648313226 0.0141636 -0.0133164 -0.2416578
69.75 1.2509902265939778 0.0198704 -0.0076043 -0.2479232
70.00 1.2594669489559134 0.0257182 -0.0018303 -0.2542938
70.25 1.2680906370950717 0.0317087 0.0039934 -0.2607546
70.50 1.2768661018621295 0.0378435 0.0098507 -0.2672929
70.75 1.2857983717814927 0.0441242 0.0157199 -0.2738973
71.00 1.2948927059181552 0.0505526 0.0215722 -0.2805583
71.25 1.3041546076852373 0.0571305 0.0273687 -0.287267
71.50 1.3135898396745678 0.0638596 0.033057 -0.2940157
71.75 1.3232044396011293 0.0707418 0.0385671 -0.3007974
72.00 1.3330047374615932 0.0777788 0.0438065 -0.3076059
72.25 1.3429973740177321 0.0849727 0.0486574 -0.314435
72.50 1.3531893207273342 0.0923252 0.0529783 -0.3212793
72.75 1.3635879012585173 0.0998382 0.0566176 -0.3281336
73.00 1.3742008147382716 0.1075137 0.0594409 -0.3349927
73.25 1.3850361609029067 0.1153536 0.0613684 -0.3418519
73.50 1.3961024673370386 0.1233596 0.0624012 -0.3487063
73.75 1.4074087190092159 0.1315336 0.0626187 -0.355551
74.00 1.4189643903365978 0.1398773 0.0621491 -0.3623813
74.25 1.4307794800386300 0.1483925 0.0611336 -0.3691924
74.50 1.4428645490710084 0.1570808 0.0597025 -0.3759791
74.75 1.4552307619668963 0.1659437 0.0579639 -0.3827363
75.00 1.4678899319530556 0.1749826 0.0560035 -0.3894588
75.25 1.4808545702551064 0.1841987 0.0538869 -0.3961409
75.50 1.4941379400594756 0.1935931 0.0516644 -0.4027769
75.75 1.5077541156608558 0.2031668 0.0493741 -0.4093606
76.00 1.5217180473945009 0.2129204 0.0470455 -0.4158856
76.25 1.5360456330340897 0.2228544 0.0447014 -0.4223453
76.50 1.5507537964299845 0.232969 0.04236 -0.4287326
76.75 1.5658605742718710 0.2432643 0.0400354 -0.43504
77.00 1.5813852119866876 0.2537399 0.0377396 -0.4412598
77.25 1.5973482699307082 0.2643952 0.035482 -0.447384
77.50 1.6137717412076256 0.2752295 0.0332706 -0.4534041
77.75 1.6306791826473761 0.2862415 0.0311122 -0.4593115
78.00 1.6480958607190197 0.2974301 0.0290125 -0.4650974
78.25 1.6660489144325314 0.3087936 0.0269764 -0.4707526
78.50 1.6845675376176648 0.3203305 0.0250081 -0.476268
78.75 1.7036831833639368 0.3320389 0.0231113 -0.4816346
79.00 1.7234297938777567 0.3439172 0.021289 -0.4868435
79.25 1.7438440595774944 0.3559639 0.019544 -0.491886
79.50 1.7649657119256603 0.3681775 0.0178784 -0.496754
79.75 1.7868378553155890 0.3663604 0.016294 -0.50144
80.00 1.8095073443210954 0.3642775 0.0147922 -0.5059374
80.25 1.8330252138232914 0.3625889 0.0133738 -0.5102405
80.50 1.8574471710024862 0.3613219 0.0120394 -0.5143449
80.75 1.8828341599932619 0.3605011 0.010789 -0.5182476
81.00 1.9092530122354845 0.3601486 0.0096223 -0.5219472
81.25 1.9367771983277440 0.3602827 0.0085384 -0.5254437
81.50 1.9654877006520655 0.3609185 0.0075361 -0.5287393
81.75 1.9954740303864316 0.3620669 0.0066137 -0.5318376
82.00 2.0268354180156947 0.363735 0.0057692 -0.5347443
82.25 2.0596822134404817 0.3659258 0.0050001 -0.5374665
82.50 2.0941375407372735 0.3686384 0.0043036 -0.5400135
82.75 2.1303392641794385 0.3718684 0.0036766 -0.5423956
83.00 2.1684423371644423 0.3756078 0.0031157 -0.5446249
83.25 2.2086216254199424 0.3798459 0.0026173 -0.5467144
83.50 2.2510753219802888 0.3845694 0.0021777 -0.5486786
83.75 2.2960291063410230 0.3897629 0.0017929 -0.5505324
84.00 2.3437412473608381 0.3954098 0.0014591 -0.5522917
84.25 2.3945089138952178 0.4014923 0.0011721 -0.5539728
84.50 2.4486760461856742 0.407992 0.000928 -0.5555927
84.75 2.5066432657105051 0.4148906 0.0007228 -0.5571684
