5.0 0.22474786951272291 -0.73934 -0.72373 -0.21961 -0.15037 0.62522 0.70839 .06924
5.25 0.23032811073355966 -0.73676 -0.71799 -0.22006 -0.14893 0.60922 0.69915 .07113
5.50 0.23578063841929153 -0.73447 -0.71235 -0.22046 -0.14741 0.59380 0.69043 .07305
5.75 0.24111432303437602 -0.73245 -0.70680 -0.22079 -0.14583 0.57892 0.68217 .07496
6.00 0.24633708657984518 -0.73069 -0.70137 -0.22106 -0.14416 0.56453 0.67429 .07690
6.25 0.25145603955751983 -0.72919 -0.69604 -0.22128 -0.14241 0.55059 0.66676 .07887
6.50 0.25647759350390792 -0.72793 -0.69084 -0.22143 -0.14057 0.53706 0.65951 .08086
6.75 0.26140755421862366 -0.72691 -0.68577 -0.22153 -0.13862 0.52391 0.65252 .08291
7.00 0.26625119958804888 -0.72613 -0.68084 -0.22158 -0.13657 0.51110 0.64574 .08501
7.25 0.27101334500631991 -0.72557 -0.67604 -0.22158 -0.13441 0.49862 0.63913 .08717
7.50 0.27569839872782342 -0.72523 -0.67140 -0.22152 -0.13213 0.48642 0.63267 .08939
7.75 0.28031040898329512 -0.72510 -0.66690 -0.22142 -0.12973 0.47449 0.62634 .09169
8.00 0.28485310431016619 -0.72519 -0.66256 -0.22127 -0.12720 0.46280 0.62010 .09407
8.25 0.28932992825516618 -0.72548 -0.65838 -0.22108 -0.12455 0.45134 0.61395 .09653
8.50 0.29374406938062309 -0.72596 -0.65435 -0.22085 -0.12176 0.44009 0.60785 .09909
8.75 0.29809848732900202 -0.72663 -0.65049 -0.22058 -0.11885 0.42903 0.60181 .10173
9.00 0.30239593556098865 -0.72748 -0.64679 -0.22028 -0.11581 0.41816 0.59581 .10447
9.25 0.30663898127202549 -0.72850 -0.64325 -0.21996 -0.11263 0.40746 0.58983 .10733
9.50 0.31083002290405076 -0.72968 -0.63987 -0.21960 -0.10933 0.39693 0.58388 .11027
9.75 0.31497130559833353 -0.73101 -0.63664 -0.21923 -0.10589 0.38655 0.57795 .11334
10.00 0.31906493487798943 -0.73248 -0.63357 -0.21883 -0.10234 0.37633 0.57204 .11649
10.25 0.32311288880213562 -0.73409 -0.63065 -0.21842 -0.09866 0.36625 0.56614 .11976
10.50 0.32711702879550453 -0.73582 -0.62786 -0.21799 -0.09485 0.35633 0.56026 .12314
10.75 0.33107910932596624 -0.73765 -0.62522 -0.21756 -0.09094 0.34655 0.55440 .12662
11.00 0.33500078657648524 -0.73959 -0.62270 -0.21712 -0.08691 0.33691 0.54855 .13021
11.25 0.33888362623650670 -0.74161 -0.62031 -0.21667 -0.08278 0.32742 0.54273 .13389
11.50 0.34272911051981081 -0.74372 -0.61804 -0.21623 -0.07855 0.31808 0.53694 .13768
11.75 0.34653864450082428 -0.74589 -0.61589 -0.21578 -0.07421 0.30889 0.53117 .14157
12.00 0.35031356184872481 -0.74812 -0.61384 -0.21533 -0.06979 0.29985 0.52543 .14554
12.25 0.35405513002798283 -0.75040 -0.61189 -0.21489 -0.06529 0.29096 0.51974 .14960
12.50 0.35776455502492738 -0.75272 -0.61003 -0.21445 -0.06070 0.28223 0.51408 .15375
12.75 0.36144298565221100 -0.75507 -0.60826 -0.21402 -0.05604 0.27366 0.50846 .15798
13.00 0.36509151747647400 -0.75744 -0.60657 -0.21360 -0.05131 0.26525 0.50290 .16229
13.25 0.36871119640886968 -0.75983 -0.60497 -0.21318 -0.04651 0.25701 0.49738 .16667
13.50 0.37230302199327187 -0.76223 -0.60343 -0.21277 -0.04166 0.24893 0.49192 .17111
13.75 0.37586795042281695 -0.76463 -0.60196 -0.21237 -0.03676 0.24103 0.48652 .17561
14.00 0.37940689731182314 -0.76702 -0.60055 -0.21198 -0.03182 0.23331 0.48118 .18016
14.25 0.38292074024700901 -0.76941 -0.59920 -0.21159 -0.02685 0.22577 0.47589 .18474
14.50 0.38641032113921558 -0.77178 -0.59790 -0.21122 -0.02184 0.21842 0.47068 .18938
14.75 0.38987644839447261 -0.77414 -0.59665 -0.21085 -0.01682 0.21126 0.46552 .19403
15.00 0.39331989892118169 -0.77647 -0.59545 -0.21049 -0.01180 0.20431 0.46044 .19869
15.25 0.39674141998838264 -0.77877 -0.59429 -0.21014 -0.00678 0.19757 0.45542 .20336
15.50 0.40014173094847860 -0.78104 -0.59317 -0.20980 -0.00178 0.19106 0.45048 .20802
15.75 0.40352152483640419 -0.78328 -0.59209 -0.20947 0.00318 0.18479 0.44561 .21265
16.00 0.40688146985598445 -0.78548 -0.59104 -0.20914 0.00809 0.17878 0.44081 .21723
16.25 0.41022221076315113 -0.78764 -0.59002 -0.20882 0.01291 0.17304 0.43608 .22173
16.50 0.41354437015471773 -0.78976 -0.58904 -0.20851 0.01762 0.16761 0.43143 .22613
16.75 0.41684854967056112 -0.79183 -0.58807 -0.20820 0.02219 0.16252 0.42685 .23039
17.00 0.42013533111630319 -0.79386 -0.58714 -0.20790 0.02657 0.15781 0.42234 .23447
17.25 0.42340527751290741 -0.79584 -0.58622 -0.20761 0.03070 0.15352 0.41791 .23831
17.50 0.42665893407900496 -0.79777 -0.58533 -0.20732 0.03454 0.14973 0.41355 .24186
17.75 0.42989682915123001 -0.79965 -0.58445 -0.20704 0.03800 0.14649 0.40927 .24504
18.00 0.43311947504735931 -0.80147 -0.58360 -0.20676 0.04101 0.14388 0.40506 .24777
18.25 0.43632736887662232 -0.80325 -0.58276 -0.20648 0.04349 0.14197 0.40093 .24997
18.50 0.43952099330116196 -0.80497 -0.58193 -0.20621 0.04537 0.14084 0.39687 .25158
18.75 0.44270081725227745 -0.80663 -0.58112 -0.20595 0.04661 0.14053 0.39288 .25256
19.00 0.44586729660476643 -0.80824 -0.58032 -0.20568 0.04717 0.14107 0.38897 .25285
19.25 0.44902087481240505 -0.80980 -0.57954 -0.20542 0.04707 0.14244 0.38513 .25249
19.50 0.45216198350734593 -0.81129 -0.57876 -0.20516 0.04636 0.14458 0.38136 .25152
19.75 0.45529104306598517 -0.81273 -0.57799 -0.20491 0.04510 0.14743 0.37767 .25001
20.00 0.45840846314364242 -0.81411 -0.57724 -0.20466 0.04339 0.15090 0.37404 .24805
20.25 0.46151464318020630 -0.81544 -0.57649 -0.20441 0.04131 0.15490 0.37049 .24572
20.50 0.46460997287872730 -0.81671 -0.57575 -0.20416 0.03892 0.15936 0.36700 .24308
20.75 0.46769483265878409 -0.81791 -0.57501 -0.20391 0.03632 0.16419 0.36359 .24023
21.00 0.47076959408630886 -0.81907 -0.57429 -0.20367 0.03354 0.16935 0.36024 .23721
21.25 0.47383462028142359 -0.81809 -0.57227 -0.20471 0.03119 0.17635 0.35877 .23590
21.50 0.47689026630572684 -0.81404 -0.56848 -0.20758 0.02956 0.18594 0.36001 .23714
21.75 0.47993687953036013 -0.80999 -0.56485 -0.21038 0.02790 0.19583 0.36131 .23828
22.00 0.48297479998608267 -0.80591 -0.56136 -0.21311 0.02622 0.20600 0.36270 .23933
22.25 0.48600436069649899 -0.80182 -0.55799 -0.21579 0.02454 0.21644 0.36418 .24033
22.50 0.48902588799549546 -0.79772 -0.55474 -0.21842 0.02286 0.22712 0.36575 .24128
22.75 0.49203970182987000 -0.79361 -0.55158 -0.22101 0.02119 0.23801 0.36743 .24220
23.00 0.49504611604806875 -0.78951 -0.54852 -0.22357 0.01956 0.24906 0.36918 .24313
23.25 0.49804543867587991 -0.78547 -0.54557 -0.22612 0.01798 0.26020 0.37097 .24410
23.50 0.50103797217987622 -0.78153 -0.54276 -0.22867 0.01647 0.27134 0.37273 .24514
23.75 0.50402401371934424 -0.77777 -0.54012 -0.23121 0.01507 0.28237 0.37436 .24628
24.00 0.50700385538738835 -0.77425 -0.53770 -0.23375 0.01379 0.29320 0.37579 .24754
24.25 0.50997778444185260 -0.77099 -0.53552 -0.23627 0.01262 0.30377 0.37696 .24889
24.50 0.51294608352666027 -0.76803 -0.53360 -0.23877 0.01155 0.31408 0.37786 .25032
24.75 0.51590903088413309 -0.76534 -0.53191 -0.24125 0.01054 0.32413 0.37849 .25179
25.00 0.51886690055881535 -0.76292 -0.53044 -0.24371 0.00958 0.33397 0.37888 .25329
25.25 0.52181996259329522 -0.76071 -0.52917 -0.24617 0.00862 0.34362 0.37908 .25479
25.50 0.52476848321648584 -0.75869 -0.52806 -0.24863 0.00763 0.35317 0.37907 .25626
25.75 0.52771272502479782 -0.75682 -0.52710 -0.25114 0.00656 0.36283 0.37874 .25770
26.00 0.53065294715660993 -0.75539 -0.52637 -0.25384 0.00568 0.37413 0.37600 .25952
26.25 0.53358940546042311 -0.75694 -0.52669 -0.25746 0.00763 0.37284 0.38065 .26509
26.50 0.53652235265705239 -0.75848 -0.52699 -0.26102 0.00959 0.36969 0.38716 .27061
26.75 0.53945203849620049 -0.76000 -0.52729 -0.26453 0.01155 0.36656 0.39367 .27608
27.00 0.54237870990772830 -0.76150 -0.52757 -0.26799 0.01350 0.36344 0.40016 .28149
27.25 0.54530261114792489 -0.76297 -0.52784 -0.27140 0.01546 0.36033 0.40665 .28686
27.50 0.54822398394106098 -0.76443 -0.52810 -0.27475 0.01742 0.35724 0.41312 .29217
27.75 0.55114306761649301 -0.76586 -0.52834 -0.27805 0.01937 0.35416 0.41958 .29742
28.00 0.55406009924157285 -0.76727 -0.52858 -0.28131 0.02133 0.35109 0.42602 .30264
28.25 0.55697531375060216 -0.76866 -0.52880 -0.28451 0.02329 0.34804 0.43245 .30780
28.50 0.55988894407005929 -0.77003 -0.52902 -0.28766 0.02526 0.34500 0.43886 .31292
28.75 0.56280122124031395 -0.77138 -0.52922 -0.29076 0.02722 0.34197 0.44525 .31798
29.00 0.56571237453403433 -0.77270 -0.52941 -0.29382 0.02919 0.33895 0.45163 .32301
29.25 0.56862263157148163 -0.77401 -0.52958 -0.29682 0.03116 0.33594 0.45797 .32798
29.50 0.57153221843287527 -0.77529 -0.52975 -0.29978 0.03313 0.33295 0.46430 .33291
29.75 0.57444135976800692 -0.77655 -0.52991 -0.30269 0.03510 0.32997 0.47059 .33779
30.00 0.57735027890326807 -0.77779 -0.53005 -0.30555 0.03708 0.32700 0.47686 .34263
30.25 0.58025919794625369 -0.77901 -0.53019 -0.30837 0.03906 0.32404 0.48310 .34743
30.50 0.58316833788809341 -0.78020 -0.53031 -0.31114 0.04105 0.32109 0.48931 .35219
30.75 0.58607791870365555 -0.78138 -0.53043 -0.31386 0.04304 0.31816 0.49549 .35690
31.00 0.58898815944976501 -0.78253 -0.53053 -0.31653 0.04503 0.31523 0.50163 .36156
31.25 0.59189927836156764 -0.78366 -0.53062 -0.31916 0.04703 0.31232 0.50773 .36619
31.50 0.59481149294717062 -0.78477 -0.53071 -0.32175 0.04903 0.30942 0.51379 .37078
31.75 0.59772502008068074 -0.78586 -0.53078 -0.32428 0.05103 0.30653 0.51981 .37531
32.00 0.60064007609376124 -0.78693 -0.53084 -0.32678 0.05304 0.30365 0.52578 .37982
32.25 0.60355687686581816 -0.78797 -0.53090 -0.32922 0.05506 0.30079 0.53171 .38428
32.50 0.60647563791293169 -0.78900 -0.53095 -0.33162 0.05708 0.29793 0.53759 .38870
32.75 0.60939657447563289 -0.79000 -0.53098 -0.33398 0.05910 0.29508 0.54342 .39308
33.00 0.61231990160563299 -0.79099 -0.53101 -0.33629 0.06113 0.29225 0.54919 .39742
33.25 0.61524583425160395 -0.79195 -0.53103 -0.33856 0.06316 0.28943 0.55491 .40172
33.50 0.61817458734410646 -0.79289 -0.53105 -0.34078 0.06520 0.28661 0.56057 .40598
33.75 0.62110637587975959 -0.79381 -0.53105 -0.34296 0.06724 0.28381 0.56616 .41020
34.00 0.62404141500474464 -0.79471 -0.53105 -0.34509 0.06929 0.28102 0.57169 .41438
34.25 0.62697992009773107 -0.79558 -0.53104 -0.34718 0.07135 0.27824 0.57716 .41853
34.50 0.62992210685231265 -0.79644 -0.53102 -0.34922 0.07341 0.27547 0.58255 .42263
34.75 0.63286819135903882 -0.79728 -0.53100 -0.35122 0.07547 0.27271 0.58787 .42669
35.00 0.63581839018712483 -0.79809 -0.53097 -0.35318 0.07754 0.26996 0.59312 .43072
35.25 0.63877292046592293 -0.79889 -0.53093 -0.35509 0.07962 0.26722 0.59829 .43471
35.50 0.64173199996623487 -0.79966 -0.53089 -0.35695 0.08170 0.26450 0.60338 .43865
35.75 0.64469584718154593 -0.80042 -0.53084 -0.35877 0.08379 0.26178 0.60838 .44256
36.00 0.64766468140925815 -0.80115 -0.53079 -0.36055 0.08588 0.25907 0.61330 .44643
36.25 0.65063872283200119 -0.80186 -0.53073 -0.36228 0.08798 0.25638 0.61812 .45026
36.50 0.65361819259909770 -0.80255 -0.53067 -0.36397 0.09008 0.25369 0.62285 .45405
36.75 0.65660331290825846 -0.80323 -0.53060 -0.36561 0.09219 0.25102 0.62749 .45780
37.00 0.65959430708758449 -0.80388 -0.53053 -0.36720 0.09431 0.24836 0.63203 .46151
37.25 0.66259139967795155 -0.80451 -0.53046 -0.36875 0.09643 0.24570 0.63647 .46518
37.50 0.66559481651585173 -0.80512 -0.53038 -0.37026 0.09855 0.24306 0.64080 .46881
37.75 0.66860478481676788 -0.80571 -0.53030 -0.37171 0.10068 0.24043 0.64502 .47239
38.00 0.67162153325915808 -0.80628 -0.53022 -0.37313 0.10282 0.23781 0.64913 .47595
38.25 0.67464529206912238 -0.80683 -0.53014 -0.37449 0.10497 0.23520 0.65313 .47946
38.50 0.67767629310583211 -0.80736 -0.53005 -0.37581 0.10711 0.23261 0.65702 .48292
38.75 0.68071476994779589 -0.80787 -0.52997 -0.37708 0.10927 0.23002 0.66078 .48635
39.00 0.68376095798003989 -0.80836 -0.52988 -0.37831 0.11143 0.22745 0.66442 .48974
39.25 0.68681509448228206 -0.80883 -0.52979 -0.37949 0.11359 0.22488 0.66794 .49308
39.50 0.68987741871817743 -0.80928 -0.52971 -0.38062 0.11576 0.22233 0.67133 .49638
39.75 0.69294817202571524 -0.80970 -0.52962 -0.38170 0.11793 0.21980 0.67458 .49963
40.00 0.69602759790885060 -0.81011 -0.52953 -0.38273 0.12011 0.21727 0.67771 .50284
40.25 0.69911594213045092 -0.81050 -0.52945 -0.38372 0.12228 0.21476 0.68070 .50600
40.50 0.70221345280664171 -0.81087 -0.52937 -0.38466 0.12447 0.21227 0.68355 .50913
40.75 0.70532038050263912 -0.81122 -0.52929 -0.38555 0.12665 0.20978 0.68627 .51220
41.00 0.70843697833015451 -0.81155 -0.52921 -0.38639 0.12884 0.20732 0.68884 .51523
41.25 0.71156350204645979 -0.81186 -0.52913 -0.38718 0.13102 0.20487 0.69126 .51820
41.50 0.71470021015520846 -0.81215 -0.52906 -0.38792 0.13320 0.20244 0.69354 .52112
41.75 0.71784736400909988 -0.81242 -0.52899 -0.38861 0.13538 0.20003 0.69568 .52399
42.00 0.72100522791448773 -0.81266 -0.52893 -0.38925 0.13755 0.19764 0.69766 .52680
42.25 0.72417406923802852 -0.81289 -0.52887 -0.38984 0.13972 0.19529 0.69949 .52956
42.50 0.72735415851547003 -0.81310 -0.52881 -0.39038 0.14186 0.19296 0.70116 .53224
42.75 0.73054576956268569 -0.81329 -0.52876 -0.39087 0.14399 0.19067 0.70268 .53486
43.00 0.73374917958905994 -0.81346 -0.52871 -0.39131 0.14609 0.18843 0.70405 .53740
43.25 0.73696466931333482 -0.81361 -0.52867 -0.39169 0.14814 0.18625 0.70525 .53983
43.50 0.74019252308203054 -0.81374 -0.52863 -0.39203 0.15013 0.18414 0.70630 .54216
43.75 0.74343302899055930 -0.81385 -0.52860 -0.39231 0.15204 0.18215 0.70719 .54435
44.00 0.74668647900714824 -0.81394 -0.52857 -0.39255 0.15380 0.18030 0.70792 .54635
44.25 0.74995316909970178 -0.81401 -0.52855 -0.39273 0.15537 0.17868 0.70849 .54810
44.50 0.75323339936572720 -0.81406 -0.52854 -0.39286 0.15663 0.17737 0.70889 .54949
44.75 0.75652747416546084 -0.81409 -0.52853 -0.39294 0.15748 0.17650 0.70913 .55042
45.00 0.75983570225832975 -0.81410 -0.52853 -0.39296 0.15778 0.17619 0.70922 .55074
45.25 0.76315839694289456 -0.81409 -0.52853 -0.39294 0.15748 0.17650 0.70913 .55042
45.50 0.76649587620041937 -0.81406 -0.52854 -0.39286 0.15663 0.17737 0.70889 .54949
45.75 0.76984846284222430 -0.81401 -0.52855 -0.39273 0.15537 0.17868 0.70849 .54810
46.00 0.77321648466098036 -0.81394 -0.52857 -0.39255 0.15380 0.18030 0.70792 .54635
46.25 0.77660027458611014 -0.81385 -0.52860 -0.39231 0.15204 0.18215 0.70719 .54435
46.50 0.78000017084346973 -0.81374 -0.52863 -0.39203 0.15013 0.18414 0.70630 .54216
46.75 0.78341651711948912 -0.81361 -0.52867 -0.39169 0.14814 0.18625 0.70525 .53983
47.00 0.78684966272995749 -0.81346 -0.52871 -0.39131 0.14609 0.18843 0.70405 .53740
47.25 0.79029996279364645 -0.81329 -0.52876 -0.39087 0.14399 0.19067 0.70268 .53486
47.50 0.79376777841097601 -0.81310 -0.52881 -0.39038 0.14186 0.19296 0.70116 .53224
47.75 0.79725347684792980 -0.81289 -0.52887 -0.38984 0.13972 0.19529 0.69949 .52956
48.00 0.80075743172543956 -0.81266 -0.52893 -0.38925 0.13755 0.19764 0.69766 .52680
48.25 0.80428002321446923 -0.81242 -0.52899 -0.38861 0.13538 0.20003 0.69568 .52399
48.50 0.80782163823703412 -0.81215 -0.52906 -0.38792 0.13320 0.20244 0.69354 .52112
48.75 0.81138267067340353 -0.81186 -0.52913 -0.38718 0.13102 0.20487 0.69126 .51820
49.00 0.81496352157574936 -0.81155 -0.52921 -0.38639 0.12884 0.20732 0.68884 .51523
49.25 0.81856459938850701 -0.81122 -0.52929 -0.38555 0.12665 0.20978 0.68627 .51220
49.50 0.82218632017573356 -0.81087 -0.52937 -0.38466 0.12447 0.21227 0.68355 .50913
49.75 0.82582910785575958 -0.81050 -0.52945 -0.38372 0.12228 0.21476 0.68070 .50600
50.00 0.82949339444344139 -0.81011 -0.52953 -0.38273 0.12011 0.21727 0.67771 .50284
50.25 0.83317962030033754 -0.80970 -0.52962 -0.38170 0.11793 0.21980 0.67458 .49963
50.50 0.83688823439314863 -0.80928 -0.52971 -0.38062 0.11576 0.22233 0.67133 .49638
50.75 0.84061969456077290 -0.80883 -0.52979 -0.37949 0.11359 0.22488 0.66794 .49308
51.00 0.84437446779034697 -0.80836 -0.52988 -0.37831 0.11143 0.22745 0.66442 .48974
51.25 0.84815303050266300 -0.80787 -0.52997 -0.37708 0.10927 0.23002 0.66078 .48635
51.50 0.85195586884736429 -0.80736 -0.53005 -0.37581 0.10711 0.23261 0.65702 .48292
51.75 0.85578347900834917 -0.80683 -0.53014 -0.37449 0.10497 0.23520 0.65313 .47946
52.00 0.85963636751982619 -0.80628 -0.53022 -0.37313 0.10282 0.23781 0.64913 .47595
52.25 0.86351505159349251 -0.80571 -0.53030 -0.37171 0.10068 0.24043 0.64502 .47239
52.50 0.86742005945732381 -0.80512 -0.53038 -0.37026 0.09855 0.24306 0.64080 .46881
52.75 0.87135193070649397 -0.80451 -0.53046 -0.36875 0.09643 0.24570 0.63647 .46518
53.00 0.87531121666696521 -0.80388 -0.53053 -0.36720 0.09431 0.24836 0.63203 .46151
53.25 0.87929848077231665 -0.80323 -0.53060 -0.36561 0.09219 0.25102 0.62749 .45780
53.50 0.88331429895441260 -0.80255 -0.53067 -0.36397 0.09008 0.25369 0.62285 .45405
53.75 0.88735926004853483 -0.80186 -0.53073 -0.36228 0.08798 0.25638 0.61812 .45026
54.00 0.89143396621364279 -0.80115 -0.53079 -0.36055 0.08588 0.25907 0.61330 .44643
54.25 0.89553903336845653 -0.80042 -0.53084 -0.35877 0.08379 0.26178 0.60838 .44256
54.50 0.89967509164409376 -0.79966 -0.53089 -0.35695 0.08170 0.26450 0.60338 .43865
54.75 0.90384278585403033 -0.79889 -0.53093 -0.35509 0.07962 0.26722 0.59829 .43471
55.00 0.90804277598219907 -0.79809 -0.53097 -0.35318 0.07754 0.26996 0.59312 .43072
55.25 0.91227573769007742 -0.79728 -0.53100 -0.35122 0.07547 0.27271 0.58787 .42669
55.50 0.91654236284366797 -0.79644 -0.53102 -0.34922 0.07341 0.27547 0.58255 .42263
55.75 0.92084336006132139 -0.79558 -0.53104 -0.34718 0.07135 0.27824 0.57716 .41853
56.00 0.92517945528340284 -0.79471 -0.53105 -0.34509 0.06929 0.28102 0.57169 .41438
56.25 0.92955139236486140 -0.79381 -0.53105 -0.34296 0.06724 0.28381 0.56616 .41020
56.50 0.93395993369181618 -0.79289 -0.53105 -0.34078 0.06520 0.28661 0.56057 .40598
56.75 0.93840586082334254 -0.79195 -0.53103 -0.33856 0.06316 0.28943 0.55491 .40172
57.00 0.94288997515969897 -0.79099 -0.53101 -0.33629 0.06113 0.29225 0.54919 .39742
57.25 0.94741309863831702 -0.79000 -0.53098 -0.33398 0.05910 0.29508 0.54342 .39308
57.50 0.95197607445894206 -0.78900 -0.53095 -0.33162 0.05708 0.29793 0.53759 .38870
57.75 0.95657976783940157 -0.78797 -0.53090 -0.32922 0.05506 0.30079 0.53171 .38428
58.00 0.96122506680355879 -0.78693 -0.53084 -0.32678 0.05304 0.30365 0.52578 .37982
58.25 0.96591288300310196 -0.78586 -0.53078 -0.32428 0.05103 0.30653 0.51981 .37531
58.50 0.97064415257492132 -0.78477 -0.53071 -0.32175 0.04903 0.30942 0.51379 .37078
58.75 0.97541983703592194 -0.78366 -0.53062 -0.31916 0.04703 0.31232 0.50773 .36619
59.00 0.98024092421724396 -0.78253 -0.53053 -0.31653 0.04503 0.31523 0.50163 .36156
59.25 0.98510842923997155 -0.78138 -0.53043 -0.31386 0.04304 0.31816 0.49549 .35690
59.50 0.99002339553454166 -0.78020 -0.53031 -0.31114 0.04105 0.32109 0.48931 .35219
59.75 0.99498689590620693 -0.77901 -0.53019 -0.30837 0.03906 0.32404 0.48310 .34743
60.00 1.0000000336490449 -0.77779 -0.53005 -0.30555 0.03708 0.32700 0.47686 .34263
60.25 1.0050639437111659 -0.77655 -0.52991 -0.30269 0.03510 0.32997 0.47059 .33779
60.50 1.0101797939139427 -0.77529 -0.52975 -0.29978 0.03313 0.33295 0.46430 .33291
60.75 1.0153487862282633 -0.77401 -0.52958 -0.29682 0.03116 0.33594 0.45797 .32798
61.00 1.0205721581109972 -0.77270 -0.52941 -0.29382 0.02919 0.33895 0.45163 .32301
61.25 1.0258511839050852 -0.77138 -0.52922 -0.29076 0.02722 0.34197 0.44525 .31798
61.50 1.0311871763068714 -0.77003 -0.52902 -0.28766 0.02526 0.34500 0.43886 .31292
61.75 1.0365814879045478 -0.76866 -0.52880 -0.28451 0.02329 0.34804 0.43245 .30780
62.00 1.0420355127918348 -0.76727 -0.52858 -0.28131 0.02133 0.35109 0.42602 .30264
62.25 1.0475506882612993 -0.76586 -0.52834 -0.27805 0.01937 0.35416 0.41958 .29742
62.50 1.0531284965820111 -0.76443 -0.52810 -0.27475 0.01742 0.35724 0.41312 .29217
62.75 1.0587704668665670 -0.76297 -0.52784 -0.27140 0.01546 0.36033 0.40665 .28686
63.00 1.0644781770328475 -0.76150 -0.52757 -0.26799 0.01350 0.36344 0.40016 .28149
63.25 1.0702532558662603 -0.76000 -0.52729 -0.26453 0.01155 0.36656 0.39367 .27608
63.50 1.0760973851886237 -0.75848 -0.52699 -0.26102 0.00959 0.36969 0.38716 .27061
63.75 1.0820123021402799 -0.75694 -0.52669 -0.25746 0.00763 0.37284 0.38065 .26509
64.00 1.0879998015825072 -0.75539 -0.52637 -0.25384 0.00568 0.37413 0.37600 .25952
64.25 1.0940617386278098 -0.75682 -0.52710 -0.25114 0.00656 0.36283 0.37874 .25770
64.50 1.1002000313062268 -0.75869 -0.52806 -0.24863 0.00763 0.35317 0.37907 .25626
64.75 1.1064166633763877 -0.76071 -0.52917 -0.24617 0.00862 0.34362 0.37908 .25479
65.00 1.1127136872907215 -0.76292 -0.53044 -0.24371 0.00958 0.33397 0.37888 .25329
65.25 1.1190932273249123 -0.76534 -0.53191 -0.24125 0.01054 0.32413 0.37849 .25179
65.50 1.1255574828824770 -0.76803 -0.53360 -0.23877 0.01155 0.31408 0.37786 .25032
65.75 1.1321087319861824 -0.77099 -0.53552 -0.23627 0.01262 0.30377 0.37696 .24889
66.00 1.1387493349689228 -0.77425 -0.53770 -0.23375 0.01379 0.29320 0.37579 .24754
66.25 1.1454817383776770 -0.77777 -0.54012 -0.23121 0.01507 0.28237 0.37436 .24628
66.50 1.1523084791052536 -0.78153 -0.54276 -0.22867 0.01647 0.27134 0.37273 .24514
66.75 1.1592321887657087 -0.78547 -0.54557 -0.22612 0.01798 0.26020 0.37097 .24410
67.00 1.1662555983306084 -0.78951 -0.54852 -0.22357 0.01956 0.24906 0.36918 .24313
67.25 1.1733815430447392 -0.79361 -0.55158 -0.22101 0.02119 0.23801 0.36743 .24220
67.50 1.1806129676413906 -0.79772 -0.55474 -0.21842 0.02286 0.22712 0.36575 .24128
67.75 1.1879529318790409 -0.80182 -0.55799 -0.21579 0.02454 0.21644 0.36418 .24033
68.00 1.1954046164231349 -0.80591 -0.56136 -0.21311 0.02622 0.20600 0.36270 .23933
68.25 1.2029713290986654 -0.80999 -0.56485 -0.21038 0.02790 0.19583 0.36131 .23828
68.50 1.2106565115415191 -0.81404 -0.56848 -0.20758 0.02956 0.18594 0.36001 .23714
68.75 1.2184637462790018 -0.81809 -0.57227 -0.20471 0.03119 0.17635 0.35877 .23590
69.00 1.2263967642726714 -0.81907 -0.57429 -0.20367 0.03354 0.16935 0.36024 .23721
69.25 1.2344594529595776 -0.81791 -0.57501 -0.20391 0.03632 0.16419 0.36359 .24023
69.50 1.2426558648313226 -0.81671 -0.57575 -0.20416 0.03892 0.15936 0.36700 .24308
69.75 1.2509902265939778 -0.81544 -0.57649 -0.20441 0.04131 0.15490 0.37049 .24572
70.00 1.2594669489559134 -0.81411 -0.57724 -0.20466 0.04339 0.15090 0.37404 .24805
70.25 1.2680906370950717 -0.81273 -0.57799 -0.20491 0.04510 0.14743 0.37767 .25001
70.50 1.2768661018621295 -0.81129 -0.57876 -0.20516 0.04636 0.14458 0.38136 .25152
70.75 1.2857983717814927 -0.80980 -0.57954 -0.20542 0.04707 0.14244 0.38513 .25249
71.00 1.2948927059181552 -0.80824 -0.58032 -0.20568 0.04717 0.14107 0.38897 .25285
71.25 1.3041546076852373 -0.80663 -0.58112 -0.20595 0.04661 0.14053 0.39288 .25256
71.50 1.3135898396745678 -0.80497 -0.58193 -0.20621 0.04537 0.14084 0.39687 .25158
71.75 1.3232044396011293 -0.80325 -0.58276 -0.20648 0.04349 0.14197 0.40093 .24997
72.00 1.3330047374615932 -0.80147 -0.58360 -0.20676 0.04101 0.14388 0.40506 .24777
72.25 1.3429973740177321 -0.79965 -0.58445 -0.20704 0.03800 0.14649 0.40927 .24504
72.50 1.3531893207273342 -0.79777 -0.58533 -0.20732 0.03454 0.14973 0.41355 .24186
72.75 1.3635879012585173 -0.79584 -0.58622 -0.20761 0.03070 0.15352 0.41791 .23831
73.00 1.3742008147382716 -0.79386 -0.58714 -0.20790 0.02657 0.15781 0.42234 .23447
73.25 1.3850361609029067 -0.79183 -0.58807 -0.20820 0.02219 0.16252 0.42685 .23039
73.50 1.3961024673370386 -0.78976 -0.58904 -0.20851 0.01762 0.16761 0.43143 .22613
73.75 1.4074087190092159 -0.78764 -0.59002 -0.20882 0.01291 0.17304 0.43608 .22173
74.00 1.4189643903365978 -0.78548 -0.59104 -0.20914 0.00809 0.17878 0.44081 .21723
74.25 1.4307794800386300 -0.78328 -0.59209 -0.20947 0.00318 0.18479 0.44561 .21265
74.50 1.4428645490710084 -0.78104 -0.59317 -0.20980 -0.00178 0.19106 0.45048 .20802
74.75 1.4552307619668963 -0.77877 -0.59429 -0.21014 -0.00678 0.19757 0.45542 .20336
75.00 1.4678899319530556 -0.77647 -0.59545 -0.21049 -0.01180 0.20431 0.46044 .19869
75.25 1.4808545702551064 -0.77414 -0.59665 -0.21085 -0.01682 0.21126 0.46552 .19403
75.50 1.4941379400594756 -0.77178 -0.59790 -0.21122 -0.02184 0.21842 0.47068 .18938
75.75 1.5077541156608558 -0.76941 -0.59920 -0.21159 -0.02685 0.22577 0.47589 .18474
76.00 1.5217180473945009 -0.76702 -0.60055 -0.21198 -0.03182 0.23331 0.48118 .18016
76.25 1.5360456330340897 -0.76463 -0.60196 -0.21237 -0.03676 0.24103 0.48652 .17561
76.50 1.5507537964299845 -0.76223 -0.60343 -0.21277 -0.04166 0.24893 0.49192 .17111
76.75 1.5658605742718710 -0.75983 -0.60497 -0.21318 -0.04651 0.25701 0.49738 .16667
77.00 1.5813852119866876 -0.75744 -0.60657 -0.21360 -0.05131 0.26525 0.50290 .16229
77.25 1.5973482699307082 -0.75507 -0.60826 -0.21402 -0.05604 0.27366 0.50846 .15798
77.50 1.6137717412076256 -0.75272 -0.61003 -0.21445 -0.06070 0.28223 0.51408 .15375
77.75 1.6306791826473761 -0.75040 -0.61189 -0.21489 -0.06529 0.29096 0.51974 .14960
78.00 1.6480958607190197 -0.74812 -0.61384 -0.21533 -0.06979 0.29985 0.52543 .14554
78.25 1.6660489144325314 -0.74589 -0.61589 -0.21578 -0.07421 0.30889 0.53117 .14157
78.50 1.6845675376176648 -0.74372 -0.61804 -0.21623 -0.07855 0.31808 0.53694 .13768
78.75 1.7036831833639368 -0.74161 -0.62031 -0.21667 -0.08278 0.32742 0.54273 .13389
79.00 1.7234297938777567 -0.73959 -0.62270 -0.21712 -0.08691 0.33691 0.54855 .13021
79.25 1.7438440595774944 -0.73765 -0.62522 -0.21756 -0.09094 0.34655 0.55440 .12662
79.50 1.7649657119256603 -0.73582 -0.62786 -0.21799 -0.09485 0.35633 0.56026 .12314
79.75 1.7868378553155890 -0.73409 -0.63065 -0.21842 -0.09866 0.36625 0.56614 .11976
80.00 1.8095073443210954 -0.73248 -0.63357 -0.21883 -0.10234 0.37633 0.57204 .11649
80.25 1.8330252138232914 -0.73101 -0.63664 -0.21923 -0.10589 0.38655 0.57795 .11334
80.50 1.8574471710024862 -0.72968 -0.63987 -0.21960 -0.10933 0.39693 0.58388 .11027
80.75 1.8828341599932619 -0.72850 -0.64325 -0.21996 -0.11263 0.40746 0.58983 .10733
81.00 1.9092530122354845 -0.72748 -0.64679 -0.22028 -0.11581 0.41816 0.59581 .10447
81.25 1.9367771983277440 -0.72663 -0.65049 -0.22058 -0.11885 0.42903 0.60181 .10173
81.50 1.9654877006520655 -0.72596 -0.65435 -0.22085 -0.12176 0.44009 0.60785 .09909
81.75 1.9954740303864316 -0.72548 -0.65838 -0.22108 -0.12455 0.45134 0.61395 .09653
82.00 2.0268354180156947 -0.72519 -0.66256 -0.22127 -0.12720 0.46280 0.62010 .09407
82.25 2.0596822134404817 -0.72510 -0.66690 -0.22142 -0.12973 0.47449 0.62634 .09169
82.50 2.0941375407372735 -0.72523 -0.67140 -0.22152 -0.13213 0.48642 0.63267 .08939
82.75 2.1303392641794385 -0.72557 -0.67604 -0.22158 -0.13441 0.49862 0.63913 .08717
83.00 2.1684423371644423 -0.72613 -0.68084 -0.22158 -0.13657 0.51110 0.64574 .08501
83.25 2.2086216254199424 -0.72691 -0.68577 -0.22153 -0.13862 0.52391 0.65252 .08291
83.50 2.2510753219802888 -0.72793 -0.69084 -0.22143 -0.14057 0.53706 0.65951 .08086
83.75 2.2960291063410230 -0.72919 -0.69604 -0.22128 -0.14241 0.55059 0.66676 .07887
84.00 2.3437412473608381 -0.73069 -0.70137 -0.22106 -0.14416 0.56453 0.67429 .07690
84.25 2.3945089138952178 -0.73245 -0.70680 -0.22079 -0.14583 0.57892 0.68217 .07496
84.50 2.4486760461856742 -0.73447 -0.71235 -0.22046 -0.14741 0.59380 0.69043 .07305
84.75 2.5066432657105051 -0.73676 -0.71799 -0.22006 -0.14893 0.60922 0.69915 .07113
