5.0 0.22474786951272291 -2.48690290420
5.25 0.23032811073355966 -2.52399816493
5.50 0.23578063841929153 -2.55756158435
5.75 0.24111432303437602 -2.58799200935
6.00 0.24633708657984518 -2.61562911932
6.25 0.25145603955751983 -2.64076454941
6.50 0.25647759350390792 -2.66365056816
6.75 0.26140755421862366 -2.68450690923
7.00 0.26625119958804888 -2.70352619398
7.25 0.27101334500631991 -2.72087826784
7.50 0.27569839872782342 -2.73671369165
7.75 0.28031040898329512 -2.75116657083
8.00 0.28485310431016619 -2.76435686203
8.25 0.28932992825516618 -2.77639226552
8.50 0.29374406938062309 -2.78736978764
8.75 0.29809848732900202 -2.79737703974
9.00 0.30239593556098865 -2.80649332614
9.25 0.30663898127202549 -2.81479056299
9.50 0.31083002290405076 -2.82233406110
9.75 0.31497130559833353 -2.82918319935
10.00 0.31906493487798943 -2.83539200953
10.25 0.32311288880213562 -2.84100968917
10.50 0.32711702879550453 -2.84608105531
10.75 0.33107910932596624 -2.85064694927
11.00 0.33500078657648524 -2.85474460031
11.25 0.33888362623650670 -2.85840795412
11.50 0.34272911051981081 -2.86166797091
11.75 0.34653864450082428 -2.86455289675
12.00 0.35031356184872481 -2.86708851093
12.25 0.35405513002798283 -2.86929835187
12.50 0.35776455502492738 -2.87120392333
12.75 0.36144298565221100 -2.87282488265
13.00 0.36509151747647400 -2.87417921259
13.25 0.36871119640886968 -2.87528337778
13.50 0.37230302199327187 -2.87615246737
13.75 0.37586795042281695 -2.87680032460
14.00 0.37940689731182314 -2.87723966469
14.25 0.38292074024700901 -2.87748218173
14.50 0.38641032113921558 -2.87753864571
14.75 0.38987644839447261 -2.87741899036
15.00 0.39331989892118169 -2.87713239278
15.25 0.39674141998838264 -2.87668734548
15.50 0.40014173094847860 -2.87609172152
15.75 0.40352152483640419 -2.87535283347
16.00 0.40688146985598445 -2.87447748671
16.25 0.41022221076315113 -2.87347202758
16.50 0.41354437015471773 -2.87234238693
16.75 0.41684854967056112 -2.87109411950
17.00 0.42013533111630319 -2.86973243948
17.25 0.42340527751290741 -2.86826225270
17.50 0.42665893407900496 -2.86668818566
17.75 0.42989682915123001 -2.86501461187
18.00 0.43311947504735931 -2.86324567559
18.25 0.43632736887662232 -2.86138531335
18.50 0.43952099330116196 -2.85943727338
18.75 0.44270081725227745 -2.85740513317
19.00 0.44586729660476643 -2.85529231543
19.25 0.44902087481240505 -2.85310210240
19.50 0.45216198350734593 -2.85083764889
19.75 0.45529104306598517 -2.84850199401
20.00 0.45840846314364242 -2.84609807176
20.25 0.46151464318020630 -2.84362872066
20.50 0.46460997287872730 -2.84109669232
20.75 0.46769483265878409 -2.83850465927
21.00 0.47076959408630886 -2.83585522194
21.25 0.47383462028142359 -2.83318320088
21.50 0.47689026630572684 -2.83078366901
21.75 0.47993687953036013 -2.82873193518
22.00 0.48297479998608267 -2.82703657202
22.25 0.48600436069649899 -2.82570938878
22.50 0.48902588799549546 -2.82476536873
22.75 0.49203970182987000 -2.82422216058
23.00 0.49504611604806875 -2.82409881319
23.25 0.49804543867587991 -2.82441344871
23.50 0.50103797217987622 -2.82517990532
23.75 0.50402401371934424 -2.82640422727
24.00 0.50700385538738835 -2.82808278838
24.25 0.50997778444185260 -2.83020357081
24.50 0.51294608352666027 -2.83275029241
24.75 0.51590903088413309 -2.83570746370
25.00 0.51886690055881535 -2.83906467735
25.25 0.52181996259329522 -2.84281976604
25.50 0.52476848321648584 -2.84698155469
25.75 0.52771272502479782 -2.85157362470
26.00 0.53065294715660993 -2.85663810448
26.25 0.53358940546042311 -2.86183402146
26.50 0.53652235265705239 -2.86690446284
26.75 0.53945203849620049 -2.87185131664
27.00 0.54237870990772830 -2.87667654753
27.25 0.54530261114792489 -2.88138217675
27.50 0.54822398394106098 -2.88597026547
27.75 0.55114306761649301 -2.89044290100
28.00 0.55406009924157285 -2.89480218537
28.25 0.55697531375060216 -2.89905022575
28.50 0.55988894407005929 -2.90318912654
28.75 0.56280122124031395 -2.90722098279
29.00 0.56571237453403433 -2.91114787468
29.25 0.56862263157148163 -2.91497186298
29.50 0.57153221843287527 -2.91869498529
29.75 0.57444135976800692 -2.92231925286
30.00 0.57735027890326807 -2.92584664809
30.25 0.58025919794625369 -2.92927912240
30.50 0.58316833788809341 -2.93261859451
30.75 0.58607791870365555 -2.93586694907
31.00 0.58898815944976501 -2.93902603561
31.25 0.59189927836156764 -2.94209766763
31.50 0.59481149294717062 -2.94508362200
31.75 0.59772502008068074 -2.94798563845
32.00 0.60064007609376124 -2.95080541925
32.25 0.60355687686581816 -2.95354462902
32.50 0.60647563791293169 -2.95620489461
32.75 0.60939657447563289 -2.95878780506
33.00 0.61231990160563299 -2.96129491170
33.25 0.61524583425160395 -2.96372772823
33.50 0.61817458734410646 -2.96608773092
33.75 0.62110637587975959 -2.96837635877
34.00 0.62404141500474464 -2.97059501381
34.25 0.62697992009773107 -2.97274506132
34.50 0.62992210685231265 -2.97482783015
34.75 0.63286819135903882 -2.97684461302
35.00 0.63581839018712483 -2.97879666685
35.25 0.63877292046592293 -2.98068521307
35.50 0.64173199996623487 -2.98251143797
35.75 0.64469584718154593 -2.98427649304
36.00 0.64766468140925815 -2.98598149531
36.25 0.65063872283200119 -2.98762752768
36.50 0.65361819259909770 -2.98921563928
36.75 0.65660331290825846 -2.99074684575
37.00 0.65959430708758449 -2.99222212966
37.25 0.66259139967795155 -2.99364244072
37.50 0.66559481651585173 -2.99500869618
37.75 0.66860478481676788 -2.99632178111
38.00 0.67162153325915808 -2.99758254868
38.25 0.67464529206912238 -2.99879182046
38.50 0.67767629310583211 -2.99995038673
38.75 0.68071476994779589 -3.00105900670
39.00 0.68376095798003989 -3.00211840880
39.25 0.68681509448228206 -3.00312929092
39.50 0.68987741871817743 -3.00409232067
39.75 0.69294817202571524 -3.00500813559
40.00 0.69602759790885060 -3.00587734337
40.25 0.69911594213045092 -3.00670052206
40.50 0.70221345280664171 -3.00747822028
40.75 0.70532038050263912 -3.00821095741
41.00 0.70843697833015451 -3.00889922375
41.25 0.71156350204645979 -3.00954348070
41.50 0.71470021015520846 -3.01014416092
41.75 0.71784736400909988 -3.01070166847
42.00 0.72100522791448773 -3.01121637895
42.25 0.72417406923802852 -3.01168863964
42.50 0.72735415851547003 -3.01211876961
42.75 0.73054576956268569 -3.01250705981
43.00 0.73374917958905994 -3.01285377320
43.25 0.73696466931333482 -3.01315914481
43.50 0.74019252308203054 -3.01342338184
43.75 0.74343302899055930 -3.01364666374
44.00 0.74668647900714824 -3.01382914222
44.25 0.74995316909970178 -3.01397094135
44.50 0.75323339936572720 -3.01407215759
44.75 0.75652747416546084 -3.01413285982
45.00 0.75983570225832975 -3.01415308936
45.25 0.76315839694289456 -3.01413285996
45.50 0.76649587620041937 -3.01407215786
45.75 0.76984846284222430 -3.01397094175
46.00 0.77321648466098036 -3.01382914275
46.25 0.77660027458611014 -3.01364666441
46.50 0.78000017084346973 -3.01342338264
46.75 0.78341651711948912 -3.01315914574
47.00 0.78684966272995749 -3.01285377426
47.25 0.79029996279364645 -3.01250706101
47.50 0.79376777841097601 -3.01211877094
47.75 0.79725347684792980 -3.01168864111
48.00 0.80075743172543956 -3.01121638054
48.25 0.80428002321446923 -3.01070167019
48.50 0.80782163823703412 -3.01014416277
48.75 0.81138267067340353 -3.00954348268
49.00 0.81496352157574936 -3.00889922586
49.25 0.81856459938850701 -3.00821095965
49.50 0.82218632017573356 -3.00747822265
49.75 0.82582910785575958 -3.00670052455
50.00 0.82949339444344139 -3.00587734599
50.25 0.83317962030033754 -3.00500813834
50.50 0.83688823439314863 -3.00409232355
50.75 0.84061969456077290 -3.00312929392
51.00 0.84437446779034697 -3.00211841192
51.25 0.84815303050266300 -3.00105900994
51.50 0.85195586884736429 -2.99995039009
51.75 0.85578347900834917 -2.99879182394
52.00 0.85963636751982619 -2.99758255228
52.25 0.86351505159349251 -2.99632178483
52.50 0.86742005945732381 -2.99500870002
52.75 0.87135193070649397 -2.99364244467
53.00 0.87531121666696521 -2.99222213372
53.25 0.87929848077231665 -2.99074684993
53.50 0.88331429895441260 -2.98921564357
53.75 0.88735926004853483 -2.98762753208
54.00 0.89143396621364279 -2.98598149982
54.25 0.89553903336845653 -2.98427649766
54.50 0.89967509164409376 -2.98251144270
54.75 0.90384278585403033 -2.98068521791
55.00 0.90804277598219907 -2.97879667179
55.25 0.91227573769007742 -2.97684461807
55.50 0.91654236284366797 -2.97482783530
55.75 0.92084336006132139 -2.97274506657
56.00 0.92517945528340284 -2.97059501916
56.25 0.92955139236486140 -2.96837636422
56.50 0.93395993369181618 -2.96608773647
56.75 0.93840586082334254 -2.96372773388
57.00 0.94288997515969897 -2.96129491744
57.25 0.94741309863831702 -2.95878781090
57.50 0.95197607445894206 -2.95620490054
57.75 0.95657976783940157 -2.95354463505
58.00 0.96122506680355879 -2.95080542537
58.25 0.96591288300310196 -2.94798564466
58.50 0.97064415257492132 -2.94508362830
58.75 0.97541983703592194 -2.94209767402
59.00 0.98024092421724396 -2.93902604209
59.25 0.98510842923997155 -2.93586695564
59.50 0.99002339553454166 -2.93261860116
59.75 0.99498689590620693 -2.92927912914
60.00 1.0000000336490449 -2.92584665491
60.25 1.0050639437111659 -2.92231925977
60.50 1.0101797939139427 -2.91869499228
60.75 1.0153487862282633 -2.91497187006
61.00 1.0205721581109972 -2.91114788184
61.25 1.0258511839050852 -2.90722099004
61.50 1.0311871763068714 -2.90318913387
61.75 1.0365814879045478 -2.89905023317
62.00 1.0420355127918348 -2.89480219287
62.25 1.0475506882612993 -2.89044290859
62.50 1.0531284965820111 -2.88597027314
62.75 1.0587704668665670 -2.88138218451
63.00 1.0644781770328475 -2.87667655538
63.25 1.0702532558662603 -2.87185132458
63.50 1.0760973851886237 -2.86690447087
63.75 1.0820123021402799 -2.86183402959
64.00 1.0879998015825072 -2.85663811271
64.25 1.0940617386278098 -2.85157363359
64.50 1.1002000313062268 -2.84698156423
64.75 1.1064166633763877 -2.84281977619
65.00 1.1127136872907215 -2.83906468808
65.25 1.1190932273249123 -2.83570747498
65.50 1.1255574828824770 -2.83275030422
65.75 1.1321087319861824 -2.83020358314
66.00 1.1387493349689228 -2.82808280124
66.25 1.1454817383776770 -2.82640424065
66.50 1.1523084791052536 -2.82517991922
66.75 1.1592321887657087 -2.82441346311
67.00 1.1662555983306084 -2.82409882807
67.25 1.1733815430447392 -2.82422217592
67.50 1.1806129676413906 -2.82476538451
67.75 1.1879529318790409 -2.82570940497
68.00 1.1954046164231349 -2.82703658859
68.25 1.2029713290986654 -2.82873195212
68.50 1.2106565115415191 -2.83078368630
68.75 1.2184637462790018 -2.83318321850
69.00 1.2263967642726714 -2.83585523973
69.25 1.2344594529595776 -2.83850467712
69.50 1.2426558648313226 -2.84109671025
69.75 1.2509902265939778 -2.84362873869
70.00 1.2594669489559134 -2.84609808991
70.25 1.2680906370950717 -2.84850201228
70.50 1.2768661018621295 -2.85083766731
70.75 1.2857983717814927 -2.85310212099
71.00 1.2948927059181552 -2.85529233422
71.25 1.3041546076852373 -2.85740515218
71.50 1.3135898396745678 -2.85943729263
71.75 1.3232044396011293 -2.86138533288
72.00 1.3330047374615932 -2.86324569543
72.25 1.3429973740177321 -2.86501463205
72.50 1.3531893207273342 -2.86668820622
72.75 1.3635879012585173 -2.86826227367
73.00 1.3742008147382716 -2.86973246091
73.25 1.3850361609029067 -2.87109414143
73.50 1.3961024673370386 -2.87234240941
73.75 1.4074087190092159 -2.87347205067
74.00 1.4189643903365978 -2.87447751047
74.25 1.4307794800386300 -2.87535285795
74.50 1.4428645490710084 -2.87609174678
74.75 1.4552307619668963 -2.87668737160
75.00 1.4678899319530556 -2.87713241983
75.25 1.4808545702551064 -2.87741901842
75.50 1.4941379400594756 -2.87753867487
75.75 1.5077541156608558 -2.87748221208
76.00 1.5217180473945009 -2.87723969632
76.25 1.5360456330340897 -2.87680035763
76.50 1.5507537964299845 -2.87615250191
76.75 1.5658605742718710 -2.87528341396
77.00 1.5813852119866876 -2.87417925053
77.25 1.5973482699307082 -2.87282492250
77.50 1.6137717412076256 -2.87120396524
77.75 1.6306791826473761 -2.86929839602
78.00 1.6480958607190197 -2.86708855748
78.25 1.6660489144325314 -2.86455294590
78.50 1.6845675376176648 -2.86166802288
78.75 1.7036831833639368 -2.85840800913
79.00 1.7234297938777567 -2.85474465861
79.25 1.7438440595774944 -2.85064701114
79.50 1.7649657119256603 -2.84608112103
79.75 1.7868378553155890 -2.84100975907
80.00 1.8095073443210954 -2.83539208396
80.25 1.8330252138232914 -2.82918327871
80.50 1.8574471710024862 -2.82233414581
80.75 1.8828341599932619 -2.81479065352
81.00 1.9092530122354845 -2.80649342301
81.25 1.9367771983277440 -2.79737714354
81.50 1.9654877006520655 -2.78736989902
81.75 1.9954740303864316 -2.77639238520
82.00 2.0268354180156947 -2.76435699083
82.25 2.0596822134404817 -2.75116670968
82.50 2.0941375407372735 -2.73671384159
82.75 2.1303392641794385 -2.72087843004
83.00 2.1684423371644423 -2.70352636979
83.25 2.2086216254199424 -2.68450710018
83.50 2.2510753219802888 -2.66365077602
83.75 2.2960291063410230 -2.64076477621
84.00 2.3437412473608381 -2.61562936742
84.25 2.3945089138952178 -2.58799228147
84.50 2.4486760461856742 -2.55756188370
84.75 2.5066432657105051 -2.52399849528
