45.0 0.75983570225832975 0.1863681 0.131362 -0.0536592
45.05 0.76049907376085979 0.1863684 0.1313626 -0.0536575
45.10 0.76116302644066036 0.1863692 0.1313645 -0.0536524
45.15 0.76182756283385522 0.1863707 0.1313677 -0.0536438
45.20 0.76249268548415305 0.1863727 0.1313721 -0.0536319
45.25 0.76315839694289456 0.1863753 0.1313779 -0.0536165
45.30 0.76382469976910006 0.1863784 0.1313848 -0.0535976
45.35 0.76449159652951659 0.1863822 0.1313931 -0.0535754
45.40 0.76515908979866654 0.1863865 0.1314026 -0.0535497
45.45 0.76582718215889523 0.1863914 0.1314134 -0.0535207
45.50 0.76649587620041937 0.1863968 0.1314254 -0.0534882
45.55 0.76716517452137623 0.1864028 0.1314388 -0.0534523
45.60 0.76783507972787179 0.1864094 0.1314534 -0.053413
45.65 0.76850559443403055 0.1864166 0.1314692 -0.0533703
45.70 0.76917672126204495 0.1864244 0.1314864 -0.0533241
45.75 0.76984846284222430 0.1864327 0.1315048 -0.0532746
45.80 0.77052082181304604 0.1864416 0.1315244 -0.0532217
45.85 0.77119380082120481 0.186451 0.1315454 -0.0531653
45.90 0.77186740252166364 0.1864611 0.1315676 -0.0531056
45.95 0.77254162957770478 0.1864717 0.131591 -0.0530425
46.00 0.77321648466098036 0.1864828 0.1316158 -0.052976
46.05 0.77389197045156433 0.1864946 0.1316418 -0.0529061
46.10 0.77456808963800328 0.1865069 0.1316691 -0.0528328
46.15 0.77524484491736945 0.1865197 0.1316976 -0.0527562
46.20 0.77592223899531199 0.1865332 0.1317274 -0.0526761
46.25 0.77660027458611014 0.1865472 0.1317585 -0.0525928
46.30 0.77727895441272554 0.1865617 0.1317908 -0.052506
46.35 0.77795828120685584 0.1865768 0.1318244 -0.0524159
46.40 0.77863825770898754 0.1865925 0.1318593 -0.0523224
46.45 0.77931888666845017 0.1866088 0.1318954 -0.0522256
46.50 0.78000017084346973 0.1866255 0.1319328 -0.0521255
46.55 0.78068211300122392 0.1866429 0.1319715 -0.052022
46.60 0.78136471591789569 0.1866608 0.1320114 -0.0519151
46.65 0.78204798237872875 0.1866793 0.1320526 -0.051805
46.70 0.78273191517808294 0.1866983 0.1320951 -0.0516915
46.75 0.78341651711948912 0.1867179 0.1321388 -0.0515747
46.80 0.78410179101570610 0.186738 0.1321838 -0.0514546
46.85 0.78478773968877535 0.1867586 0.1322301 -0.0513312
46.90 0.78547436597007880 0.1867799 0.1322776 -0.0512046
46.95 0.78616167270039528 0.1868016 0.1323264 -0.0510746
47.00 0.78684966272995749 0.1868239 0.1323764 -0.0509413
47.05 0.78753833891850933 0.1868468 0.1324277 -0.0508048
47.10 0.78822770413536436 0.1868702 0.1324803 -0.050665
47.15 0.78891776125946356 0.1868941 0.1325341 -0.050522
47.20 0.78960851317943370 0.1869186 0.1325892 -0.0503757
47.25 0.79029996279364645 0.1869436 0.1326455 -0.0502262
47.30 0.79099211301027716 0.1869691 0.1327031 -0.0500734
47.35 0.79168496674736522 0.1869952 0.1327619 -0.0499174
47.40 0.79237852693287303 0.1870218 0.1328221 -0.0497583
47.45 0.79307279650474649 0.1870489 0.1328834 -0.0495959
47.50 0.79376777841097601 0.1870766 0.1329461 -0.0494303
47.55 0.79446347560965724 0.1871047 0.1330099 -0.0492615
47.60 0.79515989106905183 0.1871334 0.1330751 -0.0490895
47.65 0.79585702776764977 0.1871627 0.1331415 -0.0489144
47.70 0.79655488869423152 0.1871924 0.1332091 -0.0487361
47.75 0.79725347684792980 0.1872227 0.133278 -0.0485547
47.80 0.79795279523829266 0.1872534 0.1333481 -0.0483701
47.85 0.79865284688534688 0.1872847 0.1334195 -0.0481824
47.90 0.79935363481966115 0.1873165 0.1334922 -0.0479916
47.95 0.80005516208241045 0.1873488 0.1335661 -0.0477977
48.00 0.80075743172543956 0.1873816 0.1336412 -0.0476007
48.05 0.80146044681132877 0.1874149 0.1337176 -0.0474006
48.10 0.80216421041345820 0.1874487 0.1337953 -0.0471974
48.15 0.80286872561607381 0.1874831 0.1338741 -0.0469912
48.20 0.80357399551435238 0.1875179 0.1339543 -0.0467819
48.25 0.80428002321446923 0.1875531 0.1340356 -0.0465696
48.30 0.80498681183366394 0.1875889 0.1341182 -0.0463542
48.35 0.80569436450030729 0.1876252 0.1342021 -0.0461359
48.40 0.80640268435396956 0.187662 0.1342872 -0.0459145
48.45 0.80711177454548755 0.1876992 0.1343735 -0.0456902
48.50 0.80782163823703412 0.1877369 0.1344611 -0.0454629
48.55 0.80853227860218546 0.1877751 0.1345499 -0.0452326
48.60 0.80924369882599168 0.1878138 0.1346399 -0.0449994
48.65 0.80995590210504553 0.1878529 0.1347312 -0.0447632
48.70 0.81066889164755318 0.1878925 0.1348237 -0.0445242
48.75 0.81138267067340353 0.1879326 0.1349174 -0.0442822
48.80 0.81209724241424064 0.1879731 0.1350124 -0.0440373
48.85 0.81281261011353434 0.1880141 0.1351086 -0.0437895
48.90 0.81352877702665161 0.1880556 0.135206 -0.0435389
48.95 0.81424574642093006 0.1880975 0.1353047 -0.0432854
49.00 0.81496352157574936 0.1881398 0.1354045 -0.0430291
49.05 0.81568210578260558 0.1881826 0.1355056 -0.04277
49.10 0.81640150234518361 0.1882259 0.1356079 -0.042508
49.15 0.81712171457943295 0.1882696 0.1357114 -0.0422433
49.20 0.81784274581364047 0.1883137 0.1358162 -0.0419758
49.25 0.81856459938850701 0.1883582 0.1359221 -0.0417055
49.30 0.81928727865722173 0.1884032 0.1360293 -0.0414325
49.35 0.82001078698553909 0.1884486 0.1361376 -0.0411568
49.40 0.82073512775185475 0.1884945 0.1362472 -0.0408783
49.45 0.82146030434728290 0.1885407 0.136358 -0.0405971
49.50 0.82218632017573356 0.1885874 0.13647 -0.0403133
49.55 0.82291317865399061 0.1886345 0.1365832 -0.0400268
49.60 0.82364088321179052 0.188682 0.1366975 -0.0397377
49.65 0.82436943729190104 0.1887299 0.1368131 -0.0394459
49.70 0.82509884435020076 0.1887782 0.1369299 -0.0391515
49.75 0.82582910785575958 0.1888269 0.1370479 -0.0388545
49.80 0.82656023129091882 0.188876 0.137167 -0.038555
49.85 0.82729221815137199 0.1889255 0.1372873 -0.0382529
49.90 0.82802507194624730 0.1889753 0.1374088 -0.0379482
49.95 0.82875879619818926 0.1890256 0.1375315 -0.037641
50.00 0.82949339444344139 0.1890762 0.1376554 -0.0373313
50.05 0.83022887023192915 0.1891272 0.1377804 -0.0370192
50.10 0.83096522712734444 0.1891786 0.1379066 -0.0367045
50.15 0.83170246870722930 0.1892304 0.138034 -0.0363874
50.20 0.83244059856306107 0.1892825 0.1381626 -0.0360679
50.25 0.83317962030033754 0.189335 0.1382923 -0.035746
50.30 0.83391953753866332 0.1893878 0.1384231 -0.0354216
50.35 0.83466035391183646 0.189441 0.1385551 -0.0350949
50.40 0.83540207306793479 0.1894945 0.1386883 -0.0347659
50.45 0.83614469866940455 0.1895484 0.1388226 -0.0344345
50.50 0.83688823439314863 0.1896026 0.138958 -0.0341008
50.55 0.83763268393061485 0.1896571 0.1390946 -0.0337648
50.60 0.83837805098788598 0.189712 0.1392323 -0.0334266
50.65 0.83912433928576935 0.1897672 0.1393711 -0.0330861
50.70 0.83987155255988821 0.1898227 0.1395111 -0.0327433
50.75 0.84061969456077290 0.1898786 0.1396522 -0.0323984
50.80 0.84136876905395186 0.1899347 0.1397944 -0.0320513
50.85 0.84211877982004546 0.1899912 0.1399377 -0.031702
50.90 0.84286973065485837 0.190048 0.1400821 -0.0313505
50.95 0.84362162536947360 0.190105 0.1402276 -0.030997
51.00 0.84437446779034697 0.1901624 0.1403742 -0.0306413
51.05 0.84512826175940192 0.1902201 0.1405219 -0.0302836
51.10 0.84588301113412578 0.190278 0.1406707 -0.0299238
51.15 0.84663871978766536 0.1903362 0.1408206 -0.029562
51.20 0.84739539160892485 0.1903947 0.1409715 -0.0291981
51.25 0.84815303050266300 0.1904535 0.1411235 -0.0288323
51.30 0.84891164038959133 0.1905125 0.1412766 -0.0284645
51.35 0.84967122520647376 0.1905718 0.1414307 -0.0280948
51.40 0.85043178890622606 0.1906314 0.1415859 -0.0277231
51.45 0.85119333545801568 0.1906912 0.1417421 -0.0273496
51.50 0.85195586884736429 0.1907512 0.1418993 -0.0269742
51.55 0.85271939307624789 0.1908115 0.1420576 -0.026597
51.60 0.85348391216320041 0.1908721 0.1422169 -0.0262179
51.65 0.85424943014341670 0.1909328 0.1423772 -0.025837
51.70 0.85501595106885664 0.1909938 0.1425385 -0.0254544
51.75 0.85578347900834917 0.1910551 0.1427009 -0.02507
51.80 0.85655201804769820 0.1911165 0.1428642 -0.0246839
51.85 0.85732157228978900 0.1911782 0.1430285 -0.0242962
51.90 0.85809214585469440 0.19124 0.1431938 -0.0239067
51.95 0.85886374287978262 0.1913021 0.14336 -0.0235156
52.00 0.85963636751982619 0.1913644 0.1435272 -0.0231229
52.05 0.86041002394711030 0.1914268 0.1436954 -0.0227286
52.10 0.86118471635154337 0.1914894 0.1438645 -0.0223327
52.15 0.86196044894076718 0.1915523 0.1440345 -0.0219353
52.20 0.86273722594026869 0.1916153 0.1442055 -0.0215364
52.25 0.86351505159349251 0.1916784 0.1443774 -0.0211361
52.30 0.86429393016195311 0.1917418 0.1445502 -0.0207342
52.35 0.86507386592534963 0.1918053 0.1447238 -0.0203309
52.40 0.86585486318168026 0.1918689 0.1448984 -0.0199263
52.45 0.86663692624735733 0.1919327 0.1450738 -0.0195203
52.50 0.86742005945732381 0.1919967 0.1452501 -0.0191129
52.55 0.86820426716517096 0.1920608 0.1454273 -0.0187042
52.60 0.86898955374325570 0.192125 0.1456053 -0.0182942
52.65 0.86977592358281952 0.1921894 0.1457841 -0.017883
52.70 0.87056338109410869 0.1922538 0.1459637 -0.0174706
52.75 0.87135193070649397 0.1923184 0.1461441 -0.0170569
52.80 0.87214157686859295 0.1923831 0.1463254 -0.0166421
52.85 0.87293232404839116 0.192448 0.1465074 -0.0162262
52.90 0.87372417673336666 0.1925129 0.1466901 -0.0158092
52.95 0.87451713943061304 0.1925779 0.1468737 -0.0153911
53.00 0.87531121666696521 0.192643 0.1470579 -0.0149719
53.05 0.87610641298912395 0.1927082 0.1472429 -0.0145518
53.10 0.87690273296378440 0.1927734 0.1474286 -0.0141306
53.15 0.87770018117776261 0.1928387 0.1476149 -0.0137085
53.20 0.87849876223812495 0.1929041 0.147802 -0.0132855
53.25 0.87929848077231665 0.1929696 0.1479897 -0.0128617
53.30 0.88009934142829360 0.1930351 0.1481781 -0.012437
53.35 0.88090134887465321 0.1931007 0.148367 -0.0120114
53.40 0.88170450780076659 0.1931663 0.1485566 -0.0115851
53.45 0.88250882291691279 0.1932319 0.1487468 -0.011158
53.50 0.88331429895441260 0.1932976 0.1489376 -0.0107303
53.55 0.88412094066576463 0.1933633 0.1491289 -0.0103018
53.60 0.88492875282478045 0.1934291 0.1493208 -0.0098727
53.65 0.88573774022672380 0.1934948 0.1495131 -0.009443
53.70 0.88654790768844782 0.1935605 0.149706 -0.0090127
53.75 0.88735926004853483 0.1936263 0.1498993 -0.0085819
53.80 0.88817180216743707 0.193692 0.1500931 -0.0081506
53.85 0.88898553892761789 0.1937578 0.1502874 -0.0077188
53.90 0.88980047523369521 0.1938235 0.150482 -0.0072866
53.95 0.89061661601258424 0.1938892 0.150677 -0.006854
54.00 0.89143396621364279 0.1939549 0.1508724 -0.0064211
54.05 0.89225253080881717 0.1940205 0.1510682 -0.0059878
54.10 0.89307231479278926 0.1940861 0.1512642 -0.0055543
54.15 0.89389332318312398 0.1941517 0.1514606 -0.0051205
54.20 0.89471556102041949 0.1942172 0.1516572 -0.0046865
54.25 0.89553903336845653 0.1942826 0.151854 -0.0042524
54.30 0.89636374531435070 0.194348 0.1520511 -0.0038181
54.35 0.89718970196870451 0.1944133 0.1522483 -0.0033838
54.40 0.89801690846576132 0.1944786 0.1524457 -0.0029495
54.45 0.89884536996356046 0.1945437 0.1526432 -0.0025151
54.50 0.89967509164409376 0.1946088 0.1528408 -0.0020808
54.55 0.90050607871346144 0.1946738 0.1530385 -0.0018725
54.60 0.90133833640203209 0.1947387 0.1532362 -0.0019327
54.65 0.90217186996460219 0.1948034 0.1534339 -0.0019938
54.70 0.90300668468055645 0.1948681 0.1536316 -0.0020559
54.75 0.90384278585403033 0.1949326 0.1538292 -0.0021189
54.80 0.90468017881407381 0.194997 0.1540266 -0.0021829
54.85 0.90551886891481559 0.1950613 0.154224 -0.0022477
54.90 0.90635886153562961 0.1951254 0.1544211 -0.0023136
54.95 0.90720016208130172 0.1951894 0.1546181 -0.0023803
55.00 0.90804277598219907 0.1952533 0.1548148 -0.002448
55.05 0.90888670869443910 0.195317 0.1550111 -0.0025167
55.10 0.90973196570006132 0.1953805 0.1552072 -0.0025863
55.15 0.91057855250719977 0.1954439 0.1554028 -0.002657
55.20 0.91142647465025639 0.1955071 0.155598 -0.0027285
55.25 0.91227573769007742 0.1955701 0.1557928 -0.0028011
55.30 0.91312634721412855 0.1956329 0.155987 -0.0028746
55.35 0.91397830883667408 0.1956955 0.1561807 -0.0029492
55.40 0.91483162819895569 0.1957579 0.1563737 -0.0030247
55.45 0.91568631096937336 0.1958202 0.1565661 -0.0031012
55.50 0.91654236284366797 0.1958822 0.1567577 -0.0031787
55.55 0.91739978954510426 0.1959439 0.1569486 -0.0032573
55.60 0.91825859682465660 0.1960055 0.1571386 -0.0033368
55.65 0.91911879046119527 0.1960668 0.1573278 -0.0034173
55.70 0.91998037626167417 0.1961279 0.157516 -0.0034989
55.75 0.92084336006132139 0.1961888 0.1577032 -0.0035815
55.80 0.92170774772382924 0.1962494 0.1578893 -0.0036651
55.85 0.92257354514154721 0.1963097 0.1580743 -0.0037498
55.90 0.92344075823567617 0.1963698 0.1582582 -0.0038355
55.95 0.92430939295646408 0.1964296 0.1584408 -0.0039222
56.00 0.92517945528340284 0.1964891 0.158622 -0.00401
56.05 0.92605095122542769 0.1965484 0.1588019 -0.0040988
56.10 0.92692388682111693 0.1966073 0.1589802 -0.0041887
56.15 0.92779826813889443 0.196666 0.1591571 -0.0042796
56.20 0.92867410127723360 0.1967243 0.1593323 -0.0043716
56.25 0.92955139236486140 0.1967824 0.1595059 -0.0044647
56.30 0.93043014756096676 0.1968401 0.1596777 -0.0045588
56.35 0.93131037305540842 0.1968976 0.1598476 -0.004654
56.40 0.93219207506892543 0.1969547 0.1600156 -0.0047503
56.45 0.93307525985334883 0.1970114 0.1601815 -0.0048477
56.50 0.93395993369181618 0.1970678 0.1603454 -0.0049461
56.55 0.93484610289898640 0.1971239 0.1605071 -0.0050456
56.60 0.93573377382125700 0.1971796 0.1606664 -0.0051463
56.65 0.93662295283698360 0.197235 0.1608234 -0.005248
56.70 0.93751364635670031 0.19729 0.1609779 -0.0053508
56.75 0.93840586082334254 0.1973446 0.1611298 -0.0054547
56.80 0.93929960271247126 0.1973989 0.1612791 -0.0055597
56.85 0.94019487853249961 0.1974527 0.1614255 -0.0056659
56.90 0.94109169482492094 0.1975062 0.1615691 -0.0057731
56.95 0.94199005816453896 0.1975593 0.1617096 -0.0058815
57.00 0.94288997515969897 0.197612 0.161847 -0.005991
57.05 0.94379145245252305 0.1976642 0.1619812 -0.0061016
57.10 0.94469449671914496 0.1977161 0.162112 -0.0062133
57.15 0.94559911466994739 0.1977675 0.1622394 -0.0063261
57.20 0.94650531304980356 0.1978185 0.1623632 -0.0064401
57.25 0.94741309863831702 0.1978691 0.1624832 -0.0065553
57.30 0.94832247825006655 0.1979192 0.1625995 -0.0066715
57.35 0.94923345873485143 0.1979689 0.1627117 -0.0067889
57.40 0.95014604697793958 0.1980182 0.1628198 -0.0069075
57.45 0.95106024990031746 0.1980669 0.1629237 -0.0070272
57.50 0.95197607445894206 0.1981152 0.1630232 -0.007148
57.55 0.95289352764699498 0.1981631 0.1631182 -0.00727
57.60 0.95381261649413907 0.1982104 0.1632085 -0.0073932
57.65 0.95473334806677612 0.1982573 0.163294 -0.0075175
57.70 0.95565572946830857 0.1983037 0.1633745 -0.007643
57.75 0.95657976783940157 0.1983496 0.16345 -0.0077696
57.80 0.95750547035824851 0.198395 0.1635202 -0.0078975
57.85 0.95843284424083808 0.1984398 0.1635849 -0.0080265
57.90 0.95936189674122396 0.1984842 0.1636441 -0.0081566
57.95 0.96029263515179708 0.198528 0.1636976 -0.008288
58.00 0.96122506680355879 0.1985714 0.1637452 -0.0084205
58.05 0.96215919906639924 0.1986141 0.1637867 -0.0085542
58.10 0.96309503934937468 0.1986564 0.163822 -0.0086891
58.15 0.96403259510098971 0.1986981 0.163851 -0.0088252
58.20 0.96497187380948068 0.1987392 0.1638734 -0.0089625
58.25 0.96591288300310196 0.1987798 0.1638891 -0.009101
58.30 0.96685563025041488 0.1988198 0.1638979 -0.0092407
58.35 0.96780012316057895 0.1988593 0.1638997 -0.0093816
58.40 0.96874636938364433 0.1988982 0.1638943 -0.0095237
58.45 0.96969437661085001 0.1989365 0.1638815 -0.009667
58.50 0.97064415257492132 0.1987789 0.1638613 -0.0098116
58.55 0.97159570505037196 0.1986117 0.1638333 -0.0099573
58.60 0.97254904185380731 0.1984392 0.1637974 -0.0101043
58.65 0.97350417084423224 0.1982613 0.1637535 -0.0102525
58.70 0.97446109992335961 0.1980779 0.1637015 -0.0104019
58.75 0.97541983703592194 0.197889 0.1636411 -0.0105525
58.80 0.97638039016998779 0.1976944 0.1635722 -0.0107044
58.85 0.97734276735727810 0.197494 0.1634947 -0.0108576
58.90 0.97830697667348698 0.1972879 0.1634083 -0.0110119
58.95 0.97927302623860457 0.1970758 0.163313 -0.0111675
59.00 0.98024092421724396 0.1968577 0.1632087 -0.0113244
59.05 0.98121067881896906 0.1966335 0.1630951 -0.0114825
59.10 0.98218229829862735 0.1964032 0.1629721 -0.0116419
59.15 0.98315579095668360 0.1961666 0.1628397 -0.0118025
59.20 0.98413116513955912 0.1959237 0.1626976 -0.0119644
59.25 0.98510842923997155 0.1956743 0.1625458 -0.0121276
59.30 0.98608759169727866 0.1954185 0.1623842 -0.0122921
59.35 0.98706866099782586 0.1951561 0.1622126 -0.0124578
59.40 0.98805164567529558 0.1948871 0.162031 -0.0126248
59.45 0.98903655431106108 0.1946114 0.1618392 -0.0127931
59.50 0.99002339553454166 0.194329 0.1616372 -0.0129627
59.55 0.99101217802356323 0.1940397 0.1614248 -0.0131336
59.60 0.99200291050472111 0.1937436 0.1612022 -0.0133058
59.65 0.99299560175374524 0.1934406 0.160969 -0.0134793
59.70 0.99399026059587003 0.1931306 0.1607254 -0.0136542
59.75 0.99498689590620693 0.1928136 0.1604712 -0.0138303
59.80 0.99598551661012047 0.1924895 0.1602064 -0.0140078
59.85 0.99698613168360850 0.1921583 0.159931 -0.0141866
59.90 0.99798875015368327 0.19182 0.159645 -0.0143668
59.95 0.99899338109875979 0.1914745 0.1593483 -0.0145483
60.00 1.0000000336490449 0.1911218 0.1590409 -0.0147312
60.05 1.0010087169869311 0.1907619 0.1587229 -0.0149154
60.10 1.0020194403473930 0.1903947 0.1583942 -0.015101
60.15 1.0030322130183893 0.1900203 0.1580548 -0.015288
60.20 1.0040470443412663 0.1896386 0.1577049 -0.0154763
60.25 1.0050639437111659 0.1892496 0.1573443 -0.0156661
60.30 1.0060829205774386 0.1888533 0.1569732 -0.0158572
60.35 1.0071039844440590 0.1884498 0.1565916 -0.0160498
60.40 1.0081271448700442 0.1880389 0.1561995 -0.0162438
60.45 1.0091524114698791 0.1876208 0.1557971 -0.0164393
60.50 1.0101797939139427 0.1871954 0.1553843 -0.0166361
60.55 1.0112093019289397 0.1867628 0.1549613 -0.0168345
60.60 1.0122409452983365 0.1863229 0.154528 -0.0170343
60.65 1.0132747338627996 0.1858758 0.1540847 -0.0172356
60.70 1.0143106775206405 0.1854215 0.1536314 -0.0174383
60.75 1.0153487862282633 0.1849601 0.1531682 -0.0176426
60.80 1.0163890700006153 0.1844916 0.1526952 -0.0178484
60.85 1.0174315389116453 0.184016 0.1522125 -0.0180558
60.90 1.0184762030947627 0.1835334 0.1517202 -0.0182646
60.95 1.0195230727433033 0.1830437 0.1512184 -0.0184751
61.00 1.0205721581109972 0.1825472 0.1507072 -0.0186871
61.05 1.0216234695124444 0.1820438 0.1501868 -0.0189007
61.10 1.0226770173235920 0.1815335 0.1496572 -0.019116
61.15 1.0237328119822167 0.1810165 0.1491187 -0.0193328
61.20 1.0247908639884131 0.1804927 0.1485713 -0.0195514
61.25 1.0258511839050852 0.1799624 0.1480151 -0.0197716
61.30 1.0269137823584431 0.1794255 0.1474503 -0.0199935
61.35 1.0279786700385047 0.178882 0.146877 -0.0202171
61.40 1.0290458576996018 0.1783322 0.1462954 -0.0204424
61.45 1.0301153561608911 0.1777761 0.1457055 -0.0206696
61.50 1.0311871763068714 0.1772137 0.1451076 -0.0208985
61.55 1.0322613290879032 0.1766451 0.1445018 -0.0211292
61.60 1.0333378255207359 0.1760705 0.1438881 -0.0213618
61.65 1.0344166766890379 0.1754898 0.1432667 -0.0215963
61.70 1.0354978937439347 0.1749033 0.1426379 -0.0218326
61.75 1.0365814879045478 0.174311 0.1420016 -0.022071
61.80 1.0376674704585451 0.1737129 0.1413581 -0.0223112
61.85 1.0387558527626892 0.1731093 0.1407075 -0.0225535
61.90 1.0398466462433982 0.1725002 0.1400499 -0.0227979
61.95 1.0409398623973067 0.1718856 0.1393855 -0.0230443
62.00 1.0420355127918348 0.1712658 0.1387143 -0.0232929
62.05 1.0431336090657632 0.1706408 0.1380366 -0.0235437
62.10 1.0442341629298113 0.1700108 0.1373525 -0.0237966
62.15 1.0453371861672238 0.1693758 0.1366621 -0.0240519
62.20 1.0464426906343616 0.1687359 0.1359655 -0.0243095
62.25 1.0475506882612993 0.1680913 0.1352629 -0.0245694
62.30 1.0486611910524275 0.1674421 0.1345545 -0.0248318
62.35 1.0497742110870625 0.1667884 0.1338402 -0.0250966
62.40 1.0508897605200611 0.1661304 0.1331204 -0.025364
62.45 1.0520078515824418 0.1654681 0.132395 -0.025634
62.50 1.0531284965820111 0.1648016 0.1316643 -0.0259067
62.55 1.0542517079039999 0.1641312 0.1309284 -0.0261821
62.60 1.0553774980117010 0.1634569 0.1301874 -0.0264604
62.65 1.0565058794471158 0.1627789 0.1294413 -0.0267415
62.70 1.0576368648316092 0.1620973 0.1286905 -0.0270257
62.75 1.0587704668665670 0.1614122 0.1279349 -0.0273129
62.80 1.0599066983340624 0.1607238 0.1271747 -0.0276032
62.85 1.0610455720975307 0.1600322 0.1264101 -0.0278969
62.90 1.0621871011024460 0.1593375 0.1256411 -0.0281938
62.95 1.0633312983770105 0.15864 0.1248679 -0.0284942
63.00 1.0644781770328475 0.1579396 0.1240906 -0.0287982
63.05 1.0656277502657008 0.1572366 0.1233094 -0.0291058
63.10 1.0667800313561446 0.1565311 0.1225242 -0.0294173
63.15 1.0679350336702964 0.1558233 0.1217354 -0.0297326
63.20 1.0690927706605413 0.1551133 0.120943 -0.030052
63.25 1.0702532558662603 0.1544012 0.120147 -0.0303756
63.30 1.0714165029145688 0.1536873 0.1193478 -0.0307035
63.35 1.0725825255210610 0.1529716 0.1185453 -0.0310359
63.40 1.0737513374905625 0.1522544 0.1177396 -0.031373
63.45 1.0749229527178907 0.1515357 0.116931 -0.0317148
63.50 1.0760973851886237 0.1508158 0.1161195 -0.0320616
63.55 1.0772746489798752 0.1500948 0.1153053 -0.0324136
63.60 1.0784547582610808 0.1493729 0.1144884 -0.0327709
63.65 1.0796377272947879 0.1486502 0.1136691 -0.0331337
63.70 1.0808235704374589 0.1479269 0.1128473 -0.0335023
63.75 1.0820123021402799 0.1472033 0.1120233 -0.0338768
63.80 1.0832039369499773 0.1464794 0.1111972 -0.0342575
63.85 1.0843984895096448 0.1457554 0.1103691 -0.0346446
63.90 1.0855959745595780 0.1450315 0.1095391 -0.0350384
63.95 1.0867964069381189 0.144308 0.1087073 -0.0354391
64.00 1.0879998015825072 0.143585 0.1078739 -0.0358469
64.05 1.0892061735297434 0.1428626 0.107039 -0.0362622
64.10 1.0904155379174589 0.1421411 0.1062028 -0.0366852
64.15 1.0916279099847972 0.1414207 0.1053653 -0.0371163
64.20 1.0928433050732997 0.1407015 0.1045267 -0.0375556
64.25 1.0940617386278098 0.1399838 0.1036871 -0.0380036
64.30 1.0952832261973782 0.1392678 0.1028467 -0.0384606
64.35 1.0965077834361816 0.1385536 0.1020056 -0.0389268
64.40 1.0977354261044516 0.1378416 0.1011639 -0.0394028
64.45 1.0989661700694118 0.1371318 0.1003218 -0.0398887
64.50 1.1002000313062268 0.1364246 0.0994794 -0.040385
64.55 1.1014370258989608 0.1357201 0.0986369 -0.0408921
64.60 1.1026771700415456 0.1350185 0.0977943 -0.0414103
64.65 1.1039204800387612 0.1343202 0.0969519 -0.0419401
64.70 1.1051669723072235 0.1336252 0.0961098 -0.0424818
64.75 1.1064166633763877 0.1329339 0.0952682 -0.043036
64.80 1.1076695698895584 0.1322465 0.0944271 -0.0436029
64.85 1.1089257086049120 0.1315632 0.0935867 -0.044183
64.90 1.1101850963965334 0.1308843 0.0927473 -0.0447769
64.95 1.1114477502554549 0.1302099 0.0919089 -0.0453848
65.00 1.1127136872907215 0.1295405 0.0910717 -0.0460074
65.05 1.1139829247304520 0.1288761 0.0902359 -0.0466449
65.10 1.1152554799229231 0.1282171 0.0894017 -0.0472979
65.15 1.1165313703376598 0.1275637 0.0885691 -0.0479668
65.20 1.1178106135665402 0.1269162 0.0877384 -0.0486522
65.25 1.1190932273249123 0.1262749 0.0869098 -0.0493543
65.30 1.1203792294527217 0.1256399 0.0860833 -0.0500737
65.35 1.1216686379156546 0.1250116 0.0852592 -0.0508109
65.40 1.1229614708062909 0.1243903 0.0844377 -0.0515662
65.45 1.1242577463452708 0.1237761 0.083619 -0.0523401
65.50 1.1255574828824770 0.1231694 0.0828031 -0.053133
65.55 1.1268606988982264 0.1225704 0.0819904 -0.0539453
65.60 1.1281674130044770 0.1219795 0.0811809 -0.0547774
65.65 1.1294776439460517 0.1213968 0.080375 -0.0556296
65.70 1.1307914106018655 0.1208227 0.0795726 -0.0565025
65.75 1.1321087319861824 0.1202573 0.0787742 -0.0573962
65.80 1.1334296272498716 0.1197011 0.0779797 -0.058311
65.85 1.1347541156816874 0.1191542 0.0771895 -0.0592474
65.90 1.1360822167095599 0.1186169 0.0764037 -0.0602056
65.95 1.1374139499019000 0.1180894 0.0756226 -0.0611858
66.00 1.1387493349689228 0.117572 0.0748462 -0.0621882
66.05 1.1400883917639824 0.117065 0.0740749 -0.0632131
66.10 1.1414311402849235 0.1165686 0.0733088 -0.0642606
66.15 1.1427776006754504 0.1160831 0.0725481 -0.0653309
66.20 1.1441277932265064 0.1156086 0.071793 -0.0664241
66.25 1.1454817383776770 0.1151453 0.0710437 -0.0675403
66.30 1.1468394567186027 0.1146936 0.0703004 -0.0686796
66.35 1.1482009689904107 0.1142536 0.0695633 -0.0698419
66.40 1.1495662960871658 0.1138254 0.0688325 -0.0710274
66.45 1.1509354590573304 0.1134093 0.0681084 -0.0722359
66.50 1.1523084791052536 0.1130055 0.0673911 -0.0734674
66.55 1.1536853775926659 0.112614 0.0666808 -0.0747219
66.60 1.1550661760401986 0.112235 0.0659776 -0.0759992
66.65 1.1564508961289190 0.1118687 0.0652818 -0.0772993
66.70 1.1578395597018831 0.1115152 0.0645935 -0.0786219
66.75 1.1592321887657087 0.1111744 0.0639129 -0.0799668
66.80 1.1606288054921641 0.1108466 0.0632403 -0.081334
66.85 1.1620294322197784 0.1105318 0.0625758 -0.0827231
66.90 1.1634340914554704 0.1102299 0.0619195 -0.0841339
66.95 1.1648428058761942 0.109941 0.0612716 -0.0855662
67.00 1.1662555983306084 0.1096651 0.0606324 -0.0870197
67.05 1.1676724918407646 0.1094021 0.0600019 -0.088494
67.10 1.1690935096038124 0.1091521 0.0593803 -0.089989
67.15 1.1705186749937306 0.1089148 0.0587678 -0.0915041
67.20 1.1719480115630720 0.1086902 0.0581645 -0.0930392
67.25 1.1733815430447392 0.1084782 0.0575705 -0.0945939
67.30 1.1748192933537724 0.1082785 0.056986 -0.0961678
67.35 1.1762612865891637 0.1080911 0.0564112 -0.0977605
67.40 1.1777075470356930 0.1079156 0.0558461 -0.0993718
67.45 1.1791580991657851 0.1077519 0.0552908 -0.1010011
67.50 1.1806129676413906 0.1075998 0.0547455 -0.1026483
67.55 1.1820721773158904 0.1074588 0.0542103 -0.1043129
67.60 1.1835357532360211 0.1073286 0.0536852 -0.1059944
67.65 1.1850037206438264 0.1072091 0.0531703 -0.1076927
67.70 1.1864761049786312 0.1070997 0.0526659 -0.1094072
67.75 1.1879529318790409 0.1070001 0.0521718 -0.1111377
67.80 1.1894342271849665 0.1069098 0.0516882 -0.1128838
67.85 1.1909200169396705 0.1068286 0.0512152 -0.1146452
67.90 1.1924103273918456 0.1067558 0.0507527 -0.1164215
67.95 1.1939051849977087 0.106691 0.0503009 -0.1182124
68.00 1.1954046164231349 0.1066337 0.0498599 -0.1200177
68.05 1.1969086485458049 0.1065835 0.0494295 -0.1218369
68.10 1.1984173084573870 0.1065397 0.04901 -0.1236699
68.15 1.1999306234657463 0.1065019 0.0486012 -0.1255163
68.20 1.2014486210971758 0.1064694 0.0482033 -0.127376
68.25 1.2029713290986654 0.1064418 0.0478163 -0.1292487
68.30 1.2044987754401906 0.1064185 0.0474401 -0.1311341
68.35 1.2060309883170346 0.1063989 0.0470747 -0.1330321
68.40 1.2075679961521408 0.1063823 0.0467203 -0.1349425
68.45 1.2091098275984908 0.1063683 0.0463767 -0.1368651
68.50 1.2106565115415191 0.1063563 0.046044 -0.1387999
68.55 1.2122080771015531 0.1063456 0.0457222 -0.1407466
68.60 1.2137645536362878 0.1063357 0.0454113 -0.1427053
68.65 1.2153259707432924 0.106326 0.0451112 -0.1446757
68.70 1.2168923582625433 0.106316 0.044822 -0.1466579
68.75 1.2184637462790018 0.106305 0.0445436 -0.1486518
68.80 1.2200401651252133 0.1062926 0.0442761 -0.1506575
68.85 1.2216216453839461 0.1062782 0.0440194 -0.1526748
68.90 1.2232082178908650 0.1062613 0.0437735 -0.1547038
68.95 1.2247999137372361 0.1062414 0.0435385 -0.1567447
69.00 1.2263967642726714 0.106218 0.0433142 -0.1587974
69.05 1.2279988011079066 0.1061906 0.0431007 -0.160862
69.10 1.2296060561176163 0.1061589 0.0428981 -0.1629387
69.15 1.2312185614432660 0.1061223 0.0427062 -0.1650275
69.20 1.2328363494960013 0.1060806 0.042525 -0.1671287
69.25 1.2344594529595776 0.1060332 0.0423547 -0.1692423
69.30 1.2360879047933260 0.1059799 0.0421952 -0.1713685
69.35 1.2377217382351597 0.1059203 0.0420465 -0.1735076
69.40 1.2393609868046243 0.1058542 0.0419086 -0.1756598
69.45 1.2410056843059762 0.1057812 0.0417815 -0.1778252
69.50 1.2426558648313226 0.1057012 0.0416653 -0.180004
69.55 1.2443115627637849 0.1056139 0.04156 -0.1821967
69.60 1.2459728127807141 0.1055191 0.0414656 -0.1844033
69.65 1.2476396498569498 0.1054166 0.0413822 -0.1866242
69.70 1.2493121092681172 0.1053065 0.0413099 -0.1888597
69.75 1.2509902265939778 0.1051885 0.0412486 -0.19111
69.80 1.2526740377218175 0.1050625 0.0411984 -0.1933754
69.85 1.2543635788498853 0.1049286 0.0411595 -0.1956562
69.90 1.2560588864908790 0.1047867 0.0411319 -0.1979527
69.95 1.2577599974754754 0.1046369 0.0411156 -0.2002653
70.00 1.2594669489559134 0.1044791 0.0411108 -0.2025941
70.05 1.2611797784096244 0.1043136 0.0411176 -0.2049396
70.10 1.2628985236429111 0.1041403 0.0411361 -0.2073019
70.15 1.2646232227946819 0.1039594 0.0411665 -0.2096814
70.20 1.2663539143402289 0.103771 0.0412087 -0.2120783
70.25 1.2680906370950717 0.1035754 0.0412631 -0.2144929
70.30 1.2698334302188394 0.1033728 0.0413298 -0.2169254
70.35 1.2715823332192195 0.1031634 0.0414088 -0.2193761
70.40 1.2733373859559551 0.1029474 0.0415005 -0.2218451
70.45 1.2750986286448989 0.1027253 0.0416049 -0.2243327
70.50 1.2768661018621295 0.1024972 0.0417224 -0.2268391
70.55 1.2786398465481190 0.1022635 0.041853 -0.2293642
70.60 1.2804199040119650 0.1020247 0.0419971 -0.2319083
70.65 1.2822063159356787 0.1017811 0.0421549 -0.2344714
70.70 1.2839991243785358 0.1015332 0.0423265 -0.2370536
70.75 1.2857983717814927 0.1012814 0.0425124 -0.2396547
70.80 1.2876041009716590 0.1010262 0.0427127 -0.2422749
70.85 1.2894163551668398 0.1007681 0.0429277 -0.2449138
70.90 1.2912351779801445 0.1005077 0.0431578 -0.2475715
70.95 1.2930606134246510 0.1002456 0.0434033 -0.2502476
71.00 1.2948927059181552 0.0999823 0.0436645 -0.252942
71.05 1.2967315002879742 0.0997186 0.0439418 -0.2556543
71.10 1.2985770417758264 0.099455 0.0442354 -0.2583841
71.15 1.3004293760427814 0.0991923 0.0445459 -0.2611309
71.20 1.3022885491742811 0.0989313 0.0448735 -0.2638942
71.25 1.3041546076852373 0.0986726 0.0452187 -0.2666734
71.30 1.3060275985252012 0.0984172 0.0455819 -0.269468
71.35 1.3079075690836115 0.0981659 0.0459634 -0.272277
71.40 1.3097945671951174 0.0979196 0.0463639 -0.2750997
71.45 1.3116886411449822 0.0976792 0.0467836 -0.2779353
71.50 1.3135898396745678 0.0974457 0.0472231 -0.2807827
71.55 1.3154982119869003 0.0972202 0.0476828 -0.2836409
71.60 1.3174138077523165 0.0970035 0.0481632 -0.2865087
71.65 1.3193366771142014 0.096797 0.0486648 -0.2893851
71.70 1.3212668706947988 0.0966016 0.0491881 -0.2922687
71.75 1.3232044396011293 0.0964186 0.0497336 -0.2951583
71.80 1.3251494354309783 0.0962493 0.0503018 -0.2980523
71.85 1.3271019102789854 0.0960947 0.0508931 -0.3009494
71.90 1.3290619167428244 0.0959563 0.0515082 -0.303848
71.95 1.3310295079294747 0.0958353 0.0521474 -0.3067466
72.00 1.3330047374615932 0.0957331 0.0528113 -0.3096436
72.05 1.3349876594839796 0.0956511 0.0535003 -0.3125374
72.10 1.3369783286701415 0.0955906 0.054215 -0.3154262
72.15 1.3389768002289641 0.095553 0.0549558 -0.3183084
72.20 1.3409831299114769 0.0955398 0.0557232 -0.3211823
72.25 1.3429973740177321 0.0955523 0.0565176 -0.3240462
72.30 1.3450195894037844 0.095592 0.0573393 -0.3268983
72.35 1.3470498334887806 0.0956603 0.0581889 -0.3297371
72.40 1.3490881642621655 0.0957585 0.0590666 -0.3325608
72.45 1.3511346402909867 0.095888 0.0599728 -0.3353678
72.50 1.3531893207273342 0.09605 0.0607789 -0.3381565
72.55 1.3552522653158787 0.0962459 0.0599878 -0.3409256
72.60 1.3573235344015393 0.0964768 0.0592059 -0.3436734
72.65 1.3594031889372702 0.0967439 0.0584333 -0.3463985
72.70 1.3614912904919696 0.0970483 0.05767 -0.3490998
72.75 1.3635879012585173 0.097391 0.056916 -0.351776
72.80 1.3656930840619386 0.0977728 0.0561712 -0.3544259
72.85 1.3678069023677004 0.0981947 0.0554357 -0.3570485
72.90 1.3699294202901398 0.0986573 0.0547093 -0.359643
72.95 1.3720607026010270 0.0991614 0.0539921 -0.3622084
73.00 1.3742008147382716 0.0997074 0.0532839 -0.3647441
73.05 1.3763498228147655 0.1002958 0.0525847 -0.3672494
73.10 1.3785077936273700 0.100927 0.0518945 -0.3697238
73.15 1.3806747946660543 0.1016011 0.051213 -0.3721671
73.20 1.3828508941231716 0.1023183 0.0505403 -0.3745787
73.25 1.3850361609029067 0.1030786 0.0498762 -0.3769586
73.30 1.3872306646308596 0.1038821 0.0492206 -0.3793067
73.35 1.3894344756637986 0.1047285 0.0485734 -0.3816229
73.40 1.3916476650995724 0.1056175 0.0479344 -0.3839073
73.45 1.3938703047871841 0.106549 0.0473036 -0.38616
73.50 1.3961024673370386 0.1075224 0.0466807 -0.3883814
73.55 1.3983442261313550 0.1085373 0.0460657 -0.3905716
73.60 1.4005956553347587 0.1095932 0.0454584 -0.392731
73.65 1.4028568299050477 0.1106894 0.0448587 -0.3948601
73.70 1.4051278256041408 0.1118254 0.0442664 -0.3969593
73.75 1.4074087190092159 0.1130004 0.0436814 -0.3990291
73.80 1.4096995875240308 0.1142136 0.0431036 -0.4010701
73.85 1.4120005093904389 0.1154644 0.0425327 -0.4030828
73.90 1.4143115637001062 0.1167518 0.0419687 -0.4050677
73.95 1.4166328304064160 0.1180752 0.0414115 -0.4070256
74.00 1.4189643903365978 0.1194336 0.0408608 -0.408957
74.05 1.4213063252040461 0.1208263 0.0403166 -0.4108626
74.10 1.4236587176208633 0.1222522 0.0397787 -0.4127429
74.15 1.4260216511106174 0.1237107 0.0392469 -0.4145988
74.20 1.4283952101213191 0.1252008 0.0387213 -0.4164308
74.25 1.4307794800386300 0.1267216 0.0382015 -0.4182395
74.30 1.4331745471992983 0.1282724 0.0376876 -0.4200256
74.35 1.4355804989048313 0.1298522 0.0371794 -0.4217897
74.40 1.4379974234354114 0.1314602 0.0366768 -0.4235324
74.45 1.4404254100640508 0.1330957 0.0361797 -0.4252544
74.50 1.4428645490710084 0.1347578 0.0356879 -0.4269562
74.55 1.4453149317584530 0.1364457 0.0352015 -0.4286383
74.60 1.4477766504653917 0.1381586 0.0347202 -0.4303015
74.65 1.4502497985828720 0.1398959 0.0342439 -0.4319461
74.70 1.4527344705694387 0.1416568 0.0337727 -0.4335728
74.75 1.4552307619668963 0.1434405 0.0333064 -0.4351819
74.80 1.4577387694163313 0.1452464 0.0328449 -0.4367741
74.85 1.4602585906744392 0.1470738 0.0323881 -0.4383498
74.90 1.4627903246301464 0.148922 0.0319361 -0.4399095
74.95 1.4653340713215299 0.1507905 0.0314886 -0.4414535
75.00 1.4678899319530556 0.1526786 0.0310456 -0.4429823
75.05 1.4704580089131281 0.1545857 0.0306071 -0.4444963
75.10 1.4730384057919645 0.1565113 0.030173 -0.4459959
75.15 1.4756312273998002 0.1584548 0.0297432 -0.4474815
75.20 1.4782365797854315 0.1604156 0.0293177 -0.4489533
75.25 1.4808545702551064 0.1623934 0.0288964 -0.4504118
75.30 1.4834853073917655 0.1643875 0.0284793 -0.4518572
75.35 1.4861289010746450 0.1663975 0.0280663 -0.4532898
75.40 1.4887854624992518 0.1684229 0.0276573 -0.45471
75.45 1.4914551041977033 0.1704633 0.0272524 -0.456118
75.50 1.4941379400594756 0.1725183 0.0268515 -0.457514
75.55 1.4968340853525235 0.1745875 0.0264545 -0.4588984
75.60 1.4995436567448153 0.1766704 0.0260614 -0.4602713
75.65 1.5022667723262797 0.1787667 0.0256721 -0.4616329
75.70 1.5050035516311675 0.180876 0.0252867 -0.4629835
75.75 1.5077541156608558 0.1829979 0.024905 -0.4643233
75.80 1.5105185869070827 0.1851322 0.0245272 -0.4656524
75.85 1.5132970893756394 0.1872784 0.024153 -0.466971
75.90 1.5160897486105220 0.1894363 0.0237825 -0.4682793
75.95 1.5188966917185549 0.1916055 0.0234157 -0.4695774
76.00 1.5217180473945009 0.1937858 0.0230525 -0.4708655
76.05 1.5245539459466628 0.1959769 0.022693 -0.4721437
76.10 1.5274045193229899 0.1981784 0.022337 -0.4734121
76.15 1.5302699011377114 0.2003902 0.0219846 -0.4746709
76.20 1.5331502266984804 0.2026119 0.0216357 -0.4759202
76.25 1.5360456330340897 0.2048433 0.0212904 -0.47716
76.30 1.5389562589227139 0.2070842 0.0209485 -0.4783904
76.35 1.5418822449207401 0.2093343 0.0206101 -0.4796117
76.40 1.5448237333921728 0.2115934 0.0202752 -0.4808237
76.45 1.5477808685386352 0.2138613 0.0199437 -0.4820267
76.50 1.5507537964299845 0.2161377 0.0196157 -0.4832206
76.55 1.5537426650355510 0.2184225 0.019291 -0.4844056
76.60 1.5567476242560161 0.2207154 0.0189698 -0.4855816
76.65 1.5597688259559499 0.2230163 0.0186519 -0.4867488
76.70 1.5628064239970156 0.2253249 0.0183374 -0.4879072
76.75 1.5658605742718710 0.227641 0.0180262 -0.4890569
76.80 1.5689314347387666 0.2299646 0.0177183 -0.4901978
76.85 1.5720191654568727 0.2322953 0.0174138 -0.4913301
76.90 1.5751239286223491 0.234633 0.0171126 -0.4924537
76.95 1.5782458886051585 0.2369776 0.0168146 -0.4935686
77.00 1.5813852119866876 0.2393288 0.01652 -0.494675
77.05 1.5845420675981361 0.2416865 0.0162286 -0.4957728
77.10 1.5877166265597418 0.2440506 0.0159404 -0.496862
77.15 1.5909090623208391 0.2464208 0.0156555 -0.4979427
77.20 1.5941195507007735 0.248797 0.0153739 -0.4990149
77.25 1.5973482699307082 0.251179 0.0150954 -0.5000785
77.30 1.6005954006963241 0.2535666 0.0148202 -0.5011336
77.35 1.6038611261814530 0.2559598 0.0145481 -0.5021802
77.40 1.6071456321126634 0.2583583 0.0142793 -0.5032183
77.45 1.6104491068048148 0.2607619 0.0140136 -0.5042479
77.50 1.6137717412076256 0.2631705 0.0137511 -0.505269
77.55 1.6171137289532584 0.2655838 0.0134917 -0.5062816
77.60 1.6204752664049629 0.2680018 0.0132355 -0.5072857
77.65 1.6238565527068056 0.2704241 0.0129824 -0.5082813
77.70 1.6272577898344955 0.2728506 0.0127324 -0.5092684
77.75 1.6306791826473761 0.275281 0.0124855 -0.5102469
77.80 1.6341209389415596 0.277715 0.0122418 -0.5112169
77.85 1.6375832695042820 0.2801525 0.0120011 -0.5121784
77.90 1.6410663881694845 0.282593 0.0117635 -0.5131313
77.95 1.6445705118746621 0.2850362 0.0115289 -0.5140757
78.00 1.6480958607190197 0.2874818 0.0112975 -0.5150115
78.05 1.6516426580229577 0.2899291 0.011069 -0.5159388
78.10 1.6552111303889363 0.2923777 0.0108436 -0.5168574
78.15 1.6588015077637484 0.2948268 0.0106212 -0.5177675
78.20 1.6624140235022404 0.2972756 0.0104018 -0.518669
78.25 1.6660489144325314 0.2997231 0.0101855 -0.5195619
78.30 1.6697064209227548 0.3021679 0.0099721 -0.5204461
78.35 1.6733867869493753 0.3046083 0.0097616 -0.5213218
78.40 1.6770902601671336 0.307042 0.0095542 -0.5221888
78.45 1.6808170919806322 0.309466 0.0093496 -0.5230471
78.50 1.6845675376176648 0.3118762 0.009148 -0.5238969
78.55 1.6883418562042736 0.3142667 0.0089494 -0.524738
78.60 1.6921403108416329 0.316629 0.0087536 -0.5255704
78.65 1.6959631686847902 0.3189507 0.0085607 -0.5263942
78.70 1.6998107010233166 0.3212132 0.0083707 -0.5272093
78.75 1.7036831833639368 0.3233879 0.0081836 -0.5280157
78.80 1.7075808955151763 0.3254321 0.0079993 -0.5288135
78.85 1.7115041216740989 0.3272855 0.0078178 -0.5296027
78.90 1.7154531505151902 0.3288764 0.0076392 -0.5303832
78.95 1.7194282752814485 0.3301471 0.0074633 -0.531155
79.00 1.7234297938777567 0.33109 0.0072902 -0.5319182
79.05 1.7274580089665905 0.3317541 0.0071199 -0.5326728
79.10 1.7315132280661407 0.3322136 0.0069524 -0.5334187
79.15 1.7355957636509258 0.3325359 0.0067876 -0.534156
79.20 1.7397059332549434 0.3327703 0.0066255 -0.5348847
79.25 1.7438440595774944 0.33295 0.0064661 -0.5356048
79.30 1.7480104705916841 0.333097 0.0063093 -0.5363163
79.35 1.7522054996557488 0.3332255 0.0061553 -0.5370193
79.40 1.7564294856272575 0.3333453 0.0060038 -0.5377137
79.45 1.7606827729802852 0.333463 0.005855 -0.5383996
79.50 1.7649657119256603 0.3335834 0.0057088 -0.539077
79.55 1.7692786585343654 0.3337099 0.0055652 -0.5397459
79.60 1.7736219748641979 0.333845 0.0054242 -0.5404064
79.65 1.7779960290897987 0.3339906 0.0052857 -0.5410584
79.70 1.7824011956361372 0.3341481 0.0051497 -0.5417021
79.75 1.7868378553155890 0.3343187 0.0050162 -0.5423373
79.80 1.7913063954686912 0.3345032 0.0048852 -0.5429643
79.85 1.7958072101087128 0.3347024 0.0047566 -0.543583
79.90 1.8003407000701643 0.3349168 0.0046305 -0.5441934
79.95 1.8049072731613405 0.3351469 0.0045068 -0.5447956
80.00 1.8095073443210954 0.3353931 0.0043855 -0.5453896
80.05 1.8141413357799034 0.3356557 0.0042666 -0.5459756
80.10 1.8188096772254154 0.3359349 0.00415 -0.5465534
80.15 1.8235128059726211 0.3362309 0.0040357 -0.5471232
80.20 1.8282511671387802 0.336544 0.0039237 -0.547685
80.25 1.8330252138232914 0.3368741 0.003814 -0.5482388
80.30 1.8378354072926408 0.3372216 0.0037065 -0.5487848
80.35 1.8426822171706256 0.3375864 0.0036013 -0.549323
80.40 1.8475661216340147 0.3379685 0.0034983 -0.5498534
80.45 1.8524876076138348 0.3383682 0.0033974 -0.550376
80.50 1.8574471710024862 0.3387853 0.0032987 -0.5508911
80.55 1.8624453168668675 0.3392199 0.0032021 -0.5513985
80.60 1.8674825596677291 0.339672 0.0031076 -0.5518984
80.65 1.8725594234854832 0.3401416 0.0030152 -0.5523909
80.70 1.8776764422526515 0.3406286 0.0029249 -0.5528759
80.75 1.8828341599932619 0.3411331 0.0028365 -0.5533537
80.80 1.8880331310693452 0.341655 0.0027502 -0.5538241
80.85 1.8932739204348596 0.3421942 0.0026658 -0.5542874
80.90 1.8985571038972699 0.3427508 0.0025834 -0.5547436
80.95 1.9038832683870603 0.3433245 0.0025029 -0.5551928
81.00 1.9092530122354845 0.3439155 0.0024242 -0.5556349
81.05 1.9146669454608252 0.3445235 0.0023475 -0.5560703
81.10 1.9201256900634951 0.3451485 0.0022726 -0.5564988
81.15 1.9256298803302931 0.3457904 0.0021995 -0.5569205
81.20 1.9311801631481520 0.3464491 0.0021281 -0.5573357
81.25 1.9367771983277440 0.3471245 0.0020586 -0.5577442
81.30 1.9424216589372902 0.3478165 0.0019907 -0.5581463
81.35 1.9481142316469726 0.3485251 0.0019246 -0.558542
81.40 1.9538556170843520 0.3492499 0.0018601 -0.5589314
81.45 1.9596465302011721 0.3499911 0.0017973 -0.5593146
81.50 1.9654877006520655 0.3507484 0.0017361 -0.5596916
81.55 1.9713798731855150 0.3515217 0.0016765 -0.5600626
81.60 1.9773238080476301 0.3523109 0.0016185 -0.5604276
81.65 1.9833202813991822 0.3531158 0.001562 -0.5607868
81.70 1.9893700857464571 0.3539363 0.0015071 -0.5611402
81.75 1.9954740303864316 0.3547723 0.0014536 -0.5614879
81.80 2.0016329418668652 0.3556236 0.0014016 -0.56183
81.85 2.0078476644618948 0.3564901 0.001351 -0.5621666
81.90 2.0141190606637487 0.3573715 0.0013018 -0.5624978
81.95 2.0204480116912382 0.3582679 0.0012541 -0.5628237
82.00 2.0268354180156947 0.3591789 0.0012076 -0.5631444
82.05 2.0332821999050843 0.3601046 0.0011625 -0.5634599
82.10 2.0397892979870225 0.3610446 0.0011188 -0.5637704
82.15 2.0463576738314897 0.3619988 0.0010763 -0.564076
82.20 2.0529883105540567 0.3629671 0.001035 -0.5643768
82.25 2.0596822134404817 0.3639493 0.000995 -0.5646728
82.30 2.0664404105935832 0.3649452 0.0009562 -0.5649641
82.35 2.0732639536033268 0.3659547 0.0009186 -0.565251
82.40 2.0801539182411148 0.3669777 0.0008821 -0.5655333
82.45 2.0871114051793418 0.3680138 0.0008467 -0.5658114
82.50 2.0941375407372735 0.3690629 0.0008125 -0.5660851
82.55 2.1012334776544206 0.370125 0.0007794 -0.5663547
82.60 2.1084003958926107 0.3711998 0.0007473 -0.5666203
82.65 2.1156395034680107 0.372287 0.0007162 -0.5668819
82.70 2.1229520373144530 0.3733866 0.0006862 -0.5671396
82.75 2.1303392641794385 0.3744984 0.0006571 -0.5673936
82.80 2.1378024815543255 0.3756222 0.000629 -0.5676439
82.85 2.1453430186402151 0.3767578 0.0006019 -0.5678907
82.90 2.1529622373511956 0.377905 0.0005757 -0.5681339
82.95 2.1606615333566506 0.3790637 0.0005504 -0.5683739
83.00 2.1684423371644423 0.3802336 0.0005259 -0.5686105
83.05 2.1763061152468834 0.3814146 0.0005023 -0.568844
83.10 2.1842543712115088 0.3826065 0.0004796 -0.5690744
83.15 2.1922886470187501 0.3838092 0.0004576 -0.5693018
83.20 2.2004105242487957 0.3850223 0.0004365 -0.5695263
83.25 2.2086216254199424 0.3862458 0.0004161 -0.5697481
83.30 2.2169236153609786 0.3874795 0.0003965 -0.5699672
83.35 2.2253182026402079 0.3887232 0.0003776 -0.5701837
83.40 2.2338071410539140 0.3899767 0.0003594 -0.5703978
83.45 2.2423922311771953 0.3912397 0.0003419 -0.5706094
83.50 2.2510753219802888 0.3925123 0.0003251 -0.5708188
83.55 2.2598583125136917 0.393794 0.000309 -0.5710259
83.60 2.2687431536655347 0.3950849 0.0002934 -0.571231
83.65 2.2777318499949293 0.3963846 0.0002785 -0.5714341
83.70 2.2868264616451803 0.3976931 0.0002642 -0.5716353
83.75 2.2960291063410230 0.39901 0.0002505 -0.5718347
83.80 2.3053419614742690 0.4003353 0.0002374 -0.5720324
83.85 2.3147672662825332 0.4016688 0.0002248 -0.5722285
83.90 2.3243073241259733 0.4030103 0.0002127 -0.5724231
83.95 2.3339645048673359 0.4043596 0.0002012 -0.5726162
84.00 2.3437412473608381 0.4057165 0.0001901 -0.5728081
84.05 2.3536400620558657 0.4070809 0.0001795 -0.5729987
84.10 2.3636635337217689 0.4084526 0.0001694 -0.5731882
84.15 2.3738143243004877 0.4098314 0.0001598 -0.5733767
84.20 2.3840951758941467 0.4112172 0.0001506 -0.5735643
84.25 2.3945089138952178 0.4126098 0.0001418 -0.573751
84.30 2.4050584502674064 0.414009 0.0001334 -0.573937
84.35 2.4157467869858533 0.4154147 0.0001254 -0.5741223
84.40 2.4265770196459231 0.4168268 0.0001178 -0.5743071
84.45 2.4375523412504077 0.418245 0.0001106 -0.5744915
84.50 2.4486760461856742 0.4196693 0.0001037 -0.5746755
84.55 2.4599515343979936 0.4210995 0.0000972 -0.5748593
84.60 2.4713823157820722 0.4225355 0.000091 -0.5750428
84.65 2.4829720147946408 0.4239772 0.0000851 -0.5752264
84.70 2.4947243753068959 0.4254244 0.0000795 -0.5754099
84.75 2.5066432657105051 0.426877 0.0000743 -0.5755936
