45.0 0.75983570225832975 -0.41095 -0.39665 0.03889 0.26442 .43554
45.05 0.76049907376085979 -0.41095 -0.39665 0.03889 0.26441 .43554
45.10 0.76116302644066036 -0.41095 -0.39665 0.03889 0.26441 .43554
45.15 0.76182756283385522 -0.41094 -0.39665 0.03889 0.26439 .43554
45.20 0.76249268548415305 -0.41094 -0.39665 0.03890 0.26437 .43555
45.25 0.76315839694289456 -0.41093 -0.39665 0.03890 0.26435 .43555
45.30 0.76382469976910006 -0.41092 -0.39665 0.03891 0.26432 .43556
45.35 0.76449159652951659 -0.41092 -0.39666 0.03891 0.26429 .43557
45.40 0.76515908979866654 -0.41090 -0.39666 0.03892 0.26425 .43558
45.45 0.76582718215889523 -0.41089 -0.39666 0.03893 0.26420 .43559
45.50 0.76649587620041937 -0.41088 -0.39666 0.03894 0.26415 .43560
45.55 0.76716517452137623 -0.41086 -0.39667 0.03895 0.26410 .43562
45.60 0.76783507972787179 -0.41084 -0.39667 0.03896 0.26404 .43563
45.65 0.76850559443403055 -0.41083 -0.39668 0.03897 0.26397 .43565
45.70 0.76917672126204495 -0.41081 -0.39668 0.03899 0.26390 .43567
45.75 0.76984846284222430 -0.41078 -0.39668 0.03900 0.26383 .43568
45.80 0.77052082181304604 -0.41076 -0.39669 0.03902 0.26375 .43571
45.85 0.77119380082120481 -0.41074 -0.39670 0.03903 0.26366 .43573
45.90 0.77186740252166364 -0.41071 -0.39670 0.03905 0.26357 .43575
45.95 0.77254162957770478 -0.41068 -0.39671 0.03907 0.26347 .43578
46.00 0.77321648466098036 -0.41065 -0.39671 0.03909 0.26337 .43580
46.05 0.77389197045156433 -0.41062 -0.39672 0.03911 0.26327 .43583
46.10 0.77456808963800328 -0.41059 -0.39673 0.03913 0.26316 .43586
46.15 0.77524484491736945 -0.41056 -0.39673 0.03915 0.26304 .43588
46.20 0.77592223899531199 -0.41052 -0.39674 0.03917 0.26292 .43591
46.25 0.77660027458611014 -0.41049 -0.39675 0.03920 0.26279 .43595
46.30 0.77727895441272554 -0.41045 -0.39676 0.03922 0.26266 .43598
46.35 0.77795828120685584 -0.41041 -0.39677 0.03925 0.26253 .43602
46.40 0.77863825770898754 -0.41037 -0.39678 0.03928 0.26239 .43606
46.45 0.77931888666845017 -0.41033 -0.39679 0.03931 0.26224 .43610
46.50 0.78000017084346973 -0.41028 -0.39680 0.03934 0.26209 .43614
46.55 0.78068211300122392 -0.41024 -0.39681 0.03937 0.26194 .43618
46.60 0.78136471591789569 -0.41019 -0.39682 0.03940 0.26178 .43622
46.65 0.78204798237872875 -0.41014 -0.39683 0.03943 0.26162 .43626
46.70 0.78273191517808294 -0.41009 -0.39684 0.03946 0.26145 .43630
46.75 0.78341651711948912 -0.41004 -0.39685 0.03950 0.26127 .43635
46.80 0.78410179101570610 -0.40999 -0.39686 0.03953 0.26110 .43639
46.85 0.78478773968877535 -0.40993 -0.39687 0.03957 0.26092 .43644
46.90 0.78547436597007880 -0.40988 -0.39689 0.03961 0.26073 .43650
46.95 0.78616167270039528 -0.40982 -0.39690 0.03964 0.26054 .43654
47.00 0.78684966272995749 -0.40976 -0.39691 0.03968 0.26034 .43659
47.05 0.78753833891850933 -0.40970 -0.39693 0.03972 0.26014 .43665
47.10 0.78822770413536436 -0.40964 -0.39694 0.03977 0.25994 .43671
47.15 0.78891776125946356 -0.40957 -0.39695 0.03981 0.25973 .43676
47.20 0.78960851317943370 -0.40951 -0.39697 0.03985 0.25952 .43682
47.25 0.79029996279364645 -0.40944 -0.39698 0.03990 0.25930 .43688
47.30 0.79099211301027716 -0.40938 -0.39700 0.03994 0.25908 .43694
47.35 0.79168496674736522 -0.40931 -0.39701 0.03999 0.25886 .43700
47.40 0.79237852693287303 -0.40923 -0.39703 0.04004 0.25863 .43707
47.45 0.79307279650474649 -0.40916 -0.39705 0.04008 0.25839 .43713
47.50 0.79376777841097601 -0.40909 -0.39706 0.04013 0.25816 .43719
47.55 0.79446347560965724 -0.40901 -0.39708 0.04018 0.25792 .43726
47.60 0.79515989106905183 -0.40894 -0.39710 0.04024 0.25767 .43734
47.65 0.79585702776764977 -0.40886 -0.39711 0.04029 0.25742 .43740
47.70 0.79655488869423152 -0.40878 -0.39713 0.04034 0.25717 .43747
47.75 0.79725347684792980 -0.40870 -0.39715 0.04040 0.25691 .43755
47.80 0.79795279523829266 -0.40861 -0.39717 0.04045 0.25665 .43762
47.85 0.79865284688534688 -0.40853 -0.39719 0.04051 0.25639 .43770
47.90 0.79935363481966115 -0.40844 -0.39720 0.04057 0.25612 .43777
47.95 0.80005516208241045 -0.40836 -0.39722 0.04062 0.25585 .43784
48.00 0.80075743172543956 -0.40827 -0.39724 0.04068 0.25558 .43792
48.05 0.80146044681132877 -0.40818 -0.39726 0.04074 0.25530 .43800
48.10 0.80216421041345820 -0.40808 -0.39728 0.04081 0.25502 .43809
48.15 0.80286872561607381 -0.40799 -0.39730 0.04087 0.25473 .43817
48.20 0.80357399551435238 -0.40789 -0.39732 0.04093 0.25444 .43825
48.25 0.80428002321446923 -0.40780 -0.39735 0.04100 0.25415 .43835
48.30 0.80498681183366394 -0.40770 -0.39737 0.04106 0.25386 .43843
48.35 0.80569436450030729 -0.40760 -0.39739 0.04113 0.25356 .43852
48.40 0.80640268435396956 -0.40750 -0.39741 0.04120 0.25326 .43861
48.45 0.80711177454548755 -0.40740 -0.39743 0.04127 0.25295 .43870
48.50 0.80782163823703412 -0.40729 -0.39746 0.04134 0.25264 .43880
48.55 0.80853227860218546 -0.40719 -0.39748 0.04141 0.25233 .43889
48.60 0.80924369882599168 -0.40708 -0.39750 0.04148 0.25202 .43898
48.65 0.80995590210504553 -0.40697 -0.39753 0.04155 0.25170 .43908
48.70 0.81066889164755318 -0.40686 -0.39755 0.04163 0.25138 .43918
48.75 0.81138267067340353 -0.40675 -0.39758 0.04170 0.25105 .43928
48.80 0.81209724241424064 -0.40663 -0.39760 0.04178 0.25073 .43938
48.85 0.81281261011353434 -0.40652 -0.39763 0.04185 0.25040 .43948
48.90 0.81352877702665161 -0.40640 -0.39765 0.04193 0.25006 .43958
48.95 0.81424574642093006 -0.40629 -0.39768 0.04201 0.24973 .43969
49.00 0.81496352157574936 -0.40617 -0.39770 0.04209 0.24939 .43979
49.05 0.81568210578260558 -0.40604 -0.39773 0.04217 0.24905 .43990
49.10 0.81640150234518361 -0.40592 -0.39775 0.04226 0.24871 .44001
49.15 0.81712171457943295 -0.40580 -0.39778 0.04234 0.24836 .44012
49.20 0.81784274581364047 -0.40567 -0.39781 0.04242 0.24801 .44023
49.25 0.81856459938850701 -0.40554 -0.39784 0.04251 0.24766 .44035
49.30 0.81928727865722173 -0.40542 -0.39786 0.04260 0.24730 .44046
49.35 0.82001078698553909 -0.40529 -0.39789 0.04268 0.24695 .44057
49.40 0.82073512775185475 -0.40515 -0.39792 0.04277 0.24659 .44069
49.45 0.82146030434728290 -0.40502 -0.39795 0.04286 0.24622 .44081
49.50 0.82218632017573356 -0.40489 -0.39798 0.04295 0.24586 .44093
49.55 0.82291317865399061 -0.40475 -0.39801 0.04305 0.24549 .44106
49.60 0.82364088321179052 -0.40461 -0.39804 0.04314 0.24512 .44118
49.65 0.82436943729190104 -0.40447 -0.39807 0.04323 0.24475 .44130
49.70 0.82509884435020076 -0.40433 -0.39810 0.04333 0.24437 .44143
49.75 0.82582910785575958 -0.40419 -0.39813 0.04342 0.24400 .44155
49.80 0.82656023129091882 -0.40404 -0.39816 0.04352 0.24362 .44168
49.85 0.82729221815137199 -0.40390 -0.39819 0.04362 0.24323 .44181
49.90 0.82802507194624730 -0.40375 -0.39822 0.04372 0.24285 .44194
49.95 0.82875879619818926 -0.40360 -0.39825 0.04382 0.24246 .44207
50.00 0.82949339444344139 -0.40345 -0.39829 0.04392 0.24208 .44221
50.05 0.83022887023192915 -0.40330 -0.39832 0.04402 0.24168 .44234
50.10 0.83096522712734444 -0.40314 -0.39835 0.04413 0.24129 .44248
50.15 0.83170246870722930 -0.40299 -0.39838 0.04423 0.24090 .44261
50.20 0.83244059856306107 -0.40283 -0.39842 0.04434 0.24050 .44276
50.25 0.83317962030033754 -0.40267 -0.39845 0.04444 0.24010 .44289
50.30 0.83391953753866332 -0.40251 -0.39848 0.04455 0.23970 .44303
50.35 0.83466035391183646 -0.40235 -0.39852 0.04466 0.23929 .44318
50.40 0.83540207306793479 -0.40219 -0.39855 0.04477 0.23889 .44332
50.45 0.83614469866940455 -0.40202 -0.39859 0.04488 0.23848 .44347
50.50 0.83688823439314863 -0.40186 -0.39862 0.04499 0.23807 .44361
50.55 0.83763268393061485 -0.40169 -0.39866 0.04511 0.23766 .44377
50.60 0.83837805098788598 -0.40152 -0.39869 0.04522 0.23725 .44391
50.65 0.83912433928576935 -0.40135 -0.39873 0.04534 0.23683 .44407
50.70 0.83987155255988821 -0.40118 -0.39877 0.04545 0.23641 .44422
50.75 0.84061969456077290 -0.40100 -0.39880 0.04557 0.23599 .44437
50.80 0.84136876905395186 -0.40083 -0.39884 0.04569 0.23557 .44453
50.85 0.84211877982004546 -0.40065 -0.39888 0.04581 0.23515 .44469
50.90 0.84286973065485837 -0.40047 -0.39891 0.04593 0.23473 .44484
50.95 0.84362162536947360 -0.40029 -0.39895 0.04605 0.23430 .44500
51.00 0.84437446779034697 -0.40011 -0.39899 0.04617 0.23387 .44516
51.05 0.84512826175940192 -0.39992 -0.39903 0.04630 0.23344 .44533
51.10 0.84588301113412578 -0.39974 -0.39906 0.04642 0.23301 .44548
51.15 0.84663871978766536 -0.39955 -0.39910 0.04655 0.23258 .44565
51.20 0.84739539160892485 -0.39936 -0.39914 0.04668 0.23214 .44582
51.25 0.84815303050266300 -0.39918 -0.39917 0.04681 0.23170 .44598
51.30 0.84891164038959133 -0.39922 -0.39898 0.04694 0.23127 .44592
51.35 0.84967122520647376 -0.39926 -0.39879 0.04707 0.23083 .44586
51.40 0.85043178890622606 -0.39930 -0.39859 0.04720 0.23038 .44579
51.45 0.85119333545801568 -0.39934 -0.39839 0.04733 0.22994 .44572
51.50 0.85195586884736429 -0.39938 -0.39820 0.04746 0.22950 .44566
51.55 0.85271939307624789 -0.39942 -0.39800 0.04760 0.22905 .44560
51.60 0.85348391216320041 -0.39946 -0.39779 0.04774 0.22860 .44553
51.65 0.85424943014341670 -0.39951 -0.39759 0.04787 0.22815 .44546
51.70 0.85501595106885664 -0.39955 -0.39739 0.04801 0.22770 .44540
51.75 0.85578347900834917 -0.39959 -0.39718 0.04815 0.22725 .44533
51.80 0.85655201804769820 -0.39963 -0.39697 0.04829 0.22680 .44526
51.85 0.85732157228978900 -0.39967 -0.39676 0.04843 0.22634 .44519
51.90 0.85809214585469440 -0.39972 -0.39655 0.04858 0.22588 .44513
51.95 0.85886374287978262 -0.39976 -0.39634 0.04872 0.22543 .44506
52.00 0.85963636751982619 -0.39980 -0.39612 0.04887 0.22497 .44499
52.05 0.86041002394711030 -0.39985 -0.39591 0.04901 0.22450 .44492
52.10 0.86118471635154337 -0.39989 -0.39569 0.04916 0.22404 .44485
52.15 0.86196044894076718 -0.39994 -0.39547 0.04931 0.22358 .44478
52.20 0.86273722594026869 -0.39998 -0.39525 0.04946 0.22311 .44471
52.25 0.86351505159349251 -0.40002 -0.39503 0.04961 0.22265 .44464
52.30 0.86429393016195311 -0.40007 -0.39480 0.04976 0.22218 .44456
52.35 0.86507386592534963 -0.40011 -0.39458 0.04991 0.22171 .44449
52.40 0.86585486318168026 -0.40016 -0.39435 0.05007 0.22124 .44442
52.45 0.86663692624735733 -0.40021 -0.39412 0.05022 0.22077 .44434
52.50 0.86742005945732381 -0.40025 -0.39389 0.05038 0.22030 .44427
52.55 0.86820426716517096 -0.40030 -0.39365 0.05054 0.21982 .44419
52.60 0.86898955374325570 -0.40034 -0.39342 0.05070 0.21935 .44412
52.65 0.86977592358281952 -0.40039 -0.39318 0.05086 0.21887 .44404
52.70 0.87056338109410869 -0.40044 -0.39295 0.05102 0.21839 .44397
52.75 0.87135193070649397 -0.40048 -0.39271 0.05118 0.21791 .44389
52.80 0.87214157686859295 -0.40053 -0.39246 0.05134 0.21743 .44380
52.85 0.87293232404839116 -0.40058 -0.39222 0.05151 0.21695 .44373
52.90 0.87372417673336666 -0.40063 -0.39198 0.05167 0.21647 .44365
52.95 0.87451713943061304 -0.40067 -0.39173 0.05184 0.21598 .44357
53.00 0.87531121666696521 -0.40072 -0.39148 0.05201 0.21550 .44349
53.05 0.87610641298912395 -0.40077 -0.39123 0.05217 0.21501 .44340
53.10 0.87690273296378440 -0.40082 -0.39098 0.05234 0.21452 .44332
53.15 0.87770018117776261 -0.40087 -0.39073 0.05251 0.21404 .44324
53.20 0.87849876223812495 -0.40092 -0.39047 0.05269 0.21355 .44316
53.25 0.87929848077231665 -0.40097 -0.39022 0.05286 0.21306 .44308
53.30 0.88009934142829360 -0.40102 -0.38996 0.05304 0.21256 .44300
53.35 0.88090134887465321 -0.40107 -0.38970 0.05321 0.21207 .44291
53.40 0.88170450780076659 -0.40112 -0.38944 0.05339 0.21158 .44283
53.45 0.88250882291691279 -0.40117 -0.38918 0.05357 0.21108 .44275
53.50 0.88331429895441260 -0.40122 -0.38891 0.05374 0.21059 .44265
53.55 0.88412094066576463 -0.40127 -0.38864 0.05392 0.21009 .44256
53.60 0.88492875282478045 -0.40132 -0.38838 0.05411 0.20959 .44249
53.65 0.88573774022672380 -0.40137 -0.38811 0.05429 0.20909 .44240
53.70 0.88654790768844782 -0.40142 -0.38783 0.05447 0.20859 .44230
53.75 0.88735926004853483 -0.40148 -0.38756 0.05466 0.20809 .44222
53.80 0.88817180216743707 -0.40153 -0.38728 0.05484 0.20759 .44212
53.85 0.88898553892761789 -0.40158 -0.38701 0.05503 0.20709 .44204
53.90 0.88980047523369521 -0.40163 -0.38673 0.05522 0.20658 .44195
53.95 0.89061661601258424 -0.40168 -0.38645 0.05541 0.20608 .44186
54.00 0.89143396621364279 -0.40174 -0.38617 0.05560 0.20557 .44177
54.05 0.89225253080881717 -0.40179 -0.38588 0.05579 0.20507 .44167
54.10 0.89307231479278926 -0.40184 -0.38560 0.05598 0.20456 .44158
54.15 0.89389332318312398 -0.40190 -0.38531 0.05618 0.20405 .44149
54.20 0.89471556102041949 -0.40195 -0.38502 0.05637 0.20354 .44139
54.25 0.89553903336845653 -0.40200 -0.38473 0.05657 0.20303 .44130
54.30 0.89636374531435070 -0.40206 -0.38444 0.05677 0.20252 .44121
54.35 0.89718970196870451 -0.40211 -0.38414 0.05696 0.20201 .44110
54.40 0.89801690846576132 -0.40217 -0.38385 0.05716 0.20149 .44101
54.45 0.89884536996356046 -0.40222 -0.38355 0.05737 0.20098 .44092
54.50 0.89967509164409376 -0.40228 -0.38325 0.05757 0.20047 .44082
54.55 0.90050607871346144 -0.40233 -0.38295 0.05777 0.19995 .44072
54.60 0.90133833640203209 -0.40239 -0.38264 0.05797 0.19943 .44061
54.65 0.90217186996460219 -0.40244 -0.38234 0.05818 0.19892 .44052
54.70 0.90300668468055645 -0.40250 -0.38203 0.05839 0.19840 .44042
54.75 0.90384278585403033 -0.40255 -0.38172 0.05859 0.19788 .44031
54.80 0.90468017881407381 -0.40261 -0.38141 0.05880 0.19736 .44021
54.85 0.90551886891481559 -0.40266 -0.38110 0.05901 0.19684 .44011
54.90 0.90635886153562961 -0.40272 -0.38079 0.05923 0.19632 .44002
54.95 0.90720016208130172 -0.40278 -0.38047 0.05944 0.19580 .43991
55.00 0.90804277598219907 -0.40283 -0.38015 0.05965 0.19527 .43980
55.05 0.90888670869443910 -0.40289 -0.37984 0.05987 0.19475 .43971
55.10 0.90973196570006132 -0.40295 -0.37951 0.06008 0.19422 .43959
55.15 0.91057855250719977 -0.40301 -0.37919 0.06030 0.19370 .43949
55.20 0.91142647465025639 -0.40306 -0.37887 0.06052 0.19317 .43939
55.25 0.91227573769007742 -0.40312 -0.37854 0.06074 0.19265 .43928
55.30 0.91312634721412855 -0.40318 -0.37821 0.06096 0.19212 .43917
55.35 0.91397830883667408 -0.40324 -0.37788 0.06118 0.19159 .43906
55.40 0.91483162819895569 -0.40329 -0.37755 0.06140 0.19106 .43895
55.45 0.91568631096937336 -0.40335 -0.37722 0.06162 0.19053 .43884
55.50 0.91654236284366797 -0.40341 -0.37688 0.06185 0.19000 .43873
55.55 0.91739978954510426 -0.40347 -0.37654 0.06208 0.18947 .43862
55.60 0.91825859682465660 -0.40353 -0.37620 0.06230 0.18894 .43850
55.65 0.91911879046119527 -0.40359 -0.37586 0.06253 0.18841 .43839
55.70 0.91998037626167417 -0.40364 -0.37552 0.06276 0.18787 .43828
55.75 0.92084336006132139 -0.40370 -0.37518 0.06299 0.18734 .43817
55.80 0.92170774772382924 -0.40376 -0.37483 0.06322 0.18681 .43805
55.85 0.92257354514154721 -0.40382 -0.37448 0.06346 0.18627 .43794
55.90 0.92344075823567617 -0.40388 -0.37413 0.06369 0.18574 .43782
55.95 0.92430939295646408 -0.40394 -0.37378 0.06393 0.18520 .43771
56.00 0.92517945528340284 -0.40400 -0.37343 0.06416 0.18466 .43759
56.05 0.92605095122542769 -0.40406 -0.37307 0.06440 0.18413 .43747
56.10 0.92692388682111693 -0.40412 -0.37271 0.06464 0.18359 .43735
56.15 0.92779826813889443 -0.40418 -0.37235 0.06488 0.18305 .43723
56.20 0.92867410127723360 -0.40424 -0.37199 0.06512 0.18251 .43711
56.25 0.92955139236486140 -0.40430 -0.37163 0.06536 0.18197 .43699
56.30 0.93043014756096676 -0.40436 -0.37126 0.06561 0.18143 .43687
56.35 0.93131037305540842 -0.40442 -0.37090 0.06585 0.18089 .43675
56.40 0.93219207506892543 -0.40448 -0.37053 0.06610 0.18035 .43663
56.45 0.93307525985334883 -0.40455 -0.37016 0.06634 0.17980 .43650
56.50 0.93395993369181618 -0.40461 -0.36979 0.06659 0.17926 .43638
56.55 0.93484610289898640 -0.40467 -0.36941 0.06684 0.17872 .43625
56.60 0.93573377382125700 -0.40473 -0.36903 0.06709 0.17817 .43612
56.65 0.93662295283698360 -0.40479 -0.36866 0.06734 0.17763 .43600
56.70 0.93751364635670031 -0.40485 -0.36828 0.06759 0.17708 .43587
56.75 0.93840586082334254 -0.40491 -0.36789 0.06784 0.17654 .43573
56.80 0.93929960271247126 -0.40498 -0.36751 0.06810 0.17599 .43561
56.85 0.94019487853249961 -0.40504 -0.36713 0.06835 0.17544 .43548
56.90 0.94109169482492094 -0.40510 -0.36674 0.06861 0.17490 .43535
56.95 0.94199005816453896 -0.40516 -0.36635 0.06887 0.17435 .43522
57.00 0.94288997515969897 -0.40523 -0.36596 0.06913 0.17380 .43509
57.05 0.94379145245252305 -0.40529 -0.36556 0.06939 0.17325 .43495
57.10 0.94469449671914496 -0.40535 -0.36517 0.06965 0.17270 .43482
57.15 0.94559911466994739 -0.40541 -0.36477 0.06991 0.17215 .43468
57.20 0.94650531304980356 -0.40548 -0.36437 0.07017 0.17160 .43454
57.25 0.94741309863831702 -0.40554 -0.36397 0.07044 0.17105 .43441
57.30 0.94832247825006655 -0.40560 -0.36357 0.07070 0.17050 .43427
57.35 0.94923345873485143 -0.40566 -0.36316 0.07097 0.16995 .43413
57.40 0.95014604697793958 -0.40573 -0.36276 0.07124 0.16940 .43400
57.45 0.95106024990031746 -0.40579 -0.36235 0.07151 0.16884 .43386
57.50 0.95197607445894206 -0.40585 -0.36194 0.07178 0.16829 .43372
57.55 0.95289352764699498 -0.40592 -0.36153 0.07205 0.16774 .43358
57.60 0.95381261649413907 -0.40598 -0.36111 0.07232 0.16718 .43343
57.65 0.95473334806677612 -0.40605 -0.36070 0.07259 0.16663 .43329
57.70 0.95565572946830857 -0.40611 -0.36028 0.07287 0.16607 .43315
57.75 0.95657976783940157 -0.40617 -0.35986 0.07314 0.16552 .43300
57.80 0.95750547035824851 -0.40624 -0.35944 0.07342 0.16496 .43286
57.85 0.95843284424083808 -0.40630 -0.35901 0.07370 0.16441 .43271
57.90 0.95936189674122396 -0.40636 -0.35859 0.07398 0.16385 .43257
57.95 0.96029263515179708 -0.40643 -0.35816 0.07425 0.16329 .43241
58.00 0.96122506680355879 -0.40649 -0.35773 0.07454 0.16274 .43227
58.05 0.96215919906639924 -0.40656 -0.35730 0.07482 0.16218 .43212
58.10 0.96309503934937468 -0.40662 -0.35686 0.07510 0.16162 .43196
58.15 0.96403259510098971 -0.40669 -0.35643 0.07538 0.16106 .43181
58.20 0.96497187380948068 -0.40675 -0.35599 0.07567 0.16051 .43166
58.25 0.96591288300310196 -0.40682 -0.35555 0.07595 0.15995 .43150
58.30 0.96685563025041488 -0.40688 -0.35511 0.07624 0.15939 .43135
58.35 0.96780012316057895 -0.40694 -0.35467 0.07653 0.15883 .43120
58.40 0.96874636938364433 -0.40701 -0.35422 0.07682 0.15827 .43104
58.45 0.96969437661085001 -0.40707 -0.35377 0.07711 0.15771 .43088
58.50 0.97064415257492132 -0.40714 -0.35332 0.07740 0.15715 .43072
58.55 0.97159570505037196 -0.40720 -0.35287 0.07769 0.15659 .43056
58.60 0.97254904185380731 -0.40727 -0.35242 0.07798 0.15602 .43040
58.65 0.97350417084423224 -0.40733 -0.35196 0.07828 0.15546 .43024
58.70 0.97446109992335961 -0.40740 -0.35150 0.07857 0.15490 .43007
58.75 0.97541983703592194 -0.40747 -0.35105 0.07887 0.15434 .42992
58.80 0.97638039016998779 -0.40753 -0.35058 0.07916 0.15378 .42974
58.85 0.97734276735727810 -0.40760 -0.35012 0.07946 0.15321 .42958
58.90 0.97830697667348698 -0.40766 -0.34966 0.07976 0.15265 .42942
58.95 0.97927302623860457 -0.40773 -0.34919 0.08006 0.15209 .42925
59.00 0.98024092421724396 -0.40779 -0.34872 0.08036 0.15152 .42908
59.05 0.98121067881896906 -0.40786 -0.34825 0.08066 0.15096 .42891
59.10 0.98218229829862735 -0.40792 -0.34777 0.08096 0.15040 .42873
59.15 0.98315579095668360 -0.40799 -0.34730 0.08127 0.14983 .42857
59.20 0.98413116513955912 -0.40806 -0.34682 0.08157 0.14927 .42839
59.25 0.98510842923997155 -0.40812 -0.34634 0.08188 0.14870 .42822
59.30 0.98608759169727866 -0.40819 -0.34586 0.08218 0.14814 .42804
59.35 0.98706866099782586 -0.40825 -0.34538 0.08249 0.14757 .42787
59.40 0.98805164567529558 -0.40832 -0.34489 0.08280 0.14701 .42769
59.45 0.98903655431106108 -0.40838 -0.34441 0.08311 0.14644 .42752
59.50 0.99002339553454166 -0.40845 -0.34392 0.08342 0.14588 .42734
59.55 0.99101217802356323 -0.40852 -0.34342 0.08373 0.14531 .42715
59.60 0.99200291050472111 -0.40858 -0.34293 0.08404 0.14475 .42697
59.65 0.99299560175374524 -0.40865 -0.34244 0.08435 0.14418 .42679
59.70 0.99399026059587003 -0.40872 -0.34194 0.08467 0.14361 .42661
59.75 0.99498689590620693 -0.40878 -0.34144 0.08498 0.14305 .42642
59.80 0.99598551661012047 -0.40885 -0.34094 0.08530 0.14248 .42624
59.85 0.99698613168360850 -0.40891 -0.34043 0.08561 0.14192 .42604
59.90 0.99798875015368327 -0.40898 -0.33993 0.08593 0.14135 .42586
59.95 0.99899338109875979 -0.40905 -0.33942 0.08625 0.14078 .42567
60.00 1.0000000336490449 -0.40911 -0.33891 0.08657 0.14022 .42548
60.05 1.0010087169869311 -0.40918 -0.33840 0.08689 0.13965 .42529
60.10 1.0020194403473930 -0.40925 -0.33789 0.08721 0.13908 .42510
60.15 1.0030322130183893 -0.40931 -0.33737 0.08753 0.13851 .42490
60.20 1.0040470443412663 -0.40938 -0.33685 0.08785 0.13795 .42470
60.25 1.0050639437111659 -0.40945 -0.33633 0.08817 0.13738 .42450
60.30 1.0060829205774386 -0.40951 -0.33581 0.08850 0.13681 .42431
60.35 1.0071039844440590 -0.40958 -0.33529 0.08882 0.13625 .42411
60.40 1.0081271448700442 -0.40965 -0.33476 0.08915 0.13568 .42391
60.45 1.0091524114698791 -0.40972 -0.33423 0.08947 0.13511 .42370
60.50 1.0101797939139427 -0.40978 -0.33370 0.08980 0.13455 .42350
60.55 1.0112093019289397 -0.40985 -0.33317 0.09013 0.13398 .42330
60.60 1.0122409452983365 -0.40992 -0.33264 0.09045 0.13341 .42309
60.65 1.0132747338627996 -0.40998 -0.33210 0.09078 0.13284 .42288
60.70 1.0143106775206405 -0.41005 -0.33156 0.09111 0.13228 .42267
60.75 1.0153487862282633 -0.41012 -0.33102 0.09144 0.13171 .42246
60.80 1.0163890700006153 -0.41019 -0.33048 0.09177 0.13114 .42225
60.85 1.0174315389116453 -0.41025 -0.32994 0.09210 0.13058 .42204
60.90 1.0184762030947627 -0.41032 -0.32939 0.09244 0.13001 .42183
60.95 1.0195230727433033 -0.41039 -0.32884 0.09277 0.12944 .42161
61.00 1.0205721581109972 -0.41046 -0.32829 0.09310 0.12888 .42139
61.05 1.0216234695124444 -0.41052 -0.32774 0.09343 0.12831 .42117
61.10 1.0226770173235920 -0.41059 -0.32719 0.09377 0.12775 .42096
61.15 1.0237328119822167 -0.41066 -0.32663 0.09410 0.12718 .42073
61.20 1.0247908639884131 -0.41073 -0.32607 0.09444 0.12661 .42051
61.25 1.0258511839050852 -0.41080 -0.32551 0.09478 0.12605 .42029
61.30 1.0269137823584431 -0.41086 -0.32495 0.09511 0.12548 .42006
61.35 1.0279786700385047 -0.41093 -0.32439 0.09545 0.12492 .41984
61.40 1.0290458576996018 -0.41100 -0.32382 0.09579 0.12435 .41961
61.45 1.0301153561608911 -0.41107 -0.32325 0.09612 0.12379 .41937
61.50 1.0311871763068714 -0.41114 -0.32268 0.09646 0.12323 .41914
61.55 1.0322613290879032 -0.41121 -0.32211 0.09680 0.12266 .41891
61.60 1.0333378255207359 -0.41127 -0.32154 0.09714 0.12210 .41868
61.65 1.0344166766890379 -0.41134 -0.32096 0.09748 0.12153 .41844
61.70 1.0354978937439347 -0.41141 -0.32038 0.09782 0.12097 .41820
61.75 1.0365814879045478 -0.41148 -0.31980 0.09816 0.12041 .41796
61.80 1.0376674704585451 -0.41155 -0.31922 0.09850 0.11985 .41772
61.85 1.0387558527626892 -0.41162 -0.31863 0.09884 0.11929 .41747
61.90 1.0398466462433982 -0.41169 -0.31805 0.09919 0.11872 .41724
61.95 1.0409398623973067 -0.41176 -0.31746 0.09953 0.11816 .41699
62.00 1.0420355127918348 -0.41183 -0.31687 0.09987 0.11760 .41674
62.05 1.0431336090657632 -0.41190 -0.31628 0.10021 0.11704 .41649
62.10 1.0442341629298113 -0.41197 -0.31568 0.10056 0.11648 .41624
62.15 1.0453371861672238 -0.41204 -0.31509 0.10090 0.11592 .41599
62.20 1.0464426906343616 -0.41211 -0.31449 0.10124 0.11537 .41573
62.25 1.0475506882612993 -0.41218 -0.31389 0.10158 0.11481 .41547
62.30 1.0486611910524275 -0.41225 -0.31328 0.10193 0.11425 .41521
62.35 1.0497742110870625 -0.41232 -0.31268 0.10227 0.11369 .41495
62.40 1.0508897605200611 -0.41239 -0.31207 0.10261 0.11314 .41468
62.45 1.0520078515824418 -0.41246 -0.31147 0.10296 0.11258 .41443
62.50 1.0531284965820111 -0.41253 -0.31086 0.10330 0.11203 .41416
62.55 1.0542517079039999 -0.41260 -0.31024 0.10365 0.11147 .41389
62.60 1.0553774980117010 -0.41268 -0.30963 0.10399 0.11092 .41362
62.65 1.0565058794471158 -0.41275 -0.30901 0.10433 0.11037 .41334
62.70 1.0576368648316092 -0.41282 -0.30840 0.10468 0.10981 .41308
62.75 1.0587704668665670 -0.41289 -0.30778 0.10502 0.10926 .41280
62.80 1.0599066983340624 -0.41297 -0.30716 0.10536 0.10871 .41252
62.85 1.0610455720975307 -0.41304 -0.30653 0.10571 0.10816 .41224
62.90 1.0621871011024460 -0.41311 -0.30591 0.10605 0.10761 .41196
62.95 1.0633312983770105 -0.41318 -0.30528 0.10639 0.10707 .41167
63.00 1.0644781770328475 -0.41326 -0.30465 0.10652 0.10673 .41117
63.05 1.0656277502657008 -0.41333 -0.30402 0.10597 0.10707 .40999
63.10 1.0667800313561446 -0.41341 -0.30339 0.10543 0.10742 .40882
63.15 1.0679350336702964 -0.41348 -0.30275 0.10489 0.10776 .40764
63.20 1.0690927706605413 -0.41356 -0.30212 0.10434 0.10810 .40646
63.25 1.0702532558662603 -0.41363 -0.30148 0.10380 0.10844 .40528
63.30 1.0714165029145688 -0.41371 -0.30084 0.10326 0.10878 .40410
63.35 1.0725825255210610 -0.41378 -0.30019 0.10272 0.10912 .40291
63.40 1.0737513374905625 -0.41386 -0.29955 0.10218 0.10945 .40173
63.45 1.0749229527178907 -0.41394 -0.29890 0.10165 0.10979 .40055
63.50 1.0760973851886237 -0.41401 -0.29826 0.10111 0.11013 .39937
63.55 1.0772746489798752 -0.41409 -0.29761 0.10058 0.11047 .39819
63.60 1.0784547582610808 -0.41417 -0.29696 0.10005 0.11080 .39701
63.65 1.0796377272947879 -0.41425 -0.29630 0.09952 0.11114 .39582
63.70 1.0808235704374589 -0.41433 -0.29565 0.09899 0.11147 .39464
63.75 1.0820123021402799 -0.41441 -0.29499 0.09846 0.11180 .39345
63.80 1.0832039369499773 -0.41449 -0.29434 0.09793 0.11213 .39227
63.85 1.0843984895096448 -0.41457 -0.29368 0.09741 0.11246 .39109
63.90 1.0855959745595780 -0.41465 -0.29302 0.09688 0.11279 .38990
63.95 1.0867964069381189 -0.41473 -0.29235 0.09636 0.11312 .38871
64.00 1.0879998015825072 -0.41482 -0.29169 0.09584 0.11345 .38753
64.05 1.0892061735297434 -0.41490 -0.29102 0.09533 0.11377 .38635
64.10 1.0904155379174589 -0.41498 -0.29035 0.09481 0.11410 .38516
64.15 1.0916279099847972 -0.41507 -0.28968 0.09430 0.11442 .38398
64.20 1.0928433050732997 -0.41515 -0.28901 0.09378 0.11474 .38279
64.25 1.0940617386278098 -0.41524 -0.28834 0.09327 0.11506 .38161
64.30 1.0952832261973782 -0.41533 -0.28767 0.09277 0.11538 .38044
64.35 1.0965077834361816 -0.41541 -0.28699 0.09226 0.11570 .37925
64.40 1.0977354261044516 -0.41550 -0.28631 0.09176 0.11601 .37807
64.45 1.0989661700694118 -0.41559 -0.28563 0.09126 0.11632 .37689
64.50 1.1002000313062268 -0.41568 -0.28495 0.09076 0.11663 .37571
64.55 1.1014370258989608 -0.41577 -0.28427 0.09026 0.11694 .37453
64.60 1.1026771700415456 -0.41587 -0.28359 0.08977 0.11725 .37336
64.65 1.1039204800387612 -0.41596 -0.28290 0.08928 0.11755 .37218
64.70 1.1051669723072235 -0.41605 -0.28222 0.08879 0.11785 .37101
64.75 1.1064166633763877 -0.41615 -0.28153 0.08831 0.11815 .36984
64.80 1.1076695698895584 -0.41624 -0.28084 0.08783 0.11844 .36867
64.85 1.1089257086049120 -0.41634 -0.28015 0.08735 0.11874 .36750
64.90 1.1101850963965334 -0.41644 -0.27946 0.08687 0.11903 .36633
64.95 1.1114477502554549 -0.41654 -0.27876 0.08640 0.11931 .36516
65.00 1.1127136872907215 -0.41664 -0.27807 0.08593 0.11960 .36400
65.05 1.1139829247304520 -0.41674 -0.27737 0.08546 0.11988 .36283
65.10 1.1152554799229231 -0.41685 -0.27668 0.08500 0.12016 .36168
65.15 1.1165313703376598 -0.41695 -0.27598 0.08454 0.12043 .36052
65.20 1.1178106135665402 -0.41706 -0.27528 0.08409 0.12070 .35937
65.25 1.1190932273249123 -0.41717 -0.27458 0.08364 0.12097 .35822
65.30 1.1203792294527217 -0.41728 -0.27388 0.08319 0.12123 .35707
65.35 1.1216686379156546 -0.41739 -0.27317 0.08274 0.12149 .35591
65.40 1.1229614708062909 -0.41750 -0.27247 0.08230 0.12174 .35477
65.45 1.1242577463452708 -0.41761 -0.27177 0.08187 0.12199 .35364
65.50 1.1255574828824770 -0.41773 -0.27106 0.08144 0.12224 .35250
65.55 1.1268606988982264 -0.41785 -0.27035 0.08101 0.12248 .35136
65.60 1.1281674130044770 -0.41797 -0.26964 0.08059 0.12271 .35023
65.65 1.1294776439460517 -0.41809 -0.26893 0.08017 0.12295 .34910
65.70 1.1307914106018655 -0.41822 -0.26822 0.07976 0.12317 .34798
65.75 1.1321087319861824 -0.41834 -0.26751 0.07935 0.12339 .34686
65.80 1.1334296272498716 -0.41847 -0.26680 0.07895 0.12360 .34575
65.85 1.1347541156816874 -0.41860 -0.26608 0.07855 0.12381 .34463
65.90 1.1360822167095599 -0.41873 -0.26537 0.07816 0.12401 .34353
65.95 1.1374139499019000 -0.41887 -0.26465 0.07777 0.12421 .34242
66.00 1.1387493349689228 -0.41901 -0.26394 0.07739 0.12440 .34133
66.05 1.1400883917639824 -0.41915 -0.26322 0.07702 0.12458 .34024
66.10 1.1414311402849235 -0.41929 -0.26250 0.07665 0.12476 .33915
66.15 1.1427776006754504 -0.41943 -0.26178 0.07629 0.12493 .33807
66.20 1.1441277932265064 -0.41958 -0.26106 0.07593 0.12509 .33699
66.25 1.1454817383776770 -0.41973 -0.26034 0.07558 0.12524 .33592
66.30 1.1468394567186027 -0.41989 -0.25962 0.07523 0.12538 .33485
66.35 1.1482009689904107 -0.42004 -0.25890 0.07490 0.12552 .33380
66.40 1.1495662960871658 -0.42020 -0.25818 0.07457 0.12565 .33275
66.45 1.1509354590573304 -0.42037 -0.25745 0.07424 0.12576 .33169
66.50 1.1523084791052536 -0.42053 -0.25673 0.07392 0.12587 .33065
66.55 1.1536853775926659 -0.42070 -0.25600 0.07362 0.12597 .32962
66.60 1.1550661760401986 -0.42088 -0.25527 0.07331 0.12606 .32858
66.65 1.1564508961289190 -0.42105 -0.25455 0.07302 0.12614 .32757
66.70 1.1578395597018831 -0.42123 -0.25382 0.07273 0.12621 .32655
66.75 1.1592321887657087 -0.42142 -0.25309 0.07245 0.12627 .32554
66.80 1.1606288054921641 -0.42160 -0.25236 0.07218 0.12632 .32454
66.85 1.1620294322197784 -0.42180 -0.25163 0.07192 0.12635 .32355
66.90 1.1634340914554704 -0.42199 -0.25090 0.07166 0.12637 .32256
66.95 1.1648428058761942 -0.42219 -0.25016 0.07142 0.12638 .32158
67.00 1.1662555983306084 -0.42239 -0.24943 0.07118 0.12638 .32061
67.05 1.1676724918407646 -0.42260 -0.24870 0.07095 0.12637 .31965
67.10 1.1690935096038124 -0.42282 -0.24796 0.07073 0.12634 .31869
67.15 1.1705186749937306 -0.42303 -0.24722 0.07052 0.12629 .31774
67.20 1.1719480115630720 -0.42325 -0.24649 0.07032 0.12624 .31681
67.25 1.1733815430447392 -0.42348 -0.24575 0.07013 0.12616 .31588
67.30 1.1748192933537724 -0.42371 -0.24501 0.06994 0.12608 .31495
67.35 1.1762612865891637 -0.42395 -0.24427 0.06977 0.12597 .31404
67.40 1.1777075470356930 -0.42419 -0.24353 0.06961 0.12586 .31314
67.45 1.1791580991657851 -0.42444 -0.24279 0.06945 0.12572 .31224
67.50 1.1806129676413906 -0.42469 -0.24204 0.06931 0.12557 .31135
67.55 1.1820721773158904 -0.42495 -0.24130 0.06917 0.12540 .31047
67.60 1.1835357532360211 -0.42521 -0.24056 0.06905 0.12521 .30961
67.65 1.1850037206438264 -0.42548 -0.23981 0.06894 0.12501 .30875
67.70 1.1864761049786312 -0.42575 -0.23906 0.06883 0.12478 .30789
67.75 1.1879529318790409 -0.42603 -0.23831 0.06874 0.12454 .30705
67.80 1.1894342271849665 -0.42631 -0.23756 0.06866 0.12428 .30622
67.85 1.1909200169396705 -0.42661 -0.23681 0.06859 0.12400 .30540
67.90 1.1924103273918456 -0.42690 -0.23606 0.06853 0.12370 .30459
67.95 1.1939051849977087 -0.42721 -0.23530 0.06848 0.12338 .30378
68.00 1.1954046164231349 -0.42752 -0.23455 0.06844 0.12304 .30299
68.05 1.1969086485458049 -0.42783 -0.23379 0.06841 0.12268 .30220
68.10 1.1984173084573870 -0.42816 -0.23303 0.06839 0.12229 .30142
68.15 1.1999306234657463 -0.42849 -0.23227 0.06839 0.12189 .30066
68.20 1.2014486210971758 -0.42882 -0.23151 0.06839 0.12146 .29990
68.25 1.2029713290986654 -0.42916 -0.23075 0.06841 0.12101 .29916
68.30 1.2044987754401906 -0.42951 -0.22998 0.06844 0.12054 .29842
68.35 1.2060309883170346 -0.42987 -0.22921 0.06847 0.12004 .29768
68.40 1.2075679961521408 -0.43023 -0.22845 0.06853 0.11953 .29698
68.45 1.2091098275984908 -0.43060 -0.22768 0.06859 0.11898 .29627
68.50 1.2106565115415191 -0.43098 -0.22690 0.06866 0.11842 .29556
68.55 1.2122080771015531 -0.43137 -0.22613 0.06874 0.11783 .29487
68.60 1.2137645536362878 -0.43176 -0.22535 0.06884 0.11722 .29419
68.65 1.2153259707432924 -0.43216 -0.22458 0.06895 0.11659 .29353
68.70 1.2168923582625433 -0.43257 -0.22380 0.06907 0.11593 .29287
68.75 1.2184637462790018 -0.43298 -0.22301 0.06920 0.11525 .29221
68.80 1.2200401651252133 -0.43341 -0.22223 0.06934 0.11455 .29157
68.85 1.2216216453839461 -0.43384 -0.22145 0.06949 0.11382 .29094
68.90 1.2232082178908650 -0.43428 -0.22066 0.06966 0.11307 .29032
68.95 1.2247999137372361 -0.43473 -0.21987 0.06984 0.11230 .28971
69.00 1.2263967642726714 -0.43518 -0.21908 0.07003 0.11150 .28911
69.05 1.2279988011079066 -0.43565 -0.21829 0.07023 0.11068 .28852
69.10 1.2296060561176163 -0.43612 -0.21749 0.07044 0.10983 .28793
69.15 1.2312185614432660 -0.43660 -0.21670 0.07066 0.10897 .28736
69.20 1.2328363494960013 -0.43709 -0.21590 0.07090 0.10808 .28680
69.25 1.2344594529595776 -0.43758 -0.21510 0.07114 0.10717 .28624
69.30 1.2360879047933260 -0.43809 -0.21429 0.07140 0.10624 .28569
69.35 1.2377217382351597 -0.43860 -0.21349 0.07167 0.10528 .28516
69.40 1.2393609868046243 -0.43913 -0.21269 0.07195 0.10431 .28464
69.45 1.2410056843059762 -0.43966 -0.21188 0.07225 0.10331 .28413
69.50 1.2426558648313226 -0.44020 -0.21107 0.07255 0.10230 .28362
69.55 1.2443115627637849 -0.44075 -0.21026 0.07287 0.10126 .28313
69.60 1.2459728127807141 -0.44131 -0.20945 0.07320 0.10021 .28265
69.65 1.2476396498569498 -0.44187 -0.20864 0.07353 0.09914 .28217
69.70 1.2493121092681172 -0.44245 -0.20782 0.07388 0.09804 .28170
69.75 1.2509902265939778 -0.44303 -0.20701 0.07425 0.09694 .28126
69.80 1.2526740377218175 -0.44363 -0.20619 0.07462 0.09581 .28081
69.85 1.2543635788498853 -0.44423 -0.20537 0.07501 0.09466 .28038
69.90 1.2560588864908790 -0.44484 -0.20456 0.07540 0.09350 .27996
69.95 1.2577599974754754 -0.44546 -0.20374 0.07581 0.09233 .27955
70.00 1.2594669489559134 -0.44609 -0.20292 0.07623 0.09114 .27915
70.05 1.2611797784096244 -0.44673 -0.20210 0.07666 0.08993 .27876
70.10 1.2628985236429111 -0.44738 -0.20128 0.07710 0.08871 .27838
70.15 1.2646232227946819 -0.44804 -0.20046 0.07755 0.08748 .27801
70.20 1.2663539143402289 -0.44870 -0.19965 0.07802 0.08624 .27767
70.25 1.2680906370950717 -0.44938 -0.19883 0.07849 0.08498 .27732
70.30 1.2698334302188394 -0.45006 -0.19801 0.07898 0.08371 .27699
70.35 1.2715823332192195 -0.45075 -0.19719 0.07948 0.08243 .27667
70.40 1.2733373859559551 -0.45145 -0.19638 0.07999 0.08114 .27637
70.45 1.2750986286448989 -0.45216 -0.19557 0.07984 0.08051 .27541
70.50 1.2768661018621295 -0.45288 -0.19475 0.07854 0.08104 .27329
70.55 1.2786398465481190 -0.45361 -0.19394 0.07722 0.08158 .27116
70.60 1.2804199040119650 -0.45434 -0.19314 0.07590 0.08213 .26904
70.65 1.2822063159356787 -0.45509 -0.19233 0.07456 0.08270 .26689
70.70 1.2839991243785358 -0.45584 -0.19153 0.07323 0.08327 .26476
70.75 1.2857983717814927 -0.45660 -0.19073 0.07188 0.08386 .26261
70.80 1.2876041009716590 -0.45736 -0.18994 0.07054 0.08445 .26048
70.85 1.2894163551668398 -0.45814 -0.18915 0.06918 0.08506 .25833
70.90 1.2912351779801445 -0.45892 -0.18836 0.06783 0.08568 .25619
70.95 1.2930606134246510 -0.45971 -0.18758 0.06647 0.08631 .25405
71.00 1.2948927059181552 -0.46050 -0.18680 0.06510 0.08695 .25190
71.05 1.2967315002879742 -0.46131 -0.18603 0.06374 0.08760 .24977
71.10 1.2985770417758264 -0.46211 -0.18527 0.06237 0.08827 .24764
71.15 1.3004293760427814 -0.46293 -0.18451 0.06100 0.08894 .24551
71.20 1.3022885491742811 -0.46375 -0.18375 0.05963 0.08962 .24338
71.25 1.3041546076852373 -0.46457 -0.18301 0.05826 0.09032 .24127
71.30 1.3060275985252012 -0.46541 -0.18227 0.05689 0.09102 .23916
71.35 1.3079075690836115 -0.46624 -0.18154 0.05552 0.09174 .23706
71.40 1.3097945671951174 -0.46708 -0.18082 0.05416 0.09247 .23498
71.45 1.3116886411449822 -0.46793 -0.18011 0.05279 0.09321 .23290
71.50 1.3135898396745678 -0.46878 -0.17941 0.05143 0.09396 .23084
71.55 1.3154982119869003 -0.46963 -0.17872 0.05007 0.09472 .22879
71.60 1.3174138077523165 -0.47048 -0.17804 0.04871 0.09549 .22675
71.65 1.3193366771142014 -0.47134 -0.17737 0.04735 0.09627 .22472
71.70 1.3212668706947988 -0.47220 -0.17671 0.04600 0.09707 .22271
71.75 1.3232044396011293 -0.47306 -0.17606 0.04465 0.09787 .22071
71.80 1.3251494354309783 -0.47392 -0.17543 0.04331 0.09869 .21874
71.85 1.3271019102789854 -0.47479 -0.17481 0.04197 0.09952 .21678
71.90 1.3290619167428244 -0.47565 -0.17420 0.04064 0.10036 .21484
71.95 1.3310295079294747 -0.47651 -0.17360 0.03931 0.10121 .21291
72.00 1.3330047374615932 -0.47738 -0.17303 0.03798 0.10207 .21101
72.05 1.3349876594839796 -0.47824 -0.17246 0.03666 0.10295 .20912
72.10 1.3369783286701415 -0.47910 -0.17191 0.03535 0.10383 .20726
72.15 1.3389768002289641 -0.47996 -0.17138 0.03404 0.10473 .20542
72.20 1.3409831299114769 -0.48082 -0.17086 0.03274 0.10564 .20360
72.25 1.3429973740177321 -0.48167 -0.17036 0.03145 0.10657 .20181
72.30 1.3450195894037844 -0.48252 -0.16987 0.03016 0.10750 .20003
72.35 1.3470498334887806 -0.48337 -0.16941 0.02887 0.10845 .19828
72.40 1.3490881642621655 -0.48421 -0.16896 0.02759 0.10941 .19655
72.45 1.3511346402909867 -0.48505 -0.16852 0.02632 0.11038 .19484
72.50 1.3531893207273342 -0.48589 -0.16811 0.02506 0.11137 .19317
72.55 1.3552522653158787 -0.48672 -0.16771 0.02380 0.11236 .19151
72.60 1.3573235344015393 -0.48754 -0.16733 0.02254 0.11337 .18987
72.65 1.3594031889372702 -0.48836 -0.16697 0.02130 0.11440 .18827
72.70 1.3614912904919696 -0.48918 -0.16663 0.02006 0.11543 .18669
72.75 1.3635879012585173 -0.48998 -0.16631 0.01882 0.11648 .18513
72.80 1.3656930840619386 -0.49079 -0.16600 0.01759 0.11754 .18359
72.85 1.3678069023677004 -0.49158 -0.16572 0.01637 0.11862 .18209
72.90 1.3699294202901398 -0.49237 -0.16545 0.01515 0.11970 .18060
72.95 1.3720607026010270 -0.49315 -0.16520 0.01394 0.12080 .17914
73.00 1.3742008147382716 -0.49393 -0.16497 0.01273 0.12192 .17770
73.05 1.3763498228147655 -0.49469 -0.16476 0.01153 0.12304 .17629
73.10 1.3785077936273700 -0.49545 -0.16456 0.01033 0.12418 .17489
73.15 1.3806747946660543 -0.49621 -0.16439 0.00914 0.12533 .17353
73.20 1.3828508941231716 -0.49696 -0.16423 0.00795 0.12649 .17218
73.25 1.3850361609029067 -0.49770 -0.16409 0.00677 0.12767 .17086
73.30 1.3872306646308596 -0.49843 -0.16396 0.00559 0.12886 .16955
73.35 1.3894344756637986 -0.49916 -0.16385 0.00441 0.13006 .16826
73.40 1.3916476650995724 -0.49988 -0.16376 0.00325 0.13127 .16701
73.45 1.3938703047871841 -0.50060 -0.16369 0.00208 0.13250 .16577
73.50 1.3961024673370386 -0.50130 -0.16363 0.00092 0.13374 .16455
73.55 1.3983442261313550 -0.50201 -0.16359 -0.00024 0.13499 .16335
73.60 1.4005956553347587 -0.50270 -0.16356 -0.00139 0.13625 .16217
73.65 1.4028568299050477 -0.50340 -0.16354 -0.00254 0.13752 .16100
73.70 1.4051278256041408 -0.50408 -0.16354 -0.00369 0.13881 .15985
73.75 1.4074087190092159 -0.50476 -0.16355 -0.00483 0.14010 .15872
73.80 1.4096995875240308 -0.50544 -0.16358 -0.00597 0.14141 .15761
73.85 1.4120005093904389 -0.50611 -0.16362 -0.00710 0.14273 .15652
73.90 1.4143115637001062 -0.50677 -0.16367 -0.00823 0.14405 .15544
73.95 1.4166328304064160 -0.50744 -0.16374 -0.00936 0.14539 .15438
74.00 1.4189643903365978 -0.50809 -0.16381 -0.01049 0.14674 .15332
74.05 1.4213063252040461 -0.50875 -0.16390 -0.01161 0.14810 .15229
74.10 1.4236587176208633 -0.50940 -0.16400 -0.01273 0.14947 .15127
74.15 1.4260216511106174 -0.51005 -0.16411 -0.01385 0.15085 .15026
74.20 1.4283952101213191 -0.51069 -0.16423 -0.01496 0.15224 .14927
74.25 1.4307794800386300 -0.51133 -0.16436 -0.01607 0.15364 .14829
74.30 1.4331745471992983 -0.51197 -0.16450 -0.01718 0.15505 .14732
74.35 1.4355804989048313 -0.51261 -0.16465 -0.01829 0.15646 .14636
74.40 1.4379974234354114 -0.51324 -0.16480 -0.01939 0.15789 .14541
74.45 1.4404254100640508 -0.51387 -0.16497 -0.02049 0.15932 .14448
74.50 1.4428645490710084 -0.51450 -0.16514 -0.02158 0.16077 .14356
74.55 1.4453149317584530 -0.51513 -0.16532 -0.02268 0.16222 .14264
74.60 1.4477766504653917 -0.51576 -0.16551 -0.02377 0.16368 .14174
74.65 1.4502497985828720 -0.51638 -0.16571 -0.02486 0.16515 .14085
74.70 1.4527344705694387 -0.51701 -0.16591 -0.02594 0.16663 .13997
74.75 1.4552307619668963 -0.51763 -0.16612 -0.02702 0.16811 .13910
74.80 1.4577387694163313 -0.51826 -0.16634 -0.02810 0.16960 .13824
74.85 1.4602585906744392 -0.51888 -0.16656 -0.02918 0.17110 .13738
74.90 1.4627903246301464 -0.51950 -0.16679 -0.03026 0.17261 .13653
74.95 1.4653340713215299 -0.52012 -0.16702 -0.03133 0.17413 .13569
75.00 1.4678899319530556 -0.52075 -0.16726 -0.03240 0.17565 .13486
75.05 1.4704580089131281 -0.52137 -0.16751 -0.03346 0.17718 .13405
75.10 1.4730384057919645 -0.52199 -0.16776 -0.03453 0.17872 .13323
75.15 1.4756312273998002 -0.52261 -0.16801 -0.03559 0.18026 .13242
75.20 1.4782365797854315 -0.52324 -0.16827 -0.03664 0.18181 .13163
75.25 1.4808545702551064 -0.52386 -0.16854 -0.03770 0.18337 .13084
75.30 1.4834853073917655 -0.52449 -0.16880 -0.03875 0.18493 .13005
75.35 1.4861289010746450 -0.52512 -0.16908 -0.03980 0.18650 .12928
75.40 1.4887854624992518 -0.52574 -0.16935 -0.04084 0.18808 .12851
75.45 1.4914551041977033 -0.52637 -0.16963 -0.04188 0.18966 .12775
75.50 1.4941379400594756 -0.52700 -0.16991 -0.04292 0.19125 .12699
75.55 1.4968340853525235 -0.52763 -0.17020 -0.04396 0.19285 .12624
75.60 1.4995436567448153 -0.52827 -0.17049 -0.04499 0.19445 .12550
75.65 1.5022667723262797 -0.52890 -0.17078 -0.04602 0.19606 .12476
75.70 1.5050035516311675 -0.52954 -0.17108 -0.04705 0.19767 .12403
75.75 1.5077541156608558 -0.53018 -0.17138 -0.04807 0.19929 .12331
75.80 1.5105185869070827 -0.53082 -0.17168 -0.04909 0.20092 .12259
75.85 1.5132970893756394 -0.53146 -0.17199 -0.05011 0.20255 .12188
75.90 1.5160897486105220 -0.53211 -0.17229 -0.05112 0.20419 .12117
75.95 1.5188966917185549 -0.53276 -0.17260 -0.05213 0.20583 .12047
76.00 1.5217180473945009 -0.53341 -0.17291 -0.05314 0.20748 .11977
76.05 1.5245539459466628 -0.53406 -0.17323 -0.05414 0.20913 .11909
76.10 1.5274045193229899 -0.53471 -0.17354 -0.05514 0.21079 .11840
76.15 1.5302699011377114 -0.53537 -0.17386 -0.05614 0.21245 .11772
76.20 1.5331502266984804 -0.53603 -0.17418 -0.05713 0.21412 .11705
76.25 1.5360456330340897 -0.53670 -0.17450 -0.05812 0.21579 .11638
76.30 1.5389562589227139 -0.53736 -0.17483 -0.05911 0.21747 .11572
76.35 1.5418822449207401 -0.53803 -0.17515 -0.06009 0.21916 .11506
76.40 1.5448237333921728 -0.53870 -0.17548 -0.06107 0.22085 .11441
76.45 1.5477808685386352 -0.53938 -0.17580 -0.06204 0.22254 .11376
76.50 1.5507537964299845 -0.54006 -0.17613 -0.06301 0.22424 .11312
76.55 1.5537426650355510 -0.54074 -0.17646 -0.06398 0.22595 .11248
76.60 1.5567476242560161 -0.54143 -0.17679 -0.06494 0.22766 .11185
76.65 1.5597688259559499 -0.54211 -0.17713 -0.06590 0.22937 .11123
76.70 1.5628064239970156 -0.54281 -0.17746 -0.06686 0.23109 .11060
76.75 1.5658605742718710 -0.54350 -0.17779 -0.06781 0.23281 .10998
76.80 1.5689314347387666 -0.54420 -0.17813 -0.06876 0.23454 .10937
76.85 1.5720191654568727 -0.54490 -0.17847 -0.06970 0.23627 .10877
76.90 1.5751239286223491 -0.54561 -0.17880 -0.07064 0.23801 .10816
76.95 1.5782458886051585 -0.54632 -0.17914 -0.07157 0.23975 .10757
77.00 1.5813852119866876 -0.54704 -0.17948 -0.07250 0.24150 .10698
77.05 1.5845420675981361 -0.54775 -0.17981 -0.07343 0.24325 .10638
77.10 1.5877166265597418 -0.54848 -0.18015 -0.07435 0.24501 .10580
77.15 1.5909090623208391 -0.54920 -0.18049 -0.07527 0.24676 .10522
77.20 1.5941195507007735 -0.54993 -0.18083 -0.07619 0.24853 .10464
77.25 1.5973482699307082 -0.55067 -0.18117 -0.07709 0.25030 .10408
77.30 1.6005954006963241 -0.55141 -0.18151 -0.07800 0.25207 .10351
77.35 1.6038611261814530 -0.55215 -0.18185 -0.07890 0.25385 .10295
77.40 1.6071456321126634 -0.55290 -0.18219 -0.07980 0.25563 .10239
77.45 1.6104491068048148 -0.55365 -0.18253 -0.08069 0.25741 .10184
77.50 1.6137717412076256 -0.55441 -0.18287 -0.08157 0.25920 .10130
77.55 1.6171137289532584 -0.55517 -0.18321 -0.08246 0.26100 .10075
77.60 1.6204752664049629 -0.55593 -0.18355 -0.08333 0.26280 .10022
77.65 1.6238565527068056 -0.55670 -0.18389 -0.08421 0.26460 .09968
77.70 1.6272577898344955 -0.55748 -0.18422 -0.08508 0.26641 .09914
77.75 1.6306791826473761 -0.55826 -0.18456 -0.08594 0.26822 .09862
77.80 1.6341209389415596 -0.55904 -0.18490 -0.08680 0.27003 .09810
77.85 1.6375832695042820 -0.55983 -0.18524 -0.08765 0.27185 .09759
77.90 1.6410663881694845 -0.56062 -0.18557 -0.08850 0.27367 .09707
77.95 1.6445705118746621 -0.56142 -0.18591 -0.08935 0.27550 .09656
78.00 1.6480958607190197 -0.56222 -0.18625 -0.09019 0.27733 .09606
78.05 1.6516426580229577 -0.56303 -0.18658 -0.09102 0.27917 .09556
78.10 1.6552111303889363 -0.56384 -0.18691 -0.09185 0.28101 .09506
78.15 1.6588015077637484 -0.56466 -0.18725 -0.09268 0.28285 .09457
78.20 1.6624140235022404 -0.56549 -0.18758 -0.09350 0.28470 .09408
78.25 1.6660489144325314 -0.56631 -0.18791 -0.09431 0.28655 .09360
78.30 1.6697064209227548 -0.56715 -0.18824 -0.09512 0.28841 .09312
78.35 1.6733867869493753 -0.56799 -0.18857 -0.09592 0.29027 .09265
78.40 1.6770902601671336 -0.56883 -0.18890 -0.09672 0.29213 .09218
78.45 1.6808170919806322 -0.56968 -0.18923 -0.09752 0.29400 .09171
78.50 1.6845675376176648 -0.57053 -0.18955 -0.09831 0.29588 .09124
78.55 1.6883418562042736 -0.57139 -0.18988 -0.09909 0.29775 .09079
78.60 1.6921403108416329 -0.57225 -0.19020 -0.09987 0.29964 .09033
78.65 1.6959631686847902 -0.57312 -0.19052 -0.10064 0.30152 .08988
78.70 1.6998107010233166 -0.57400 -0.19084 -0.10141 0.30341 .08943
78.75 1.7036831833639368 -0.57488 -0.19116 -0.10217 0.30531 .08899
78.80 1.7075808955151763 -0.57577 -0.19148 -0.10293 0.30720 .08855
78.85 1.7115041216740989 -0.57666 -0.19180 -0.10368 0.30911 .08812
78.90 1.7154531505151902 -0.57755 -0.19211 -0.10443 0.31101 .08768
78.95 1.7194282752814485 -0.57845 -0.19242 -0.10517 0.31293 .08725
79.00 1.7234297938777567 -0.57936 -0.19274 -0.10591 0.31484 .08683
79.05 1.7274580089665905 -0.58027 -0.19305 -0.10664 0.31676 .08641
79.10 1.7315132280661407 -0.58119 -0.19335 -0.10737 0.31869 .08598
79.15 1.7355957636509258 -0.58212 -0.19366 -0.10809 0.32062 .08557
79.20 1.7397059332549434 -0.58304 -0.19396 -0.10880 0.32255 .08516
79.25 1.7438440595774944 -0.58398 -0.19427 -0.10951 0.32449 .08476
79.30 1.7480104705916841 -0.58492 -0.19457 -0.11021 0.32644 .08436
79.35 1.7522054996557488 -0.58586 -0.19487 -0.11091 0.32838 .08396
79.40 1.7564294856272575 -0.58682 -0.19516 -0.11160 0.33034 .08356
79.45 1.7606827729802852 -0.58777 -0.19546 -0.11229 0.33230 .08317
79.50 1.7649657119256603 -0.58873 -0.19575 -0.11297 0.33426 .08278
79.55 1.7692786585343654 -0.58970 -0.19604 -0.11365 0.33623 .08239
79.60 1.7736219748641979 -0.59067 -0.19633 -0.11432 0.33820 .08201
79.65 1.7779960290897987 -0.59165 -0.19662 -0.11499 0.34018 .08163
79.70 1.7824011956361372 -0.59263 -0.19690 -0.11565 0.34216 .08125
79.75 1.7868378553155890 -0.59362 -0.19718 -0.11630 0.34415 .08088
79.80 1.7913063954686912 -0.59462 -0.19746 -0.11695 0.34615 .08051
79.85 1.7958072101087128 -0.59562 -0.19774 -0.11759 0.34815 .08015
79.90 1.8003407000701643 -0.59662 -0.19802 -0.11823 0.35015 .07979
79.95 1.8049072731613405 -0.59763 -0.19829 -0.11887 0.35217 .07942
80.00 1.8095073443210954 -0.59865 -0.19856 -0.11949 0.35418 .07907
80.05 1.8141413357799034 -0.59967 -0.19883 -0.12012 0.35621 .07871
80.10 1.8188096772254154 -0.60070 -0.19909 -0.12073 0.35823 .07836
80.15 1.8235128059726211 -0.60173 -0.19935 -0.12134 0.36027 .07801
80.20 1.8282511671387802 -0.60277 -0.19961 -0.12195 0.36231 .07766
80.25 1.8330252138232914 -0.60381 -0.19987 -0.12255 0.36436 .07732
80.30 1.8378354072926408 -0.60486 -0.20013 -0.12314 0.36641 .07699
80.35 1.8426822171706256 -0.60591 -0.20038 -0.12373 0.36847 .07665
80.40 1.8475661216340147 -0.60697 -0.20063 -0.12432 0.37054 .07631
80.45 1.8524876076138348 -0.60803 -0.20088 -0.12490 0.37261 .07598
80.50 1.8574471710024862 -0.60910 -0.20112 -0.12547 0.37469 .07565
80.55 1.8624453168668675 -0.61017 -0.20136 -0.12604 0.37677 .07532
80.60 1.8674825596677291 -0.61125 -0.20160 -0.12660 0.37887 .07500
80.65 1.8725594234854832 -0.61234 -0.20184 -0.12716 0.38097 .07468
80.70 1.8776764422526515 -0.61343 -0.20207 -0.12771 0.38307 .07436
80.75 1.8828341599932619 -0.61452 -0.20230 -0.12826 0.38519 .07404
80.80 1.8880331310693452 -0.61562 -0.20253 -0.12880 0.38731 .07373
80.85 1.8932739204348596 -0.61672 -0.20276 -0.12933 0.38944 .07343
80.90 1.8985571038972699 -0.61783 -0.20298 -0.12987 0.39158 .07311
80.95 1.9038832683870603 -0.61894 -0.20320 -0.13039 0.39372 .07281
81.00 1.9092530122354845 -0.62006 -0.20341 -0.13091 0.39588 .07250
81.05 1.9146669454608252 -0.62118 -0.20363 -0.13143 0.39804 .07220
81.10 1.9201256900634951 -0.62231 -0.20384 -0.13194 0.40021 .07190
81.15 1.9256298803302931 -0.62344 -0.20404 -0.13245 0.40239 .07159
81.20 1.9311801631481520 -0.62458 -0.20425 -0.13295 0.40457 .07130
81.25 1.9367771983277440 -0.62572 -0.20445 -0.13344 0.40677 .07101
81.30 1.9424216589372902 -0.62686 -0.20465 -0.13393 0.40897 .07072
81.35 1.9481142316469726 -0.62801 -0.20484 -0.13442 0.41119 .07042
81.40 1.9538556170843520 -0.62917 -0.20504 -0.13490 0.41341 .07014
81.45 1.9596465302011721 -0.63033 -0.20523 -0.13538 0.41564 .06985
81.50 1.9654877006520655 -0.63149 -0.20541 -0.13585 0.41788 .06956
81.55 1.9713798731855150 -0.63266 -0.20560 -0.13631 0.42013 .06929
81.60 1.9773238080476301 -0.63383 -0.20578 -0.13678 0.42239 .06900
81.65 1.9833202813991822 -0.63500 -0.20595 -0.13723 0.42467 .06872
81.70 1.9893700857464571 -0.63618 -0.20613 -0.13769 0.42695 .06844
81.75 1.9954740303864316 -0.63736 -0.20630 -0.13813 0.42924 .06817
81.80 2.0016329418668652 -0.63855 -0.20646 -0.13858 0.43154 .06788
81.85 2.0078476644618948 -0.63974 -0.20663 -0.13901 0.43385 .06762
81.90 2.0141190606637487 -0.64094 -0.20679 -0.13945 0.43617 .06734
81.95 2.0204480116912382 -0.64213 -0.20695 -0.13988 0.43851 .06707
82.00 2.0268354180156947 -0.64334 -0.20710 -0.14030 0.44085 .06680
82.05 2.0332821999050843 -0.64454 -0.20726 -0.14072 0.44321 .06654
82.10 2.0397892979870225 -0.64575 -0.20740 -0.14114 0.44558 .06626
82.15 2.0463576738314897 -0.64696 -0.20755 -0.14155 0.44796 .06600
82.20 2.0529883105540567 -0.64818 -0.20769 -0.14196 0.45035 .06573
82.25 2.0596822134404817 -0.64940 -0.20783 -0.14236 0.45276 .06547
82.30 2.0664404105935832 -0.65062 -0.20797 -0.14276 0.45517 .06521
82.35 2.0732639536033268 -0.65185 -0.20810 -0.14316 0.45760 .06494
82.40 2.0801539182411148 -0.65308 -0.20823 -0.14355 0.46004 .06468
82.45 2.0871114051793418 -0.65431 -0.20836 -0.14393 0.46250 .06443
82.50 2.0941375407372735 -0.65555 -0.20848 -0.14431 0.46497 .06417
82.55 2.1012334776544206 -0.65679 -0.20860 -0.14469 0.46745 .06391
82.60 2.1084003958926107 -0.65803 -0.20872 -0.14507 0.46994 .06365
82.65 2.1156395034680107 -0.65928 -0.20883 -0.14544 0.47245 .06339
82.70 2.1229520373144530 -0.66052 -0.20894 -0.14580 0.47497 .06314
82.75 2.1303392641794385 -0.66177 -0.20905 -0.14617 0.47751 .06288
82.80 2.1378024815543255 -0.66303 -0.20915 -0.14652 0.48006 .06263
82.85 2.1453430186402151 -0.66428 -0.20925 -0.14688 0.48263 .06237
82.90 2.1529622373511956 -0.66554 -0.20935 -0.14723 0.48521 .06212
82.95 2.1606615333566506 -0.66680 -0.20944 -0.14758 0.48780 .06186
83.00 2.1684423371644423 -0.66807 -0.20953 -0.14792 0.49041 .06161
83.05 2.1763061152468834 -0.66933 -0.20962 -0.14826 0.49304 .06136
83.10 2.1842543712115088 -0.67060 -0.20971 -0.14860 0.49568 .06111
83.15 2.1922886470187501 -0.67187 -0.20979 -0.14893 0.49834 .06086
83.20 2.2004105242487957 -0.67315 -0.20987 -0.14926 0.50101 .06061
83.25 2.2086216254199424 -0.67442 -0.20994 -0.14958 0.50371 .06036
83.30 2.2169236153609786 -0.67570 -0.21001 -0.14991 0.50641 .06010
83.35 2.2253182026402079 -0.67698 -0.21008 -0.15022 0.50914 .05986
83.40 2.2338071410539140 -0.67826 -0.21015 -0.15054 0.51188 .05961
83.45 2.2423922311771953 -0.67955 -0.21021 -0.15085 0.51464 .05936
83.50 2.2510753219802888 -0.68083 -0.21027 -0.15116 0.51742 .05911
83.55 2.2598583125136917 -0.68212 -0.21033 -0.15147 0.52021 .05886
83.60 2.2687431536655347 -0.68341 -0.21038 -0.15177 0.52302 .05861
83.65 2.2777318499949293 -0.68470 -0.21043 -0.15207 0.52586 .05836
83.70 2.2868264616451803 -0.68599 -0.21048 -0.15236 0.52871 .05812
83.75 2.2960291063410230 -0.68729 -0.21052 -0.15266 0.53158 .05786
83.80 2.3053419614742690 -0.68858 -0.21056 -0.15295 0.53447 .05761
83.85 2.3147672662825332 -0.68988 -0.21060 -0.15323 0.53737 .05737
83.90 2.3243073241259733 -0.69118 -0.21063 -0.15352 0.54030 .05711
83.95 2.3339645048673359 -0.69248 -0.21066 -0.15380 0.54325 .05686
84.00 2.3437412473608381 -0.69378 -0.21069 -0.15408 0.54622 .05661
84.05 2.3536400620558657 -0.69508 -0.21071 -0.15435 0.54921 .05636
84.10 2.3636635337217689 -0.69639 -0.21074 -0.15463 0.55222 .05611
84.15 2.3738143243004877 -0.69769 -0.21076 -0.15490 0.55525 .05586
84.20 2.3840951758941467 -0.69900 -0.21077 -0.15516 0.55831 .05561
84.25 2.3945089138952178 -0.70031 -0.21078 -0.15543 0.56138 .05535
84.30 2.4050584502674064 -0.70161 -0.21079 -0.15569 0.56448 .05510
84.35 2.4157467869858533 -0.70292 -0.21080 -0.15595 0.56760 .05485
84.40 2.4265770196459231 -0.70423 -0.21080 -0.15621 0.57075 .05459
84.45 2.4375523412504077 -0.70554 -0.21080 -0.15646 0.57391 .05434
84.50 2.4486760461856742 -0.70686 -0.21080 -0.15671 0.57710 .05409
84.55 2.4599515343979936 -0.70817 -0.21080 -0.15696 0.58032 .05384
84.60 2.4713823157820722 -0.70948 -0.21079 -0.15721 0.58356 .05358
84.65 2.4829720147946408 -0.71080 -0.21078 -0.15745 0.58682 .05333
84.70 2.4947243753068959 -0.71211 -0.21076 -0.15770 0.59011 .05306
84.75 2.5066432657105051 -0.71343 -0.21074 -0.15794 0.59342 .05280
