45.0 0.75983570225832975 -3.97755813741
45.05 0.76049907376085979 -3.97755818961
45.10 0.76116302644066036 -3.97755834610
45.15 0.76182756283385522 -3.97755860676
45.20 0.76249268548415305 -3.97755897133
45.25 0.76315839694289456 -3.97755943949
45.30 0.76382469976910006 -3.97756001082
45.35 0.76449159652951659 -3.97756068480
45.40 0.76515908979866654 -3.97756146080
45.45 0.76582718215889523 -3.97756233812
45.50 0.76649587620041937 -3.97756331596
45.55 0.76716517452137623 -3.97756439342
45.60 0.76783507972787179 -3.97756556950
45.65 0.76850559443403055 -3.97756684312
45.70 0.76917672126204495 -3.97756821309
45.75 0.76984846284222430 -3.97756967814
45.80 0.77052082181304604 -3.97757123691
45.85 0.77119380082120481 -3.97757288791
45.90 0.77186740252166364 -3.97757462960
45.95 0.77254162957770478 -3.97757646032
46.00 0.77321648466098036 -3.97757837832
46.05 0.77389197045156433 -3.97758038176
46.10 0.77456808963800328 -3.97758246870
46.15 0.77524484491736945 -3.97758463711
46.20 0.77592223899531199 -3.97758688487
46.25 0.77660027458611014 -3.97758920975
46.30 0.77727895441272554 -3.97759160945
46.35 0.77795828120685584 -3.97759408155
46.40 0.77863825770898754 -3.97759662356
46.45 0.77931888666845017 -3.97759923288
46.50 0.78000017084346973 -3.97760190681
46.55 0.78068211300122392 -3.97760464258
46.60 0.78136471591789569 -3.97760743731
46.65 0.78204798237872875 -3.97761028802
46.70 0.78273191517808294 -3.97761319166
46.75 0.78341651711948912 -3.97761614506
46.80 0.78410179101570610 -3.97761914497
46.85 0.78478773968877535 -3.97762218805
46.90 0.78547436597007880 -3.97762527086
46.95 0.78616167270039528 -3.97762838986
47.00 0.78684966272995749 -3.97763154142
47.05 0.78753833891850933 -3.97763472184
47.10 0.78822770413536436 -3.97763792729
47.15 0.78891776125946356 -3.97764115387
47.20 0.78960851317943370 -3.97764439759
47.25 0.79029996279364645 -3.97764765434
47.30 0.79099211301027716 -3.97765091995
47.35 0.79168496674736522 -3.97765419013
47.40 0.79237852693287303 -3.97765746052
47.45 0.79307279650474649 -3.97766072665
47.50 0.79376777841097601 -3.97766398397
47.55 0.79446347560965724 -3.97766722782
47.60 0.79515989106905183 -3.97767045347
47.65 0.79585702776764977 -3.97767365608
47.70 0.79655488869423152 -3.97767683073
47.75 0.79725347684792980 -3.97767997240
47.80 0.79795279523829266 -3.97768307597
47.85 0.79865284688534688 -3.97768613625
47.90 0.79935363481966115 -3.97768914794
47.95 0.80005516208241045 -3.97769210566
48.00 0.80075743172543956 -3.97769500391
48.05 0.80146044681132877 -3.97769783715
48.10 0.80216421041345820 -3.97770059970
48.15 0.80286872561607381 -3.97770328581
48.20 0.80357399551435238 -3.97770588964
48.25 0.80428002321446923 -3.97770840525
48.30 0.80498681183366394 -3.97771082661
48.35 0.80569436450030729 -3.97771314761
48.40 0.80640268435396956 -3.97771536204
48.45 0.80711177454548755 -3.97771746360
48.50 0.80782163823703412 -3.97771944590
48.55 0.80853227860218546 -3.97772130245
48.60 0.80924369882599168 -3.97772302669
48.65 0.80995590210504553 -3.97772461195
48.70 0.81066889164755318 -3.97772605148
48.75 0.81138267067340353 -3.97772733844
48.80 0.81209724241424064 -3.97772846589
48.85 0.81281261011353434 -3.97772942682
48.90 0.81352877702665161 -3.97773021412
48.95 0.81424574642093006 -3.97773082057
49.00 0.81496352157574936 -3.97773123889
49.05 0.81568210578260558 -3.97773146169
49.10 0.81640150234518361 -3.97773148152
49.15 0.81712171457943295 -3.97773129080
49.20 0.81784274581364047 -3.97773088190
49.25 0.81856459938850701 -3.97773024707
49.30 0.81928727865722173 -3.97772937848
49.35 0.82001078698553909 -3.97772826823
49.40 0.82073512775185475 -3.97772690832
49.45 0.82146030434728290 -3.97772529064
49.50 0.82218632017573356 -3.97772340702
49.55 0.82291317865399061 -3.97772124920
49.60 0.82364088321179052 -3.97771880881
49.65 0.82436943729190104 -3.97771607743
49.70 0.82509884435020076 -3.97771304651
49.75 0.82582910785575958 -3.97770970743
49.80 0.82656023129091882 -3.97770605150
49.85 0.82729221815137199 -3.97770206993
49.90 0.82802507194624730 -3.97769775382
49.95 0.82875879619818926 -3.97769309422
50.00 0.82949339444344139 -3.97768808208
50.05 0.83022887023192915 -3.97768270825
50.10 0.83096522712734444 -3.97767696352
50.15 0.83170246870722930 -3.97767083856
50.20 0.83244059856306107 -3.97766432399
50.25 0.83317962030033754 -3.97765741031
50.30 0.83391953753866332 -3.97765008797
50.35 0.83466035391183646 -3.97764234731
50.40 0.83540207306793479 -3.97763417858
50.45 0.83614469866940455 -3.97762557197
50.50 0.83688823439314863 -3.97761651756
50.55 0.83763268393061485 -3.97760700536
50.60 0.83837805098788598 -3.97759702530
50.65 0.83912433928576935 -3.97758656720
50.70 0.83987155255988821 -3.97757562083
50.75 0.84061969456077290 -3.97756417585
50.80 0.84136876905395186 -3.97755222184
50.85 0.84211877982004546 -3.97753974831
50.90 0.84286973065485837 -3.97752674467
50.95 0.84362162536947360 -3.97751320027
51.00 0.84437446779034697 -3.97749910434
51.05 0.84512826175940192 -3.97748444606
51.10 0.84588301113412578 -3.97746921452
51.15 0.84663871978766536 -3.97745339872
51.20 0.84739539160892485 -3.97743698758
51.25 0.84815303050266300 -3.97741996993
51.30 0.84891164038959133 -3.97740233455
51.35 0.84967122520647376 -3.97738407009
51.40 0.85043178890622606 -3.97736516515
51.45 0.85119333545801568 -3.97734560826
51.50 0.85195586884736429 -3.97732538783
51.55 0.85271939307624789 -3.97730449222
51.60 0.85348391216320041 -3.97728290970
51.65 0.85424943014341670 -3.97726062846
51.70 0.85501595106885664 -3.97723763660
51.75 0.85578347900834917 -3.97721392216
51.80 0.85655201804769820 -3.97718947308
51.85 0.85732157228978900 -3.97716427724
51.90 0.85809214585469440 -3.97713832242
51.95 0.85886374287978262 -3.97711159634
52.00 0.85963636751982619 -3.97708408662
52.05 0.86041002394711030 -3.97705578082
52.10 0.86118471635154337 -3.97702666641
52.15 0.86196044894076718 -3.97699673080
52.20 0.86273722594026869 -3.97696596129
52.25 0.86351505159349251 -3.97693434512
52.30 0.86429393016195311 -3.97690186947
52.35 0.86507386592534963 -3.97686852141
52.40 0.86585486318168026 -3.97683428795
52.45 0.86663692624735733 -3.97679915603
52.50 0.86742005945732381 -3.97676311249
52.55 0.86820426716517096 -3.97672614411
52.60 0.86898955374325570 -3.97668823760
52.65 0.86977592358281952 -3.97664937957
52.70 0.87056338109410869 -3.97660955659
52.75 0.87135193070649397 -3.97656875512
52.80 0.87214157686859295 -3.97652696156
52.85 0.87293232404839116 -3.97648416223
52.90 0.87372417673336666 -3.97644034338
52.95 0.87451713943061304 -3.97639549119
53.00 0.87531121666696521 -3.97634959175
53.05 0.87610641298912395 -3.97630263109
53.10 0.87690273296378440 -3.97625459516
53.15 0.87770018117776261 -3.97620546984
53.20 0.87849876223812495 -3.97615524093
53.25 0.87929848077231665 -3.97610389416
53.30 0.88009934142829360 -3.97605141519
53.35 0.88090134887465321 -3.97599778961
53.40 0.88170450780076659 -3.97594300293
53.45 0.88250882291691279 -3.97588704059
53.50 0.88331429895441260 -3.97582988795
53.55 0.88412094066576463 -3.97577153033
53.60 0.88492875282478045 -3.97571195293
53.65 0.88573774022672380 -3.97565114092
53.70 0.88654790768844782 -3.97558907938
53.75 0.88735926004853483 -3.97552575332
53.80 0.88817180216743707 -3.97546114769
53.85 0.88898553892761789 -3.97539524737
53.90 0.88980047523369521 -3.97532803714
53.95 0.89061661601258424 -3.97525950175
54.00 0.89143396621364279 -3.97518962587
54.05 0.89225253080881717 -3.97511839408
54.10 0.89307231479278926 -3.97504579092
54.15 0.89389332318312398 -3.97497180084
54.20 0.89471556102041949 -3.97489640823
54.25 0.89553903336845653 -3.97481959742
54.30 0.89636374531435070 -3.97474135266
54.35 0.89718970196870451 -3.97466165814
54.40 0.89801690846576132 -3.97458049799
54.45 0.89884536996356046 -3.97449785625
54.50 0.89967509164409376 -3.97441371691
54.55 0.90050607871346144 -3.97432806390
54.60 0.90133833640203209 -3.97424088107
54.65 0.90217186996460219 -3.97415215221
54.70 0.90300668468055645 -3.97406186105
54.75 0.90384278585403033 -3.97396999125
54.80 0.90468017881407381 -3.97387652640
54.85 0.90551886891481559 -3.97378145004
54.90 0.90635886153562961 -3.97368474564
54.95 0.90720016208130172 -3.97358639659
55.00 0.90804277598219907 -3.97348638625
55.05 0.90888670869443910 -3.97338469789
55.10 0.90973196570006132 -3.97328131472
55.15 0.91057855250719977 -3.97317621991
55.20 0.91142647465025639 -3.97306939653
55.25 0.91227573769007742 -3.97296082763
55.30 0.91312634721412855 -3.97285049616
55.35 0.91397830883667408 -3.97273838505
55.40 0.91483162819895569 -3.97262447713
55.45 0.91568631096937336 -3.97250875520
55.50 0.91654236284366797 -3.97239120197
55.55 0.91739978954510426 -3.97227180013
55.60 0.91825859682465660 -3.97215053227
55.65 0.91911879046119527 -3.97202738096
55.70 0.91998037626167417 -3.97190232867
55.75 0.92084336006132139 -3.97177535785
55.80 0.92170774772382924 -3.97164645088
55.85 0.92257354514154721 -3.97151559006
55.90 0.92344075823567617 -3.97138275767
55.95 0.92430939295646408 -3.97124793592
56.00 0.92517945528340284 -3.97111110694
56.05 0.92605095122542769 -3.97097225285
56.10 0.92692388682111693 -3.97083135568
56.15 0.92779826813889443 -3.97068839741
56.20 0.92867410127723360 -3.97054335997
56.25 0.92955139236486140 -3.97039622526
56.30 0.93043014756096676 -3.97024697508
56.35 0.93131037305540842 -3.97009559122
56.40 0.93219207506892543 -3.96994205539
56.45 0.93307525985334883 -3.96978634926
56.50 0.93395993369181618 -3.96962845445
56.55 0.93484610289898640 -3.96946835253
56.60 0.93573377382125700 -3.96930602501
56.65 0.93662295283698360 -3.96914145335
56.70 0.93751364635670031 -3.96897461898
56.75 0.93840586082334254 -3.96880550327
56.80 0.93929960271247126 -3.96863408753
56.85 0.94019487853249961 -3.96846035304
56.90 0.94109169482492094 -3.96828428102
56.95 0.94199005816453896 -3.96810585265
57.00 0.94288997515969897 -3.96792504908
57.05 0.94379145245252305 -3.96774185138
57.10 0.94469449671914496 -3.96755624061
57.15 0.94559911466994739 -3.96736819776
57.20 0.94650531304980356 -3.96717770380
57.25 0.94741309863831702 -3.96698473963
57.30 0.94832247825006655 -3.96678928613
57.35 0.94923345873485143 -3.96659132414
57.40 0.95014604697793958 -3.96639083445
57.45 0.95106024990031746 -3.96618779781
57.50 0.95197607445894206 -3.96598219493
57.55 0.95289352764699498 -3.96577400650
57.60 0.95381261649413907 -3.96556321315
57.65 0.95473334806677612 -3.96534979548
57.70 0.95565572946830857 -3.96513373406
57.75 0.95657976783940157 -3.96491500943
57.80 0.95750547035824851 -3.96469360208
57.85 0.95843284424083808 -3.96446949248
57.90 0.95936189674122396 -3.96424266106
57.95 0.96029263515179708 -3.96401308824
58.00 0.96122506680355879 -3.96378075437
58.05 0.96215919906639924 -3.96354563981
58.10 0.96309503934937468 -3.96330772487
58.15 0.96403259510098971 -3.96306698984
58.20 0.96497187380948068 -3.96282341498
58.25 0.96591288300310196 -3.96257698055
58.30 0.96685563025041488 -3.96232766674
58.35 0.96780012316057895 -3.96207545375
58.40 0.96874636938364433 -3.96182032177
58.45 0.96969437661085001 -3.96156225093
58.50 0.97064415257492132 -3.96130122138
58.55 0.97159570505037196 -3.96103721323
58.60 0.97254904185380731 -3.96077020659
58.65 0.97350417084423224 -3.96050018153
58.70 0.97446109992335961 -3.96022711814
58.75 0.97541983703592194 -3.95995099647
58.80 0.97638039016998779 -3.95967179659
58.85 0.97734276735727810 -3.95938949853
58.90 0.97830697667348698 -3.95910408233
58.95 0.97927302623860457 -3.95881552802
59.00 0.98024092421724396 -3.95852381564
59.05 0.98121067881896906 -3.95822892521
59.10 0.98218229829862735 -3.95793083676
59.15 0.98315579095668360 -3.95762953032
59.20 0.98413116513955912 -3.95732498593
59.25 0.98510842923997155 -3.95701718362
59.30 0.98608759169727866 -3.95670610345
59.35 0.98706866099782586 -3.95639172546
59.40 0.98805164567529558 -3.95607402974
59.45 0.98903655431106108 -3.95575299637
59.50 0.99002339553454166 -3.95542860546
59.55 0.99101217802356323 -3.95510083712
59.60 0.99200291050472111 -3.95476967150
59.65 0.99299560175374524 -3.95443508877
59.70 0.99399026059587003 -3.95409706912
59.75 0.99498689590620693 -3.95375559279
59.80 0.99598551661012047 -3.95341064002
59.85 0.99698613168360850 -3.95306219112
59.90 0.99798875015368327 -3.95271022641
59.95 0.99899338109875979 -3.95235472628
60.00 1.0000000336490449 -3.95199567113
60.05 1.0010087169869311 -3.95163304143
60.10 1.0020194403473930 -3.95126681771
60.15 1.0030322130183893 -3.95089698053
60.20 1.0040470443412663 -3.95052351053
60.25 1.0050639437111659 -3.95014638839
60.30 1.0060829205774386 -3.94976559488
60.35 1.0071039844440590 -3.94938111082
60.40 1.0081271448700442 -3.94899291712
60.45 1.0091524114698791 -3.94860099476
60.50 1.0101797939139427 -3.94820532479
60.55 1.0112093019289397 -3.94780588838
60.60 1.0122409452983365 -3.94740266676
60.65 1.0132747338627996 -3.94699564126
60.70 1.0143106775206405 -3.94658479334
60.75 1.0153487862282633 -3.94617010452
60.80 1.0163890700006153 -3.94575155648
60.85 1.0174315389116453 -3.94532913097
60.90 1.0184762030947627 -3.94490280991
60.95 1.0195230727433033 -3.94447257531
61.00 1.0205721581109972 -3.94403840933
61.05 1.0216234695124444 -3.94360029427
61.10 1.0226770173235920 -3.94315821259
61.15 1.0237328119822167 -3.94271214688
61.20 1.0247908639884131 -3.94226207989
61.25 1.0258511839050852 -3.94180799457
61.30 1.0269137823584431 -3.94134987401
61.35 1.0279786700385047 -3.94088770150
61.40 1.0290458576996018 -3.94042146052
61.45 1.0301153561608911 -3.93995113474
61.50 1.0311871763068714 -3.93947670803
61.55 1.0322613290879032 -3.93899816451
61.60 1.0333378255207359 -3.93851548848
61.65 1.0344166766890379 -3.93802866449
61.70 1.0354978937439347 -3.93753767736
61.75 1.0365814879045478 -3.93704251211
61.80 1.0376674704585451 -3.93654315408
61.85 1.0387558527626892 -3.93603958882
61.90 1.0398466462433982 -3.93553180223
61.95 1.0409398623973067 -3.93501978046
62.00 1.0420355127918348 -3.93450350997
62.05 1.0431336090657632 -3.93398297757
62.10 1.0442341629298113 -3.93345817037
62.15 1.0453371861672238 -3.93292907583
62.20 1.0464426906343616 -3.93239568178
62.25 1.0475506882612993 -3.93185797640
62.30 1.0486611910524275 -3.93131594828
62.35 1.0497742110870625 -3.93076958640
62.40 1.0508897605200611 -3.93021888015
62.45 1.0520078515824418 -3.92966381934
62.50 1.0531284965820111 -3.92910439426
62.55 1.0542517079039999 -3.92854059563
62.60 1.0553774980117010 -3.92797241467
62.65 1.0565058794471158 -3.92739984308
62.70 1.0576368648316092 -3.92682287311
62.75 1.0587704668665670 -3.92624149752
62.80 1.0599066983340624 -3.92565570962
62.85 1.0610455720975307 -3.92506550333
62.90 1.0621871011024460 -3.92447087312
62.95 1.0633312983770105 -3.92387181413
63.00 1.0644781770328475 -3.92326832210
63.05 1.0656277502657008 -3.92266039346
63.10 1.0667800313561446 -3.92204802531
63.15 1.0679350336702964 -3.92143121550
63.20 1.0690927706605413 -3.92080996257
63.25 1.0702532558662603 -3.92018426585
63.30 1.0714165029145688 -3.91955412549
63.35 1.0725825255210610 -3.91891954240
63.40 1.0737513374905625 -3.91828051840
63.45 1.0749229527178907 -3.91763705617
63.50 1.0760973851886237 -3.91698915928
63.55 1.0772746489798752 -3.91633683227
63.60 1.0784547582610808 -3.91568008065
63.65 1.0796377272947879 -3.91501891094
63.70 1.0808235704374589 -3.91435333071
63.75 1.0820123021402799 -3.91368334861
63.80 1.0832039369499773 -3.91300897440
63.85 1.0843984895096448 -3.91233021901
63.90 1.0855959745595780 -3.91164709456
63.95 1.0867964069381189 -3.91095961442
64.00 1.0879998015825072 -3.91026779323
64.05 1.0892061735297434 -3.90957164695
64.10 1.0904155379174589 -3.90887119292
64.15 1.0916279099847972 -3.90816644988
64.20 1.0928433050732997 -3.90745743805
64.25 1.0940617386278098 -3.90674417914
64.30 1.0952832261973782 -3.90602669642
64.35 1.0965077834361816 -3.90530501478
64.40 1.0977354261044516 -3.90457916076
64.45 1.0989661700694118 -3.90384916263
64.50 1.1002000313062268 -3.90311505039
64.55 1.1014370258989608 -3.90237685591
64.60 1.1026771700415456 -3.90163461292
64.65 1.1039204800387612 -3.90088835709
64.70 1.1051669723072235 -3.90013812610
64.75 1.1064166633763877 -3.89938395966
64.80 1.1076695698895584 -3.89862589965
64.85 1.1089257086049120 -3.89786399010
64.90 1.1101850963965334 -3.89709827730
64.95 1.1114477502554549 -3.89632880985
65.00 1.1127136872907215 -3.89555563874
65.05 1.1139829247304520 -3.89477881742
65.10 1.1152554799229231 -3.89399840182
65.15 1.1165313703376598 -3.89321445049
65.20 1.1178106135665402 -3.89242702461
65.25 1.1190932273249123 -3.89163618811
65.30 1.1203792294527217 -3.89084200770
65.35 1.1216686379156546 -3.89004455295
65.40 1.1229614708062909 -3.88924389638
65.45 1.1242577463452708 -3.88844011351
65.50 1.1255574828824770 -3.88763328294
65.55 1.1268606988982264 -3.88682348643
65.60 1.1281674130044770 -3.88601080894
65.65 1.1294776439460517 -3.88519533872
65.70 1.1307914106018655 -3.88437716740
65.75 1.1321087319861824 -3.88355639001
65.80 1.1334296272498716 -3.88273310509
65.85 1.1347541156816874 -3.88190741470
65.90 1.1360822167095599 -3.88107942457
65.95 1.1374139499019000 -3.88024924406
66.00 1.1387493349689228 -3.87941698629
66.05 1.1400883917639824 -3.87858276817
66.10 1.1414311402849235 -3.87774671044
66.15 1.1427776006754504 -3.87690893776
66.20 1.1441277932265064 -3.87606957870
66.25 1.1454817383776770 -3.87522876583
66.30 1.1468394567186027 -3.87438663574
66.35 1.1482009689904107 -3.87354332906
66.40 1.1495662960871658 -3.87269899052
66.45 1.1509354590573304 -3.87185376894
66.50 1.1523084791052536 -3.87100781728
66.55 1.1536853775926659 -3.87016129264
66.60 1.1550661760401986 -3.86931435625
66.65 1.1564508961289190 -3.86846717351
66.70 1.1578395597018831 -3.86761991395
66.75 1.1592321887657087 -3.86677275125
66.80 1.1606288054921641 -3.86592586321
66.85 1.1620294322197784 -3.86507943170
66.90 1.1634340914554704 -3.86423364269
66.95 1.1648428058761942 -3.86338868616
67.00 1.1662555983306084 -3.86254475609
67.05 1.1676724918407646 -3.86170205039
67.10 1.1690935096038124 -3.86086077085
67.15 1.1705186749937306 -3.86002112308
67.20 1.1719480115630720 -3.85918331645
67.25 1.1733815430447392 -3.85834756400
67.30 1.1748192933537724 -3.85751408236
67.35 1.1762612865891637 -3.85668309166
67.40 1.1777075470356930 -3.85585481547
67.45 1.1791580991657851 -3.85502948064
67.50 1.1806129676413906 -3.85420731727
67.55 1.1820721773158904 -3.85338855854
67.60 1.1835357532360211 -3.85257344063
67.65 1.1850037206438264 -3.85176220262
67.70 1.1864761049786312 -3.85095508633
67.75 1.1879529318790409 -3.85015233623
67.80 1.1894342271849665 -3.84935419929
67.85 1.1909200169396705 -3.84856092489
67.90 1.1924103273918456 -3.84777276467
67.95 1.1939051849977087 -3.84698997239
68.00 1.1954046164231349 -3.84621280381
68.05 1.1969086485458049 -3.84544151659
68.10 1.1984173084573870 -3.84467637009
68.15 1.1999306234657463 -3.84391762531
68.20 1.2014486210971758 -3.84316554470
68.25 1.2029713290986654 -3.84242039209
68.30 1.2044987754401906 -3.84168243250
68.35 1.2060309883170346 -3.84095193205
68.40 1.2075679961521408 -3.84022915782
68.45 1.2091098275984908 -3.83951437771
68.50 1.2106565115415191 -3.83880786035
68.55 1.2122080771015531 -3.83810987493
68.60 1.2137645536362878 -3.83742069112
68.65 1.2153259707432924 -3.83674057889
68.70 1.2168923582625433 -3.83606980847
68.75 1.2184637462790018 -3.83540865013
68.80 1.2200401651252133 -3.83475737413
68.85 1.2216216453839461 -3.83411625057
68.90 1.2232082178908650 -3.83348554927
68.95 1.2247999137372361 -3.83286553965
69.00 1.2263967642726714 -3.83225649058
69.05 1.2279988011079066 -3.83165867029
69.10 1.2296060561176163 -3.83107234621
69.15 1.2312185614432660 -3.83049778485
69.20 1.2328363494960013 -3.82993525166
69.25 1.2344594529595776 -3.82938501090
69.30 1.2360879047933260 -3.82884732546
69.35 1.2377217382351597 -3.82832245675
69.40 1.2393609868046243 -3.82781066454
69.45 1.2410056843059762 -3.82731220675
69.50 1.2426558648313226 -3.82682733935
69.55 1.2443115627637849 -3.82635631613
69.60 1.2459728127807141 -3.82589938854
69.65 1.2476396498569498 -3.82545680547
69.70 1.2493121092681172 -3.82502881309
69.75 1.2509902265939778 -3.82461565459
69.80 1.2526740377218175 -3.82421757000
69.85 1.2543635788498853 -3.82383479592
69.90 1.2560588864908790 -3.82346756529
69.95 1.2577599974754754 -3.82311610712
70.00 1.2594669489559134 -3.82278064626
70.05 1.2611797784096244 -3.82246140306
70.10 1.2628985236429111 -3.82215859313
70.15 1.2646232227946819 -3.82187242700
70.20 1.2663539143402289 -3.82160310980
70.25 1.2680906370950717 -3.82135084095
70.30 1.2698334302188394 -3.82111581379
70.35 1.2715823332192195 -3.82089821524
70.40 1.2733373859559551 -3.82069822542
70.45 1.2750986286448989 -3.82051601727
70.50 1.2768661018621295 -3.82035175614
70.55 1.2786398465481190 -3.82020559941
70.60 1.2804199040119650 -3.82007769605
70.65 1.2822063159356787 -3.81996818619
70.70 1.2839991243785358 -3.81987720070
70.75 1.2857983717814927 -3.81980486073
70.80 1.2876041009716590 -3.81975127727
70.85 1.2894163551668398 -3.81971655068
70.90 1.2912351779801445 -3.81970077023
70.95 1.2930606134246510 -3.81970401362
71.00 1.2948927059181552 -3.81972634655
71.05 1.2967315002879742 -3.81976782222
71.10 1.2985770417758264 -3.81982848086
71.15 1.3004293760427814 -3.81990834932
71.20 1.3022885491742811 -3.82000744056
71.25 1.3041546076852373 -3.82012575325
71.30 1.3060275985252012 -3.82026327132
71.35 1.3079075690836115 -3.82041996357
71.40 1.3097945671951174 -3.82059578324
71.45 1.3116886411449822 -3.82079066770
71.50 1.3135898396745678 -3.82100453802
71.55 1.3154982119869003 -3.82123729876
71.60 1.3174138077523165 -3.82148883759
71.65 1.3193366771142014 -3.82175902510
71.70 1.3212668706947988 -3.82204771459
71.75 1.3232044396011293 -3.82235474190
71.80 1.3251494354309783 -3.82267992528
71.85 1.3271019102789854 -3.82302306537
71.90 1.3290619167428244 -3.82338394516
71.95 1.3310295079294747 -3.82376233008
72.00 1.3330047374615932 -3.82415796805
72.05 1.3349876594839796 -3.82457058975
72.10 1.3369783286701415 -3.82499990878
72.15 1.3389768002289641 -3.82544562203
72.20 1.3409831299114769 -3.82590741004
72.25 1.3429973740177321 -3.82638493749
72.30 1.3450195894037844 -3.82687785367
72.35 1.3470498334887806 -3.82738579312
72.40 1.3490881642621655 -3.82790837629
72.45 1.3511346402909867 -3.82844521023
72.50 1.3531893207273342 -3.82899588944
72.55 1.3552522653158787 -3.82955999667
72.60 1.3573235344015393 -3.83013710383
72.65 1.3594031889372702 -3.83072677295
72.70 1.3614912904919696 -3.83132855716
72.75 1.3635879012585173 -3.83194200169
72.80 1.3656930840619386 -3.83256664491
72.85 1.3678069023677004 -3.83320201941
72.90 1.3699294202901398 -3.83384765302
72.95 1.3720607026010270 -3.83450306991
73.00 1.3742008147382716 -3.83516779159
73.05 1.3763498228147655 -3.83584133798
73.10 1.3785077936273700 -3.83652322837
73.15 1.3806747946660543 -3.83721298241
73.20 1.3828508941231716 -3.83791012099
73.25 1.3850361609029067 -3.83861416718
73.30 1.3872306646308596 -3.83932464695
73.35 1.3894344756637986 -3.84004109002
73.40 1.3916476650995724 -3.84076303050
73.45 1.3938703047871841 -3.84149000754
73.50 1.3961024673370386 -3.84222156590
73.55 1.3983442261313550 -3.84295725643
73.60 1.4005956553347587 -3.84369663654
73.65 1.4028568299050477 -3.84443927054
73.70 1.4051278256041408 -3.84518472995
73.75 1.4074087190092159 -3.84593259378
73.80 1.4096995875240308 -3.84668244867
73.85 1.4120005093904389 -3.84743388905
73.90 1.4143115637001062 -3.84818651721
73.95 1.4166328304064160 -3.84893994338
74.00 1.4189643903365978 -3.84969378565
74.05 1.4213063252040461 -3.85044766997
74.10 1.4236587176208633 -3.85120123007
74.15 1.4260216511106174 -3.85195410732
74.20 1.4283952101213191 -3.85270595061
74.25 1.4307794800386300 -3.85345641616
74.30 1.4331745471992983 -3.85420516736
74.35 1.4355804989048313 -3.85495187453
74.40 1.4379974234354114 -3.85569621474
74.45 1.4404254100640508 -3.85643787153
74.50 1.4428645490710084 -3.85717653471
74.55 1.4453149317584530 -3.85791190008
74.60 1.4477766504653917 -3.85864366919
74.65 1.4502497985828720 -3.85937154908
74.70 1.4527344705694387 -3.86009525200
74.75 1.4552307619668963 -3.86081449517
74.80 1.4577387694163313 -3.86152900051
74.85 1.4602585906744392 -3.86223849437
74.90 1.4627903246301464 -3.86294270730
74.95 1.4653340713215299 -3.86364137376
75.00 1.4678899319530556 -3.86433423190
75.05 1.4704580089131281 -3.86502102331
75.10 1.4730384057919645 -3.86570149276
75.15 1.4756312273998002 -3.86637538799
75.20 1.4782365797854315 -3.86704245945
75.25 1.4808545702551064 -3.86770246011
75.30 1.4834853073917655 -3.86835514523
75.35 1.4861289010746450 -3.86900027213
75.40 1.4887854624992518 -3.86963760001
75.45 1.4914551041977033 -3.87026688973
75.50 1.4941379400594756 -3.87088790364
75.55 1.4968340853525235 -3.87150040534
75.60 1.4995436567448153 -3.87210415955
75.65 1.5022667723262797 -3.87269893193
75.70 1.5050035516311675 -3.87328448886
75.75 1.5077541156608558 -3.87386059731
75.80 1.5105185869070827 -3.87442702467
75.85 1.5132970893756394 -3.87498353859
75.90 1.5160897486105220 -3.87552990682
75.95 1.5188966917185549 -3.87606589709
76.00 1.5217180473945009 -3.87659127691
76.05 1.5245539459466628 -3.87710581348
76.10 1.5274045193229899 -3.87760927354
76.15 1.5302699011377114 -3.87810142322
76.20 1.5331502266984804 -3.87858202791
76.25 1.5360456330340897 -3.87905085218
76.30 1.5389562589227139 -3.87950765958
76.35 1.5418822449207401 -3.87995221259
76.40 1.5448237333921728 -3.88038427245
76.45 1.5477808685386352 -3.88080359909
76.50 1.5507537964299845 -3.88120995097
76.55 1.5537426650355510 -3.88160308501
76.60 1.5567476242560161 -3.88198275645
76.65 1.5597688259559499 -3.88234871879
76.70 1.5628064239970156 -3.88270072362
76.75 1.5658605742718710 -3.88303852058
76.80 1.5689314347387666 -3.88336185721
76.85 1.5720191654568727 -3.88367047888
76.90 1.5751239286223491 -3.88396412871
76.95 1.5782458886051585 -3.88424254740
77.00 1.5813852119866876 -3.88450547324
77.05 1.5845420675981361 -3.88475264192
77.10 1.5877166265597418 -3.88498378649
77.15 1.5909090623208391 -3.88519863725
77.20 1.5941195507007735 -3.88539692168
77.25 1.5973482699307082 -3.88557836432
77.30 1.6005954006963241 -3.88574268671
77.35 1.6038611261814530 -3.88588960726
77.40 1.6071456321126634 -3.88601884121
77.45 1.6104491068048148 -3.88613010051
77.50 1.6137717412076256 -3.88622309376
77.55 1.6171137289532584 -3.88629752607
77.60 1.6204752664049629 -3.88635309904
77.65 1.6238565527068056 -3.88638951064
77.70 1.6272577898344955 -3.88640645510
77.75 1.6306791826473761 -3.88640362287
77.80 1.6341209389415596 -3.88638070052
77.85 1.6375832695042820 -3.88633737063
77.90 1.6410663881694845 -3.88627331172
77.95 1.6445705118746621 -3.88618819818
78.00 1.6480958607190197 -3.88608170013
78.05 1.6516426580229577 -3.88595348342
78.10 1.6552111303889363 -3.88580320944
78.15 1.6588015077637484 -3.88563053512
78.20 1.6624140235022404 -3.88543511279
78.25 1.6660489144325314 -3.88521659009
78.30 1.6697064209227548 -3.88497460994
78.35 1.6733867869493753 -3.88470881034
78.40 1.6770902601671336 -3.88441882441
78.45 1.6808170919806322 -3.88410428018
78.50 1.6845675376176648 -3.88376480058
78.55 1.6883418562042736 -3.88340000330
78.60 1.6921403108416329 -3.88300950071
78.65 1.6959631686847902 -3.88259289977
78.70 1.6998107010233166 -3.88214980193
78.75 1.7036831833639368 -3.88167980300
78.80 1.7075808955151763 -3.88118249311
78.85 1.7115041216740989 -3.88065745656
78.90 1.7154531505151902 -3.88010427173
78.95 1.7194282752814485 -3.87952251099
79.00 1.7234297938777567 -3.87891174059
79.05 1.7274580089665905 -3.87827152050
79.10 1.7315132280661407 -3.87760140439
79.15 1.7355957636509258 -3.87690093946
79.20 1.7397059332549434 -3.87616966631
79.25 1.7438440595774944 -3.87540711889
79.30 1.7480104705916841 -3.87461282430
79.35 1.7522054996557488 -3.87378630275
79.40 1.7564294856272575 -3.87292706737
79.45 1.7606827729802852 -3.87203462410
79.50 1.7649657119256603 -3.87110847160
79.55 1.7692786585343654 -3.87014810105
79.60 1.7736219748641979 -3.86915299608
79.65 1.7779960290897987 -3.86812263258
79.70 1.7824011956361372 -3.86705647857
79.75 1.7868378553155890 -3.86595399407
79.80 1.7913063954686912 -3.86481463096
79.85 1.7958072101087128 -3.86363783276
79.90 1.8003407000701643 -3.86242303455
79.95 1.8049072731613405 -3.86116966275
80.00 1.8095073443210954 -3.85987713499
80.05 1.8141413357799034 -3.85854485992
80.10 1.8188096772254154 -3.85717223703
80.15 1.8235128059726211 -3.85575865646
80.20 1.8282511671387802 -3.85430349884
80.25 1.8330252138232914 -3.85280613508
80.30 1.8378354072926408 -3.85126592615
80.35 1.8426822171706256 -3.84968222292
80.40 1.8475661216340147 -3.84805436590
80.45 1.8524876076138348 -3.84638168505
80.50 1.8574471710024862 -3.84466349954
80.55 1.8624453168668675 -3.84289911753
80.60 1.8674825596677291 -3.84108783593
80.65 1.8725594234854832 -3.83922894013
80.70 1.8776764422526515 -3.83732170375
80.75 1.8828341599932619 -3.83536538840
80.80 1.8880331310693452 -3.83335924339
80.85 1.8932739204348596 -3.83130250542
80.90 1.8985571038972699 -3.82919439833
80.95 1.9038832683870603 -3.82703413278
81.00 1.9092530122354845 -3.82482090593
81.05 1.9146669454608252 -3.82255390113
81.10 1.9201256900634951 -3.82023228756
81.15 1.9256298803302931 -3.81785521993
81.20 1.9311801631481520 -3.81542183806
81.25 1.9367771983277440 -3.81293126657
81.30 1.9424216589372902 -3.81038261444
81.35 1.9481142316469726 -3.80777497467
81.40 1.9538556170843520 -3.80510742381
81.45 1.9596465302011721 -3.80237902158
81.50 1.9654877006520655 -3.79958881041
81.55 1.9713798731855150 -3.79673581495
81.60 1.9773238080476301 -3.79381904173
81.65 1.9833202813991822 -3.79083747836
81.70 1.9893700857464571 -3.78779009342
81.75 1.9954740303864316 -3.78467583566
81.80 2.0016329418668652 -3.78149363355
81.85 2.0078476644618948 -3.77824239468
81.90 2.0141190606637487 -3.77492100519
81.95 2.0204480116912382 -3.77152832914
82.00 2.0268354180156947 -3.76806320791
82.05 2.0332821999050843 -3.76452445950
82.10 2.0397892979870225 -3.76091087789
82.15 2.0463576738314897 -3.75722123230
82.20 2.0529883105540567 -3.75345426647
82.25 2.0596822134404817 -3.74960869787
82.30 2.0664404105935832 -3.74568321697
82.35 2.0732639536033268 -3.74167648635
82.40 2.0801539182411148 -3.73758713988
82.45 2.0871114051793418 -3.73341378181
82.50 2.0941375407372735 -3.72915498588
82.55 2.1012334776544206 -3.72480929432
82.60 2.1084003958926107 -3.72037521688
82.65 2.1156395034680107 -3.71585122978
82.70 2.1229520373144530 -3.71123577464
82.75 2.1303392641794385 -3.70652725735
82.80 2.1378024815543255 -3.70172404689
82.85 2.1453430186402151 -3.69682447414
82.90 2.1529622373511956 -3.69182683060
82.95 2.1606615333566506 -3.68672936708
83.00 2.1684423371644423 -3.68153029231
83.05 2.1763061152468834 -3.67622777154
83.10 2.1842543712115088 -3.67081992502
83.15 2.1922886470187501 -3.66530482647
83.20 2.2004105242487957 -3.65968050145
83.25 2.2086216254199424 -3.65394492568
83.30 2.2169236153609786 -3.64809602330
83.35 2.2253182026402079 -3.64213166499
83.40 2.2338071410539140 -3.63604966609
83.45 2.2423922311771953 -3.62984778459
83.50 2.2510753219802888 -3.62352371906
83.55 2.2598583125136917 -3.61707510645
83.60 2.2687431536655347 -3.61049951981
83.65 2.2777318499949293 -3.60379446594
83.70 2.2868264616451803 -3.59695738288
83.75 2.2960291063410230 -3.58998563733
83.80 2.3053419614742690 -3.58287652190
83.85 2.3147672662825332 -3.57562725231
83.90 2.3243073241259733 -3.56823496437
83.95 2.3339645048673359 -3.56069671090
84.00 2.3437412473608381 -3.55300945843
84.05 2.3536400620558657 -3.54517008381
84.10 2.3636635337217689 -3.53717537063
84.15 2.3738143243004877 -3.52902200543
84.20 2.3840951758941467 -3.52070657379
84.25 2.3945089138952178 -3.51222555621
84.30 2.4050584502674064 -3.50357532372
84.35 2.4157467869858533 -3.49475213336
84.40 2.4265770196459231 -3.48575212342
84.45 2.4375523412504077 -3.47657130835
84.50 2.4486760461856742 -3.46720557356
84.55 2.4599515343979936 -3.45765066976
84.60 2.4713823157820722 -3.44790220723
84.65 2.4829720147946408 -3.43795564957
84.70 2.4947243753068959 -3.42780630728
84.75 2.5066432657105051 -3.41744933091
