5 0.22474786951272291 0.5868133 0.5868133 0.5868133 0.
5.25 0.23032811073355966 0.5861504 0.5861504 0.5861504 0.
5.50 0.23578063841929153 0.5854912 0.5854912 0.5854912 0.
5.75 0.24111432303437602 0.5848254 0.5848254 0.5848254 0.
6.00 0.24633708657984518 0.5841428 0.5841428 0.5841428 0.
6.25 0.25145603955751983 0.5789478 0.5834333 0.5834333 0.
6.50 0.25647759350390792 0.5630509 0.5826861 0.5826861 0.
6.75 0.26140755421862366 0.5474444 0.581889 0.581889 0.
7.00 0.26625119958804888 0.5321005 0.5810245 0.5810245 0.
7.25 0.27101334500631991 0.5169951 0.5800347 0.5800347 0.
7.50 0.27569839872782342 0.5021073 0.5773879 0.5773879 0.
7.75 0.28031040898329512 0.4874191 0.5709084 0.5709084 0.
8.00 0.28485310431016619 0.4729149 0.5643084 0.5643084 0.
8.25 0.28932992825516618 0.4585811 0.5578008 0.5578008 0.
8.50 0.29374406938062309 0.4444062 0.551395 0.551395 0.
8.75 0.29809848732900202 0.4303801 0.5450877 0.5450877 0.
9.00 0.30239593556098865 0.4164943 0.5388733 0.5388733 0.
9.25 0.30663898127202549 0.4027416 0.5327458 0.5327458 0.
9.50 0.31083002290405076 0.3891156 0.5266993 0.5266993 0.
9.75 0.31497130559833353 0.3756112 0.5207274 0.5207274 0.
10.00 0.31906493487798943 0.3622239 0.5148238 0.5148238 0.
10.25 0.32311288880213562 0.3489503 0.5089804 0.5089804 0.
10.50 0.32711702879550453 0.3357873 0.5031859 0.5031859 0.
10.75 0.33107910932596624 0.3227325 0.4974185 0.4974185 0.
11.00 0.33500078657648524 0.3097842 0.4916136 0.4916136 0.
11.25 0.33888362623650670 0.296941 0.4853581 0.4853581 0.
11.50 0.34272911051981081 0.284202 0.4746386 0.4746386 0.
11.75 0.34653864450082428 0.2715668 0.4599728 0.4599728 0.
12.00 0.35031356184872481 0.2590351 0.4450255 0.4450255 0.
12.25 0.35405513002798283 0.2466074 0.4301317 0.4301317 0.
12.50 0.35776455502492738 0.2342841 0.4153438 0.4153438 0.
12.75 0.36144298565221100 0.2220663 0.4006773 0.4006773 0.
13.00 0.36509151747647400 0.2099553 0.3861389 0.3861389 0.
13.25 0.36871119640886968 0.1979528 0.3717319 0.3717319 0.
13.50 0.37230302199327187 0.1860611 0.3574588 0.3574588 0.
13.75 0.37586795042281695 0.174283 0.3433215 0.3433215 0.
14.00 0.37940689731182314 0.1626218 0.3293221 0.3293221 0.
14.25 0.38292074024700901 0.1510818 0.3154627 0.3154627 0.
14.50 0.38641032113921558 0.1396684 0.3017461 0.3017461 0.
14.75 0.38987644839447261 0.128388 0.2881759 0.2881759 0.
15.00 0.39331989892118169 0.1172492 0.2747566 0.2747566 0.
15.25 0.39674141998838264 0.1062626 0.2614941 0.2614941 0.
15.50 0.40014173094847860 0.0954421 0.2483963 0.2483963 0.
15.75 0.40352152483640419 0.084806 0.2354737 0.2354736 0.
16.00 0.40688146985598445 0.0743784 0.22274 0.22274 0.
16.25 0.41022221076315113 0.0641915 0.2102139 0.2102139 -0.0000333
16.50 0.41354437015471773 0.054289 0.1979201 0.1979201 -0.0002736
16.75 0.41684854967056112 0.0447294 0.1858917 0.1858917 -0.0007399
17.00 0.42013533111630319 0.0355917 0.1741729 0.1741729 -0.001624
17.25 0.42340527751290741 0.0269809 0.1628213 0.1628213 -0.0032528
17.50 0.42665893407900496 0.0190317 0.1519102 0.1519102 -0.0060508
17.75 0.42989682915123001 0.0119089 0.1415281 0.1415281 -0.0102516
18.00 0.43311947504735931 0.0057943 0.1317721 0.1317721 -0.0155829
18.25 0.43632736887662232 0.0008587 0.122735 0.1227328 -0.021461
18.50 0.43952099330116196 0.007088 0.1291101 0.1109395 -0.0252354
18.75 0.44270081725227745 0.0144055 0.1324725 0.1041934 -0.0285187
19.00 0.44586729660476643 0.0192381 0.1353227 0.0981257 -0.0318021
19.25 0.44902087481240505 0.0225593 0.1382656 0.0925528 -0.0349875
19.50 0.45216198350734593 0.0257282 0.1413471 0.0875775 -0.0379564
19.75 0.45529104306598517 0.02972 0.1443622 0.0832999 -0.0406048
20.00 0.45840846314364242 0.0347411 0.1470302 0.0797155 -0.0428769
20.25 0.46151464318020630 0.0404035 0.1491434 0.0767335 -0.0447619
20.50 0.46460997287872730 0.0461161 0.1505998 0.0742424 -0.0462695
20.75 0.46769483265878409 0.0513167 0.1513662 0.0721458 -0.0474144
21.00 0.47076959408630886 0.055533 0.1514388 0.0703678 -0.0482127
21.25 0.47383462028142359 0.0583714 0.1508193 0.0688477 -0.048682
21.50 0.47689026630572684 0.0594888 0.1495011 0.0675334 -0.0488416
21.75 0.47993687953036013 0.0585622 0.1474564 0.0663743 -0.0487113
22.00 0.48297479998608267 0.0552592 0.1446186 0.0653134 -0.0483099
22.25 0.48600436069649899 -0.0986353 0.0623287 0.0484547 -0.1110759
22.50 0.48902588799549546 -0.0921613 0.0618083 0.0489551 -0.1027961
22.75 0.49203970182987000 -0.0824667 0.0567935 0.0481636 -0.0912947
23.00 0.49504611604806875 -0.0775721 0.0516079 0.0516079 -0.0825516
23.25 0.49804543867587991 -0.0761157 0.0570256 0.0570256 -0.0811109
23.50 0.50103797217987622 -0.0746666 0.0620348 0.0620348 -0.0796229
23.75 0.50402401371934424 -0.0731886 0.0665858 0.0665858 -0.0780663
24.00 0.50700385538738835 -0.0716502 0.0706501 0.0706501 -0.0764231
24.25 0.50997778444185260 -0.0700238 0.0742178 0.0742178 -0.0746772
24.50 0.51294608352666027 -0.0682845 0.0772938 0.0772938 -0.0728138
24.75 0.51590903088413309 -0.0664102 0.0798951 0.0798951 -0.0708189
25.00 0.51886690055881535 -0.0643812 0.0820473 0.0820473 -0.0686801
25.25 0.52181996259329522 -0.0621811 0.0837822 0.0837822 -0.0663872
25.50 0.52476848321648584 -0.0597974 0.0851353 0.0851353 -0.0639331
25.75 0.52771272502479782 -0.0572232 0.0861441 0.0861441 -0.0613155
26.00 0.53065294715660993 -0.0544585 0.0868466 0.0868466 -0.0585379
26.25 0.53358940546042311 -0.0515117 0.0872793 0.0872793 -0.0556118
26.50 0.53652235265705239 0.0448113 0.1311368 0.1311368 0.
26.75 0.53945203849620049 0.0426787 0.1277988 0.1277988 0.
27.00 0.54237870990772830 0.040443 0.1246115 0.1246115 0.
27.25 0.54530261114792489 0.0381134 0.121622 0.121622 0.
27.50 0.54822398394106098 0.0357006 0.1188844 0.1188844 0.
27.75 0.55114306761649301 0.0332241 0.1164648 0.1164648 0.
28.00 0.55406009924157285 0.0307311 0.114445 0.114445 0.
28.25 0.55697531375060216 0.0283371 0.112923 0.112923 0.
28.50 0.55988894407005929 0.0262993 0.1119948 0.1119948 0.
28.75 0.56280122124031395 0.025089 0.1116959 0.1116959 0.
29.00 0.56571237453403433 0.0252971 0.1119073 0.1119073 0.
29.25 0.56862263157148163 0.0272355 0.1123581 0.1123581 0.
29.50 0.57153221843287527 0.0306623 0.1128175 0.1128175 0.
29.75 0.57444135976800692 0.0350543 0.1132229 0.1132229 0.
30.00 0.57735027890326807 0.0399646 0.1136133 0.1136133 0.
30.25 0.58025919794625369 0.0451138 0.1140398 0.1140398 0.
30.50 0.58316833788809341 0.050346 0.1145347 0.1145347 0.
30.75 0.58607791870365555 0.0555754 0.1151121 0.1151121 0.
31.00 0.58898815944976501 0.0607534 0.1157744 0.1157744 0.
31.25 0.59189927836156764 0.0621423 0.1165181 0.1165181 0.
31.50 0.59481149294717062 -0.0404131 0.0501553 0.0501553 -0.0473852
31.75 0.59772502008068074 -0.0432565 0.0476957 0.0476957 -0.050317
32.00 0.60064007609376124 -0.0461069 0.0452775 0.0452775 -0.053286
32.25 0.60355687686581816 -0.0489615 0.0429019 0.0429019 -0.0562813
32.50 0.60647563791293169 -0.0518162 0.0405699 0.0405699 -0.059293
32.75 0.60939657447563289 -0.0546666 0.0382826 0.0382826 -0.0623123
33.00 0.61231990160563299 -0.0575081 0.0360408 0.0360408 -0.0653314
33.25 0.61524583425160395 -0.0603362 0.0338452 0.0338452 -0.0683432
33.50 0.61817458734410646 -0.0631466 0.0316964 0.0316964 -0.0713416
33.75 0.62110637587975959 -0.0659353 0.029595 0.029595 -0.0743208
34.00 0.62404141500474464 -0.0686986 0.0275413 0.0275413 -0.0772758
34.25 0.62697992009773107 -0.0714329 0.0255356 0.0255356 -0.0802022
34.50 0.62992210685231265 -0.0741352 0.0235781 0.0235781 -0.0830959
34.75 0.63286819135903882 -0.0768023 0.021669 0.021669 -0.0859531
35.00 0.63581839018712483 -0.0794316 0.0198083 0.0198084 -0.0887706
35.25 0.63877292046592293 -0.0820206 0.0179962 0.0179962 -0.0915454
35.50 0.64173199996623487 -0.0845668 0.0162326 0.0162326 -0.0942746
35.75 0.64469584718154593 -0.0870681 0.0145174 0.0145174 -0.0969557
36.00 0.64766468140925815 -0.0824955 -0.0178881 -0.0504532 -0.0874568
36.25 0.65063872283200119 -0.0782549 -0.0205316 -0.0494519 -0.0839009
36.50 0.65361819259909770 -0.0749743 -0.0230077 -0.0486909 -0.0811552
36.75 0.65660331290825846 -0.0725512 -0.0253485 -0.0481719 -0.0790996
37.00 0.65959430708758449 -0.0708524 -0.0275655 -0.0478598 -0.0776162
37.25 0.66259139967795155 -0.0697501 -0.0296615 -0.0477156 -0.076598
37.50 0.66559481651585173 -0.0691336 -0.0316386 -0.0477049 -0.0759548
37.75 0.66860478481676788 -0.0689096 -0.0334991 -0.0477992 -0.0756127
38.00 0.67162153325915808 -0.0689992 -0.0352471 -0.047975 -0.0755122
38.25 0.67464529206912238 -0.0693354 -0.0368874 -0.0482132 -0.0756053
38.50 0.67767629310583211 -0.0698617 -0.0384253 -0.0484979 -0.0758529
38.75 0.68071476994779589 -0.0705304 -0.0398663 -0.0488164 -0.0762227
39.00 0.68376095798003989 -0.0713018 -0.0412158 -0.0491579 -0.0766882
39.25 0.68681509448228206 -0.0721435 -0.0424789 -0.0495139 -0.0772268
39.50 0.68987741871817743 -0.0730289 -0.0436601 -0.0498774 -0.0778196
39.75 0.69294817202571524 -0.0739369 -0.0447637 -0.0502426 -0.0784504
40.00 0.69602759790885060 -0.0748503 -0.0457935 -0.0506048 -0.0791056
40.25 0.69911594213045092 -0.0757556 -0.0467528 -0.0509605 -0.0797733
40.50 0.70221345280664171 -0.0766419 -0.0476445 -0.0513066 -0.0804435
40.75 0.70532038050263912 -0.0775005 -0.0484715 -0.0516407 -0.0811074
41.00 0.70843697833015451 -0.0783246 -0.0492359 -0.0519612 -0.0817576
41.25 0.71156350204645979 -0.0791089 -0.0499402 -0.0522665 -0.082388
41.50 0.71470021015520846 -0.0798491 -0.0505862 -0.0525556 -0.082993
41.75 0.71784736400909988 -0.0805419 -0.051176 -0.0528277 -0.0835683
42.00 0.72100522791448773 -0.081185 -0.0517112 -0.0530821 -0.0841101
42.25 0.72417406923802852 -0.0817767 -0.0521938 -0.0533184 -0.0846154
42.50 0.72735415851547003 -0.0823159 -0.0526255 -0.0535362 -0.0850817
42.75 0.73054576956268569 -0.082802 -0.0530082 -0.053735 -0.085507
43.00 0.73374917958905994 -0.0832348 -0.0533437 -0.0539145 -0.0858898
43.25 0.73696466931333482 -0.0836145 -0.053634 -0.0540743 -0.0862291
43.50 0.74019252308203054 -0.0839417 -0.0538811 -0.0542137 -0.086524
43.75 0.74343302899055930 -0.0842168 -0.054087 -0.0543322 -0.086774
44.00 0.74668647900714824 0.1454843 0.1681389 0.1681389 0.
44.25 0.74995316909970178 0.1458779 0.1683435 0.1683435 0.
44.50 0.75323339936572720 0.1461608 0.16849 0.16849 0.
44.75 0.75652747416546084 -0.1344366 0.0109429 0.0109429 -0.1344366
45.00 0.75983570225832975 -0.1344245 0.010976 0.010976 -0.1344245
45.25 0.76315839694289456 -0.1344366 0.0109429 0.0109429 -0.1344366
45.50 0.76649587620041937 -0.1344727 0.0108438 0.0108438 -0.1344727
45.75 0.76984846284222430 -0.1345329 0.0106787 0.0106787 -0.1345329
46.00 0.77321648466098036 -0.1346173 0.0104477 0.0104477 -0.1346173
46.25 0.77660027458611014 -0.1347258 0.010151 0.010151 -0.1347258
46.50 0.78000017084346973 -0.1348585 0.0097887 0.0097887 -0.1348585
46.75 0.78341651711948912 -0.1350155 0.0093612 0.0093612 -0.1350155
47.00 0.78684966272995749 -0.1351968 0.0088686 0.0088686 -0.1351968
47.25 0.79029996279364645 -0.1354026 0.0083114 0.0083114 -0.1354026
47.50 0.79376777841097601 -0.135633 0.0076898 0.0076898 -0.135633
47.75 0.79725347684792980 0.1398784 0.1651425 0.1651425 0.
48.00 0.80075743172543956 -0.1361676 0.0062554 0.0062554 -0.1361676
48.25 0.80428002321446923 0.1374737 0.163816 0.163816 0.
48.50 0.80782163823703412 0.1361579 0.1630813 0.1630813 0.
48.75 0.81138267067340353 0.1347716 0.1623009 0.1623009 0.
49.00 0.81496352157574936 0.1333187 0.1614767 0.1614767 0.
49.25 0.81856459938850701 -0.1379427 0.0015766 0.0015766 -0.1379427
49.50 0.82218632017573356 -0.1383742 0.0004581 0.0004581 -0.1383742
49.75 0.82582910785575958 0.1285968 0.158758 0.158758 0.
50.00 0.82949339444344139 0.1269131 0.1577758 0.1577758 0.
50.25 0.83317962030033754 0.1251799 0.1567586 0.1567586 0.
50.50 0.83688823439314863 0.1234003 0.1557085 0.1557085 0.
50.75 0.84061969456077290 0.1215773 0.1546273 0.1546273 0.
51.00 0.84437446779034697 0.1197137 0.1535168 0.1535168 0.
51.25 0.84815303050266300 0.1178123 0.1523791 0.1523791 0.
51.50 0.85195586884736429 0.115876 0.1512161 0.1512161 0.
51.75 0.85578347900834917 0.1139075 0.1500297 0.1500297 0.
52.00 0.85963636751982619 0.1119096 0.1488219 0.1488219 0.
52.25 0.86351505159349251 0.1098849 0.1475947 0.1475947 0.
52.50 0.86742005945732381 0.1078364 0.14635 0.14635 0.
52.75 0.87135193070649397 0.1057669 0.1450899 0.1450899 0.
53.00 0.87531121666696521 0.1036794 0.1438165 0.1438165 0.
53.25 0.87929848077231665 -0.1480998 -0.0230123 -0.0230122 -0.1480998
53.50 0.88331429895441260 -0.1489789 -0.0249837 -0.0249837 -0.1489789
53.75 0.88735926004853483 -0.1498889 -0.0270004 -0.0270005 -0.1498889
54.00 0.89143396621364279 0.095213 0.13863 0.13863 0.
54.25 0.89553903336845653 0.093085 0.137321 0.137321 0.
54.50 0.89967509164409376 0.0909604 0.1360114 0.1360114 0.
54.75 0.90384278585403033 0.0888437 0.1347037 0.1347037 0.
55.00 0.90804277598219907 0.0867397 0.1334002 0.1334002 0.
55.25 0.91227573769007742 0.0846539 0.1321035 0.1321035 0.
55.50 0.91654236284366797 0.0825921 0.1308161 0.1308161 0.
55.75 0.92084336006132139 0.0805608 0.129541 0.129541 0.
56.00 0.92517945528340284 0.0785669 0.1282809 0.1282809 0.
56.25 0.92955139236486140 0.0766183 0.127039 0.127039 0.
56.50 0.93395993369181618 0.0747237 0.1258186 0.1258186 0.
56.75 0.93840586082334254 0.0728926 0.1246234 0.1246234 0.
57.00 0.94288997515969897 0.0711357 0.1234572 0.1234572 0.
57.25 0.94741309863831702 0.0694651 0.1223242 0.1223242 0.
57.50 0.95197607445894206 0.067894 0.1212291 0.1212291 0.
57.75 0.95657976783940157 0.0664376 0.120177 0.120177 0.
58.00 0.96122506680355879 0.065113 0.1191735 0.1191735 0.
58.25 0.96591288300310196 0.0639398 0.1182247 0.1182247 0.
58.50 0.97064415257492132 0.0629407 0.1173372 0.1173372 0.
58.75 0.97541983703592194 0.0621423 0.1165181 0.1165181 0.
59.00 0.98024092421724396 0.0607534 0.1157744 0.1157744 0.
59.25 0.98510842923997155 0.0555755 0.1151121 0.1151121 0.
59.50 0.99002339553454166 0.050346 0.1145347 0.1145347 0.
59.75 0.99498689590620693 0.0451138 0.1140398 0.1140398 0.
60.00 1.0000000336490449 0.0399646 0.1136133 0.1136133 0.
60.25 1.0050639437111659 0.0350543 0.1132229 0.1132229 0.
60.50 1.0101797939139427 0.0306623 0.1128175 0.1128175 0.
60.75 1.0153487862282633 -0.0108247 0.0747488 0.0747488 -0.0246962
61.00 1.0205721581109972 -0.0043878 0.0787812 0.0787812 -0.0231791
61.25 1.0258511839050852 -0.0121033 0.0813294 0.0813294 -0.0256156
61.50 1.0311871763068714 -0.0187726 0.0826898 0.0826898 -0.0282541
61.75 1.0365814879045478 -0.0236492 0.0838317 0.0838317 -0.030924
62.00 1.0420355127918348 -0.0276991 0.0848234 0.0848234 -0.033729
62.25 1.0475506882612993 -0.0313812 0.0856678 0.0856678 -0.0366888
62.50 1.0531284965820111 -0.0349132 0.0863594 0.0863594 -0.0397824
62.75 1.0587704668665670 -0.038382 0.0868934 0.0868934 -0.0429673
63.00 1.0644781770328475
63.25 1.0702532558662603 0.0426787 0.1277988 0.1277988 0.
63.50 1.0760973851886237
63.75 1.0820123021402799 0.0468313 0.1345807 0.1345807 0.
64.00 1.0879998015825072 0.0487279 0.1380832 0.1380832 0.
64.25 1.0940617386278098 0.0504894 0.1415891 0.1415891 0.
64.50 1.1002000313062268 0.0521032 0.1450275 0.1450275 0.
64.75 1.1064166633763877 0.0535563 0.1483015 0.1483015 0.
65.00 1.1127136872907215
65.25 1.1190932273249123
65.50 1.1255574828824770 0.0568117 0.1555719 0.1555719 0.
65.75 1.1321087319861824 0.0574788 0.1564899 0.1564899 0.
66.00 1.1387493349689228 0.0579098 0.1564422 0.1564422 0.
66.25 1.1454817383776770 0.0580867 0.1554787 0.1554787 -0.0041012
66.50 1.1523084791052536
66.75 1.1592321887657087
67.00 1.1662555983306084
67.25 1.1733815430447392 -0.0210128 0.1005717 0.0483384 -0.0462934
67.50 1.1806129676413906 -0.0311116 0.0946864 0.0418987 -0.0494866
67.75 1.1879529318790409 -0.0389339 0.0917079 0.0361123 -0.0533737
68.00 1.1954046164231349 0.0552592 0.1446187 0.0653134 -0.0483099
68.25 1.2029713290986654 0.0585622 0.1474564 0.0663743 -0.0487113
68.50 1.2106565115415191 0.0594889 0.1495011 0.0675334 -0.0488416
68.75 1.2184637462790018 0.0583714 0.1508193 0.0688478 -0.048682
69.00 1.2263967642726714 0.055533 0.1514388 0.0703678 -0.0482127
69.25 1.2344594529595776 0.0513167 0.1513662 0.0721458 -0.0474144
69.50 1.2426558648313226 0.0461161 0.1505998 0.0742424 -0.0462695
69.75 1.2509902265939778 0.0404035 0.1491434 0.0767335 -0.0447619
70.00 1.2594669489559134 0.0347411 0.1470302 0.0797155 -0.0428768
70.25 1.2680906370950717 0.02972 0.1443622 0.0832999 -0.0406047
70.50 1.2768661018621295 0.0257282 0.1413472 0.0875775 -0.0379564
70.75 1.2857983717814927 0.0225593 0.1382656 0.0925529 -0.0349874
71.00 1.2948927059181552 0.0192381 0.1353228 0.0981257 -0.0318021
71.25 1.3041546076852373 0.0144055 0.1324725 0.1041934 -0.0285187
71.50 1.3135898396745678 0.007088 0.1291101 0.1109395 -0.0252354
71.75 1.3232044396011293 0.0008587 0.1227339 0.1227339 -0.021461
72.00 1.3330047374615932 0.0057943 0.1317721 0.1317721 -0.0155829
72.25 1.3429973740177321 0.0119089 0.1415281 0.1415281 -0.0102516
72.50 1.3531893207273342 0.0190317 0.1519102 0.1519102 -0.0060508
72.75 1.3635879012585173 0.0269809 0.1628213 0.1628213 -0.0032528
73.00 1.3742008147382716 0.0355917 0.1741729 0.1741729 -0.001624
73.25 1.3850361609029067 0.0447294 0.1858918 0.1858918 -0.0007399
73.50 1.3961024673370386 0.054289 0.1979201 0.1979201 -0.0002736
73.75 1.4074087190092159 0.0641915 0.2102139 0.2102139 -0.0000333
74.00 1.4189643903365978 0.0743784 0.22274 0.22274 0.
74.25 1.4307794800386300 0.084806 0.2354737 0.2354737 0.
74.50 1.4428645490710084 0.0954421 0.2483963 0.2483963 0.
74.75 1.4552307619668963 0.1062626 0.2614941 0.2614941 0.
75.00 1.4678899319530556 0.1172492 0.2747566 0.2747566 0.
75.25 1.4808545702551064 0.128388 0.2881759 0.2881759 0.
75.50 1.4941379400594756 0.1396684 0.3017462 0.3017462 0.
75.75 1.5077541156608558 0.1510818 0.3154627 0.3154627 0.
76.00 1.5217180473945009 0.1626218 0.3293221 0.3293221 0.
76.25 1.5360456330340897 0.174283 0.3433216 0.3433216 0.
76.50 1.5507537964299845 0.1860611 0.3574588 0.3574588 0.
76.75 1.5658605742718710 0.1979528 0.3717319 0.3717319 0.
77.00 1.5813852119866876 0.2099553 0.3861389 0.3861389 0.
77.25 1.5973482699307082 0.2220663 0.4006773 0.4006773 0.
77.50 1.6137717412076256 0.2342841 0.4153438 0.4153438 0.
77.75 1.6306791826473761 0.2466074 0.4301317 0.4301317 0.
78.00 1.6480958607190197 0.2590351 0.4450255 0.4450255 0.
78.25 1.6660489144325314 0.2715667 0.4599728 0.4599728 0.
78.50 1.6845675376176648 0.284202 0.4746386 0.4746386 0.
78.75 1.7036831833639368 0.2969409 0.4853581 0.4853581 0.
79.00 1.7234297938777567 0.3097841 0.4916135 0.4916135 0.
79.25 1.7438440595774944 0.3227325 0.4974185 0.4974185 0.
79.50 1.7649657119256603 0.3357872 0.5031859 0.5031859 0.
79.75 1.7868378553155890 0.3489502 0.5089804 0.5089804 0.
80.00 1.8095073443210954 0.3622239 0.5148238 0.5148238 0.
80.25 1.8330252138232914 0.3756111 0.5207274 0.5207274 0.
80.50 1.8574471710024862 0.3891155 0.5266993 0.5266993 0.
80.75 1.8828341599932619 0.4027415 0.5327458 0.5327458 0.
81.00 1.9092530122354845 0.4164943 0.5388733 0.5388733 0.
81.25 1.9367771983277440 0.4303801 0.5450877 0.5450877 0.
81.50 1.9654877006520655 0.4444061 0.551395 0.551395 0.
81.75 1.9954740303864316 0.458581 0.5578008 0.5578008 0.
82.00 2.0268354180156947 0.4729148 0.5643084 0.5643084 0.
82.25 2.0596822134404817 0.487419 0.5709083 0.5709083 0.
82.50 2.0941375407372735 0.5021072 0.5773879 0.5773879 0.
82.75 2.1303392641794385 0.516995 0.5800347 0.5800347 0.
83.00 2.1684423371644423 0.5321004 0.5810245 0.5810245 0.
83.25 2.2086216254199424 0.5474443 0.581889 0.581889 0.
83.50 2.2510753219802888 0.5630508 0.5826861 0.5826861 0.
83.75 2.2960291063410230 0.5789477 0.5834333 0.5834333 0.
84.00 2.3437412473608381 0.5841428 0.5841428 0.5841428 0.
84.25 2.3945089138952178 0.5848254 0.5848254 0.5848254 0.
84.50 2.4486760461856742 0.5854912 0.5854912 0.5854912 0.
84.75 2.5066432657105051 0.5861504 0.5861504 0.5861504 0.
