5 0.22474786951272291 -0.74281 -0.73563 -0.72609 -0.71792 -0.49880 0.12918 0.60342 0.64165 0.69308 0.73842
5.25 0.23032811073355966 -0.74080 -0.73231 -0.72085 -0.71085 -0.49845 0.12990 0.58605 0.62715 0.68277 0.73211
5.50 0.23578063841929153 -0.73905 -0.72920 -0.71573 -0.70375 -0.49802 0.13067 0.56937 0.61326 0.67304 0.72641
5.75 0.24111432303437602 -0.73754 -0.72631 -0.71073 -0.69661 -0.49751 0.13151 0.55333 0.59995 0.66383 0.72124
6.00 0.24633708657984518 -0.73625 -0.72361 -0.70584 -0.68944 -0.49692 0.13240 0.53790 0.58718 0.65511 0.71653
6.25 0.25145603955751983 -0.73516 -0.72110 -0.70106 -0.68225 -0.49623 0.13335 0.52303 0.57490 0.64682 0.71224
6.50 0.25647759350390792 -0.73426 -0.71876 -0.69640 -0.67505 -0.49543 0.13436 0.50870 0.56308 0.63892 0.70832
6.75 0.26140755421862366 -0.73353 -0.71658 -0.69185 -0.66783 -0.49453 0.13542 0.49487 0.55169 0.63138 0.70472
7.00 0.26625119958804888 -0.73295 -0.71456 -0.68741 -0.66062 -0.49351 0.13654 0.48152 0.54070 0.62416 0.70141
7.25 0.27101334500631991 -0.73252 -0.71269 -0.68309 -0.65341 -0.49237 0.13771 0.46862 0.53009 0.61724 0.69835
7.50 0.27569839872782342 -0.73223 -0.71096 -0.67888 -0.64621 -0.49110 0.13894 0.45615 0.51983 0.61060 0.69552
7.75 0.28031040898329512 -0.73206 -0.70936 -0.67479 -0.63904 -0.48969 0.14023 0.44408 0.50990 0.60420 0.69288
8.00 0.28485310431016619 -0.73201 -0.70788 -0.67081 -0.63190 -0.48814 0.14157 0.43239 0.50027 0.59803 0.69042
8.25 0.28932992825516618 -0.73206 -0.70653 -0.66695 -0.62480 -0.48644 0.14296 0.42106 0.49095 0.59207 0.68810
8.50 0.29374406938062309 -0.73222 -0.70529 -0.66320 -0.61774 -0.48459 0.14441 0.41007 0.48189 0.58630 0.68592
8.75 0.29809848732900202 -0.73246 -0.70415 -0.65957 -0.61075 -0.48257 0.14591 0.39940 0.47309 0.58071 0.68385
9.00 0.30239593556098865 -0.73280 -0.70312 -0.65604 -0.60382 -0.48038 0.14747 0.38903 0.46454 0.57529 0.68188
9.25 0.30663898127202549 -0.73321 -0.70218 -0.65263 -0.59697 -0.47802 0.14907 0.37895 0.45621 0.57001 0.67999
9.50 0.31083002290405076 -0.73370 -0.70134 -0.64934 -0.59022 -0.47548 0.15073 0.36914 0.44810 0.56488 0.67817
9.75 0.31497130559833353 -0.73427 -0.70058 -0.64615 -0.58356 -0.47274 0.15244 0.35959 0.44020 0.55987 0.67640
10.00 0.31906493487798943 -0.73490 -0.69990 -0.64307 -0.57702 -0.46982 0.15420 0.35028 0.43249 0.55498 0.67468
10.25 0.32311288880213562 -0.73560 -0.69931 -0.64010 -0.57060 -0.46669 0.15601 0.34120 0.42496 0.55021 0.67300
10.50 0.32711702879550453 -0.73637 -0.69879 -0.63724 -0.56431 -0.46336 0.15787 0.33233 0.41760 0.54553 0.67135
10.75 0.33107910932596624 -0.73719 -0.69834 -0.63448 -0.55816 -0.45982 0.15978 0.32367 0.41041 0.54095 0.66971
11.00 0.33500078657648524 -0.73807 -0.69797 -0.63182 -0.55216 -0.45608 0.16173 0.31521 0.40337 0.53646 0.66809
11.25 0.33888362623650670 -0.73900 -0.69766 -0.62926 -0.54632 -0.45212 0.16373 0.30693 0.39649 0.53205 0.66647
11.50 0.34272911051981081 -0.73999 -0.69741 -0.62680 -0.54064 -0.44795 0.16578 0.29882 0.38974 0.52771 0.66484
11.75 0.34653864450082428 -0.74104 -0.69722 -0.62443 -0.53513 -0.44358 0.16786 0.29087 0.38312 0.52344 0.66321
12.00 0.35031356184872481 -0.74213 -0.69710 -0.62215 -0.52978 -0.43901 0.16999 0.28309 0.37663 0.51924 0.66156
12.25 0.35405513002798283 -0.74328 -0.69703 -0.61996 -0.52460 -0.43425 0.17216 0.27546 0.37026 0.51510 0.65989
12.50 0.35776455502492738 -0.74447 -0.69701 -0.61786 -0.51958 -0.42930 0.17435 0.26797 0.36401 0.51102 0.65820
12.75 0.36144298565221100 -0.74572 -0.69705 -0.61584 -0.51472 -0.42419 0.17658 0.26063 0.35787 0.50698 0.65648
13.00 0.36509151747647400 -0.74701 -0.69715 -0.61390 -0.51001 -0.41891 0.17882 0.25343 0.35183 0.50300 0.65473
13.25 0.36871119640886968 -0.74836 -0.69729 -0.61204 -0.50545 -0.41349 0.18107 0.24638 0.34590 0.49906 0.65294
13.50 0.37230302199327187 -0.74975 -0.69748 -0.61025 -0.50102 -0.40794 0.18331 0.23948 0.34006 0.49516 0.65110
13.75 0.37586795042281695 -0.75120 -0.69772 -0.60854 -0.49672 -0.40227 0.18550 0.23276 0.33431 0.49130 0.64923
14.00 0.37940689731182314 -0.75269 -0.69801 -0.60689 -0.49254 -0.39651 0.18759 0.22627 0.32866 0.48748 0.64731
14.25 0.38292074024700901 -0.75424 -0.69834 -0.60531 -0.48847 -0.39066 0.18947 0.22012 0.32309 0.48368 0.64533
14.50 0.38641032113921558 -0.75583 -0.69872 -0.60380 -0.48450 -0.38474 0.19087 0.21455 0.31761 0.47992 0.64331
14.75 0.38987644839447261 -0.75748 -0.69915 -0.60234 -0.48062 -0.37877 0.19123 0.21013 0.31222 0.47619 0.64123
15.00 0.39331989892118169 -0.75918 -0.69963 -0.60095 -0.47683 -0.37276 0.18967 0.20773 0.30690 0.47248 0.63910
15.25 0.39674141998838264 -0.76094 -0.70016 -0.59961 -0.47312 -0.36672 0.18599 0.20754 0.30167 0.46879 0.63691
15.50 0.40014173094847860 -0.76275 -0.70073 -0.59834 -0.46947 -0.36068 0.18100 0.20874 0.29651 0.46512 0.63466
15.75 0.40352152483640419 -0.76463 -0.70136 -0.59712 -0.46589 -0.35464 0.17541 0.21061 0.29143 0.46147 0.63235
16.00 0.40688146985598445 -0.76656 -0.70204 -0.59596 -0.46238 -0.34863 0.16958 0.21280 0.28643 0.45784 0.62998
16.25 0.41022221076315113 -0.76856 -0.70278 -0.59486 -0.45891 -0.34266 0.16363 0.21516 0.28151 0.45421 0.62755
16.50 0.41354437015471773 -0.77064 -0.70358 -0.59381 -0.45550 -0.33676 0.15765 0.21760 0.27667 0.45060 0.62506
16.75 0.41684854967056112 -0.77279 -0.70446 -0.59283 -0.45213 -0.33095 0.15169 0.22009 0.27191 0.44698 0.62252
17.00 0.42013533111630319 -0.77502 -0.70541 -0.59192 -0.44880 -0.32526 0.14575 0.22261 0.26722 0.44336 0.61992
17.25 0.42340527751290741 -0.77735 -0.70645 -0.59109 -0.44551 -0.31973 0.13988 0.22513 0.26261 0.43974 0.61728
17.50 0.42665893407900496 -0.77977 -0.70758 -0.59034 -0.44227 -0.31442 0.13408 0.22764 0.25808 0.43611 0.61461
17.75 0.42989682915123001 -0.78231 -0.70883 -0.58969 -0.43907 -0.30937 0.12840 0.23015 0.25363 0.43245 0.61192
18.00 0.43311947504735931 -0.78497 -0.71019 -0.58914 -0.43591 -0.30466 0.12287 0.23264 0.24926 0.42878 0.60925
18.25 0.43632736887662232 -0.78775 -0.71167 -0.58871 -0.43280 -0.30034 0.11751 0.23512 0.24499 0.42509 0.60662
18.50 0.43952099330116196 -0.79014 -0.71563 -0.58785 -0.43712 -0.29326 0.11463 0.23255 0.23563 0.43247 0.60277
18.75 0.44270081725227745 -0.79291 -0.71814 -0.58778 -0.43858 -0.28943 0.11260 0.22654 0.23512 0.43439 0.60084
19.00 0.44586729660476643 -0.79560 -0.72024 -0.58781 -0.43915 -0.28612 0.11059 0.21998 0.23628 0.43516 0.59938
19.25 0.44902087481240505 -0.79818 -0.72206 -0.58784 -0.43919 -0.28315 0.10873 0.21352 0.23783 0.43545 0.59829
19.50 0.45216198350734593 -0.80063 -0.72365 -0.58780 -0.43877 -0.28054 0.10713 0.20709 0.23971 0.43544 0.59755
19.75 0.45529104306598517 -0.80298 -0.72502 -0.58764 -0.43788 -0.27832 0.10582 0.20067 0.24191 0.43515 0.59713
20.00 0.45840846314364242 -0.80523 -0.72620 -0.58731 -0.43653 -0.27648 0.10476 0.19426 0.24440 0.43460 0.59695
20.25 0.46151464318020630 -0.80740 -0.72718 -0.58681 -0.43472 -0.27498 0.10391 0.18789 0.24712 0.43379 0.59692
20.50 0.46460997287872730 -0.80951 -0.72800 -0.58611 -0.43249 -0.27377 0.10321 0.18155 0.25002 0.43275 0.59696
20.75 0.46769483265878409 -0.81157 -0.72864 -0.58522 -0.42987 -0.27280 0.10262 0.17525 0.25302 0.43150 0.59702
21.00 0.47076959408630886 -0.81357 -0.72911 -0.58414 -0.42687 -0.27204 0.10211 0.16897 0.25607 0.43007 0.59708
21.25 0.47383462028142359 -0.81552 -0.72942 -0.58287 -0.42352 -0.27146 0.10165 0.16275 0.25910 0.42850 0.59708
21.50 0.47689026630572684 -0.81742 -0.72957 -0.58140 -0.41980 -0.27104 0.10119 0.15662 0.26204 0.42682 0.59702
21.75 0.47993687953036013 -0.81926 -0.72953 -0.57973 -0.41572 -0.27075 0.10065 0.15063 0.26479 0.42504 0.59686
22.00 0.48297479998608267 -0.82105 -0.72930 -0.57782 -0.41124 -0.27057 0.09991 0.14489 0.26725 0.42320 0.59658
22.25 0.48600436069649899 -0.81013 -0.73021 -0.56906 -0.38790 -0.23268 0.08258 0.11346 0.24917 0.40777 0.60050
22.50 0.48902588799549546 -0.81148 -0.73004 -0.56780 -0.38262 -0.23522 0.08045 0.11303 0.25172 0.40746 0.60015
22.75 0.49203970182987000 -0.81155 -0.72937 -0.56527 -0.37356 -0.23776 0.07144 0.11923 0.25038 0.40565 0.60056
23.00 0.49504611604806875 -0.80748 -0.73071 -0.56284 -0.36006 -0.24143 0.05205 0.13880 0.24047 0.40201 0.60420
23.25 0.49804543867587991 -0.80899 -0.73129 -0.56246 -0.35820 -0.24559 0.05171 0.13941 0.24315 0.40493 0.60280
23.50 0.50103797217987622 -0.81050 -0.73185 -0.56212 -0.35646 -0.24971 0.05115 0.14040 0.24558 0.40822 0.60136
23.75 0.50402401371934424 -0.81200 -0.73240 -0.56180 -0.35483 -0.25378 0.05040 0.14170 0.24776 0.41186 0.59989
24.00 0.50700385538738835 -0.81350 -0.73293 -0.56150 -0.35331 -0.25781 0.04950 0.14328 0.24972 0.41586 0.59841
24.25 0.50997778444185260 -0.81498 -0.73344 -0.56123 -0.35191 -0.26179 0.04850 0.14507 0.25145 0.42020 0.59692
24.50 0.51294608352666027 -0.81645 -0.73393 -0.56097 -0.35065 -0.26573 0.04743 0.14706 0.25298 0.42487 0.59543
24.75 0.51590903088413309 -0.81790 -0.73440 -0.56073 -0.34951 -0.26962 0.04633 0.14921 0.25433 0.42986 0.59394
25.00 0.51886690055881535 -0.81934 -0.73484 -0.56051 -0.34852 -0.27345 0.04521 0.15149 0.25550 0.43514 0.59247
25.25 0.52181996259329522 -0.82077 -0.73526 -0.56031 -0.34769 -0.27723 0.04411 0.15389 0.25651 0.44070 0.59102
25.50 0.52476848321648584 -0.82218 -0.73565 -0.56012 -0.34702 -0.28094 0.04305 0.15638 0.25739 0.44651 0.58960
25.75 0.52771272502479782 -0.82358 -0.73600 -0.55994 -0.34653 -0.28458 0.04205 0.15895 0.25814 0.45257 0.58822
26.00 0.53065294715660993 -0.82497 -0.73633 -0.55978 -0.34623 -0.28814 0.04112 0.16160 0.25877 0.45885 0.58688
26.25 0.53358940546042311 -0.82635 -0.73661 -0.55961 -0.34614 -0.29159 0.04028 0.16431 0.25928 0.46532 0.58559
26.50 0.53652235265705239 -0.84598 -0.72371 -0.56233 -0.33911 -0.33569 0.06348 0.17880 0.26170 0.46105 0.58024
26.75 0.53945203849620049 -0.84692 -0.72452 -0.56214 -0.34145 -0.33499 0.06122 0.18060 0.26242 0.46786 0.57883
27.00 0.54237870990772830 -0.84781 -0.72533 -0.56199 -0.34385 -0.33425 0.05896 0.18239 0.26319 0.47480 0.57753
27.25 0.54530261114792489 -0.84862 -0.72615 -0.56188 -0.34618 -0.33365 0.05671 0.18415 0.26405 0.48183 0.57637
27.50 0.54822398394106098 -0.84934 -0.72701 -0.56181 -0.34837 -0.33325 0.05448 0.18585 0.26504 0.48892 0.57538
27.75 0.55114306761649301 -0.84993 -0.72791 -0.56179 -0.35039 -0.33312 0.05229 0.18748 0.26619 0.49604 0.57464
28.00 0.55406009924157285 -0.85037 -0.72890 -0.56183 -0.35219 -0.33333 0.05013 0.18905 0.26754 0.50312 0.57421
28.25 0.55697531375060216 -0.85060 -0.73000 -0.56191 -0.35374 -0.33399 0.04805 0.19058 0.26911 0.51012 0.57422
28.50 0.55988894407005929 -0.85057 -0.73123 -0.56203 -0.35497 -0.33521 0.04609 0.19214 0.27086 0.51697 0.57478
28.75 0.56280122124031395 -0.85026 -0.73259 -0.56218 -0.35590 -0.33705 0.04434 0.19380 0.27270 0.52359 0.57605
29.00 0.56571237453403433 -0.84978 -0.73401 -0.56233 -0.35667 -0.33943 0.04293 0.19567 0.27445 0.52987 0.57810
29.25 0.56862263157148163 -0.84930 -0.73535 -0.56244 -0.35759 -0.34201 0.04193 0.19775 0.27599 0.53562 0.58096
29.50 0.57153221843287527 -0.84899 -0.73652 -0.56251 -0.35897 -0.34441 0.04134 0.19996 0.27729 0.54059 0.58466
29.75 0.57444135976800692 -0.84892 -0.73747 -0.56255 -0.36093 -0.34641 0.04105 0.20220 0.27844 0.54460 0.58923
30.00 0.57735027890326807 -0.84906 -0.73825 -0.56257 -0.36337 -0.34803 0.04099 0.20440 0.27952 0.54765 0.59463
30.25 0.58025919794625369 -0.84936 -0.73890 -0.56258 -0.36614 -0.34938 0.04109 0.20651 0.28061 0.54985 0.60076
30.50 0.58316833788809341 -0.84979 -0.73944 -0.56257 -0.36909 -0.35058 0.04130 0.20851 0.28175 0.55137 0.60745
30.75 0.58607791870365555 -0.85031 -0.73992 -0.56257 -0.37211 -0.35170 0.04159 0.21038 0.28296 0.55237 0.61458
31.00 0.58898815944976501 -0.85089 -0.74034 -0.56256 -0.37516 -0.35279 0.04195 0.21210 0.28427 0.55299 0.62200
31.25 0.59189927836156764 -0.85151 -0.74072 -0.56255 -0.37819 -0.35387 0.04236 0.21367 0.28567 0.55334 0.62963
31.50 0.59481149294717062 -0.86267 -0.72994 -0.55058 -0.38812 -0.30401 0.01987 0.23199 0.24225 0.54565 0.62771
31.75 0.59772502008068074 -0.86342 -0.73006 -0.55040 -0.38993 -0.30334 0.01834 0.23133 0.24509 0.54465 0.63584
32.00 0.60064007609376124 -0.86412 -0.73017 -0.55020 -0.39169 -0.30267 0.01684 0.23061 0.24796 0.54365 0.64399
32.25 0.60355687686581816 -0.86479 -0.73026 -0.55001 -0.39340 -0.30200 0.01538 0.22987 0.25082 0.54265 0.65217
32.50 0.60647563791293169 -0.86544 -0.73035 -0.54981 -0.39507 -0.30134 0.01396 0.22912 0.25366 0.54167 0.66034
32.75 0.60939657447563289 -0.86605 -0.73042 -0.54961 -0.39670 -0.30069 0.01257 0.22837 0.25648 0.54071 0.66851
33.00 0.61231990160563299 -0.86663 -0.73048 -0.54941 -0.39828 -0.30004 0.01123 0.22762 0.25928 0.53976 0.67665
33.25 0.61524583425160395 -0.86719 -0.73053 -0.54921 -0.39982 -0.29940 0.00992 0.22688 0.26204 0.53884 0.68477
33.50 0.61817458734410646 -0.86772 -0.73056 -0.54900 -0.40132 -0.29876 0.00865 0.22615 0.26477 0.53793 0.69286
33.75 0.62110637587975959 -0.86823 -0.73059 -0.54880 -0.40278 -0.29814 0.00742 0.22542 0.26747 0.53704 0.70090
34.00 0.62404141500474464 -0.86872 -0.73060 -0.54860 -0.40420 -0.29752 0.00623 0.22470 0.27014 0.53618 0.70889
34.25 0.62697992009773107 -0.86918 -0.73060 -0.54839 -0.40557 -0.29692 0.00508 0.22399 0.27277 0.53534 0.71683
34.50 0.62992210685231265 -0.86963 -0.73059 -0.54819 -0.40691 -0.29632 0.00397 0.22329 0.27537 0.53452 0.72470
34.75 0.63286819135903882 -0.87005 -0.73058 -0.54799 -0.40821 -0.29573 0.00289 0.22260 0.27793 0.53372 0.73250
35.00 0.63581839018712483 -0.87045 -0.73055 -0.54779 -0.40947 -0.29515 0.00185 0.22192 0.28044 0.53294 0.74022
35.25 0.63877292046592293 -0.87084 -0.73051 -0.54760 -0.41069 -0.29458 0.00085 0.22126 0.28292 0.53219 0.74786
35.50 0.64173199996623487 -0.87120 -0.73047 -0.54740 -0.41187 -0.29403 -0.00012 0.22060 0.28536 0.53146 0.75541
35.75 0.64469584718154593 -0.87155 -0.73042 -0.54721 -0.41302 -0.29348 -0.00104 0.21996 0.28775 0.53074 0.76287
36.00 0.64766468140925815 -0.86638 -0.74144 -0.54045 -0.43954 -0.26899 -0.04166 0.20334 0.31255 0.51960 0.76786
36.25 0.65063872283200119 -0.86748 -0.74185 -0.53904 -0.43953 -0.26989 -0.04121 0.20266 0.31411 0.51875 0.77504
36.50 0.65361819259909770 -0.86837 -0.74204 -0.53803 -0.43946 -0.27068 -0.04085 0.20205 0.31581 0.51802 0.78214
36.75 0.65660331290825846 -0.86911 -0.74205 -0.53731 -0.43938 -0.27133 -0.04059 0.20149 0.31754 0.51740 0.78913
37.00 0.65959430708758449 -0.86973 -0.74195 -0.53682 -0.43929 -0.27183 -0.04041 0.20096 0.31927 0.51688 0.79599
37.25 0.66259139967795155 -0.87026 -0.74177 -0.53649 -0.43920 -0.27220 -0.04028 0.20046 0.32096 0.51643 0.80270
37.50 0.66559481651585173 -0.87073 -0.74154 -0.53628 -0.43912 -0.27247 -0.04020 0.20000 0.32260 0.51606 0.80925
37.75 0.66860478481676788 -0.87113 -0.74127 -0.53616 -0.43906 -0.27265 -0.04014 0.19956 0.32419 0.51575 0.81565
38.00 0.67162153325915808 -0.87149 -0.74098 -0.53611 -0.43901 -0.27275 -0.04012 0.19914 0.32572 0.51549 0.82189
38.25 0.67464529206912238 -0.87182 -0.74068 -0.53612 -0.43897 -0.27279 -0.04011 0.19875 0.32719 0.51528 0.82797
38.50 0.67767629310583211 -0.87211 -0.74037 -0.53616 -0.43895 -0.27278 -0.04011 0.19837 0.32860 0.51511 0.83388
38.75 0.68071476994779589 -0.87237 -0.74006 -0.53623 -0.43895 -0.27272 -0.04011 0.19800 0.32995 0.51497 0.83961
39.00 0.68376095798003989 -0.87262 -0.73975 -0.53633 -0.43897 -0.27263 -0.04012 0.19765 0.33124 0.51486 0.84517
39.25 0.68681509448228206 -0.87284 -0.73945 -0.53644 -0.43899 -0.27251 -0.04013 0.19732 0.33246 0.51478 0.85055
39.50 0.68987741871817743 -0.87305 -0.73915 -0.53656 -0.43903 -0.27237 -0.04013 0.19699 0.33363 0.51473 0.85575
39.75 0.69294817202571524 -0.87324 -0.73885 -0.53670 -0.43908 -0.27221 -0.04013 0.19668 0.33474 0.51470 0.86076
40.00 0.69602759790885060 -0.87341 -0.73857 -0.53684 -0.43914 -0.27204 -0.04013 0.19637 0.33578 0.51469 0.86557
40.25 0.69911594213045092 -0.87358 -0.73829 -0.53698 -0.43921 -0.27185 -0.04011 0.19608 0.33677 0.51470 0.87018
40.50 0.70221345280664171 -0.87374 -0.73803 -0.53713 -0.43928 -0.27166 -0.04009 0.19579 0.33769 0.51472 0.87458
40.75 0.70532038050263912 -0.87389 -0.73777 -0.53729 -0.43935 -0.27146 -0.04006 0.19551 0.33856 0.51476 0.87878
41.00 0.70843697833015451 -0.87403 -0.73753 -0.53745 -0.43943 -0.27126 -0.04002 0.19524 0.33936 0.51482 0.88276
41.25 0.71156350204645979 -0.87417 -0.73729 -0.53761 -0.43950 -0.27105 -0.03997 0.19498 0.34011 0.51489 0.88653
41.50 0.71470021015520846 -0.87430 -0.73707 -0.53777 -0.43958 -0.27085 -0.03992 0.19473 0.34079 0.51497 0.89008
41.75 0.71784736400909988 -0.87442 -0.73686 -0.53793 -0.43965 -0.27064 -0.03985 0.19448 0.34141 0.51506 0.89339
42.00 0.72100522791448773 -0.87454 -0.73667 -0.53809 -0.43972 -0.27044 -0.03978 0.19423 0.34197 0.51516 0.89648
42.25 0.72417406923802852 -0.87466 -0.73649 -0.53826 -0.43978 -0.27024 -0.03970 0.19400 0.34247 0.51528 0.89934
42.50 0.72735415851547003 -0.87477 -0.73631 -0.53843 -0.43983 -0.27004 -0.03961 0.19376 0.34290 0.51540 0.90196
42.75 0.73054576956268569 -0.87488 -0.73616 -0.53859 -0.43988 -0.26985 -0.03952 0.19354 0.34327 0.51554 0.90434
43.00 0.73374917958905994 -0.87498 -0.73601 -0.53876 -0.43991 -0.26966 -0.03941 0.19331 0.34358 0.51568 0.90647
43.25 0.73696466931333482 -0.87509 -0.73588 -0.53893 -0.43994 -0.26948 -0.03930 0.19310 0.34382 0.51584 0.90836
43.50 0.74019252308203054 -0.87519 -0.73575 -0.53909 -0.43995 -0.26930 -0.03919 0.19288 0.34399 0.51601 0.91000
43.75 0.74343302899055930 -0.87529 -0.73564 -0.53926 -0.43996 -0.26913 -0.03907 0.19267 0.34410 0.51619 0.91139
44.00 0.74668647900714824 -0.87358 -0.74990 -0.55773 -0.45630 -0.39039 0.07145 0.19868 0.37730 0.52733 0.91499
44.25 0.74995316909970178 -0.87363 -0.74992 -0.55771 -0.45646 -0.39049 0.07158 0.19852 0.37764 0.52719 0.91585
44.50 0.75323339936572720 -0.87367 -0.74994 -0.55769 -0.45658 -0.39056 0.07166 0.19840 0.37788 0.52708 0.91646
44.75 0.75652747416546084
45.00 0.75983570225832975
45.25 0.76315839694289456
45.50 0.76649587620041937
45.75 0.76984846284222430
46.00 0.77321648466098036
46.25 0.77660027458611014
46.50 0.78000017084346973
46.75 0.78341651711948912
47.00 0.78684966272995749
47.25 0.79029996279364645
47.50 0.79376777841097601
47.75 0.79725347684792980 -0.87275 -0.74955 -0.55813 -0.45383 -0.38888 0.06964 0.20097 0.37232 0.52938 0.90230
48.00 0.80075743172543956
48.25 0.80428002321446923 -0.87237 -0.74939 -0.55831 -0.45270 -0.38819 0.06884 0.20197 0.37010 0.53027 0.89658
48.50 0.80782163823703412 -0.87215 -0.74930 -0.55840 -0.45206 -0.38781 0.06840 0.20253 0.36887 0.53076 0.89338
48.75 0.81138267067340353 -0.87192 -0.74921 -0.55850 -0.45137 -0.38740 0.06793 0.20311 0.36756 0.53127 0.88997
49.00 0.81496352157574936 -0.87168 -0.74911 -0.55861 -0.45064 -0.38696 0.06744 0.20372 0.36617 0.53181 0.88634
49.25 0.81856459938850701
49.50 0.82218632017573356
49.75 0.82582910785575958 -0.87085 -0.74877 -0.55896 -0.44812 -0.38549 0.06584 0.20571 0.36156 0.53355 0.87420
50.00 0.82949339444344139 -0.87055 -0.74864 -0.55909 -0.44719 -0.38495 0.06526 0.20642 0.35989 0.53417 0.86975
50.25 0.83317962030033754 -0.87023 -0.74851 -0.55922 -0.44620 -0.38438 0.06466 0.20714 0.35815 0.53480 0.86511
50.50 0.83688823439314863 -0.86989 -0.74837 -0.55935 -0.44516 -0.38379 0.06405 0.20788 0.35635 0.53545 0.86028
50.75 0.84061969456077290 -0.86954 -0.74822 -0.55949 -0.44407 -0.38317 0.06342 0.20864 0.35449 0.53611 0.85527
51.00 0.84437446779034697 -0.86917 -0.74807 -0.55962 -0.44292 -0.38253 0.06278 0.20940 0.35257 0.53678 0.85007
51.25 0.84815303050266300 -0.86879 -0.74792 -0.55976 -0.44172 -0.38187 0.06213 0.21017 0.35060 0.53746 0.84470
51.50 0.85195586884736429 -0.86839 -0.74775 -0.55990 -0.44047 -0.38118 0.06146 0.21094 0.34857 0.53815 0.83916
51.75 0.85578347900834917 -0.86798 -0.74759 -0.56004 -0.43917 -0.38047 0.06078 0.21172 0.34650 0.53884 0.83345
52.00 0.85963636751982619 -0.86756 -0.74741 -0.56018 -0.43781 -0.37974 0.06009 0.21249 0.34438 0.53954 0.82758
52.25 0.86351505159349251 -0.86711 -0.74723 -0.56032 -0.43639 -0.37898 0.05940 0.21325 0.34221 0.54024 0.82156
52.50 0.86742005945732381 -0.86666 -0.74705 -0.56047 -0.43492 -0.37821 0.05869 0.21401 0.34001 0.54094 0.81539
52.75 0.87135193070649397 -0.86619 -0.74686 -0.56060 -0.43339 -0.37741 0.05798 0.21475 0.33777 0.54164 0.80908
53.00 0.87531121666696521 -0.86571 -0.74666 -0.56074 -0.43181 -0.37660 0.05727 0.21548 0.33549 0.54234 0.80263
53.25 0.87929848077231665
53.50 0.88331429895441260
53.75 0.88735926004853483
54.00 0.89143396621364279 -0.86363 -0.74583 -0.56127 -0.42488 -0.37314 0.05439 0.21812 0.32612 0.54509 0.77553
54.25 0.89553903336845653 -0.86308 -0.74561 -0.56139 -0.42300 -0.37223 0.05367 0.21868 0.32374 0.54576 0.76846
54.50 0.89967509164409376 -0.86251 -0.74539 -0.56150 -0.42105 -0.37130 0.05295 0.21921 0.32134 0.54642 0.76129
54.75 0.90384278585403033 -0.86193 -0.74516 -0.56162 -0.41905 -0.37036 0.05224 0.21967 0.31894 0.54707 0.75401
55.00 0.90804277598219907 -0.86134 -0.74492 -0.56172 -0.41698 -0.36940 0.05153 0.22008 0.31654 0.54771 0.74664
55.25 0.91227573769007742 -0.86074 -0.74468 -0.56182 -0.41484 -0.36843 0.05082 0.22042 0.31415 0.54833 0.73918
55.50 0.91654236284366797 -0.86012 -0.74444 -0.56192 -0.41264 -0.36744 0.05013 0.22069 0.31177 0.54893 0.73164
55.75 0.92084336006132139 -0.85950 -0.74419 -0.56201 -0.41038 -0.36645 0.04944 0.22087 0.30942 0.54952 0.72402
56.00 0.92517945528340284 -0.85886 -0.74394 -0.56209 -0.40805 -0.36544 0.04876 0.22096 0.30709 0.55008 0.71632
56.25 0.92955139236486140 -0.85821 -0.74369 -0.56216 -0.40566 -0.36441 0.04809 0.22096 0.30480 0.55062 0.70857
56.50 0.93395993369181618 -0.85756 -0.74343 -0.56223 -0.40320 -0.36338 0.04743 0.22084 0.30256 0.55114 0.70075
56.75 0.93840586082334254 -0.85689 -0.74316 -0.56229 -0.40067 -0.36234 0.04678 0.22061 0.30036 0.55162 0.69289
57.00 0.94288997515969897 -0.85622 -0.74289 -0.56234 -0.39808 -0.36130 0.04615 0.22025 0.29823 0.55207 0.68498
57.25 0.94741309863831702 -0.85554 -0.74261 -0.56239 -0.39542 -0.36024 0.04554 0.21976 0.29617 0.55247 0.67705
57.50 0.95197607445894206 -0.85486 -0.74232 -0.56243 -0.39269 -0.35918 0.04495 0.21913 0.29419 0.55283 0.66909
57.75 0.95657976783940157 -0.85418 -0.74203 -0.56246 -0.38991 -0.35812 0.04437 0.21835 0.29229 0.55312 0.66113
58.00 0.96122506680355879 -0.85349 -0.74173 -0.56249 -0.38706 -0.35706 0.04383 0.21742 0.29049 0.55334 0.65318
58.25 0.96591288300310196 -0.85282 -0.74141 -0.56252 -0.38415 -0.35600 0.04330 0.21633 0.28878 0.55347 0.64526
58.50 0.97064415257492132 -0.85215 -0.74108 -0.56254 -0.38120 -0.35493 0.04281 0.21508 0.28717 0.55348 0.63740
58.75 0.97541983703592194 -0.85151 -0.74072 -0.56255 -0.37819 -0.35387 0.04236 0.21367 0.28567 0.55334 0.62963
59.00 0.98024092421724396 -0.85089 -0.74034 -0.56256 -0.37516 -0.35279 0.04195 0.21210 0.28427 0.55299 0.62200
59.25 0.98510842923997155 -0.85031 -0.73992 -0.56257 -0.37211 -0.35170 0.04159 0.21038 0.28296 0.55237 0.61458
59.50 0.99002339553454166 -0.84979 -0.73944 -0.56257 -0.36909 -0.35058 0.04130 0.20851 0.28175 0.55137 0.60745
59.75 0.99498689590620693 -0.84936 -0.73890 -0.56258 -0.36614 -0.34938 0.04109 0.20651 0.28061 0.54985 0.60075
60.00 1.0000000336490449 -0.84906 -0.73825 -0.56257 -0.36337 -0.34803 0.04099 0.20440 0.27952 0.54765 0.59463
60.25 1.0050639437111659 -0.84892 -0.73747 -0.56255 -0.36093 -0.34641 0.04105 0.20220 0.27844 0.54460 0.58923
60.50 1.0101797939139427 -0.84899 -0.73652 -0.56251 -0.35897 -0.34441 0.04134 0.19996 0.27729 0.54059 0.58466
60.75 1.0153487862282633 -0.85266 -0.72924 -0.55274 -0.36920 -0.31026 0.03509 0.20937 0.24421 0.54316 0.57096
61.00 1.0205721581109972 -0.84907 -0.73070 -0.55410 -0.36568 -0.31153 0.03677 0.20236 0.24939 0.53736 0.57366
61.25 1.0258511839050852 -0.84388 -0.73370 -0.55599 -0.36099 -0.31228 0.03672 0.19545 0.25498 0.53203 0.57693
61.50 1.0311871763068714 -0.84090 -0.73515 -0.55687 -0.35773 -0.31195 0.03667 0.19138 0.25711 0.52642 0.57759
61.75 1.0365814879045478 -0.83860 -0.73604 -0.55747 -0.35506 -0.31113 0.03673 0.18792 0.25839 0.52021 0.57810
62.00 1.0420355127918348 -0.83667 -0.73661 -0.55794 -0.35280 -0.30987 0.03688 0.18469 0.25924 0.51358 0.57870
62.25 1.0475506882612993 -0.83496 -0.73696 -0.55831 -0.35092 -0.30819 0.03711 0.18160 0.25978 0.50670 0.57941
62.50 1.0531284965820111 -0.83339 -0.73715 -0.55862 -0.34938 -0.30613 0.03742 0.17859 0.26009 0.49971 0.58022
62.75 1.0587704668665670 -0.83191 -0.73720 -0.55887 -0.34816 -0.30372 0.03781 0.17564 0.26021 0.49268 0.58113
63.00 1.0644781770328475
63.25 1.0702532558662603 -0.84692 -0.72452 -0.56214 -0.34145 -0.33499 0.06122 0.18060 0.26242 0.46786 0.57883
63.50 1.0760973851886237
63.75 1.0820123021402799 -0.84500 -0.72290 -0.56255 -0.33795 -0.33525 0.06574 0.17699 0.26098 0.45438 0.58175
64.00 1.0879998015825072 -0.84398 -0.72209 -0.56280 -0.33870 -0.33292 0.06797 0.17520 0.26024 0.44790 0.58332
64.25 1.0940617386278098 -0.84292 -0.72125 -0.56307 -0.33988 -0.33017 0.07018 0.17347 0.25943 0.44162 0.58495
64.50 1.1002000313062268 -0.84184 -0.72040 -0.56337 -0.34120 -0.32728 0.07233 0.17179 0.25853 0.43558 0.58664
64.75 1.1064166633763877 -0.84074 -0.71952 -0.56369 -0.34263 -0.32429 0.07442 0.17020 0.25750 0.42979 0.58837
65.00 1.1127136872907215
65.25 1.1190932273249123
65.50 1.1255574828824770 -0.83731 -0.71674 -0.56475 -0.34733 -0.31488 0.08011 0.16616 0.25341 0.41420 0.59378
65.75 1.1321087319861824 -0.83614 -0.71576 -0.56514 -0.34902 -0.31161 0.08173 0.16513 0.25163 0.40968 0.59564
66.00 1.1387493349689228 -0.83495 -0.71476 -0.56554 -0.35076 -0.30826 0.08317 0.16430 0.24960 0.40552 0.59752
66.25 1.1454817383776770 -0.83376 -0.71372 -0.56595 -0.35254 -0.30485 0.08439 0.16369 0.24732 0.40175 0.59941
66.50 1.1523084791052536
66.75 1.1592321887657087
67.00 1.1662555983306084
67.25 1.1733815430447392 -0.82757 -0.72315 -0.55931 -0.37582 -0.26712 0.07665 0.13547 0.26182 0.40480 0.59252
67.50 1.1806129676413906 -0.82756 -0.72314 -0.55764 -0.37338 -0.26484 0.07285 0.13824 0.26037 0.39989 0.59238
67.75 1.1879529318790409 -0.82749 -0.72350 -0.55683 -0.37229 -0.26255 0.07018 0.14041 0.26057 0.39610 0.59245
68.00 1.1954046164231349 -0.82105 -0.72930 -0.57782 -0.41124 -0.27057 0.09991 0.14489 0.26725 0.42320 0.59658
68.25 1.2029713290986654 -0.81926 -0.72953 -0.57973 -0.41572 -0.27075 0.10065 0.15063 0.26479 0.42504 0.59686
68.50 1.2106565115415191 -0.81742 -0.72957 -0.58140 -0.41980 -0.27104 0.10119 0.15662 0.26204 0.42682 0.59702
68.75 1.2184637462790018 -0.81552 -0.72942 -0.58287 -0.42352 -0.27146 0.10165 0.16275 0.25910 0.42850 0.59708
69.00 1.2263967642726714 -0.81357 -0.72911 -0.58414 -0.42687 -0.27204 0.10211 0.16897 0.25607 0.43007 0.59708
69.25 1.2344594529595776 -0.81157 -0.72864 -0.58522 -0.42987 -0.27280 0.10262 0.17525 0.25302 0.43150 0.59702
69.50 1.2426558648313226 -0.80951 -0.72800 -0.58611 -0.43249 -0.27377 0.10321 0.18155 0.25002 0.43275 0.59696
69.75 1.2509902265939778 -0.80740 -0.72718 -0.58681 -0.43472 -0.27498 0.10391 0.18789 0.24712 0.43379 0.59692
70.00 1.2594669489559134 -0.80523 -0.72620 -0.58731 -0.43653 -0.27648 0.10476 0.19426 0.24440 0.43460 0.59695
70.25 1.2680906370950717 -0.80298 -0.72502 -0.58764 -0.43788 -0.27832 0.10582 0.20067 0.24191 0.43515 0.59713
70.50 1.2768661018621295 -0.80063 -0.72365 -0.58780 -0.43877 -0.28054 0.10713 0.20709 0.23971 0.43544 0.59755
70.75 1.2857983717814927 -0.79818 -0.72206 -0.58784 -0.43919 -0.28315 0.10873 0.21352 0.23783 0.43545 0.59829
71.00 1.2948927059181552 -0.79560 -0.72024 -0.58781 -0.43915 -0.28612 0.11059 0.21998 0.23628 0.43516 0.59938
71.25 1.3041546076852373 -0.79291 -0.71814 -0.58778 -0.43858 -0.28943 0.11260 0.22654 0.23512 0.43439 0.60084
71.50 1.3135898396745678 -0.79014 -0.71563 -0.58785 -0.43712 -0.29326 0.11463 0.23255 0.23563 0.43247 0.60277
71.75 1.3232044396011293 -0.78775 -0.71167 -0.58871 -0.43280 -0.30034 0.11751 0.23512 0.24499 0.42509 0.60662
72.00 1.3330047374615932 -0.78497 -0.71019 -0.58914 -0.43591 -0.30466 0.12287 0.23264 0.24926 0.42878 0.60925
72.25 1.3429973740177321 -0.78231 -0.70883 -0.58969 -0.43907 -0.30937 0.12840 0.23015 0.25363 0.43245 0.61192
72.50 1.3531893207273342 -0.77977 -0.70758 -0.59034 -0.44227 -0.31442 0.13408 0.22764 0.25808 0.43611 0.61461
72.75 1.3635879012585173 -0.77735 -0.70645 -0.59109 -0.44551 -0.31973 0.13988 0.22513 0.26261 0.43974 0.61728
73.00 1.3742008147382716 -0.77502 -0.70541 -0.59192 -0.44880 -0.32526 0.14575 0.22261 0.26722 0.44336 0.61992
73.25 1.3850361609029067 -0.77279 -0.70446 -0.59283 -0.45213 -0.33095 0.15169 0.22009 0.27191 0.44698 0.62252
73.50 1.3961024673370386 -0.77064 -0.70358 -0.59381 -0.45550 -0.33676 0.15765 0.21760 0.27667 0.45060 0.62506
73.75 1.4074087190092159 -0.76856 -0.70278 -0.59486 -0.45891 -0.34266 0.16363 0.21516 0.28151 0.45421 0.62755
74.00 1.4189643903365978 -0.76656 -0.70204 -0.59596 -0.46238 -0.34863 0.16958 0.21280 0.28643 0.45784 0.62998
74.25 1.4307794800386300 -0.76463 -0.70136 -0.59712 -0.46589 -0.35464 0.17541 0.21061 0.29143 0.46147 0.63235
74.50 1.4428645490710084 -0.76275 -0.70073 -0.59834 -0.46947 -0.36068 0.18100 0.20874 0.29651 0.46512 0.63466
74.75 1.4552307619668963 -0.76094 -0.70016 -0.59961 -0.47312 -0.36672 0.18599 0.20754 0.30167 0.46879 0.63691
75.00 1.4678899319530556 -0.75918 -0.69963 -0.60095 -0.47683 -0.37276 0.18967 0.20773 0.30690 0.47248 0.63910
75.25 1.4808545702551064 -0.75748 -0.69915 -0.60234 -0.48062 -0.37877 0.19123 0.21013 0.31222 0.47619 0.64123
75.50 1.4941379400594756 -0.75583 -0.69872 -0.60380 -0.48450 -0.38474 0.19087 0.21455 0.31761 0.47992 0.64331
75.75 1.5077541156608558 -0.75424 -0.69834 -0.60531 -0.48847 -0.39066 0.18947 0.22012 0.32309 0.48368 0.64533
76.00 1.5217180473945009 -0.75269 -0.69801 -0.60689 -0.49254 -0.39651 0.18759 0.22627 0.32866 0.48748 0.64731
76.25 1.5360456330340897 -0.75120 -0.69772 -0.60854 -0.49672 -0.40227 0.18550 0.23276 0.33431 0.49130 0.64923
76.50 1.5507537964299845 -0.74975 -0.69748 -0.61025 -0.50102 -0.40794 0.18331 0.23948 0.34006 0.49516 0.65110
76.75 1.5658605742718710 -0.74836 -0.69729 -0.61204 -0.50545 -0.41349 0.18107 0.24638 0.34590 0.49906 0.65294
77.00 1.5813852119866876 -0.74701 -0.69715 -0.61390 -0.51001 -0.41891 0.17882 0.25343 0.35183 0.50300 0.65473
77.25 1.5973482699307082 -0.74572 -0.69705 -0.61584 -0.51472 -0.42419 0.17658 0.26063 0.35787 0.50698 0.65648
77.50 1.6137717412076256 -0.74447 -0.69701 -0.61786 -0.51958 -0.42930 0.17435 0.26797 0.36401 0.51102 0.65820
77.75 1.6306791826473761 -0.74328 -0.69703 -0.61996 -0.52460 -0.43425 0.17216 0.27546 0.37026 0.51510 0.65989
78.00 1.6480958607190197 -0.74213 -0.69710 -0.62215 -0.52978 -0.43901 0.16999 0.28309 0.37663 0.51924 0.66156
78.25 1.6660489144325314 -0.74104 -0.69722 -0.62443 -0.53513 -0.44358 0.16786 0.29087 0.38312 0.52344 0.66321
78.50 1.6845675376176648 -0.73999 -0.69741 -0.62680 -0.54064 -0.44795 0.16578 0.29882 0.38974 0.52771 0.66484
78.75 1.7036831833639368 -0.73900 -0.69766 -0.62926 -0.54632 -0.45212 0.16373 0.30693 0.39649 0.53205 0.66647
79.00 1.7234297938777567 -0.73807 -0.69797 -0.63182 -0.55216 -0.45608 0.16173 0.31521 0.40337 0.53646 0.66809
79.25 1.7438440595774944 -0.73719 -0.69834 -0.63448 -0.55816 -0.45982 0.15978 0.32367 0.41041 0.54095 0.66971
79.50 1.7649657119256603 -0.73637 -0.69879 -0.63724 -0.56431 -0.46336 0.15787 0.33233 0.41760 0.54553 0.67135
79.75 1.7868378553155890 -0.73560 -0.69931 -0.64010 -0.57060 -0.46669 0.15601 0.34120 0.42496 0.55021 0.67300
80.00 1.8095073443210954 -0.73490 -0.69990 -0.64307 -0.57702 -0.46982 0.15420 0.35028 0.43249 0.55498 0.67468
80.25 1.8330252138232914 -0.73427 -0.70058 -0.64615 -0.58356 -0.47274 0.15244 0.35959 0.44020 0.55987 0.67640
80.50 1.8574471710024862 -0.73370 -0.70134 -0.64934 -0.59022 -0.47548 0.15073 0.36914 0.44810 0.56488 0.67817
80.75 1.8828341599932619 -0.73321 -0.70218 -0.65263 -0.59697 -0.47802 0.14907 0.37895 0.45621 0.57001 0.67999
81.00 1.9092530122354845 -0.73280 -0.70312 -0.65604 -0.60382 -0.48038 0.14747 0.38903 0.46454 0.57529 0.68188
81.25 1.9367771983277440 -0.73246 -0.70415 -0.65957 -0.61075 -0.48257 0.14591 0.39940 0.47309 0.58071 0.68385
81.50 1.9654877006520655 -0.73222 -0.70529 -0.66320 -0.61774 -0.48459 0.14441 0.41007 0.48189 0.58630 0.68592
81.75 1.9954740303864316 -0.73206 -0.70653 -0.66695 -0.62480 -0.48644 0.14296 0.42106 0.49095 0.59207 0.68810
82.00 2.0268354180156947 -0.73201 -0.70788 -0.67081 -0.63190 -0.48814 0.14157 0.43239 0.50027 0.59803 0.69042
82.25 2.0596822134404817 -0.73206 -0.70936 -0.67479 -0.63904 -0.48969 0.14023 0.44408 0.50989 0.60420 0.69288
82.50 2.0941375407372735 -0.73223 -0.71096 -0.67888 -0.64621 -0.49110 0.13894 0.45615 0.51983 0.61060 0.69552
82.75 2.1303392641794385 -0.73252 -0.71269 -0.68309 -0.65341 -0.49237 0.13771 0.46862 0.53009 0.61724 0.69835
83.00 2.1684423371644423 -0.73295 -0.71456 -0.68741 -0.66062 -0.49351 0.13654 0.48152 0.54070 0.62416 0.70141
83.25 2.2086216254199424 -0.73353 -0.71658 -0.69185 -0.66783 -0.49453 0.13542 0.49487 0.55169 0.63138 0.70472
83.50 2.2510753219802888 -0.73426 -0.71876 -0.69640 -0.67505 -0.49543 0.13436 0.50870 0.56308 0.63892 0.70832
83.75 2.2960291063410230 -0.73516 -0.72110 -0.70106 -0.68225 -0.49623 0.13335 0.52303 0.57490 0.64682 0.71224
84.00 2.3437412473608381 -0.73625 -0.72361 -0.70584 -0.68944 -0.49692 0.13240 0.53790 0.58718 0.65511 0.71653
84.25 2.3945089138952178 -0.73754 -0.72631 -0.71073 -0.69661 -0.49751 0.13151 0.55333 0.59995 0.66383 0.72124
84.50 2.4486760461856742 -0.73905 -0.72920 -0.71573 -0.70375 -0.49802 0.13067 0.56937 0.61326 0.67304 0.72641
84.75 2.5066432657105051 -0.74080 -0.73231 -0.72085 -0.71085 -0.49845 0.12990 0.58605 0.62715 0.68277 0.73211
