5 0.22474786951272291 -0.74252 -0.73487 -0.72532 -0.71762 0.12918 0.12919 0.60349 0.64185 0.69328 0.73849
5.25 0.23032811073355966 -0.74045 -0.73140 -0.71993 -0.71048 0.12989 0.12990 0.58614 0.62738 0.68300 0.73221
5.50 0.23578063841929153 -0.73864 -0.72814 -0.71463 -0.70330 0.13067 0.13068 0.56948 0.61354 0.67331 0.72652
5.75 0.24111432303437602 -0.73706 -0.72507 -0.70942 -0.69607 0.13150 0.13152 0.55346 0.60027 0.66415 0.72136
6.00 0.24633708657984518 -0.73570 -0.72217 -0.70430 -0.68879 0.13239 0.13241 0.53804 0.58754 0.65548 0.71668
6.25 0.25145603955751983 -0.73453 -0.71944 -0.69927 -0.68148 0.13333 0.13337 0.52319 0.57531 0.64724 0.71241
6.50 0.25647759350390792 -0.73354 -0.71687 -0.69433 -0.67414 0.13433 0.13438 0.50888 0.56355 0.63939 0.70851
6.75 0.26140755421862366 -0.73272 -0.71444 -0.68946 -0.66676 0.13539 0.13545 0.49508 0.55222 0.63191 0.70494
7.00 0.26625119958804888 -0.73204 -0.71216 -0.68469 -0.65936 0.13650 0.13658 0.48176 0.54129 0.62476 0.70166
7.25 0.27101334500631991 -0.73151 -0.71000 -0.67999 -0.65194 0.13766 0.13776 0.46889 0.53075 0.61791 0.69863
7.50 0.27569839872782342 -0.73111 -0.70796 -0.67537 -0.64450 0.13888 0.13901 0.45645 0.52056 0.61134 0.69583
7.75 0.28031040898329512 -0.73082 -0.70604 -0.67084 -0.63705 0.14015 0.14031 0.44441 0.51071 0.60502 0.69323
8.00 0.28485310431016619 -0.73065 -0.70423 -0.66638 -0.62959 0.14147 0.14167 0.43276 0.50117 0.59893 0.69080
8.25 0.28932992825516618 -0.73057 -0.70253 -0.66200 -0.62213 0.14284 0.14308 0.42147 0.49193 0.59306 0.68853
8.50 0.29374406938062309 -0.73059 -0.70091 -0.65769 -0.61467 0.14426 0.14456 0.41052 0.48297 0.58739 0.68639
8.75 0.29809848732900202 -0.73070 -0.69939 -0.65346 -0.60722 0.14574 0.14609 0.39989 0.47427 0.58190 0.68437
9.00 0.30239593556098865 -0.73089 -0.69796 -0.64931 -0.59978 0.14726 0.14768 0.38958 0.46581 0.57658 0.68244
9.25 0.30663898127202549 -0.73115 -0.69661 -0.64522 -0.59235 0.14882 0.14932 0.37955 0.45759 0.57141 0.68061
9.50 0.31083002290405076 -0.73149 -0.69534 -0.64122 -0.58494 0.15043 0.15103 0.36979 0.44960 0.56639 0.67885
9.75 0.31497130559833353 -0.73189 -0.69415 -0.63728 -0.57755 0.15209 0.15279 0.36030 0.44181 0.56151 0.67714
10.00 0.31906493487798943 -0.73236 -0.69303 -0.63342 -0.57019 0.15379 0.15461 0.35105 0.43422 0.55675 0.67550
10.25 0.32311288880213562 -0.73289 -0.69198 -0.62963 -0.56286 0.15554 0.15648 0.34204 0.42682 0.55210 0.67389
10.50 0.32711702879550453 -0.73348 -0.69099 -0.62591 -0.55557 0.15732 0.15842 0.33325 0.41960 0.54757 0.67231
10.75 0.33107910932596624 -0.73412 -0.69007 -0.62226 -0.54831 0.15914 0.16041 0.32466 0.41255 0.54314 0.67076
11.00 0.33500078657648524 -0.73481 -0.68922 -0.61868 -0.54110 0.16101 0.16246 0.31628 0.40566 0.53880 0.66922
11.25 0.33888362623650670 -0.73556 -0.68842 -0.61517 -0.53393 0.16290 0.16456 0.30809 0.39892 0.53455 0.66770
11.50 0.34272911051981081 -0.73636 -0.68768 -0.61173 -0.52682 0.16483 0.16672 0.30008 0.39234 0.53039 0.66618
11.75 0.34653864450082428 -0.73721 -0.68700 -0.60836 -0.51975 0.16680 0.16893 0.29225 0.38589 0.52630 0.66466
12.00 0.35031356184872481 -0.73811 -0.68638 -0.60506 -0.51275 0.16879 0.17119 0.28458 0.37957 0.52229 0.66313
12.25 0.35405513002798283 -0.73905 -0.68581 -0.60183 -0.50580 0.17081 0.17350 0.27709 0.37338 0.51836 0.66159
12.50 0.35776455502492738 -0.74005 -0.68530 -0.59867 -0.49892 0.17286 0.17585 0.26975 0.36731 0.51449 0.66003
12.75 0.36144298565221100 -0.74108 -0.68484 -0.59557 -0.49211 0.17493 0.17823 0.26257 0.36136 0.51068 0.65846
13.00 0.36509151747647400 -0.74217 -0.68444 -0.59255 -0.48536 0.17701 0.18063 0.25557 0.35552 0.50694 0.65686
13.25 0.36871119640886968 -0.74331 -0.68409 -0.58959 -0.47869 0.17912 0.18303 0.24875 0.34979 0.50325 0.65524
13.50 0.37230302199327187 -0.74449 -0.68379 -0.58669 -0.47210 0.18123 0.18540 0.24213 0.34415 0.49963 0.65359
13.75 0.37586795042281695 -0.74572 -0.68355 -0.58386 -0.46559 0.18335 0.18768 0.23577 0.33862 0.49606 0.65191
14.00 0.37940689731182314 -0.74699 -0.68336 -0.58110 -0.45916 0.18547 0.18978 0.22976 0.33318 0.49255 0.65020
14.25 0.38292074024700901 -0.74832 -0.68323 -0.57840 -0.45282 0.18759 0.19151 0.22427 0.32783 0.48909 0.64845
14.50 0.38641032113921558 -0.74970 -0.68315 -0.57576 -0.44657 0.18971 0.19253 0.21965 0.32256 0.48570 0.64667
14.75 0.38987644839447261 -0.75113 -0.68314 -0.57319 -0.44042 0.19181 0.19228 0.21643 0.31738 0.48237 0.64484
15.00 0.39331989892118169 -0.75261 -0.68320 -0.57068 -0.43437 0.19031 0.19388 0.21508 0.31226 0.47911 0.64298
15.25 0.39674141998838264 -0.75415 -0.68332 -0.56823 -0.42843 0.18673 0.19593 0.21546 0.30720 0.47593 0.64107
15.50 0.40014173094847860 -0.75576 -0.68353 -0.56583 -0.42261 0.18214 0.19795 0.21698 0.30219 0.47283 0.63912
15.75 0.40352152483640419 -0.75742 -0.68384 -0.56350 -0.41693 0.17702 0.19991 0.21914 0.29721 0.46985 0.63712
16.00 0.40688146985598445 -0.75917 -0.68427 -0.56123 -0.41143 0.17168 0.20181 0.22163 0.29223 0.46700 0.63507
16.25 0.41022221076315113 -0.76101 -0.68485 -0.55902 -0.40616 0.16629 0.20363 0.22429 0.28719 0.46434 0.63295
16.50 0.41354437015471773 -0.76297 -0.68564 -0.55689 -0.40122 0.16098 0.20535 0.22698 0.28205 0.46192 0.63077
16.75 0.41684854967056112 -0.76508 -0.68673 -0.55488 -0.39678 0.15591 0.20692 0.22960 0.27671 0.45983 0.62854
17.00 0.42013533111630319 -0.76741 -0.68818 -0.55304 -0.39307 0.15121 0.20828 0.23212 0.27110 0.45813 0.62628
17.25 0.42340527751290741 -0.76995 -0.69003 -0.55143 -0.39025 0.14697 0.20936 0.23453 0.26527 0.45678 0.62406
17.50 0.42665893407900496 -0.77266 -0.69217 -0.55008 -0.38826 0.14313 0.21014 0.23692 0.25935 0.45564 0.62195
17.75 0.42989682915123001 -0.77546 -0.69446 -0.54896 -0.38686 0.13956 0.21059 0.23936 0.25353 0.45455 0.61998
18.00 0.43311947504735931 -0.73869 -0.67611 -0.53444 -0.36691 0.04153 0.16059 0.24081 0.27110 0.47084 0.67350
18.25 0.43632736887662232 -0.74106 -0.67786 -0.53375 -0.36390 0.04684 0.15552 0.24357 0.26607 0.46844 0.67107
18.50 0.43952099330116196 -0.74340 -0.67968 -0.53312 -0.36111 0.05187 0.15058 0.24636 0.26111 0.46615 0.66879
18.75 0.44270081725227745 -0.74569 -0.68153 -0.53255 -0.35857 0.05659 0.14577 0.24919 0.25631 0.46397 0.66671
19.00 0.44586729660476643 -0.74789 -0.68336 -0.53205 -0.35629 0.06100 0.14110 0.25117 0.25264 0.46190 0.66485
19.25 0.44902087481240505 -0.74996 -0.68514 -0.53160 -0.35430 0.06508 0.13656 0.24713 0.25536 0.45996 0.66328
19.50 0.45216198350734593 -0.75185 -0.68683 -0.53119 -0.35262 0.06880 0.13217 0.24304 0.25862 0.45815 0.66208
19.75 0.45529104306598517 -0.79421 -0.70957 -0.54218 -0.37610 0.11118 0.20113 0.22068 0.26047 0.44391 0.60725
20.00 0.45840846314364242 -0.75412 -0.69014 -0.53022 -0.35122 0.07452 0.12422 0.23605 0.26671 0.45504 0.66258
20.25 0.46151464318020630
20.50 0.46460997287872730 -0.79903 -0.71277 -0.53913 -0.36950 0.09978 0.19012 0.21731 0.26899 0.43982 0.60328
20.75 0.46769483265878409 -0.80043 -0.71357 -0.53802 -0.36709 0.09595 0.18615 0.21673 0.27195 0.43862 0.60206
21.00 0.47076959408630886 -0.80175 -0.71424 -0.53686 -0.36464 0.09212 0.18214 0.21631 0.27495 0.43754 0.60090
21.25 0.47383462028142359 -0.80300 -0.71480 -0.53566 -0.36218 0.08829 0.17815 0.21602 0.27801 0.43661 0.59980
21.50 0.47689026630572684 -0.80418 -0.71526 -0.53442 -0.35972 0.08449 0.17419 0.21582 0.28111 0.43585 0.59877
21.75 0.47993687953036013 -0.80531 -0.71561 -0.53316 -0.35731 0.08073 0.17027 0.21570 0.28424 0.43529 0.59780
22.00 0.48297479998608267 -0.80638 -0.71587 -0.53187 -0.35495 0.07700 0.16642 0.21566 0.28736 0.43496 0.59690
22.25 0.48600436069649899 -0.80740 -0.71602 -0.53056 -0.35267 0.07332 0.16262 0.21568 0.29047 0.43488 0.59607
22.50 0.48902588799549546 -0.80836 -0.71608 -0.52924 -0.35048 0.06969 0.15890 0.21577 0.29353 0.43509 0.59530
22.75 0.49203970182987000 -0.80927 -0.71604 -0.52791 -0.34838 0.06611 0.15525 0.21593 0.29651 0.43560 0.59461
23.00 0.49504611604806875 -0.81013 -0.71591 -0.52657 -0.34639 0.06260 0.15167 0.21615 0.29938 0.43645 0.59397
23.25 0.49804543867587991 -0.81092 -0.71568 -0.52524 -0.34451 0.05914 0.14816 0.21645 0.30210 0.43767 0.59340
23.50 0.50103797217987622 -0.81166 -0.71535 -0.52392 -0.34273 0.05575 0.14472 0.21682 0.30465 0.43927 0.59289
23.75 0.50402401371934424 -0.81233 -0.71492 -0.52261 -0.34105 0.05243 0.14135 0.21728 0.30699 0.44129 0.59243
24.00 0.50700385538738835 -0.81294 -0.71440 -0.52132 -0.33948 0.04916 0.13805 0.21785 0.30910 0.44374 0.59202
24.25 0.50997778444185260 -0.81349 -0.71378 -0.52006 -0.33801 0.04597 0.13481 0.21852 0.31096 0.44665 0.59166
24.50 0.51294608352666027 -0.81397 -0.71306 -0.51884 -0.33665 0.04285 0.13163 0.21931 0.31255 0.45001 0.59134
24.75 0.51590903088413309 -0.81439 -0.71226 -0.51766 -0.33538 0.03979 0.12851 0.22025 0.31388 0.45383 0.59105
25.00 0.51886690055881535 -0.81475 -0.71137 -0.51653 -0.33423 0.03682 0.12544 0.22135 0.31493 0.45810 0.59080
25.25 0.52181996259329522 -0.81507 -0.71041 -0.51544 -0.33318 0.03392 0.12241 0.22264 0.31573 0.46283 0.59057
25.50 0.52476848321648584 -0.81536 -0.70938 -0.51440 -0.33226 0.03111 0.11940 0.22414 0.31628 0.46799 0.59035
25.75 0.52771272502479782 -0.81563 -0.70830 -0.51339 -0.33148 0.02839 0.11640 0.22589 0.31662 0.47356 0.59015
26.00 0.53065294715660993 -0.81593 -0.70720 -0.51239 -0.33086 0.02577 0.11339 0.22792 0.31675 0.47953 0.58995
26.25 0.53358940546042311 -0.81628 -0.70608 -0.51137 -0.33042 0.02326 0.11033 0.23025 0.31672 0.48586 0.58975
26.50 0.53652235265705239 -0.81672 -0.70496 -0.51029 -0.33019 0.02086 0.10721 0.23292 0.31652 0.49252 0.58954
26.75 0.53945203849620049 -0.81725 -0.70385 -0.50911 -0.33018 0.01859 0.10400 0.23591 0.31617 0.49950 0.58934
27.00 0.54237870990772830 -0.81790 -0.70273 -0.50780 -0.33039 0.01644 0.10069 0.23921 0.31566 0.50675 0.58916
27.25 0.54530261114792489 -0.81863 -0.70159 -0.50637 -0.33078 0.01442 0.09728 0.24277 0.31499 0.51425 0.58902
27.50 0.54822398394106098 -0.81941 -0.70042 -0.50480 -0.33133 0.01254 0.09380 0.24653 0.31412 0.52199 0.58894
27.75 0.55114306761649301 -0.82021 -0.69917 -0.50314 -0.33201 0.01080 0.09028 0.25044 0.31307 0.52993 0.58893
28.00 0.55406009924157285 -0.82101 -0.69786 -0.50140 -0.33278 0.00919 0.08675 0.25448 0.31182 0.53806 0.58902
28.25 0.55697531375060216 -0.82179 -0.69645 -0.49962 -0.33362 0.00772 0.08324 0.25859 0.31038 0.54635 0.58920
28.50 0.55988894407005929 -0.82252 -0.69495 -0.49782 -0.33452 0.00639 0.07978 0.26276 0.30874 0.55480 0.58948
28.75 0.56280122124031395 -0.82319 -0.69335 -0.49603 -0.33545 0.00519 0.07640 0.26697 0.30694 0.56338 0.58986
29.00 0.56571237453403433 -0.82380 -0.69167 -0.49430 -0.33643 0.00414 0.07313 0.27121 0.30496 0.57209 0.59035
29.25 0.56862263157148163 -0.82435 -0.68991 -0.49265 -0.33744 0.00326 0.07001 0.27547 0.30284 0.58090 0.59094
29.50 0.57153221843287527 -0.82482 -0.68809 -0.49112 -0.33850 0.00254 0.06708 0.27972 0.30058 0.58981 0.59163
29.75 0.57444135976800692 -0.82521 -0.68624 -0.48977 -0.33962 0.00203 0.06437 0.28395 0.29821 0.59240 0.59880
30.00 0.57735027890326807 -0.82554 -0.68441 -0.48865 -0.34081 0.00174 0.06193 0.28815 0.29577 0.59323 0.60784
30.25 0.58025919794625369 -0.82582 -0.68266 -0.48778 -0.34210 0.00170 0.05976 0.29227 0.29330 0.59406 0.61691
30.50 0.58316833788809341 -0.82606 -0.68103 -0.48719 -0.34349 0.00192 0.05788 0.29085 0.29630 0.59485 0.62597
30.75 0.58607791870365555 -0.82630 -0.67959 -0.48685 -0.34500 0.00238 0.05625 0.28847 0.30021 0.59554 0.63499
31.00 0.58898815944976501 -0.82656 -0.67833 -0.48672 -0.34662 0.00306 0.05483 0.28618 0.30400 0.59610 0.64395
31.25 0.59189927836156764 -0.82686 -0.67725 -0.48674 -0.34834 0.00390 0.05357 0.28399 0.30768 0.59651 0.65283
31.50 0.59481149294717062 -0.82719 -0.67634 -0.48687 -0.35013 0.00487 0.05241 0.28190 0.31126 0.59678 0.66162
31.75 0.59772502008068074 -0.82757 -0.67556 -0.48705 -0.35198 0.00593 0.05132 0.27990 0.31474 0.59694 0.67033
32.00 0.60064007609376124 -0.82799 -0.67488 -0.48727 -0.35385 0.00706 0.05028 0.27798 0.31814 0.59700 0.67896
32.25 0.60355687686581816 -0.82844 -0.67430 -0.48750 -0.35575 0.00824 0.04928 0.27612 0.32147 0.59698 0.68751
32.50 0.60647563791293169 -0.82892 -0.67377 -0.48774 -0.35765 0.00944 0.04831 0.27433 0.32472 0.59689 0.69598
32.75 0.60939657447563289 -0.82942 -0.67330 -0.48797 -0.35955 0.01066 0.04737 0.27258 0.32791 0.59676 0.70437
33.00 0.61231990160563299 -0.82993 -0.67288 -0.48820 -0.36143 0.01190 0.04645 0.27088 0.33104 0.59660 0.71269
33.25 0.61524583425160395 -0.83045 -0.67249 -0.48843 -0.36330 0.01314 0.04555 0.26922 0.33411 0.59641 0.72093
33.50 0.61817458734410646 -0.83098 -0.67213 -0.48864 -0.36514 0.01439 0.04467 0.26760 0.33711 0.59620 0.72909
33.75 0.62110637587975959 -0.83152 -0.67179 -0.48884 -0.36696 0.01564 0.04382 0.26601 0.34006 0.59598 0.73717
34.00 0.62404141500474464 -0.83206 -0.67147 -0.48904 -0.36875 0.01688 0.04299 0.26445 0.34295 0.59576 0.74517
34.25 0.62697992009773107 -0.83259 -0.67116 -0.48922 -0.37051 0.01812 0.04218 0.26293 0.34577 0.59553 0.75308
34.50 0.62992210685231265 -0.83313 -0.67087 -0.48940 -0.37224 0.01935 0.04139 0.26144 0.34854 0.59531 0.76090
34.75 0.63286819135903882 -0.83366 -0.67059 -0.48957 -0.37393 0.02057 0.04063 0.25997 0.35125 0.59508 0.76862
35.00 0.63581839018712483 -0.83418 -0.67032 -0.48974 -0.37559 0.02178 0.03989 0.25854 0.35390 0.59487 0.77625
35.25 0.63877292046592293 -0.83470 -0.67006 -0.48989 -0.37721 0.02298 0.03918 0.25714 0.35648 0.59466 0.78377
35.50 0.64173199996623487 -0.83522 -0.66981 -0.49004 -0.37880 0.02416 0.03849 0.25576 0.35900 0.59446 0.79119
35.75 0.64469584718154593 -0.83572 -0.66956 -0.49019 -0.38034 0.02533 0.03782 0.25442 0.36146 0.59427 0.79850
36.00 0.64766468140925815 -0.83621 -0.66932 -0.49033 -0.38185 0.02649 0.03718 0.25310 0.36386 0.59409 0.80569
36.25 0.65063872283200119 -0.83670 -0.66909 -0.49046 -0.38332 0.02763 0.03656 0.25181 0.36619 0.59393 0.81276
36.50 0.65361819259909770 -0.83717 -0.66886 -0.49059 -0.38475 0.02875 0.03597 0.25056 0.36846 0.59378 0.81971
36.75 0.65660331290825846 -0.83764 -0.66863 -0.49072 -0.38614 0.02985 0.03540 0.24933 0.37067 0.59364 0.82653
37.00 0.65959430708758449 -0.83809 -0.66841 -0.49084 -0.38750 0.03093 0.03486 0.24813 0.37281 0.59351 0.83321
37.25 0.66259139967795155 -0.83853 -0.66819 -0.49096 -0.38881 0.03199 0.03433 0.24697 0.37488 0.59340 0.83976
37.50 0.66559481651585173 -0.83896 -0.66798 -0.49107 -0.39008 0.03302 0.03384 0.24583 0.37689 0.59330 0.84616
37.75 0.66860478481676788 -0.83938 -0.66777 -0.49118 -0.39131 0.03336 0.03404 0.24473 0.37883 0.59321 0.85241
38.00 0.67162153325915808 -0.83979 -0.66756 -0.49128 -0.39250 0.03291 0.03503 0.24366 0.38070 0.59313 0.85851
38.25 0.67464529206912238 -0.84018 -0.66736 -0.49139 -0.39366 0.03248 0.03599 0.24262 0.38251 0.59307 0.86445
38.50 0.67767629310583211 -0.84056 -0.66716 -0.49148 -0.39477 0.03207 0.03693 0.24161 0.38425 0.59302 0.87022
38.75 0.68071476994779589 -0.84093 -0.66697 -0.49158 -0.39584 0.03168 0.03784 0.24064 0.38592 0.59299 0.87583
39.00 0.68376095798003989 -0.84128 -0.66678 -0.49167 -0.39686 0.03132 0.03873 0.23970 0.38753 0.59296 0.88126
39.25 0.68681509448228206 -0.84162 -0.66659 -0.49175 -0.39785 0.03097 0.03958 0.23880 0.38906 0.59294 0.88651
39.50 0.68987741871817743 -0.84195 -0.66641 -0.49184 -0.39880 0.03065 0.04041 0.23793 0.39053 0.59294 0.89158
39.75 0.69294817202571524 -0.84226 -0.66623 -0.49192 -0.39971 0.03034 0.04120 0.23710 0.39194 0.59294 0.89646
40.00 0.69602759790885060 -0.84256 -0.66606 -0.49199 -0.40057 0.03005 0.04197 0.23630 0.39327 0.59295 0.90115
40.25 0.69911594213045092 -0.84285 -0.66589 -0.49207 -0.40139 0.02978 0.04270 0.23554 0.39453 0.59297 0.90564
40.50 0.70221345280664171 -0.84312 -0.66573 -0.49214 -0.40218 0.02953 0.04340 0.23481 0.39573 0.59299 0.90993
40.75 0.70532038050263912 -0.84338 -0.66558 -0.49220 -0.40292 0.02930 0.04407 0.23412 0.39687 0.59302 0.91402
41.00 0.70843697833015451 -0.84362 -0.66543 -0.49226 -0.40361 0.02908 0.04470 0.23347 0.39793 0.59306 0.91789
41.25 0.71156350204645979 -0.84385 -0.66529 -0.49232 -0.40427 0.02888 0.04529 0.23285 0.39893 0.59310 0.92155
41.50 0.71470021015520846 -0.84407 -0.66516 -0.49238 -0.40489 0.02870 0.04586 0.23228 0.39986 0.59314 0.92499
41.75 0.71784736400909988 -0.84427 -0.66503 -0.49243 -0.40546 0.02853 0.04638 0.23174 0.40072 0.59318 0.92822
42.00 0.72100522791448773 -0.84445 -0.66491 -0.49248 -0.40599 0.02837 0.04687 0.23124 0.40152 0.59323 0.93121
42.25 0.72417406923802852 -0.84462 -0.66480 -0.49252 -0.40648 0.02823 0.04732 0.23078 0.40226 0.59328 0.93398
42.50 0.72735415851547003 -0.84478 -0.66470 -0.49256 -0.40693 0.02810 0.04774 0.23036 0.40293 0.59332 0.93652
42.75 0.73054576956268569 -0.84492 -0.66461 -0.49260 -0.40733 0.02799 0.04811 0.22998 0.40353 0.59336 0.93883
43.00 0.73374917958905994 -0.84505 -0.66452 -0.49263 -0.40769 0.02789 0.04845 0.22964 0.40407 0.59340 0.94089
43.25 0.73696466931333482 -0.84516 -0.66445 -0.49266 -0.40801 0.02780 0.04875 0.22933 0.40454 0.59344 0.94273
43.50 0.74019252308203054 -0.84526 -0.66438 -0.49268 -0.40829 0.02773 0.04901 0.22907 0.40496 0.59348 0.94432
43.75 0.74343302899055930 -0.84534 -0.66433 -0.49270 -0.40853 0.02767 0.04923 0.22885 0.40530 0.59351 0.94567
44.00 0.74668647900714824 -0.84541 -0.66428 -0.49272 -0.40872 0.02761 0.04941 0.22867 0.40559 0.59353 0.94677
44.25 0.74995316909970178 -0.84546 -0.66425 -0.49273 -0.40887 0.02757 0.04955 0.22853 0.40581 0.59355 0.94763
44.50 0.75323339936572720 -0.84550 -0.66422 -0.49274 -0.40897 0.02755 0.04965 0.22842 0.40596 0.59357 0.94825
44.75 0.75652747416546084 -0.84552 -0.66421 -0.49275 -0.40904 0.02753 0.04971 0.22836 0.40606 0.59358 0.94862
45.00 0.75983570225832975 -0.84553 -0.66420 -0.49275 -0.40906 0.02752 0.04973 0.22834 0.40609 0.59358 0.94874
45.25 0.76315839694289456 -0.84552 -0.66421 -0.49275 -0.40904 0.02753 0.04971 0.22836 0.40606 0.59358 0.94862
45.50 0.76649587620041937 -0.84550 -0.66422 -0.49274 -0.40897 0.02755 0.04965 0.22842 0.40596 0.59357 0.94825
45.75 0.76984846284222430 -0.84546 -0.66425 -0.49273 -0.40887 0.02757 0.04955 0.22853 0.40581 0.59355 0.94763
46.00 0.77321648466098036 -0.84541 -0.66428 -0.49272 -0.40872 0.02761 0.04941 0.22867 0.40559 0.59353 0.94677
46.25 0.77660027458611014 -0.84534 -0.66433 -0.49270 -0.40853 0.02767 0.04923 0.22885 0.40530 0.59351 0.94567
46.50 0.78000017084346973 -0.84526 -0.66438 -0.49268 -0.40829 0.02773 0.04901 0.22907 0.40496 0.59348 0.94432
46.75 0.78341651711948912 -0.84516 -0.66445 -0.49266 -0.40801 0.02780 0.04875 0.22933 0.40454 0.59344 0.94273
47.00 0.78684966272995749 -0.84505 -0.66452 -0.49263 -0.40769 0.02789 0.04845 0.22964 0.40407 0.59340 0.94089
47.25 0.79029996279364645 -0.84492 -0.66461 -0.49260 -0.40733 0.02799 0.04811 0.22998 0.40353 0.59336 0.93883
47.50 0.79376777841097601 -0.84478 -0.66470 -0.49256 -0.40693 0.02810 0.04774 0.23036 0.40293 0.59332 0.93652
47.75 0.79725347684792980 -0.84462 -0.66480 -0.49252 -0.40648 0.02823 0.04732 0.23078 0.40226 0.59328 0.93398
48.00 0.80075743172543956 -0.84445 -0.66491 -0.49248 -0.40599 0.02837 0.04687 0.23124 0.40152 0.59323 0.93121
48.25 0.80428002321446923 -0.84427 -0.66503 -0.49243 -0.40546 0.02853 0.04638 0.23174 0.40072 0.59318 0.92822
48.50 0.80782163823703412 -0.84407 -0.66516 -0.49238 -0.40489 0.02870 0.04586 0.23228 0.39986 0.59314 0.92499
48.75 0.81138267067340353 -0.84385 -0.66529 -0.49232 -0.40427 0.02888 0.04529 0.23285 0.39893 0.59310 0.92155
49.00 0.81496352157574936 -0.84362 -0.66543 -0.49226 -0.40361 0.02908 0.04470 0.23347 0.39793 0.59306 0.91789
49.25 0.81856459938850701 -0.84338 -0.66558 -0.49220 -0.40292 0.02930 0.04407 0.23412 0.39687 0.59302 0.91402
49.50 0.82218632017573356 -0.84312 -0.66573 -0.49214 -0.40218 0.02953 0.04340 0.23481 0.39573 0.59299 0.90993
49.75 0.82582910785575958 -0.84285 -0.66589 -0.49207 -0.40139 0.02978 0.04270 0.23554 0.39453 0.59297 0.90564
50.00 0.82949339444344139 -0.84256 -0.66606 -0.49199 -0.40057 0.03005 0.04197 0.23630 0.39327 0.59295 0.90115
50.25 0.83317962030033754 -0.84226 -0.66623 -0.49192 -0.39971 0.03034 0.04120 0.23710 0.39194 0.59294 0.89646
50.50 0.83688823439314863 -0.84195 -0.66641 -0.49184 -0.39880 0.03065 0.04041 0.23793 0.39053 0.59294 0.89158
50.75 0.84061969456077290 -0.84162 -0.66659 -0.49175 -0.39785 0.03097 0.03958 0.23880 0.38906 0.59294 0.88651
51.00 0.84437446779034697 -0.84128 -0.66677 -0.49167 -0.39686 0.03132 0.03873 0.23970 0.38753 0.59296 0.88126
51.25 0.84815303050266300 -0.84093 -0.66697 -0.49158 -0.39584 0.03168 0.03784 0.24064 0.38592 0.59299 0.87583
51.50 0.85195586884736429 -0.84056 -0.66716 -0.49148 -0.39477 0.03207 0.03693 0.24161 0.38425 0.59302 0.87022
51.75 0.85578347900834917 -0.84018 -0.66736 -0.49139 -0.39366 0.03248 0.03599 0.24262 0.38251 0.59307 0.86445
52.00 0.85963636751982619 -0.83979 -0.66756 -0.49128 -0.39250 0.03291 0.03503 0.24366 0.38070 0.59313 0.85851
52.25 0.86351505159349251 -0.83938 -0.66777 -0.49118 -0.39131 0.03336 0.03404 0.24473 0.37883 0.59321 0.85241
52.50 0.86742005945732381 -0.83896 -0.66798 -0.49107 -0.39008 0.03302 0.03384 0.24583 0.37689 0.59330 0.84616
52.75 0.87135193070649397 -0.83853 -0.66819 -0.49096 -0.38881 0.03199 0.03433 0.24697 0.37488 0.59340 0.83976
53.00 0.87531121666696521 -0.83809 -0.66841 -0.49084 -0.38750 0.03093 0.03486 0.24813 0.37281 0.59351 0.83321
53.25 0.87929848077231665 -0.83764 -0.66863 -0.49072 -0.38614 0.02985 0.03540 0.24933 0.37067 0.59364 0.82653
53.50 0.88331429895441260 -0.83717 -0.66886 -0.49059 -0.38475 0.02875 0.03597 0.25056 0.36846 0.59378 0.81971
53.75 0.88735926004853483 -0.83670 -0.66909 -0.49046 -0.38332 0.02763 0.03656 0.25181 0.36619 0.59393 0.81276
54.00 0.89143396621364279 -0.83621 -0.66932 -0.49033 -0.38185 0.02649 0.03718 0.25310 0.36386 0.59409 0.80569
54.25 0.89553903336845653 -0.83572 -0.66956 -0.49019 -0.38034 0.02533 0.03782 0.25442 0.36146 0.59427 0.79850
54.50 0.89967509164409376 -0.83522 -0.66981 -0.49004 -0.37880 0.02416 0.03849 0.25576 0.35900 0.59446 0.79119
54.75 0.90384278585403033 -0.83470 -0.67006 -0.48989 -0.37721 0.02298 0.03918 0.25714 0.35648 0.59466 0.78377
55.00 0.90804277598219907 -0.83418 -0.67032 -0.48974 -0.37559 0.02178 0.03989 0.25854 0.35390 0.59487 0.77625
55.25 0.91227573769007742 -0.83366 -0.67059 -0.48957 -0.37393 0.02057 0.04063 0.25997 0.35125 0.59508 0.76862
55.50 0.91654236284366797 -0.83313 -0.67087 -0.48940 -0.37224 0.01935 0.04139 0.26144 0.34854 0.59531 0.76090
55.75 0.92084336006132139 -0.83259 -0.67116 -0.48922 -0.37051 0.01812 0.04218 0.26293 0.34577 0.59553 0.75308
56.00 0.92517945528340284 -0.83206 -0.67147 -0.48904 -0.36875 0.01688 0.04299 0.26445 0.34295 0.59576 0.74517
56.25 0.92955139236486140 -0.83152 -0.67179 -0.48884 -0.36696 0.01564 0.04382 0.26601 0.34006 0.59598 0.73717
56.50 0.93395993369181618 -0.83098 -0.67213 -0.48864 -0.36514 0.01439 0.04467 0.26760 0.33711 0.59620 0.72909
56.75 0.93840586082334254 -0.83045 -0.67249 -0.48843 -0.36330 0.01314 0.04555 0.26922 0.33411 0.59641 0.72093
57.00 0.94288997515969897 -0.82993 -0.67288 -0.48820 -0.36143 0.01190 0.04645 0.27088 0.33104 0.59660 0.71269
57.25 0.94741309863831702 -0.82942 -0.67330 -0.48797 -0.35955 0.01066 0.04737 0.27258 0.32791 0.59676 0.70437
57.50 0.95197607445894206 -0.82892 -0.67377 -0.48774 -0.35765 0.00944 0.04831 0.27433 0.32472 0.59689 0.69598
57.75 0.95657976783940157 -0.82844 -0.67430 -0.48750 -0.35575 0.00824 0.04928 0.27612 0.32147 0.59698 0.68751
58.00 0.96122506680355879 -0.82799 -0.67488 -0.48727 -0.35385 0.00706 0.05028 0.27798 0.31814 0.59700 0.67896
58.25 0.96591288300310196 -0.82757 -0.67556 -0.48705 -0.35198 0.00593 0.05132 0.27990 0.31474 0.59694 0.67033
58.50 0.97064415257492132 -0.82719 -0.67634 -0.48687 -0.35013 0.00487 0.05241 0.28190 0.31126 0.59678 0.66162
58.75 0.97541983703592194 -0.82686 -0.67725 -0.48674 -0.34834 0.00390 0.05357 0.28399 0.30768 0.59651 0.65283
59.00 0.98024092421724396 -0.82656 -0.67833 -0.48672 -0.34662 0.00306 0.05483 0.28618 0.30400 0.59610 0.64395
59.25 0.98510842923997155 -0.82630 -0.67959 -0.48685 -0.34500 0.00238 0.05625 0.28847 0.30021 0.59554 0.63499
59.50 0.99002339553454166 -0.82606 -0.68103 -0.48719 -0.34349 0.00192 0.05788 0.29085 0.29630 0.59485 0.62597
59.75 0.99498689590620693 -0.82582 -0.68266 -0.48778 -0.34210 0.00170 0.05976 0.29227 0.29330 0.59406 0.61691
60.00 1.0000000336490449 -0.82554 -0.68441 -0.48865 -0.34081 0.00174 0.06193 0.28815 0.29577 0.59323 0.60784
60.25 1.0050639437111659 -0.82521 -0.68624 -0.48977 -0.33962 0.00203 0.06437 0.28395 0.29821 0.59240 0.59880
60.50 1.0101797939139427 -0.82482 -0.68809 -0.49112 -0.33850 0.00254 0.06708 0.27972 0.30058 0.58981 0.59163
60.75 1.0153487862282633 -0.82435 -0.68991 -0.49265 -0.33744 0.00326 0.07001 0.27547 0.30284 0.58090 0.59094
61.00 1.0205721581109972 -0.82380 -0.69167 -0.49430 -0.33643 0.00414 0.07313 0.27121 0.30496 0.57209 0.59035
61.25 1.0258511839050852 -0.82319 -0.69335 -0.49603 -0.33545 0.00519 0.07640 0.26697 0.30694 0.56338 0.58986
61.50 1.0311871763068714 -0.82252 -0.69495 -0.49782 -0.33452 0.00639 0.07978 0.26276 0.30874 0.55480 0.58948
61.75 1.0365814879045478 -0.82179 -0.69645 -0.49962 -0.33362 0.00772 0.08324 0.25859 0.31038 0.54635 0.58920
62.00 1.0420355127918348 -0.82101 -0.69786 -0.50140 -0.33278 0.00919 0.08675 0.25448 0.31182 0.53806 0.58902
62.25 1.0475506882612993 -0.82021 -0.69917 -0.50314 -0.33201 0.01080 0.09028 0.25044 0.31307 0.52993 0.58893
62.50 1.0531284965820111 -0.81941 -0.70042 -0.50480 -0.33133 0.01254 0.09380 0.24653 0.31412 0.52199 0.58894
62.75 1.0587704668665670 -0.81863 -0.70159 -0.50637 -0.33078 0.01442 0.09728 0.24277 0.31499 0.51425 0.58902
63.00 1.0644781770328475 -0.81790 -0.70273 -0.50780 -0.33039 0.01644 0.10069 0.23921 0.31566 0.50675 0.58916
63.25 1.0702532558662603 -0.81725 -0.70385 -0.50911 -0.33018 0.01859 0.10400 0.23591 0.31617 0.49950 0.58934
63.50 1.0760973851886237 -0.81672 -0.70496 -0.51029 -0.33019 0.02086 0.10721 0.23292 0.31652 0.49252 0.58954
63.75 1.0820123021402799 -0.81628 -0.70608 -0.51137 -0.33042 0.02326 0.11033 0.23025 0.31672 0.48586 0.58975
64.00 1.0879998015825072 -0.81593 -0.70720 -0.51239 -0.33086 0.02577 0.11339 0.22792 0.31675 0.47953 0.58995
64.25 1.0940617386278098 -0.81563 -0.70830 -0.51339 -0.33148 0.02839 0.11640 0.22589 0.31662 0.47356 0.59015
64.50 1.1002000313062268 -0.81536 -0.70938 -0.51440 -0.33226 0.03111 0.11940 0.22414 0.31628 0.46799 0.59035
64.75 1.1064166633763877 -0.81507 -0.71041 -0.51544 -0.33318 0.03392 0.12241 0.22264 0.31573 0.46283 0.59057
65.00 1.1127136872907215 -0.81475 -0.71137 -0.51653 -0.33423 0.03682 0.12544 0.22135 0.31493 0.45810 0.59080
65.25 1.1190932273249123 -0.81439 -0.71226 -0.51766 -0.33538 0.03979 0.12851 0.22025 0.31388 0.45383 0.59105
65.50 1.1255574828824770 -0.81397 -0.71306 -0.51884 -0.33665 0.04285 0.13163 0.21931 0.31255 0.45001 0.59134
65.75 1.1321087319861824 -0.81349 -0.71378 -0.52006 -0.33801 0.04597 0.13481 0.21852 0.31096 0.44665 0.59166
66.00 1.1387493349689228 -0.81294 -0.71440 -0.52132 -0.33948 0.04916 0.13805 0.21785 0.30910 0.44374 0.59202
66.25 1.1454817383776770 -0.81233 -0.71492 -0.52261 -0.34105 0.05243 0.14135 0.21728 0.30699 0.44129 0.59243
66.50 1.1523084791052536 -0.81166 -0.71535 -0.52392 -0.34273 0.05575 0.14472 0.21682 0.30465 0.43927 0.59289
66.75 1.1592321887657087 -0.81092 -0.71568 -0.52524 -0.34451 0.05914 0.14816 0.21645 0.30210 0.43767 0.59340
67.00 1.1662555983306084
67.25 1.1733815430447392 -0.80927 -0.71604 -0.52791 -0.34838 0.06611 0.15525 0.21593 0.29651 0.43560 0.59461
67.50 1.1806129676413906 -0.80836 -0.71608 -0.52924 -0.35048 0.06969 0.15890 0.21577 0.29353 0.43509 0.59530
67.75 1.1879529318790409 -0.80740 -0.71602 -0.53056 -0.35267 0.07332 0.16262 0.21568 0.29047 0.43488 0.59607
68.00 1.1954046164231349 -0.80638 -0.71587 -0.53187 -0.35495 0.07700 0.16642 0.21566 0.28736 0.43496 0.59690
68.25 1.2029713290986654 -0.80531 -0.71561 -0.53316 -0.35731 0.08073 0.17027 0.21570 0.28424 0.43529 0.59780
68.50 1.2106565115415191 -0.80418 -0.71526 -0.53442 -0.35972 0.08449 0.17419 0.21582 0.28111 0.43585 0.59877
68.75 1.2184637462790018 -0.80300 -0.71480 -0.53566 -0.36218 0.08829 0.17815 0.21602 0.27801 0.43661 0.59980
69.00 1.2263967642726714 -0.80175 -0.71424 -0.53686 -0.36464 0.09212 0.18214 0.21631 0.27495 0.43754 0.60090
69.25 1.2344594529595776 -0.80043 -0.71357 -0.53802 -0.36709 0.09595 0.18615 0.21673 0.27195 0.43862 0.60206
69.50 1.2426558648313226
69.75 1.2509902265939778
70.00 1.2594669489559134 -0.75197 -0.69081 -0.52969 -0.35399 0.07327 0.12529 0.23653 0.26878 0.45518 0.66682
70.25 1.2680906370950717 -0.74799 -0.69028 -0.52938 -0.35881 0.06917 0.13074 0.24033 0.26719 0.45683 0.67214
70.50 1.2768661018621295 -0.75185 -0.68683 -0.53119 -0.35262 0.06880 0.13217 0.24304 0.25862 0.45815 0.66208
70.75 1.2857983717814927 -0.79038 -0.70669 -0.54396 -0.37971 0.11857 0.20644 0.22550 0.25502 0.44681 0.61012
71.00 1.2948927059181552 -0.78824 -0.70500 -0.54478 -0.38123 0.12219 0.20820 0.22895 0.25234 0.44824 0.61161
71.25 1.3041546076852373 -0.78595 -0.70316 -0.54558 -0.38256 0.12574 0.20941 0.23303 0.24968 0.44963 0.61315
71.50 1.3135898396745678 -0.78351 -0.70116 -0.54636 -0.38372 0.12923 0.21020 0.23760 0.24704 0.45097 0.61474
71.75 1.3232044396011293 -0.78093 -0.69902 -0.54716 -0.38476 0.13268 0.21063 0.24259 0.24444 0.45224 0.61640
72.00 1.3330047374615932 -0.77823 -0.69678 -0.54801 -0.38576 0.13611 0.21076 0.24187 0.24792 0.45344 0.61813
72.25 1.3429973740177321 -0.77546 -0.69446 -0.54896 -0.38686 0.13956 0.21059 0.23936 0.25353 0.45455 0.61998
72.50 1.3531893207273342 -0.77266 -0.69217 -0.55008 -0.38826 0.14313 0.21014 0.23692 0.25935 0.45564 0.62195
72.75 1.3635879012585173 -0.76995 -0.69003 -0.55143 -0.39025 0.14697 0.20936 0.23453 0.26527 0.45678 0.62406
73.00 1.3742008147382716 -0.76741 -0.68818 -0.55304 -0.39307 0.15121 0.20828 0.23212 0.27110 0.45813 0.62628
73.25 1.3850361609029067 -0.76508 -0.68673 -0.55488 -0.39678 0.15591 0.20692 0.22960 0.27671 0.45983 0.62854
73.50 1.3961024673370386 -0.76297 -0.68564 -0.55689 -0.40122 0.16098 0.20535 0.22698 0.28205 0.46192 0.63077
73.75 1.4074087190092159 -0.76101 -0.68485 -0.55902 -0.40616 0.16629 0.20363 0.22429 0.28719 0.46434 0.63295
74.00 1.4189643903365978 -0.75917 -0.68427 -0.56123 -0.41143 0.17168 0.20181 0.22163 0.29223 0.46700 0.63507
74.25 1.4307794800386300 -0.75742 -0.68384 -0.56350 -0.41693 0.17702 0.19991 0.21914 0.29721 0.46985 0.63712
74.50 1.4428645490710084 -0.75576 -0.68353 -0.56583 -0.42261 0.18214 0.19795 0.21698 0.30219 0.47283 0.63912
74.75 1.4552307619668963 -0.75415 -0.68332 -0.56823 -0.42843 0.18673 0.19593 0.21546 0.30720 0.47593 0.64107
75.00 1.4678899319530556 -0.75261 -0.68320 -0.57068 -0.43437 0.19031 0.19388 0.21508 0.31226 0.47911 0.64298
75.25 1.4808545702551064 -0.75113 -0.68314 -0.57319 -0.44042 0.19181 0.19228 0.21643 0.31738 0.48237 0.64484
75.50 1.4941379400594756 -0.74970 -0.68315 -0.57576 -0.44657 0.18971 0.19253 0.21965 0.32256 0.48570 0.64667
75.75 1.5077541156608558 -0.74832 -0.68323 -0.57840 -0.45282 0.18759 0.19151 0.22427 0.32783 0.48909 0.64845
76.00 1.5217180473945009 -0.74699 -0.68336 -0.58110 -0.45916 0.18547 0.18978 0.22976 0.33318 0.49255 0.65020
76.25 1.5360456330340897 -0.74572 -0.68355 -0.58386 -0.46559 0.18335 0.18768 0.23577 0.33862 0.49606 0.65191
76.50 1.5507537964299845 -0.74449 -0.68379 -0.58669 -0.47210 0.18123 0.18540 0.24213 0.34415 0.49963 0.65359
76.75 1.5658605742718710 -0.74331 -0.68409 -0.58959 -0.47869 0.17912 0.18303 0.24875 0.34979 0.50325 0.65524
77.00 1.5813852119866876 -0.74217 -0.68444 -0.59255 -0.48536 0.17701 0.18063 0.25557 0.35552 0.50694 0.65686
77.25 1.5973482699307082 -0.74108 -0.68484 -0.59557 -0.49211 0.17493 0.17823 0.26257 0.36136 0.51068 0.65846
77.50 1.6137717412076256 -0.74005 -0.68530 -0.59867 -0.49892 0.17286 0.17585 0.26975 0.36731 0.51449 0.66003
77.75 1.6306791826473761 -0.73905 -0.68581 -0.60183 -0.50580 0.17081 0.17350 0.27709 0.37338 0.51836 0.66159
78.00 1.6480958607190197 -0.73811 -0.68638 -0.60506 -0.51275 0.16879 0.17119 0.28458 0.37957 0.52229 0.66313
78.25 1.6660489144325314 -0.73721 -0.68700 -0.60836 -0.51975 0.16680 0.16893 0.29225 0.38589 0.52630 0.66466
78.50 1.6845675376176648 -0.73636 -0.68768 -0.61173 -0.52682 0.16483 0.16672 0.30008 0.39234 0.53039 0.66618
78.75 1.7036831833639368 -0.73556 -0.68842 -0.61517 -0.53393 0.16290 0.16456 0.30809 0.39892 0.53455 0.66770
79.00 1.7234297938777567 -0.73481 -0.68922 -0.61868 -0.54110 0.16101 0.16246 0.31628 0.40566 0.53880 0.66922
79.25 1.7438440595774944 -0.73412 -0.69007 -0.62226 -0.54831 0.15914 0.16041 0.32466 0.41255 0.54314 0.67076
79.50 1.7649657119256603 -0.73348 -0.69099 -0.62591 -0.55557 0.15732 0.15842 0.33325 0.41960 0.54757 0.67231
79.75 1.7868378553155890 -0.73289 -0.69198 -0.62963 -0.56286 0.15554 0.15648 0.34204 0.42682 0.55210 0.67389
80.00 1.8095073443210954 -0.73236 -0.69303 -0.63342 -0.57019 0.15379 0.15461 0.35105 0.43422 0.55675 0.67549
80.25 1.8330252138232914 -0.73189 -0.69415 -0.63728 -0.57755 0.15209 0.15279 0.36030 0.44181 0.56151 0.67714
80.50 1.8574471710024862 -0.73149 -0.69534 -0.64122 -0.58494 0.15043 0.15103 0.36979 0.44960 0.56639 0.67885
80.75 1.8828341599932619 -0.73115 -0.69661 -0.64522 -0.59235 0.14882 0.14932 0.37955 0.45759 0.57141 0.68061
81.00 1.9092530122354845 -0.73088 -0.69796 -0.64931 -0.59978 0.14726 0.14768 0.38958 0.46581 0.57658 0.68244
81.25 1.9367771983277440 -0.73070 -0.69939 -0.65346 -0.60722 0.14574 0.14609 0.39989 0.47427 0.58190 0.68437
81.50 1.9654877006520655 -0.73059 -0.70091 -0.65769 -0.61467 0.14426 0.14456 0.41052 0.48297 0.58739 0.68639
81.75 1.9954740303864316 -0.73057 -0.70253 -0.66200 -0.62213 0.14284 0.14308 0.42147 0.49193 0.59306 0.68853
82.00 2.0268354180156947 -0.73065 -0.70423 -0.66638 -0.62959 0.14147 0.14167 0.43276 0.50117 0.59893 0.69080
82.25 2.0596822134404817 -0.73082 -0.70604 -0.67084 -0.63705 0.14015 0.14031 0.44441 0.51071 0.60502 0.69323
82.50 2.0941375407372735 -0.73111 -0.70796 -0.67537 -0.64450 0.13888 0.13901 0.45645 0.52056 0.61134 0.69583
82.75 2.1303392641794385 -0.73151 -0.71000 -0.67999 -0.65194 0.13766 0.13776 0.46889 0.53075 0.61791 0.69863
83.00 2.1684423371644423 -0.73204 -0.71216 -0.68469 -0.65936 0.13650 0.13658 0.48176 0.54129 0.62476 0.70165
83.25 2.2086216254199424 -0.73271 -0.71444 -0.68946 -0.66676 0.13539 0.13545 0.49508 0.55222 0.63191 0.70494
83.50 2.2510753219802888 -0.73354 -0.71687 -0.69433 -0.67414 0.13433 0.13438 0.50888 0.56355 0.63939 0.70851
83.75 2.2960291063410230 -0.73453 -0.71944 -0.69927 -0.68148 0.13333 0.13337 0.52319 0.57531 0.64724 0.71241
84.00 2.3437412473608381 -0.73570 -0.72217 -0.70430 -0.68879 0.13239 0.13241 0.53804 0.58754 0.65548 0.71668
84.25 2.3945089138952178 -0.73706 -0.72507 -0.70942 -0.69607 0.13150 0.13152 0.55346 0.60027 0.66415 0.72136
84.50 2.4486760461856742 -0.73864 -0.72814 -0.71463 -0.70330 0.13067 0.13068 0.56948 0.61354 0.67331 0.72652
84.75 2.5066432657105051 -0.74045 -0.73140 -0.71993 -0.71048 0.12989 0.12990 0.58614 0.62738 0.68300 0.73221
