5 0.22474786951272291 -0.74307 -0.73635 -0.72688 -0.71826 -0.49880 -0.49879 0.60334 0.64146 0.69288 0.73834
5.25 0.23032811073355966 -0.74111 -0.73317 -0.72182 -0.71127 -0.49845 -0.49844 0.58596 0.62692 0.68253 0.73202
5.50 0.23578063841929153 -0.73941 -0.73022 -0.71688 -0.70425 -0.49803 -0.49801 0.56927 0.61299 0.67276 0.72630
5.75 0.24111432303437602 -0.73795 -0.72749 -0.71209 -0.69722 -0.49753 -0.49750 0.55321 0.59964 0.66351 0.72111
6.00 0.24633708657984518 -0.73673 -0.72498 -0.70743 -0.69017 -0.49694 -0.49690 0.53775 0.58681 0.65474 0.71638
6.25 0.25145603955751983 -0.73570 -0.72266 -0.70292 -0.68313 -0.49626 -0.49620 0.52287 0.57448 0.64640 0.71207
6.50 0.25647759350390792 -0.73487 -0.72054 -0.69855 -0.67609 -0.49548 -0.49539 0.50851 0.56261 0.63844 0.70812
6.75 0.26140755421862366 -0.73421 -0.71859 -0.69432 -0.66906 -0.49459 -0.49447 0.49466 0.55116 0.63084 0.70450
7.00 0.26625119958804888 -0.73372 -0.71682 -0.69023 -0.66207 -0.49360 -0.49342 0.48128 0.54010 0.62356 0.70116
7.25 0.27101334500631991 -0.73338 -0.71521 -0.68630 -0.65511 -0.49250 -0.49224 0.46836 0.52942 0.61657 0.69807
7.50 0.27569839872782342 -0.73317 -0.71375 -0.68250 -0.64821 -0.49128 -0.49092 0.45585 0.51909 0.60985 0.69520
7.75 0.28031040898329512 -0.73309 -0.71244 -0.67886 -0.64136 -0.48994 -0.48945 0.44375 0.50908 0.60337 0.69253
8.00 0.28485310431016619 -0.73313 -0.71126 -0.67536 -0.63460 -0.48848 -0.48781 0.43203 0.49938 0.59712 0.69003
8.25 0.28932992825516618 -0.73329 -0.71022 -0.67201 -0.62793 -0.48689 -0.48600 0.42066 0.48996 0.59107 0.68767
8.50 0.29374406938062309 -0.73354 -0.70931 -0.66880 -0.62136 -0.48518 -0.48400 0.40963 0.48082 0.58521 0.68544
8.75 0.29809848732900202 -0.73389 -0.70851 -0.66574 -0.61492 -0.48334 -0.48181 0.39891 0.47192 0.57952 0.68333
9.00 0.30239593556098865 -0.73433 -0.70782 -0.66283 -0.60862 -0.48138 -0.47941 0.38850 0.46327 0.57399 0.68130
9.25 0.30663898127202549 -0.73486 -0.70724 -0.66005 -0.60247 -0.47929 -0.47679 0.37837 0.45484 0.56861 0.67936
9.50 0.31083002290405076 -0.73547 -0.70676 -0.65741 -0.59649 -0.47708 -0.47394 0.36851 0.44662 0.56336 0.67747
9.75 0.31497130559833353 -0.73615 -0.70637 -0.65491 -0.59070 -0.47475 -0.47084 0.35890 0.43859 0.55823 0.67565
10.00 0.31906493487798943 -0.73690 -0.70608 -0.65254 -0.58511 -0.47229 -0.46750 0.34953 0.43076 0.55321 0.67386
10.25 0.32311288880213562 -0.73772 -0.70587 -0.65030 -0.57972 -0.46972 -0.46390 0.34039 0.42310 0.54830 0.67210
10.50 0.32711702879550453 -0.73861 -0.70574 -0.64819 -0.57456 -0.46704 -0.46004 0.33145 0.41561 0.54348 0.67037
10.75 0.33107910932596624 -0.73956 -0.70568 -0.64619 -0.56962 -0.46425 -0.45591 0.32272 0.40828 0.53875 0.66865
11.00 0.33500078657648524 -0.74057 -0.70570 -0.64431 -0.56490 -0.46136 -0.45152 0.31417 0.40110 0.53410 0.66693
11.25 0.33888362623650670 -0.74163 -0.70579 -0.64254 -0.56042 -0.45836 -0.44688 0.30581 0.39406 0.52953 0.66521
11.50 0.34272911051981081 -0.74275 -0.70595 -0.64088 -0.55615 -0.45527 -0.44198 0.29761 0.38715 0.52502 0.66348
11.75 0.34653864450082428 -0.74393 -0.70616 -0.63931 -0.55210 -0.45209 -0.43685 0.28956 0.38037 0.52057 0.66173
12.00 0.35031356184872481 -0.74516 -0.70644 -0.63785 -0.54826 -0.44883 -0.43150 0.28167 0.37371 0.51618 0.65996
12.25 0.35405513002798283 -0.74644 -0.70677 -0.63647 -0.54461 -0.44549 -0.42593 0.27392 0.36717 0.51183 0.65817
12.50 0.35776455502492738 -0.74777 -0.70716 -0.63518 -0.54115 -0.44207 -0.42018 0.26629 0.36073 0.50754 0.65633
12.75 0.36144298565221100 -0.74916 -0.70759 -0.63397 -0.53785 -0.43858 -0.41425 0.25880 0.35440 0.50328 0.65446
13.00 0.36509151747647400 -0.75059 -0.70807 -0.63283 -0.53471 -0.43503 -0.40816 0.25142 0.34817 0.49906 0.65255
13.25 0.36871119640886968 -0.75208 -0.70860 -0.63177 -0.53170 -0.43141 -0.40194 0.24415 0.34204 0.49487 0.65059
13.50 0.37230302199327187 -0.75361 -0.70917 -0.63078 -0.52882 -0.42774 -0.39559 0.23699 0.33600 0.49071 0.64857
13.75 0.37586795042281695 -0.75520 -0.70979 -0.62985 -0.52606 -0.42403 -0.38914 0.22993 0.33004 0.48657 0.64650
14.00 0.37940689731182314 -0.75683 -0.71044 -0.62899 -0.52339 -0.42026 -0.38260 0.22296 0.32418 0.48244 0.64438
14.25 0.38292074024700901 -0.75852 -0.71113 -0.62818 -0.52081 -0.41646 -0.37600 0.21609 0.31840 0.47833 0.64218
14.50 0.38641032113921558 -0.76026 -0.71186 -0.62742 -0.51831 -0.41262 -0.36933 0.20931 0.31271 0.47422 0.63993
14.75 0.38987644839447261 -0.76205 -0.71262 -0.62673 -0.51587 -0.40875 -0.36263 0.20262 0.30710 0.47010 0.63760
15.00 0.39331989892118169 -0.76390 -0.71341 -0.62608 -0.51349 -0.40485 -0.35591 0.19602 0.30158 0.46598 0.63521
15.25 0.39674141998838264 -0.76580 -0.71423 -0.62549 -0.51115 -0.40094 -0.34918 0.18953 0.29615 0.46182 0.63275
15.50 0.40014173094847860 -0.76777 -0.71509 -0.62495 -0.50885 -0.39701 -0.34248 0.18314 0.29082 0.45761 0.63022
15.75 0.40352152483640419 -0.76980 -0.71598 -0.62447 -0.50657 -0.39308 -0.33584 0.17688 0.28559 0.45333 0.62762
16.00 0.40688146985598445 -0.77192 -0.71690 -0.62406 -0.50430 -0.38916 -0.32930 0.17079 0.28047 0.44893 0.62497
16.25 0.41022221076315113 -0.77413 -0.71785 -0.62373 -0.50203 -0.38527 -0.32296 0.16495 0.27549 0.44435 0.62227
16.50 0.41354437015471773 -0.77648 -0.71885 -0.62350 -0.49974 -0.38143 -0.31693 0.15947 0.27067 0.43951 0.61957
16.75 0.41684854967056112 -0.77901 -0.71992 -0.62343 -0.49742 -0.37769 -0.31145 0.15457 0.26601 0.43428 0.61691
17.00 0.42013533111630319 -0.78178 -0.72108 -0.62353 -0.49509 -0.37409 -0.30678 0.15055 0.26150 0.42860 0.61437
17.25 0.42340527751290741 -0.78482 -0.72237 -0.62382 -0.49279 -0.37067 -0.30319 0.14768 0.25707 0.42250 0.61200
17.50 0.42665893407900496 -0.78808 -0.72379 -0.62425 -0.49053 -0.36740 -0.30068 0.14598 0.25262 0.41616 0.60981
17.75 0.42989682915123001 -0.79148 -0.72532 -0.62472 -0.48829 -0.36423 -0.29910 0.14525 0.24807 0.40982 0.60774
18.00 0.43311947504735931 -0.82924 -0.74267 -0.62504 -0.46831 -0.31632 -0.21602 0.10305 0.18715 0.36444 0.56483
18.25 0.43632736887662232 -0.83085 -0.74359 -0.62408 -0.46454 -0.31212 -0.22126 0.10436 0.18376 0.36198 0.56268
18.50 0.43952099330116196 -0.83264 -0.74458 -0.62322 -0.46086 -0.30851 -0.22639 0.10632 0.18049 0.35951 0.56033
18.75 0.44270081725227745 -0.83460 -0.74564 -0.62245 -0.45731 -0.30559 -0.23132 0.10897 0.17736 0.35706 0.55777
19.00 0.44586729660476643 -0.83673 -0.74677 -0.62177 -0.45389 -0.30346 -0.23596 0.11233 0.17439 0.35467 0.55497
19.25 0.44902087481240505 -0.83903 -0.74798 -0.62116 -0.45063 -0.30220 -0.24019 0.11639 0.17167 0.35235 0.55189
19.50 0.45216198350734593 -0.84153 -0.74926 -0.62062 -0.44757 -0.30189 -0.24394 0.12117 0.16930 0.35016 0.54847
19.75 0.45529104306598517 -0.81815 -0.73851 -0.62671 -0.46824 -0.33820 -0.30382 0.15530 0.20909 0.36720 0.59113
20.00 0.45840846314364242 -0.84784 -0.75201 -0.61980 -0.44301 -0.30431 -0.25055 0.13366 0.16813 0.34636 0.53901
20.25 0.46151464318020630
20.50 0.46460997287872730 -0.82721 -0.74337 -0.62651 -0.45966 -0.32811 -0.31074 0.16238 0.19513 0.35622 0.58424
20.75 0.46769483265878409 -0.83011 -0.74497 -0.62638 -0.45676 -0.32484 -0.31353 0.16492 0.19081 0.35330 0.58186
21.00 0.47076959408630886 -0.83294 -0.74656 -0.62622 -0.45385 -0.32165 -0.31653 0.16748 0.18669 0.35078 0.57943
21.25 0.47383462028142359 -0.83572 -0.74814 -0.62604 -0.45095 -0.31971 -0.31857 0.17004 0.18280 0.34868 0.57697
21.50 0.47689026630572684 -0.83844 -0.74970 -0.62584 -0.44806 -0.32306 -0.31561 0.17255 0.17915 0.34702 0.57448
21.75 0.47993687953036013 -0.84110 -0.75126 -0.62562 -0.44517 -0.32654 -0.31280 0.17498 0.17574 0.34582 0.57197
22.00 0.48297479998608267 -0.84370 -0.75281 -0.62538 -0.44230 -0.33014 -0.31013 0.17259 0.17728 0.34510 0.56943
22.25 0.48600436069649899 -0.84623 -0.75434 -0.62511 -0.43943 -0.33383 -0.30764 0.16969 0.17941 0.34488 0.56689
22.50 0.48902588799549546 -0.84870 -0.75587 -0.62482 -0.43658 -0.33758 -0.30531 0.16704 0.18133 0.34516 0.56434
22.75 0.49203970182987000 -0.85112 -0.75738 -0.62448 -0.43372 -0.34138 -0.30315 0.16463 0.18301 0.34596 0.56179
23.00 0.49504611604806875 -0.85347 -0.75888 -0.62411 -0.43086 -0.34519 -0.30117 0.16246 0.18443 0.34727 0.55924
23.25 0.49804543867587991 -0.85576 -0.76037 -0.62369 -0.42801 -0.34899 -0.29937 0.16051 0.18557 0.34910 0.55671
23.50 0.50103797217987622 -0.85799 -0.76185 -0.62323 -0.42515 -0.35277 -0.29774 0.15878 0.18642 0.35142 0.55419
23.75 0.50402401371934424 -0.86017 -0.76332 -0.62271 -0.42231 -0.35650 -0.29628 0.15725 0.18699 0.35422 0.55169
24.00 0.50700385538738835 -0.86229 -0.76477 -0.62213 -0.41948 -0.36015 -0.29499 0.15592 0.18728 0.35749 0.54921
24.25 0.50997778444185260 -0.86436 -0.76621 -0.62150 -0.41671 -0.36369 -0.29387 0.15479 0.18730 0.36118 0.54677
24.50 0.51294608352666027 -0.86638 -0.76764 -0.62080 -0.41402 -0.36708 -0.29292 0.15385 0.18709 0.36528 0.54436
24.75 0.51590903088413309 -0.86834 -0.76905 -0.62005 -0.41149 -0.37024 -0.29214 0.15309 0.18666 0.36976 0.54199
25.00 0.51886690055881535 -0.87025 -0.77044 -0.61925 -0.40920 -0.37309 -0.29154 0.15253 0.18605 0.37459 0.53968
25.25 0.52181996259329522 -0.87209 -0.77180 -0.61840 -0.40729 -0.37550 -0.29113 0.15217 0.18528 0.37976 0.53744
25.50 0.52476848321648584 -0.87386 -0.77314 -0.61753 -0.40595 -0.37731 -0.29092 0.15201 0.18438 0.38526 0.53529
25.75 0.52771272502479782 -0.87555 -0.77444 -0.61665 -0.40534 -0.37837 -0.29094 0.15207 0.18339 0.39108 0.53325
26.00 0.53065294715660993 -0.87711 -0.77568 -0.61579 -0.40550 -0.37867 -0.29120 0.15236 0.18233 0.39724 0.53135
26.25 0.53358940546042311 -0.87852 -0.77686 -0.61498 -0.40631 -0.37837 -0.29171 0.15288 0.18124 0.40376 0.52964
26.50 0.53652235265705239 -0.87975 -0.77797 -0.61424 -0.40754 -0.37773 -0.29250 0.15363 0.18013 0.41064 0.52813
26.75 0.53945203849620049 -0.88076 -0.77899 -0.61359 -0.40891 -0.37703 -0.29355 0.15459 0.17902 0.41793 0.52684
27.00 0.54237870990772830 -0.88153 -0.77995 -0.61304 -0.41025 -0.37644 -0.29483 0.15573 0.17792 0.42560 0.52574
27.25 0.54530261114792489 -0.88208 -0.78085 -0.61254 -0.41145 -0.37606 -0.29630 0.15703 0.17683 0.43363 0.52478
27.50 0.54822398394106098 -0.88243 -0.78172 -0.61207 -0.41247 -0.37587 -0.29789 0.15844 0.17574 0.44200 0.52392
27.75 0.55114306761649301 -0.88260 -0.78257 -0.61160 -0.41332 -0.37584 -0.29957 0.15995 0.17466 0.45067 0.52308
28.00 0.55406009924157285 -0.88262 -0.78343 -0.61108 -0.41405 -0.37591 -0.30130 0.16153 0.17360 0.45959 0.52223
28.25 0.55697531375060216 -0.88253 -0.78430 -0.61050 -0.41470 -0.37602 -0.30304 0.16316 0.17255 0.46874 0.52133
28.50 0.55988894407005929 -0.88234 -0.78520 -0.60982 -0.41534 -0.37610 -0.30477 0.16485 0.17154 0.47810 0.52035
28.75 0.56280122124031395 -0.88209 -0.78613 -0.60904 -0.41604 -0.37610 -0.30648 0.16660 0.17059 0.48765 0.51927
29.00 0.56571237453403433 -0.88179 -0.78710 -0.60815 -0.41686 -0.37595 -0.30816 0.16840 0.16970 0.49738 0.51809
29.25 0.56862263157148163 -0.88147 -0.78811 -0.60713 -0.41788 -0.37563 -0.30980 0.16890 0.17026 0.50727 0.51678
29.50 0.57153221843287527 -0.88115 -0.78916 -0.60599 -0.41916 -0.37509 -0.31138 0.16821 0.17220 0.51536 0.51730
29.75 0.57444135976800692 -0.88088 -0.79024 -0.60475 -0.42075 -0.37433 -0.31290 0.16764 0.17423 0.51382 0.52744
30.00 0.57735027890326807 -0.88068 -0.79134 -0.60342 -0.42264 -0.37335 -0.31436 0.16719 0.17638 0.51216 0.53764
30.25 0.58025919794625369 -0.88060 -0.79245 -0.60205 -0.42484 -0.37221 -0.31577 0.16685 0.17865 0.51041 0.54781
30.50 0.58316833788809341 -0.88067 -0.79355 -0.60068 -0.42725 -0.37097 -0.31713 0.16662 0.18107 0.50860 0.55787
30.75 0.58607791870365555 -0.88090 -0.79460 -0.59937 -0.42978 -0.36973 -0.31847 0.16644 0.18364 0.50676 0.56775
31.00 0.58898815944976501 -0.88128 -0.79561 -0.59814 -0.43234 -0.36856 -0.31981 0.16629 0.18634 0.50491 0.57738
31.25 0.59189927836156764 -0.88178 -0.79657 -0.59701 -0.43484 -0.36748 -0.32116 0.16613 0.18917 0.50310 0.58677
31.50 0.59481149294717062 -0.88238 -0.79748 -0.59598 -0.43726 -0.36650 -0.32254 0.16594 0.19209 0.50131 0.59592
31.75 0.59772502008068074 -0.88304 -0.79833 -0.59505 -0.43957 -0.36563 -0.32395 0.16573 0.19509 0.49957 0.60487
32.00 0.60064007609376124 -0.88375 -0.79915 -0.59419 -0.44177 -0.36485 -0.32539 0.16547 0.19815 0.49786 0.61363
32.25 0.60355687686581816 -0.88449 -0.79992 -0.59341 -0.44388 -0.36414 -0.32684 0.16517 0.20124 0.49619 0.62225
32.50 0.60647563791293169 -0.88524 -0.80066 -0.59269 -0.44589 -0.36348 -0.32831 0.16484 0.20437 0.49454 0.63073
32.75 0.60939657447563289 -0.88600 -0.80138 -0.59201 -0.44782 -0.36286 -0.32979 0.16447 0.20751 0.49293 0.63910
33.00 0.61231990160563299 -0.88676 -0.80206 -0.59138 -0.44968 -0.36228 -0.33127 0.16408 0.21067 0.49133 0.64737
33.25 0.61524583425160395 -0.88751 -0.80272 -0.59078 -0.45147 -0.36173 -0.33275 0.16365 0.21383 0.48975 0.65555
33.50 0.61817458734410646 -0.88826 -0.80336 -0.59021 -0.45320 -0.36119 -0.33422 0.16321 0.21699 0.48819 0.66364
33.75 0.62110637587975959 -0.88899 -0.80398 -0.58966 -0.45487 -0.36067 -0.33568 0.16274 0.22015 0.48665 0.67164
34.00 0.62404141500474464 -0.88971 -0.80458 -0.58914 -0.45649 -0.36017 -0.33713 0.16226 0.22330 0.48511 0.67955
34.25 0.62697992009773107 -0.89042 -0.80515 -0.58864 -0.45806 -0.35967 -0.33857 0.16177 0.22643 0.48359 0.68738
34.50 0.62992210685231265 -0.89111 -0.80571 -0.58815 -0.45958 -0.35919 -0.33998 0.16126 0.22956 0.48208 0.69513
34.75 0.63286819135903882 -0.89178 -0.80626 -0.58768 -0.46106 -0.35871 -0.34138 0.16074 0.23266 0.48057 0.70279
35.00 0.63581839018712483 -0.89244 -0.80678 -0.58723 -0.46249 -0.35824 -0.34276 0.16022 0.23574 0.47908 0.71035
35.25 0.63877292046592293 -0.89308 -0.80729 -0.58678 -0.46388 -0.35777 -0.34411 0.15969 0.23881 0.47759 0.71782
35.50 0.64173199996623487 -0.89371 -0.80778 -0.58635 -0.46522 -0.35731 -0.34545 0.15915 0.24185 0.47611 0.72519
35.75 0.64469584718154593 -0.89431 -0.80826 -0.58593 -0.46653 -0.35685 -0.34675 0.15861 0.24486 0.47464 0.73246
36.00 0.64766468140925815 -0.89490 -0.80872 -0.58551 -0.46779 -0.35640 -0.34803 0.15807 0.24784 0.47317 0.73963
36.25 0.65063872283200119 -0.89548 -0.80917 -0.58511 -0.46902 -0.35596 -0.34929 0.15754 0.25079 0.47172 0.74668
36.50 0.65361819259909770 -0.89603 -0.80960 -0.58472 -0.47020 -0.35552 -0.35051 0.15700 0.25371 0.47027 0.75361
36.75 0.65660331290825846 -0.89657 -0.81001 -0.58433 -0.47135 -0.35509 -0.35171 0.15646 0.25659 0.46882 0.76043
37.00 0.65959430708758449 -0.89709 -0.81042 -0.58396 -0.47246 -0.35466 -0.35288 0.15593 0.25943 0.46739 0.76712
37.25 0.66259139967795155 -0.89759 -0.81081 -0.58359 -0.47353 -0.35424 -0.35402 0.15541 0.26224 0.46597 0.77367
37.50 0.66559481651585173 -0.89808 -0.81118 -0.58323 -0.47456 -0.35513 -0.35383 0.15489 0.26500 0.46455 0.78009
37.75 0.66860478481676788 -0.89855 -0.81154 -0.58287 -0.47555 -0.35621 -0.35342 0.15437 0.26772 0.46315 0.78637
38.00 0.67162153325915808 -0.89900 -0.81189 -0.58253 -0.47651 -0.35726 -0.35302 0.15387 0.27040 0.46176 0.79250
38.25 0.67464529206912238 -0.89943 -0.81223 -0.58219 -0.47743 -0.35828 -0.35263 0.15337 0.27303 0.46038 0.79848
38.50 0.67767629310583211 -0.89985 -0.81255 -0.58187 -0.47831 -0.35927 -0.35225 0.15288 0.27560 0.45902 0.80430
38.75 0.68071476994779589 -0.90025 -0.81286 -0.58155 -0.47916 -0.36022 -0.35187 0.15241 0.27812 0.45767 0.80995
39.00 0.68376095798003989 -0.90063 -0.81315 -0.58124 -0.47997 -0.36114 -0.35151 0.15194 0.28059 0.45634 0.81544
39.25 0.68681509448228206 -0.90100 -0.81344 -0.58094 -0.48074 -0.36202 -0.35115 0.15148 0.28300 0.45503 0.82075
39.50 0.68987741871817743 -0.90135 -0.81371 -0.58064 -0.48148 -0.36288 -0.35081 0.15104 0.28534 0.45375 0.82588
39.75 0.69294817202571524 -0.90168 -0.81396 -0.58036 -0.48219 -0.36369 -0.35047 0.15061 0.28762 0.45248 0.83083
40.00 0.69602759790885060 -0.90200 -0.81421 -0.58009 -0.48285 -0.36448 -0.35015 0.15020 0.28984 0.45124 0.83558
40.25 0.69911594213045092 -0.90230 -0.81444 -0.57983 -0.48349 -0.36523 -0.34984 0.14980 0.29198 0.45003 0.84014
40.50 0.70221345280664171 -0.90258 -0.81466 -0.57958 -0.48409 -0.36594 -0.34954 0.14942 0.29405 0.44885 0.84450
40.75 0.70532038050263912 -0.90285 -0.81487 -0.57933 -0.48465 -0.36662 -0.34925 0.14905 0.29603 0.44771 0.84865
41.00 0.70843697833015451 -0.90310 -0.81507 -0.57910 -0.48518 -0.36726 -0.34898 0.14870 0.29794 0.44660 0.85259
41.25 0.71156350204645979 -0.90334 -0.81525 -0.57889 -0.48568 -0.36786 -0.34872 0.14837 0.29976 0.44553 0.85632
41.50 0.71470021015520846 -0.90356 -0.81542 -0.57868 -0.48614 -0.36843 -0.34848 0.14805 0.30149 0.44451 0.85983
41.75 0.71784736400909988 -0.90377 -0.81558 -0.57849 -0.48657 -0.36896 -0.34825 0.14775 0.30313 0.44354 0.86312
42.00 0.72100522791448773 -0.90396 -0.81573 -0.57830 -0.48697 -0.36945 -0.34803 0.14748 0.30467 0.44261 0.86618
42.25 0.72417406923802852 -0.90413 -0.81586 -0.57814 -0.48734 -0.36990 -0.34783 0.14722 0.30611 0.44174 0.86901
42.50 0.72735415851547003 -0.90429 -0.81599 -0.57798 -0.48767 -0.37032 -0.34765 0.14698 0.30743 0.44093 0.87160
42.75 0.73054576956268569 -0.90443 -0.81610 -0.57784 -0.48797 -0.37070 -0.34748 0.14677 0.30865 0.44019 0.87396
43.00 0.73374917958905994 -0.90456 -0.81620 -0.57771 -0.48824 -0.37104 -0.34733 0.14657 0.30975 0.43951 0.87608
43.25 0.73696466931333482 -0.90467 -0.81629 -0.57760 -0.48847 -0.37133 -0.34719 0.14640 0.31074 0.43890 0.87796
43.50 0.74019252308203054 -0.90477 -0.81636 -0.57750 -0.48868 -0.37159 -0.34708 0.14625 0.31160 0.43836 0.87959
43.75 0.74343302899055930 -0.90485 -0.81643 -0.57742 -0.48885 -0.37181 -0.34698 0.14613 0.31233 0.43790 0.88097
44.00 0.74668647900714824 -0.90492 -0.81648 -0.57735 -0.48899 -0.37199 -0.34689 0.14602 0.31294 0.43752 0.88210
44.25 0.74995316909970178 -0.90497 -0.81652 -0.57729 -0.48910 -0.37213 -0.34683 0.14594 0.31341 0.43722 0.88299
44.50 0.75323339936572720 -0.90501 -0.81655 -0.57725 -0.48918 -0.37223 -0.34678 0.14588 0.31375 0.43701 0.88362
44.75 0.75652747416546084 -0.90503 -0.81657 -0.57723 -0.48922 -0.37230 -0.34676 0.14585 0.31396 0.43688 0.88400
45.00 0.75983570225832975 -0.90504 -0.81658 -0.57722 -0.48924 -0.37232 -0.34675 0.14583 0.31403 0.43683 0.88412
45.25 0.76315839694289456 -0.90503 -0.81657 -0.57723 -0.48922 -0.37230 -0.34676 0.14585 0.31396 0.43688 0.88400
45.50 0.76649587620041937 -0.90501 -0.81655 -0.57725 -0.48918 -0.37223 -0.34678 0.14588 0.31375 0.43701 0.88362
45.75 0.76984846284222430 -0.90497 -0.81652 -0.57729 -0.48910 -0.37213 -0.34683 0.14594 0.31341 0.43722 0.88299
46.00 0.77321648466098036 -0.90492 -0.81648 -0.57735 -0.48899 -0.37199 -0.34689 0.14602 0.31294 0.43752 0.88210
46.25 0.77660027458611014 -0.90485 -0.81643 -0.57742 -0.48885 -0.37181 -0.34698 0.14613 0.31233 0.43790 0.88097
46.50 0.78000017084346973 -0.90477 -0.81636 -0.57750 -0.48868 -0.37159 -0.34708 0.14625 0.31160 0.43836 0.87959
46.75 0.78341651711948912 -0.90467 -0.81629 -0.57760 -0.48847 -0.37133 -0.34719 0.14640 0.31074 0.43890 0.87796
47.00 0.78684966272995749 -0.90456 -0.81620 -0.57771 -0.48824 -0.37104 -0.34733 0.14657 0.30975 0.43951 0.87608
47.25 0.79029996279364645 -0.90443 -0.81610 -0.57784 -0.48797 -0.37070 -0.34748 0.14677 0.30865 0.44019 0.87396
47.50 0.79376777841097601 -0.90429 -0.81599 -0.57798 -0.48767 -0.37032 -0.34765 0.14698 0.30743 0.44093 0.87160
47.75 0.79725347684792980 -0.90413 -0.81586 -0.57814 -0.48734 -0.36990 -0.34783 0.14722 0.30611 0.44174 0.86901
48.00 0.80075743172543956 -0.90396 -0.81573 -0.57830 -0.48697 -0.36945 -0.34803 0.14748 0.30467 0.44261 0.86618
48.25 0.80428002321446923 -0.90377 -0.81558 -0.57849 -0.48657 -0.36896 -0.34825 0.14775 0.30313 0.44354 0.86312
48.50 0.80782163823703412 -0.90356 -0.81542 -0.57868 -0.48614 -0.36843 -0.34848 0.14805 0.30149 0.44451 0.85983
48.75 0.81138267067340353 -0.90334 -0.81525 -0.57889 -0.48568 -0.36786 -0.34872 0.14837 0.29976 0.44553 0.85632
49.00 0.81496352157574936 -0.90310 -0.81507 -0.57910 -0.48518 -0.36726 -0.34898 0.14870 0.29794 0.44660 0.85259
49.25 0.81856459938850701 -0.90285 -0.81487 -0.57933 -0.48465 -0.36662 -0.34925 0.14905 0.29603 0.44771 0.84865
49.50 0.82218632017573356 -0.90258 -0.81466 -0.57958 -0.48409 -0.36594 -0.34954 0.14942 0.29405 0.44885 0.84450
49.75 0.82582910785575958 -0.90230 -0.81444 -0.57983 -0.48349 -0.36523 -0.34984 0.14980 0.29198 0.45003 0.84014
50.00 0.82949339444344139 -0.90200 -0.81421 -0.58009 -0.48285 -0.36448 -0.35015 0.15020 0.28984 0.45124 0.83558
50.25 0.83317962030033754 -0.90168 -0.81396 -0.58036 -0.48219 -0.36369 -0.35047 0.15061 0.28762 0.45248 0.83083
50.50 0.83688823439314863 -0.90135 -0.81371 -0.58064 -0.48148 -0.36288 -0.35081 0.15104 0.28534 0.45375 0.82588
50.75 0.84061969456077290 -0.90100 -0.81344 -0.58094 -0.48074 -0.36202 -0.35115 0.15148 0.28300 0.45503 0.82075
51.00 0.84437446779034697 -0.90063 -0.81315 -0.58124 -0.47997 -0.36114 -0.35151 0.15194 0.28059 0.45634 0.81544
51.25 0.84815303050266300 -0.90025 -0.81286 -0.58155 -0.47916 -0.36022 -0.35187 0.15241 0.27812 0.45767 0.80995
51.50 0.85195586884736429 -0.89985 -0.81255 -0.58187 -0.47831 -0.35927 -0.35225 0.15288 0.27560 0.45902 0.80430
51.75 0.85578347900834917 -0.89943 -0.81223 -0.58219 -0.47743 -0.35828 -0.35263 0.15337 0.27303 0.46038 0.79848
52.00 0.85963636751982619 -0.89900 -0.81189 -0.58253 -0.47651 -0.35726 -0.35302 0.15387 0.27040 0.46176 0.79250
52.25 0.86351505159349251 -0.89855 -0.81154 -0.58287 -0.47555 -0.35621 -0.35342 0.15437 0.26772 0.46315 0.78637
52.50 0.86742005945732381 -0.89808 -0.81118 -0.58323 -0.47456 -0.35513 -0.35383 0.15489 0.26500 0.46455 0.78009
52.75 0.87135193070649397 -0.89759 -0.81081 -0.58359 -0.47353 -0.35424 -0.35402 0.15541 0.26224 0.46597 0.77367
53.00 0.87531121666696521 -0.89709 -0.81042 -0.58396 -0.47246 -0.35466 -0.35288 0.15593 0.25943 0.46739 0.76712
53.25 0.87929848077231665 -0.89657 -0.81001 -0.58433 -0.47135 -0.35509 -0.35171 0.15646 0.25659 0.46882 0.76043
53.50 0.88331429895441260 -0.89603 -0.80960 -0.58472 -0.47020 -0.35552 -0.35051 0.15700 0.25371 0.47027 0.75361
53.75 0.88735926004853483 -0.89548 -0.80917 -0.58511 -0.46902 -0.35596 -0.34929 0.15754 0.25079 0.47172 0.74668
54.00 0.89143396621364279 -0.89490 -0.80872 -0.58551 -0.46779 -0.35640 -0.34803 0.15807 0.24784 0.47317 0.73963
54.25 0.89553903336845653 -0.89431 -0.80826 -0.58593 -0.46653 -0.35685 -0.34675 0.15861 0.24486 0.47464 0.73246
54.50 0.89967509164409376 -0.89371 -0.80778 -0.58635 -0.46522 -0.35731 -0.34545 0.15915 0.24185 0.47611 0.72519
54.75 0.90384278585403033 -0.89308 -0.80729 -0.58678 -0.46388 -0.35777 -0.34411 0.15969 0.23881 0.47759 0.71782
55.00 0.90804277598219907 -0.89244 -0.80678 -0.58723 -0.46249 -0.35824 -0.34276 0.16022 0.23574 0.47908 0.71035
55.25 0.91227573769007742 -0.89178 -0.80626 -0.58768 -0.46106 -0.35871 -0.34138 0.16074 0.23266 0.48057 0.70279
55.50 0.91654236284366797 -0.89111 -0.80571 -0.58815 -0.45958 -0.35919 -0.33998 0.16126 0.22956 0.48208 0.69513
55.75 0.92084336006132139 -0.89042 -0.80515 -0.58864 -0.45806 -0.35967 -0.33857 0.16177 0.22643 0.48359 0.68738
56.00 0.92517945528340284 -0.88971 -0.80458 -0.58914 -0.45649 -0.36017 -0.33713 0.16226 0.22330 0.48511 0.67955
56.25 0.92955139236486140 -0.88899 -0.80398 -0.58966 -0.45487 -0.36067 -0.33568 0.16274 0.22015 0.48665 0.67164
56.50 0.93395993369181618 -0.88826 -0.80336 -0.59021 -0.45320 -0.36119 -0.33422 0.16321 0.21699 0.48819 0.66364
56.75 0.93840586082334254 -0.88751 -0.80272 -0.59078 -0.45147 -0.36173 -0.33275 0.16365 0.21383 0.48975 0.65555
57.00 0.94288997515969897 -0.88676 -0.80206 -0.59138 -0.44968 -0.36228 -0.33127 0.16408 0.21067 0.49133 0.64737
57.25 0.94741309863831702 -0.88600 -0.80138 -0.59201 -0.44782 -0.36286 -0.32979 0.16447 0.20751 0.49293 0.63910
57.50 0.95197607445894206 -0.88524 -0.80066 -0.59269 -0.44589 -0.36348 -0.32831 0.16484 0.20437 0.49454 0.63073
57.75 0.95657976783940157 -0.88449 -0.79992 -0.59341 -0.44388 -0.36414 -0.32684 0.16517 0.20124 0.49619 0.62225
58.00 0.96122506680355879 -0.88375 -0.79915 -0.59419 -0.44177 -0.36485 -0.32539 0.16547 0.19815 0.49786 0.61363
58.25 0.96591288300310196 -0.88304 -0.79833 -0.59505 -0.43957 -0.36563 -0.32395 0.16573 0.19509 0.49957 0.60487
58.50 0.97064415257492132 -0.88238 -0.79748 -0.59598 -0.43726 -0.36650 -0.32254 0.16594 0.19209 0.50131 0.59592
58.75 0.97541983703592194 -0.88178 -0.79657 -0.59701 -0.43484 -0.36748 -0.32116 0.16613 0.18917 0.50310 0.58677
59.00 0.98024092421724396 -0.88128 -0.79561 -0.59814 -0.43234 -0.36856 -0.31981 0.16629 0.18634 0.50491 0.57738
59.25 0.98510842923997155 -0.88090 -0.79460 -0.59937 -0.42978 -0.36973 -0.31847 0.16644 0.18364 0.50676 0.56775
59.50 0.99002339553454166 -0.88067 -0.79355 -0.60068 -0.42725 -0.37097 -0.31713 0.16662 0.18107 0.50860 0.55787
59.75 0.99498689590620693 -0.88060 -0.79245 -0.60205 -0.42484 -0.37221 -0.31577 0.16685 0.17865 0.51041 0.54781
60.00 1.0000000336490449 -0.88068 -0.79134 -0.60342 -0.42264 -0.37335 -0.31436 0.16719 0.17638 0.51216 0.53764
60.25 1.0050639437111659 -0.88088 -0.79024 -0.60475 -0.42075 -0.37433 -0.31290 0.16764 0.17423 0.51382 0.52744
60.50 1.0101797939139427 -0.88115 -0.78916 -0.60599 -0.41916 -0.37509 -0.31138 0.16821 0.17220 0.51536 0.51730
60.75 1.0153487862282633 -0.88147 -0.78811 -0.60713 -0.41788 -0.37563 -0.30980 0.16890 0.17026 0.50727 0.51678
61.00 1.0205721581109972 -0.88179 -0.78710 -0.60815 -0.41686 -0.37595 -0.30816 0.16840 0.16970 0.49738 0.51809
61.25 1.0258511839050852 -0.88209 -0.78613 -0.60904 -0.41604 -0.37610 -0.30648 0.16660 0.17059 0.48765 0.51927
61.50 1.0311871763068714 -0.88234 -0.78520 -0.60982 -0.41534 -0.37610 -0.30477 0.16485 0.17154 0.47810 0.52035
61.75 1.0365814879045478 -0.88253 -0.78430 -0.61050 -0.41470 -0.37602 -0.30304 0.16316 0.17255 0.46874 0.52133
62.00 1.0420355127918348 -0.88262 -0.78343 -0.61108 -0.41405 -0.37591 -0.30130 0.16153 0.17360 0.45959 0.52223
62.25 1.0475506882612993 -0.88260 -0.78257 -0.61160 -0.41332 -0.37584 -0.29957 0.15995 0.17466 0.45067 0.52308
62.50 1.0531284965820111 -0.88243 -0.78172 -0.61207 -0.41247 -0.37587 -0.29789 0.15844 0.17574 0.44200 0.52392
62.75 1.0587704668665670 -0.88208 -0.78085 -0.61254 -0.41145 -0.37606 -0.29630 0.15703 0.17683 0.43363 0.52478
63.00 1.0644781770328475 -0.88153 -0.77995 -0.61304 -0.41025 -0.37644 -0.29483 0.15573 0.17792 0.42560 0.52574
63.25 1.0702532558662603 -0.88076 -0.77899 -0.61359 -0.40891 -0.37703 -0.29355 0.15459 0.17902 0.41793 0.52684
63.50 1.0760973851886237 -0.87975 -0.77797 -0.61424 -0.40754 -0.37773 -0.29250 0.15363 0.18013 0.41064 0.52813
63.75 1.0820123021402799 -0.87852 -0.77686 -0.61498 -0.40631 -0.37837 -0.29171 0.15288 0.18124 0.40376 0.52964
64.00 1.0879998015825072 -0.87711 -0.77568 -0.61579 -0.40550 -0.37867 -0.29120 0.15236 0.18233 0.39724 0.53135
64.25 1.0940617386278098 -0.87555 -0.77444 -0.61665 -0.40534 -0.37837 -0.29094 0.15207 0.18339 0.39108 0.53325
64.50 1.1002000313062268 -0.87386 -0.77314 -0.61753 -0.40595 -0.37731 -0.29092 0.15201 0.18438 0.38526 0.53529
64.75 1.1064166633763877 -0.87209 -0.77180 -0.61840 -0.40729 -0.37550 -0.29113 0.15217 0.18528 0.37976 0.53744
65.00 1.1127136872907215 -0.87025 -0.77044 -0.61925 -0.40920 -0.37309 -0.29154 0.15253 0.18605 0.37459 0.53968
65.25 1.1190932273249123 -0.86834 -0.76905 -0.62005 -0.41149 -0.37024 -0.29214 0.15309 0.18666 0.36976 0.54199
65.50 1.1255574828824770 -0.86638 -0.76764 -0.62080 -0.41402 -0.36708 -0.29292 0.15385 0.18709 0.36528 0.54436
65.75 1.1321087319861824 -0.86436 -0.76621 -0.62150 -0.41671 -0.36369 -0.29387 0.15479 0.18730 0.36118 0.54677
66.00 1.1387493349689228 -0.86229 -0.76477 -0.62213 -0.41948 -0.36015 -0.29499 0.15592 0.18728 0.35748 0.54921
66.25 1.1454817383776770 -0.86017 -0.76332 -0.62271 -0.42231 -0.35650 -0.29628 0.15725 0.18699 0.35422 0.55169
66.50 1.1523084791052536 -0.85799 -0.76185 -0.62323 -0.42515 -0.35277 -0.29774 0.15878 0.18642 0.35142 0.55419
66.75 1.1592321887657087 -0.85576 -0.76037 -0.62369 -0.42801 -0.34899 -0.29937 0.16051 0.18557 0.34910 0.55671
67.00 1.1662555983306084
67.25 1.1733815430447392 -0.85112 -0.75738 -0.62448 -0.43372 -0.34138 -0.30315 0.16463 0.18301 0.34596 0.56179
67.50 1.1806129676413906 -0.84870 -0.75587 -0.62482 -0.43658 -0.33758 -0.30531 0.16704 0.18133 0.34516 0.56434
67.75 1.1879529318790409 -0.84623 -0.75434 -0.62511 -0.43943 -0.33383 -0.30764 0.16969 0.17941 0.34488 0.56689
68.00 1.1954046164231349 -0.84370 -0.75281 -0.62538 -0.44230 -0.33014 -0.31013 0.17259 0.17728 0.34510 0.56943
68.25 1.2029713290986654 -0.84110 -0.75126 -0.62562 -0.44517 -0.32654 -0.31280 0.17498 0.17574 0.34582 0.57197
68.50 1.2106565115415191 -0.83844 -0.74970 -0.62584 -0.44806 -0.32306 -0.31561 0.17255 0.17915 0.34702 0.57448
68.75 1.2184637462790018 -0.83572 -0.74814 -0.62604 -0.45095 -0.31971 -0.31857 0.17004 0.18280 0.34868 0.57697
69.00 1.2263967642726714 -0.83294 -0.74656 -0.62622 -0.45385 -0.32165 -0.31653 0.16748 0.18669 0.35078 0.57943
69.25 1.2344594529595776 -0.83011 -0.74497 -0.62638 -0.45676 -0.32484 -0.31353 0.16492 0.19081 0.35330 0.58186
69.50 1.2426558648313226
69.75 1.2509902265939778
70.00 1.2594669489559134 -0.84999 -0.75214 -0.62009 -0.44553 -0.30437 -0.25309 0.13784 0.17287 0.34648 0.53508
70.25 1.2680906370950717 -0.85002 -0.75101 -0.62095 -0.45131 -0.30280 -0.25433 0.13989 0.17770 0.34812 0.53458
70.50 1.2768661018621295 -0.84153 -0.74926 -0.62062 -0.44757 -0.30189 -0.24394 0.12117 0.16930 0.35016 0.54847
70.75 1.2857983717814927 -0.81181 -0.73521 -0.62661 -0.47373 -0.34494 -0.30056 0.15125 0.21891 0.37619 0.59548
71.00 1.2948927059181552 -0.80854 -0.73355 -0.62647 -0.47637 -0.34826 -0.29938 0.14950 0.22388 0.38113 0.59759
71.25 1.3041546076852373 -0.80522 -0.73189 -0.62625 -0.47891 -0.35154 -0.29852 0.14798 0.22884 0.38636 0.59967
71.50 1.3135898396745678 -0.80183 -0.73022 -0.62597 -0.48137 -0.35476 -0.29802 0.14672 0.23377 0.39186 0.60170
71.75 1.3232044396011293 -0.79840 -0.72856 -0.62561 -0.48374 -0.35794 -0.29790 0.14578 0.23863 0.39761 0.60372
72.00 1.3330047374615932 -0.79494 -0.72692 -0.62519 -0.48604 -0.36109 -0.29822 0.14525 0.24341 0.40361 0.60572
72.25 1.3429973740177321 -0.79148 -0.72532 -0.62472 -0.48829 -0.36423 -0.29910 0.14525 0.24807 0.40982 0.60774
72.50 1.3531893207273342 -0.78808 -0.72379 -0.62425 -0.49053 -0.36740 -0.30068 0.14598 0.25262 0.41616 0.60981
72.75 1.3635879012585173 -0.78482 -0.72237 -0.62382 -0.49279 -0.37067 -0.30319 0.14768 0.25707 0.42250 0.61200
73.00 1.3742008147382716 -0.78178 -0.72108 -0.62353 -0.49509 -0.37409 -0.30678 0.15055 0.26150 0.42860 0.61437
73.25 1.3850361609029067 -0.77901 -0.71992 -0.62343 -0.49742 -0.37769 -0.31145 0.15457 0.26601 0.43428 0.61691
73.50 1.3961024673370386 -0.77648 -0.71885 -0.62350 -0.49974 -0.38143 -0.31693 0.15947 0.27067 0.43951 0.61957
73.75 1.4074087190092159 -0.77413 -0.71785 -0.62373 -0.50203 -0.38527 -0.32296 0.16495 0.27549 0.44435 0.62227
74.00 1.4189643903365978 -0.77192 -0.71690 -0.62406 -0.50430 -0.38916 -0.32930 0.17079 0.28047 0.44893 0.62497
74.25 1.4307794800386300 -0.76980 -0.71598 -0.62447 -0.50657 -0.39308 -0.33584 0.17688 0.28559 0.45333 0.62762
74.50 1.4428645490710084 -0.76777 -0.71509 -0.62495 -0.50885 -0.39701 -0.34248 0.18314 0.29082 0.45761 0.63022
74.75 1.4552307619668963 -0.76580 -0.71423 -0.62549 -0.51115 -0.40094 -0.34918 0.18953 0.29615 0.46182 0.63275
75.00 1.4678899319530556 -0.76390 -0.71341 -0.62608 -0.51349 -0.40485 -0.35591 0.19602 0.30158 0.46598 0.63521
75.25 1.4808545702551064 -0.76205 -0.71262 -0.62673 -0.51587 -0.40875 -0.36263 0.20262 0.30710 0.47010 0.63760
75.50 1.4941379400594756 -0.76026 -0.71186 -0.62742 -0.51831 -0.41262 -0.36933 0.20931 0.31271 0.47422 0.63993
75.75 1.5077541156608558 -0.75852 -0.71113 -0.62818 -0.52081 -0.41646 -0.37600 0.21609 0.31840 0.47833 0.64218
76.00 1.5217180473945009 -0.75683 -0.71044 -0.62899 -0.52339 -0.42026 -0.38260 0.22296 0.32418 0.48244 0.64438
76.25 1.5360456330340897 -0.75520 -0.70979 -0.62985 -0.52606 -0.42403 -0.38914 0.22993 0.33004 0.48657 0.64650
76.50 1.5507537964299845 -0.75361 -0.70917 -0.63078 -0.52882 -0.42774 -0.39559 0.23699 0.33600 0.49071 0.64857
76.75 1.5658605742718710 -0.75208 -0.70860 -0.63177 -0.53170 -0.43141 -0.40194 0.24415 0.34204 0.49487 0.65059
77.00 1.5813852119866876 -0.75059 -0.70807 -0.63283 -0.53471 -0.43503 -0.40816 0.25142 0.34817 0.49906 0.65255
77.25 1.5973482699307082 -0.74916 -0.70759 -0.63397 -0.53785 -0.43858 -0.41425 0.25880 0.35440 0.50328 0.65446
77.50 1.6137717412076256 -0.74777 -0.70716 -0.63518 -0.54115 -0.44207 -0.42018 0.26629 0.36073 0.50754 0.65633
77.75 1.6306791826473761 -0.74644 -0.70677 -0.63647 -0.54461 -0.44549 -0.42593 0.27392 0.36717 0.51183 0.65817
78.00 1.6480958607190197 -0.74516 -0.70644 -0.63785 -0.54826 -0.44883 -0.43150 0.28167 0.37371 0.51618 0.65996
78.25 1.6660489144325314 -0.74393 -0.70616 -0.63931 -0.55210 -0.45209 -0.43685 0.28956 0.38037 0.52057 0.66173
78.50 1.6845675376176648 -0.74275 -0.70595 -0.64088 -0.55615 -0.45527 -0.44198 0.29761 0.38715 0.52502 0.66348
78.75 1.7036831833639368 -0.74163 -0.70579 -0.64254 -0.56042 -0.45836 -0.44688 0.30581 0.39406 0.52953 0.66521
79.00 1.7234297938777567 -0.74057 -0.70570 -0.64431 -0.56490 -0.46136 -0.45152 0.31417 0.40110 0.53410 0.66693
79.25 1.7438440595774944 -0.73956 -0.70568 -0.64619 -0.56962 -0.46425 -0.45591 0.32272 0.40828 0.53875 0.66865
79.50 1.7649657119256603 -0.73861 -0.70574 -0.64819 -0.57456 -0.46704 -0.46004 0.33145 0.41561 0.54348 0.67037
79.75 1.7868378553155890 -0.73772 -0.70587 -0.65030 -0.57972 -0.46972 -0.46390 0.34039 0.42310 0.54830 0.67210
80.00 1.8095073443210954 -0.73690 -0.70608 -0.65254 -0.58511 -0.47229 -0.46750 0.34953 0.43076 0.55321 0.67386
80.25 1.8330252138232914 -0.73615 -0.70637 -0.65491 -0.59070 -0.47475 -0.47084 0.35890 0.43859 0.55823 0.67565
80.50 1.8574471710024862 -0.73547 -0.70676 -0.65741 -0.59649 -0.47708 -0.47394 0.36851 0.44662 0.56336 0.67747
80.75 1.8828341599932619 -0.73486 -0.70724 -0.66005 -0.60247 -0.47929 -0.47679 0.37837 0.45484 0.56861 0.67936
81.00 1.9092530122354845 -0.73433 -0.70782 -0.66283 -0.60862 -0.48138 -0.47941 0.38850 0.46327 0.57399 0.68130
81.25 1.9367771983277440 -0.73389 -0.70851 -0.66574 -0.61492 -0.48334 -0.48181 0.39891 0.47192 0.57952 0.68333
81.50 1.9654877006520655 -0.73354 -0.70931 -0.66880 -0.62136 -0.48518 -0.48400 0.40963 0.48082 0.58521 0.68544
81.75 1.9954740303864316 -0.73329 -0.71022 -0.67201 -0.62793 -0.48689 -0.48600 0.42066 0.48996 0.59107 0.68767
82.00 2.0268354180156947 -0.73313 -0.71126 -0.67536 -0.63460 -0.48848 -0.48781 0.43203 0.49938 0.59712 0.69003
82.25 2.0596822134404817 -0.73309 -0.71244 -0.67886 -0.64136 -0.48994 -0.48945 0.44375 0.50908 0.60337 0.69253
82.50 2.0941375407372735 -0.73317 -0.71375 -0.68250 -0.64821 -0.49128 -0.49092 0.45585 0.51909 0.60985 0.69520
82.75 2.1303392641794385 -0.73338 -0.71521 -0.68630 -0.65511 -0.49250 -0.49224 0.46836 0.52942 0.61657 0.69807
83.00 2.1684423371644423 -0.73372 -0.71682 -0.69023 -0.66207 -0.49360 -0.49342 0.48128 0.54010 0.62356 0.70116
83.25 2.2086216254199424 -0.73421 -0.71859 -0.69432 -0.66906 -0.49459 -0.49447 0.49466 0.55116 0.63084 0.70450
83.50 2.2510753219802888 -0.73487 -0.72054 -0.69855 -0.67609 -0.49548 -0.49539 0.50851 0.56261 0.63844 0.70812
83.75 2.2960291063410230 -0.73570 -0.72266 -0.70292 -0.68313 -0.49626 -0.49620 0.52287 0.57448 0.64640 0.71207
84.00 2.3437412473608381 -0.73673 -0.72498 -0.70743 -0.69017 -0.49694 -0.49690 0.53775 0.58681 0.65474 0.71638
84.25 2.3945089138952178 -0.73795 -0.72749 -0.71209 -0.69722 -0.49753 -0.49750 0.55321 0.59964 0.66351 0.72111
84.50 2.4486760461856742 -0.73941 -0.73022 -0.71688 -0.70425 -0.49803 -0.49801 0.56927 0.61299 0.67276 0.72630
84.75 2.5066432657105051 -0.74111 -0.73317 -0.72182 -0.71127 -0.49845 -0.49844 0.58596 0.62692 0.68253 0.73202
