   85.000000000000000        2.5688804782633659      -0.71806999999999999      -0.20540000000000000      -0.16425000000000001       0.60323000000000004       4.11499999999999991E-002
   84.000000000000000        2.3437412473608381      -0.68976999999999999      -0.20487000000000000      -0.15976000000000001       0.53741000000000005       4.51099999999999973E-002
   83.000000000000000        2.1684423371644423      -0.66122000000000003      -0.20305000000000001      -0.15420000000000000       0.48048000000000002       4.88499999999999976E-002
   82.000000000000000        2.0268354180156947      -0.63283999999999996      -0.19983000000000001      -0.14732999999999999       0.43042999999999998       5.24999999999999981E-002
   81.000000000000000        1.9092530122354845      -0.60507999999999995      -0.19514999999999999      -0.13888000000000000       0.38562999999999997       5.62700000000000006E-002
   80.000000000000000        1.8095073443210954      -0.57840999999999998      -0.18897000000000000      -0.12862999999999999       0.34472000000000003       6.03399999999999978E-002
   79.000000000000000        1.7234297938777567      -0.55325999999999997      -0.18134000000000000      -0.11635000000000000       0.30658999999999997       6.49900000000000061E-002
   78.000000000000000        1.6480958607190197      -0.52995999999999999      -0.17241000000000001      -0.10190000000000000       0.27038000000000001       7.05100000000000032E-002
   77.000000000000000        1.5813852119866876      -0.50866999999999996      -0.16242999999999999      -8.52900000000000047E-002  0.23555000000000001       7.71400000000000002E-002
   76.000000000000000        1.5217180473945009      -0.48932999999999999      -0.15179999999999999      -6.66899999999999993E-002  0.20190000000000000       8.51100000000000051E-002
   75.000000000000000        1.4678899319530556      -0.47170000000000001      -0.14097000000000001      -4.64600000000000013E-002  0.16955999999999999       9.45099999999999968E-002
   74.000000000000000        1.4189643903365978      -0.45544000000000001      -0.13050000000000000      -2.51700000000000014E-002  0.13902999999999999       0.10532999999999999     
   73.000000000000000        1.3742008147382716      -0.44011000000000000      -0.12114999999999999      -4.00000000000000008E-003  0.11161000000000000       0.11715000000000000     
   72.000000000000000        1.3330047374615932      -0.42518000000000000      -0.11400000000000000       1.34299999999999992E-002  9.13100000000000023E-002  0.12742999999999999     
   71.000000000000000        1.2948927059181552      -0.41009000000000001      -0.11076000000000000       1.71900000000000004E-002  8.89400000000000052E-002  0.12795000000000001     
   70.000000000000000        1.2594669489559134      -0.39467000000000002      -0.11323999999999999       4.96999999999999959E-003  0.10795000000000000       0.11821000000000000     
   69.000000000000000        1.2263967642726714      -0.37994000000000000      -0.12155000000000001      -1.19100000000000004E-002  0.13686999999999999       0.10964000000000000     
   68.000000000000000        1.1954046164231349      -0.36732999999999999      -0.13370000000000001      -2.86800000000000006E-002  0.16803000000000001       0.10502000000000000     
   67.000000000000000        1.1662555983306084      -0.35726999999999998      -0.14815000000000000      -4.46599999999999983E-002  0.16925000000000001       0.10349000000000000     
   66.000000000000000        1.1387493349689228      -0.34982999999999997      -0.16569999999999999      -5.97400000000000014E-002  0.17349999999999999       0.10596000000000000     
   65.000000000000000        1.1127136872907215      -0.34853000000000001      -0.18851000000000001      -7.16299999999999992E-002  0.17951000000000000       0.11688000000000000     
   64.000000000000000        1.0879998015825072      -0.35600999999999999      -0.20538999999999999      -7.56399999999999989E-002  0.18670999999999999       0.12975000000000000     
   63.000000000000000        1.0644781770328475      -0.36559999999999998      -0.21645000000000000      -7.57800000000000001E-002  0.19627000000000000       0.14066999999999999     
   62.000000000000000        1.0420355127918348      -0.37563999999999997      -0.22591000000000000      -7.40500000000000047E-002  0.20774000000000001       0.15185999999999999     
   61.000000000000000        1.0205721581109972      -0.38568000000000002      -0.23486000000000001      -7.10299999999999959E-002  0.22039000000000000       0.16383000000000000     
   60.000000000000000        1.0000000336490449      -0.39543000000000000      -0.24349999999999999      -6.71400000000000052E-002  0.22308000000000000       0.17635999999999999     
   59.000000000000000       0.98024092421724396      -0.40472999999999998      -0.25179000000000001      -6.26899999999999957E-002  0.21662999999999999       0.18909999999999999     
   58.000000000000000       0.96122506680355879      -0.41348000000000001      -0.25968000000000002      -5.79199999999999993E-002  0.20998000000000000       0.20175999999999999     
   57.000000000000000       0.94288997515969897      -0.42163000000000000      -0.26712000000000002      -5.29799999999999993E-002  0.20329000000000000       0.21414000000000000     
   56.000000000000000       0.92517945528340284      -0.42914999999999998      -0.27406999999999998      -4.79899999999999979E-002  0.19671000000000000       0.22608000000000000     
   55.000000000000000       0.90804277598219907      -0.43602999999999997      -0.28050000000000003      -4.30600000000000011E-002  0.19031000000000001       0.23744000000000001     
   54.000000000000000       0.89143396621364279      -0.44224999999999998      -0.28638000000000002      -3.82499999999999993E-002  0.18418000000000001       0.24812999999999999     
   53.000000000000000       0.87531121666696521      -0.44782000000000000      -0.29170000000000001      -3.36400000000000032E-002  0.17838999999999999       0.25806000000000001     
   52.000000000000000       0.85963636751982619      -0.45273000000000002      -0.29643999999999998      -2.93099999999999992E-002  0.17302000000000001       0.26712999999999998     
   51.000000000000000       0.84437446779034697      -0.45699000000000001      -0.30058000000000001      -2.53199999999999988E-002  0.16813000000000000       0.27526000000000000     
   50.000000000000000       0.82949339444344139      -0.46059000000000000      -0.30412000000000000      -2.17700000000000012E-002  0.16381000000000001       0.28234999999999999     
   49.000000000000000       0.81496352157574936      -0.46353000000000000      -0.30702000000000002      -1.87100000000000009E-002  0.16012999999999999       0.28831000000000001     
   48.000000000000000       0.80075743172543956      -0.46582000000000001      -0.30930000000000002      -1.62400000000000010E-002  0.15717000000000000       0.29305999999999999     
   47.000000000000000       0.78684966272995749      -0.46745999999999999      -0.31092999999999998      -1.44200000000000005E-002  0.15500000000000000       0.29651000000000000     
   46.000000000000000       0.77321648466098036      -0.46844000000000002      -0.31191000000000002      -1.32999999999999993E-002  0.15368000000000001       0.29860999999999999     
   45.000000000000000       0.75983570225832975      -0.46877000000000002      -0.31224000000000002      -1.29199999999999992E-002  0.15323000000000001       0.29931999999999997     
   45.000000000000000       0.75983570225832975      -0.46877000000000002      -0.31224000000000002      -1.29199999999999992E-002  0.15323000000000001       0.29931999999999997     
   44.000000000000000       0.74668647900714824      -0.46844000000000002      -0.31191000000000002      -1.32999999999999993E-002  0.15368000000000001       0.29860999999999999     
   43.000000000000000       0.73374917958905994      -0.46745999999999999      -0.31092999999999998      -1.44200000000000005E-002  0.15500000000000000       0.29651000000000000     
   42.000000000000000       0.72100522791448773      -0.46582000000000001      -0.30930000000000002      -1.62400000000000010E-002  0.15717000000000000       0.29305999999999999     
   41.000000000000000       0.70843697833015451      -0.46353000000000000      -0.30702000000000002      -1.87100000000000009E-002  0.16012999999999999       0.28831000000000001     
   40.000000000000000       0.69602759790885060      -0.46059000000000000      -0.30412000000000000      -2.17700000000000012E-002  0.16381000000000001       0.28234999999999999     
   39.000000000000000       0.68376095798003989      -0.45699000000000001      -0.30058000000000001      -2.53199999999999988E-002  0.16813000000000000       0.27526000000000000     
   38.000000000000000       0.67162153325915808      -0.45273000000000002      -0.29643999999999998      -2.93099999999999992E-002  0.17302000000000001       0.26712999999999998     
   37.000000000000000       0.65959430708758449      -0.44782000000000000      -0.29170000000000001      -3.36400000000000032E-002  0.17838999999999999       0.25806000000000001     
   36.000000000000000       0.64766468140925815      -0.44224999999999998      -0.28638000000000002      -3.82499999999999993E-002  0.18418000000000001       0.24812999999999999     
   35.000000000000000       0.63581839018712483      -0.43602999999999997      -0.28050000000000003      -4.30600000000000011E-002  0.19031000000000001       0.23744000000000001     
   34.000000000000000       0.62404141500474464      -0.42914999999999998      -0.27406999999999998      -4.79899999999999979E-002  0.19671000000000000       0.22608000000000000     
   33.000000000000000       0.61231990160563299      -0.42163000000000000      -0.26712000000000002      -5.29799999999999993E-002  0.20329000000000000       0.21414000000000000     
   32.000000000000000       0.60064007609376124      -0.41348000000000001      -0.25968000000000002      -5.79199999999999993E-002  0.20998000000000000       0.20175999999999999     
   31.000000000000000       0.58898815944976501      -0.40472999999999998      -0.25179000000000001      -6.26899999999999957E-002  0.21662999999999999       0.18909999999999999     
   30.000000000000000       0.57735027890326807      -0.39543000000000000      -0.24349999999999999      -6.71400000000000052E-002  0.22308000000000000       0.17635999999999999     
   29.000000000000000       0.56571237453403433      -0.38568000000000002      -0.23486000000000001      -7.10299999999999959E-002  0.22039000000000000       0.16383000000000000     
   28.000000000000000       0.55406009924157285      -0.37563999999999997      -0.22591000000000000      -7.40500000000000047E-002  0.20774000000000001       0.15185999999999999     
   27.000000000000000       0.54237870990772830      -0.36559999999999998      -0.21645000000000000      -7.57800000000000001E-002  0.19627000000000000       0.14066999999999999     
   26.000000000000000       0.53065294715660993      -0.35600999999999999      -0.20538999999999999      -7.56399999999999989E-002  0.18670999999999999       0.12975000000000000     
   25.000000000000000       0.51886690055881535      -0.34853000000000001      -0.18851000000000001      -7.16299999999999992E-002  0.17951000000000000       0.11688000000000000     
   24.000000000000000       0.50700385538738835      -0.34982999999999997      -0.16569999999999999      -5.97400000000000014E-002  0.17349999999999999       0.10596000000000000     
   23.000000000000000       0.49504611604806875      -0.35726999999999998      -0.14815000000000000      -4.46599999999999983E-002  0.16925000000000001       0.10349000000000000     
   22.000000000000000       0.48297479998608267      -0.36732999999999999      -0.13370000000000001      -2.86800000000000006E-002  0.16803000000000001       0.10502000000000000     
   21.000000000000000       0.47076959408630886      -0.37994000000000000      -0.12155000000000001      -1.19100000000000004E-002  0.13686999999999999       0.10964000000000000     
   20.000000000000000       0.45840846314364242      -0.39467000000000002      -0.11323999999999999       4.96999999999999959E-003  0.10795000000000000       0.11821000000000000     
   19.000000000000000       0.44586729660476643      -0.41009000000000001      -0.11076000000000000       1.71900000000000004E-002  8.89400000000000052E-002  0.12795000000000001     
   18.000000000000000       0.43311947504735931      -0.42518000000000000      -0.11400000000000000       1.34299999999999992E-002  9.13100000000000023E-002  0.12742999999999999     
   17.000000000000000       0.42013533111630319      -0.44011000000000000      -0.12114999999999999      -4.00000000000000008E-003  0.11161000000000000       0.11715000000000000     
   16.000000000000000       0.40688146985598445      -0.45544000000000001      -0.13050000000000000      -2.51700000000000014E-002  0.13902999999999999       0.10532999999999999     
   15.000000000000000       0.39331989892118169      -0.47170000000000001      -0.14097000000000001      -4.64600000000000013E-002  0.16955999999999999       9.45099999999999968E-002
   14.000000000000000       0.37940689731182314      -0.48932999999999999      -0.15179999999999999      -6.66899999999999993E-002  0.20190000000000000       8.51100000000000051E-002
   13.000000000000000       0.36509151747647400      -0.50866999999999996      -0.16242999999999999      -8.52900000000000047E-002  0.23555000000000001       7.71400000000000002E-002
   12.000000000000000       0.35031356184872481      -0.52995999999999999      -0.17241000000000001      -0.10190000000000000       0.27038000000000001       7.05100000000000032E-002
   11.000000000000000       0.33500078657648524      -0.55325999999999997      -0.18134000000000000      -0.11635000000000000       0.30658999999999997       6.49900000000000061E-002
   10.000000000000000       0.31906493487798943      -0.57840999999999998      -0.18897000000000000      -0.12862999999999999       0.34472000000000003       6.03399999999999978E-002
   9.0000000000000000       0.30239593556098865      -0.60507999999999995      -0.19514999999999999      -0.13888000000000000       0.38562999999999997       5.62700000000000006E-002
   8.0000000000000000       0.28485310431016619      -0.63283999999999996      -0.19983000000000001      -0.14732999999999999       0.43042999999999998       5.24999999999999981E-002
   7.0000000000000000       0.26625119958804888      -0.66122000000000003      -0.20305000000000001      -0.15420000000000000       0.48048000000000002       4.88499999999999976E-002
   6.0000000000000000       0.24633708657984518      -0.68976999999999999      -0.20487000000000000      -0.15976000000000001       0.53741000000000005       4.51099999999999973E-002
