5.0 0.22474786951272291 -0.1365153 -0.1365207 -0.5868584
5.25 0.23032811073355966 -0.1312692 -0.1312772 -0.5862234
5.50 0.23578063841929153 -0.1264228 -0.1264343 -0.5856003
5.75 0.24111432303437602 -0.1219178 -0.1219341 -0.5849805
6.00 0.24633708657984518 -0.1177036 -0.1177261 -0.5843555
6.25 0.25145603955751983 -0.1137356 -0.1137664 -0.583717
6.50 0.25647759350390792 -0.1099751 -0.1100166 -0.5830573
6.75 0.26140755421862366 -0.1063882 -0.1064435 -0.5823687
7.00 0.26625119958804888 -0.102946 -0.1030189 -0.5816436
7.25 0.27101334500631991 -0.0996236 -0.0997194 -0.5808749
7.50 0.27569839872782342 -0.0964007 -0.0965287 -0.5800556
7.75 0.28031040898329512 -0.0932615 -0.0936333 -0.5791788
8.00 0.28485310431016619 -0.0901954 -0.0973378 -0.5782378
8.25 0.28932992825516618 -0.0871975 -0.1013978 -0.5772263
8.50 0.29374406938062309 -0.0842707 -0.1054133 -0.5761378
8.75 0.29809848732900202 -0.0814281 -0.1093778 -0.5749662
9.00 0.30239593556098865 -0.0786972 -0.113288 -0.5737057
9.25 0.30663898127202549 -0.0761265 -0.1171415 -0.5723504
9.50 0.31083002290405076 -0.0737965 -0.1209367 -0.570895
9.75 0.31497130559833353 -0.0718355 -0.124672 -0.5693342
10.00 0.31906493487798943 -0.0704408 -0.1283465 -0.567663
10.25 0.32311288880213562 -0.069894 -0.1319595 -0.565877
10.50 0.32711702879550453 -0.0705414 -0.1355108 -0.5639721
10.75 0.33107910932596624 -0.0726939 -0.1390005 -0.5619446
11.00 0.33500078657648524 -0.0764706 -0.1424293 -0.5597913
11.25 0.33888362623650670 -0.0817333 -0.1457983 -0.5575098
11.50 0.34272911051981081 -0.0881895 -0.1491093 -0.5550983
11.75 0.34653864450082428 -0.0955359 -0.1523647 -0.5525557
12.00 0.35031356184872481 -0.1035303 -0.1555685 -0.549882
12.25 0.35405513002798283 -0.1119991 -0.1587263 -0.5470781
12.50 0.35776455502492738 -0.1208217 -0.1618472 -0.5441462
12.75 0.36144298565221100 -0.1299134 -0.1649469 -0.5410899
13.00 0.36509151747647400 -0.1392123 -0.1680553 -0.5379146
13.25 0.36871119640886968 -0.1486708 -0.1712387 -0.5346277
13.50 0.37230302199327187 -0.1582504 -0.1746729 -0.5312395
13.75 0.37586795042281695 -0.1679168 -0.1788995 -0.5277637
14.00 0.37940689731182314 -0.177638 -0.1851177 -0.5242186
14.25 0.38292074024700901 -0.187381 -0.1934854 -0.5206289
14.50 0.38641032113921558 -0.1971102 -0.202811 -0.5170286
14.75 0.38987644839447261 -0.2067833 -0.2124581 -0.5134644
15.00 0.39331989892118169 -0.2163482 -0.2221928 -0.5100025
15.25 0.39674141998838264 -0.2257359 -0.2318957 -0.5067384
15.50 0.40014173094847860 -0.2348515 -0.2414723 -0.5038127
15.75 0.40352152483640419 -0.2435573 -0.2508181 -0.5014373
16.00 0.40688146985598445 -0.2516461 -0.2597937 -0.4999364
16.25 0.41022221076315113 -0.2587954 -0.2681932 -0.4998106
16.50 0.41354437015471773 -0.2644923 -0.2756961 -0.5018203
16.75 0.41684854967056112 -0.267938 -0.2818019 -0.5070327
17.00 0.42013533111630319 -0.2680645 -0.2858215 -0.5165471
17.25 0.42340527751290741 -0.2641952 -0.2872501 -0.5302407
17.50 0.42665893407900496 -0.257385 -0.2866236 -0.5454019
17.75 0.42989682915123001 -0.2498042 -0.2852546 -0.558923
18.00 0.43311947504735931 -0.2427393 -0.2839851 -0.5698314
18.25 0.43632736887662232 -0.2365145 -0.2830592 -0.5784487
18.50 0.43952099330116196 -0.2310996 -0.2824814 -0.58532
18.75 0.44270081725227745 -0.2263894 -0.2821983 -0.5908997
19.00 0.44586729660476643 -0.2222808 -0.2821535 -0.5955225
19.25 0.44902087481240505 -0.2186872 -0.2823002 -0.5994281
19.50 0.45216198350734593 -0.2155389 -0.2826021 -0.6027886
19.75 0.45529104306598517 -0.2127795 -0.2830317 -0.605728
20.00 0.45840846314364242 -0.2103629 -0.2835678 -0.6083369
20.25 0.46151464318020630 -0.2082511 -0.284194 -0.6106812
20.50 0.46460997287872730 -0.2064124 -0.2848971 -0.6128096
20.75 0.46769483265878409 -0.2048199 -0.2856663 -0.6147572
21.00 0.47076959408630886 -0.2034505 -0.2864924 -0.616549
21.25 0.47383462028142359 -0.2022838 -0.2873673 -0.6182016
21.50 0.47689026630572684 -0.2013018 -0.2882832 -0.6197243
21.75 0.47993687953036013 -0.2004879 -0.2892326 -0.6211193
22.00 0.48297479998608267 -0.1998268 -0.2902078 -0.6223815
22.25 0.48600436069649899 -0.199304 -0.2912 -0.623497
22.50 0.48902588799549546 -0.198905 -0.2921995 -0.6244407
22.75 0.49203970182987000 -0.1986158 -0.2931941 -0.6251721
23.00 0.49504611604806875 -0.1984217 -0.2941689 -0.6256279
23.25 0.49804543867587991 -0.1983077 -0.295104 -0.6257117
23.50 0.50103797217987622 -0.1982588 -0.295973 -0.6252764
23.75 0.50402401371934424 -0.1982606 -0.2967404 -0.6240989
24.00 0.50700385538738835 -0.198303 -0.2973593 -0.6218468
24.25 0.50997778444185260 -0.1983872 -0.2977712 -0.6180462
24.50 0.51294608352666027 -0.1985393 -0.297913 -0.6120822
24.75 0.51590903088413309 -0.198828 -0.2977357 -0.6032883
25.00 0.51886690055881535 -0.1993755 -0.2972325 -0.591156
25.25 0.52181996259329522 -0.2003436 -0.2964553 -0.5755669
25.50 0.52476848321648584 -0.2018949 -0.2955006 -0.5568636
25.75 0.52771272502479782 -0.2041557 -0.2944728 -0.5357171
26.00 0.53065294715660993 -0.2071953 -0.2934506 -0.5129329
26.25 0.53358940546042311 -0.2110136 -0.2924657 -0.4893247
26.50 0.53652235265705239 -0.2155125 -0.2914876 -0.4656748
26.75 0.53945203849620049 -0.2204282 -0.2903998 -0.4427527
27.00 0.54237870990772830 -0.2252226 -0.2889648 -0.4213514
27.25 0.54530261114792489 -0.2290002 -0.286804 -0.4022683
27.50 0.54822398394106098 -0.2307074 -0.2834994 -0.3860743
27.75 0.55114306761649301 -0.2297779 -0.2788767 -0.3727194
28.00 0.55406009924157285 -0.2265245 -0.2731507 -0.3615368
28.25 0.55697531375060216 -0.2216862 -0.2667015 -0.351751
28.50 0.55988894407005929 -0.2159002 -0.2598407 -0.342813
28.75 0.56280122124031395 -0.2095758 -0.2527647 -0.3344035
29.00 0.56571237453403433 -0.2029527 -0.2455876 -0.3263463
29.25 0.56862263157148163 -0.1961702 -0.2383756 -0.3185427
29.50 0.57153221843287527 -0.1893113 -0.2311678 -0.3109353
29.75 0.57444135976800692 -0.182427 -0.2239883 -0.3034893
30.00 0.57735027890326807 -0.1755497 -0.2168523 -0.2961827
30.25 0.58025919794625369 -0.1687009 -0.2097695 -0.2890009
30.50 0.58316833788809341 -0.1618948 -0.2027467 -0.2819342
30.75 0.58607791870365555 -0.1551416 -0.1957882 -0.2749756
31.00 0.58898815944976501 -0.1484482 -0.1888972 -0.2681203
31.25 0.59189927836156764 -0.1418197 -0.1820759 -0.2613646
31.50 0.59481149294717062 -0.1352599 -0.1753257 -0.254706
31.75 0.59772502008068074 -0.1287716 -0.1686477 -0.2481424
32.00 0.60064007609376124 -0.122357 -0.1620427 -0.2416723
32.25 0.60355687686581816 -0.1160176 -0.1555112 -0.2352948
32.50 0.60647563791293169 -0.1097546 -0.1490537 -0.229009
32.75 0.60939657447563289 -0.1035692 -0.1426703 -0.2228146
33.00 0.61231990160563299 -0.097462 -0.1363614 -0.2167111
33.25 0.61524583425160395 -0.0914336 -0.1301271 -0.2106986
33.50 0.61817458734410646 -0.0854846 -0.1239674 -0.2047772
33.75 0.62110637587975959 -0.0796153 -0.1178825 -0.1989473
34.00 0.62404141500474464 -0.073826 -0.1118724 -0.1932093
34.25 0.62697992009773107 -0.068117 -0.1059372 -0.1875639
34.50 0.62992210685231265 -0.0624885 -0.1000769 -0.182012
34.75 0.63286819135903882 -0.0569406 -0.0942917 -0.1765547
35.00 0.63581839018712483 -0.0514734 -0.0885815 -0.1711931
35.25 0.63877292046592293 -0.046087 -0.0829466 -0.1659289
35.50 0.64173199996623487 -0.0407816 -0.077387 -0.1607637
35.75 0.64469584718154593 -0.0355571 -0.0719029 -0.1556996
36.00 0.64766468140925815 -0.0304138 -0.0664944 -0.1507388
36.25 0.65063872283200119 -0.0253517 -0.0611618 -0.1458842
36.50 0.65361819259909770 -0.020371 -0.0559052 -0.1411386
36.75 0.65660331290825846 -0.0154718 -0.0507249 -0.1365056
37.00 0.65959430708758449 -0.0106544 -0.0456213 -0.131989
37.25 0.66259139967795155 -0.005919 -0.0405947 -0.1275933
37.50 0.66559481651585173 -0.0012661 -0.0356457 -0.1233235
37.75 0.66860478481676788 0.0033038 -0.0307746 -0.1191851
38.00 0.67162153325915808 0.0077902 -0.0259822 -0.1151844
38.25 0.67464529206912238 0.0121922 -0.0212692 -0.1113281
38.50 0.67767629310583211 0.0165088 -0.0166364 -0.1076234
38.75 0.68071476994779589 0.020739 -0.0120847 -0.1040782
39.00 0.68376095798003989 0.0248813 -0.0076154 -0.1007005
39.25 0.68681509448228206 0.0289339 -0.0032297 -0.0974983
39.50 0.68987741871817743 0.032895 0.0010708 -0.094479
39.75 0.69294817202571524 0.0367621 0.0052842 -0.0916492
40.00 0.69602759790885060 0.0405323 0.0094083 -0.089014
40.25 0.69911594213045092 0.0442023 0.0134408 -0.0865766
40.50 0.70221345280664171 0.0477683 0.0173785 -0.0843375
40.75 0.70532038050263912 0.0512258 0.0212181 -0.0822946
41.00 0.70843697833015451 0.0545695 0.0249552 -0.0804429
41.25 0.71156350204645979 0.0577934 0.028585 -0.0787751
41.50 0.71470021015520846 0.0608907 0.0321016 -0.0772817
41.75 0.71784736400909988 0.0638535 0.035498 -0.0759518
42.00 0.72100522791448773 0.0666729 0.0387656 -0.0747738
42.25 0.72417406923802852 0.0693391 0.0418944 -0.0737358
42.50 0.72735415851547003 0.0718409 0.044872 -0.0728265
42.75 0.73054576956268569 0.0741662 0.0476837 -0.0720352
43.00 0.73374917958905994 0.0763019 0.050312 -0.0713521
43.25 0.73696466931333482 0.0782342 0.0527358 -0.0707686
43.50 0.74019252308203054 0.0799485 0.0549307 -0.0702772
43.75 0.74343302899055930 0.0814304 0.0568685 -0.0698716
44.00 0.74668647900714824 0.0826659 0.0585181 -0.0695466
44.25 0.74995316909970178 0.0836422 0.0598471 -0.0692981
44.50 0.75323339936572720 0.0843482 0.0608241 -0.0691227
44.75 0.75652747416546084 0.0847754 0.0614225 -0.0690184
45.00 0.75983570225832975
45.25 0.76315839694289456 0.0847754 0.0614225 -0.0690184
45.50 0.76649587620041937 0.0843482 0.0608241 -0.0691227
45.75 0.76984846284222430 0.0836422 0.0598471 -0.0692981
46.00 0.77321648466098036 0.0826659 0.0585181 -0.0695466
46.25 0.77660027458611014 0.0814304 0.0568685 -0.0698716
46.50 0.78000017084346973 0.0799485 0.0549307 -0.0702772
46.75 0.78341651711948912 0.0782342 0.0527358 -0.0707686
47.00 0.78684966272995749 0.0763019 0.050312 -0.0713521
47.25 0.79029996279364645 0.0741662 0.0476837 -0.0720352
47.50 0.79376777841097601 0.0718409 0.044872 -0.0728265
47.75 0.79725347684792980 0.0693391 0.0418944 -0.0737358
48.00 0.80075743172543956 0.0666729 0.0387656 -0.0747738
48.25 0.80428002321446923 0.0638535 0.035498 -0.0759518
48.50 0.80782163823703412 0.0608907 0.0321016 -0.0772817
48.75 0.81138267067340353 0.0577934 0.028585 -0.0787751
49.00 0.81496352157574936 0.0545694 0.0249552 -0.0804429
49.25 0.81856459938850701 0.0512258 0.021218 -0.0822946
49.50 0.82218632017573356 0.0477683 0.0173785 -0.0843375
49.75 0.82582910785575958 0.0442023 0.0134408 -0.0865766
50.00 0.82949339444344139 0.0405323 0.0094083 -0.089014
50.25 0.83317962030033754 0.0367621 0.0052842 -0.0916492
50.50 0.83688823439314863 0.032895 0.0010708 -0.094479
50.75 0.84061969456077290 0.0289339 -0.0032297 -0.0974983
51.00 0.84437446779034697 0.0248813 -0.0076154 -0.1007006
51.25 0.84815303050266300 0.020739 -0.0120847 -0.1040783
51.50 0.85195586884736429 0.0165088 -0.0166364 -0.1076234
51.75 0.85578347900834917 0.0121922 -0.0212692 -0.1113281
52.00 0.85963636751982619 0.0077902 -0.0259822 -0.1151844
52.25 0.86351505159349251 0.0033038 -0.0307746 -0.1191851
52.50 0.86742005945732381 -0.0012661 -0.0356457 -0.1233235
52.75 0.87135193070649397 -0.005919 -0.0405947 -0.1275933
53.00 0.87531121666696521 -0.0106544 -0.0456213 -0.131989
53.25 0.87929848077231665 -0.0154718 -0.0507249 -0.1365056
53.50 0.88331429895441260 -0.020371 -0.0559052 -0.1411386
53.75 0.88735926004853483 -0.0253517 -0.0611618 -0.1458842
54.00 0.89143396621364279 -0.0304138 -0.0664944 -0.1507388
54.25 0.89553903336845653 -0.0355571 -0.0719029 -0.1556996
54.50 0.89967509164409376 -0.0407816 -0.077387 -0.1607637
54.75 0.90384278585403033 -0.046087 -0.0829466 -0.1659289
55.00 0.90804277598219907 -0.0514734 -0.0885815 -0.1711931
55.25 0.91227573769007742 -0.0569406 -0.0942917 -0.1765547
55.50 0.91654236284366797 -0.0624885 -0.1000769 -0.182012
55.75 0.92084336006132139 -0.068117 -0.1059372 -0.1875639
56.00 0.92517945528340284 -0.073826 -0.1118724 -0.1932093
56.25 0.92955139236486140 -0.0796153 -0.1178825 -0.1989473
56.50 0.93395993369181618 -0.0854846 -0.1239674 -0.2047772
56.75 0.93840586082334254 -0.0914336 -0.1301271 -0.2106986
57.00 0.94288997515969897 -0.097462 -0.1363614 -0.2167111
57.25 0.94741309863831702 -0.1035692 -0.1426703 -0.2228146
57.50 0.95197607445894206 -0.1097546 -0.1490537 -0.229009
57.75 0.95657976783940157 -0.1160176 -0.1555112 -0.2352948
58.00 0.96122506680355879 -0.122357 -0.1620427 -0.2416723
58.25 0.96591288300310196 -0.1287716 -0.1686477 -0.2481424
58.50 0.97064415257492132 -0.1352599 -0.1753257 -0.254706
58.75 0.97541983703592194 -0.1418197 -0.1820759 -0.2613646
59.00 0.98024092421724396 -0.1484482 -0.1888972 -0.2681203
59.25 0.98510842923997155 -0.1551416 -0.1957882 -0.2749756
59.50 0.99002339553454166 -0.1618948 -0.2027467 -0.2819342
59.75 0.99498689590620693 -0.1687009 -0.2097695 -0.2890009
60.00 1.0000000336490449 -0.1755497 -0.2168522 -0.2961827
60.25 1.0050639437111659 -0.182427 -0.2239883 -0.3034893
60.50 1.0101797939139427 -0.1893113 -0.2311678 -0.3109353
60.75 1.0153487862282633 -0.1961702 -0.2383756 -0.3185427
61.00 1.0205721581109972 -0.2029527 -0.2455876 -0.3263463
61.25 1.0258511839050852 -0.2095758 -0.2527646 -0.3344035
61.50 1.0311871763068714 -0.2159002 -0.2598407 -0.342813
61.75 1.0365814879045478 -0.2216862 -0.2667015 -0.351751
62.00 1.0420355127918348 -0.2265245 -0.2731507 -0.3615368
62.25 1.0475506882612993 -0.2297779 -0.2788767 -0.3727194
62.50 1.0531284965820111 -0.2307074 -0.2834994 -0.3860743
62.75 1.0587704668665670 -0.2290002 -0.286804 -0.4022683
63.00 1.0644781770328475 -0.2252225 -0.2889648 -0.4213514
63.25 1.0702532558662603 -0.2204282 -0.2903998 -0.4427526
63.50 1.0760973851886237 -0.2155124 -0.2914876 -0.4656748
63.75 1.0820123021402799 -0.2110136 -0.2924657 -0.4893247
64.00 1.0879998015825072 -0.2071953 -0.2934506 -0.5129329
64.25 1.0940617386278098 -0.307784 -0.3531285 -0.4325671
64.50 1.1002000313062268 -0.2018949 -0.2955005 -0.5568636
64.75 1.1064166633763877 -0.2003436 -0.2964553 -0.5755669
65.00 1.1127136872907215 -0.1993755 -0.2972325 -0.591156
65.25 1.1190932273249123 -0.1988279 -0.2977357 -0.6032883
65.50 1.1255574828824770 -0.1985392 -0.297913 -0.6120822
65.75 1.1321087319861824 -0.1983872 -0.2977712 -0.6180462
66.00 1.1387493349689228 -0.198303 -0.2973593 -0.6218468
66.25 1.1454817383776770 -0.1982606 -0.2967404 -0.6240989
66.50 1.1523084791052536 -0.1982588 -0.295973 -0.6252764
66.75 1.1592321887657087 -0.1983077 -0.295104 -0.6257117
67.00 1.1662555983306084 -0.1984217 -0.2941689 -0.6256279
67.25 1.1733815430447392 -0.1986158 -0.2931941 -0.625172
67.50 1.1806129676413906 -0.198905 -0.2921995 -0.6244407
67.75 1.1879529318790409 -0.199304 -0.2912 -0.623497
68.00 1.1954046164231349 -0.1998268 -0.2902078 -0.6223815
68.25 1.2029713290986654 -0.2004879 -0.2892326 -0.6211193
68.50 1.2106565115415191 -0.2013017 -0.2882832 -0.6197243
68.75 1.2184637462790018 -0.2022838 -0.2873673 -0.6182016
69.00 1.2263967642726714 -0.2034505 -0.2864924 -0.616549
69.25 1.2344594529595776 -0.2048199 -0.2856663 -0.6147572
69.50 1.2426558648313226 -0.2064124 -0.284897 -0.6128096
69.75 1.2509902265939778 -0.208251 -0.284194 -0.6106812
70.00 1.2594669489559134 -0.2103628 -0.2835678 -0.6083368
70.25 1.2680906370950717 -0.2127795 -0.2830317 -0.605728
70.50 1.2768661018621295 -0.2155389 -0.2826021 -0.6027886
70.75 1.2857983717814927 -0.2186872 -0.2823001 -0.5994281
71.00 1.2948927059181552 -0.2222807 -0.2821535 -0.5955225
71.25 1.3041546076852373 -0.2263894 -0.2821983 -0.5908997
71.50 1.3135898396745678 -0.2310996 -0.2824814 -0.58532
71.75 1.3232044396011293 -0.2365145 -0.2830592 -0.5784487
72.00 1.3330047374615932 -0.2427393 -0.2839851 -0.5698314
72.25 1.3429973740177321 -0.2498042 -0.2852546 -0.558923
72.50 1.3531893207273342 -0.2573849 -0.2866236 -0.5454019
72.75 1.3635879012585173 -0.2641952 -0.28725 -0.5302407
73.00 1.3742008147382716 -0.2680645 -0.2858215 -0.5165471
73.25 1.3850361609029067 -0.2679379 -0.2818019 -0.5070327
73.50 1.3961024673370386 -0.2644923 -0.2756961 -0.5018203
73.75 1.4074087190092159 -0.2587953 -0.2681931 -0.4998106
74.00 1.4189643903365978 -0.2516461 -0.2597936 -0.4999364
74.25 1.4307794800386300 -0.2435572 -0.2508181 -0.5014373
74.50 1.4428645490710084 -0.2348515 -0.2414723 -0.5038127
74.75 1.4552307619668963 -0.2257359 -0.2318957 -0.5067384
75.00 1.4678899319530556 -0.2163481 -0.2221928 -0.5100025
75.25 1.4808545702551064 -0.2067833 -0.2124581 -0.5134644
75.50 1.4941379400594756 -0.1971101 -0.2028109 -0.5170286
75.75 1.5077541156608558 -0.187381 -0.1934853 -0.5206289
76.00 1.5217180473945009 -0.1776379 -0.1851176 -0.5242186
76.25 1.5360456330340897 -0.1679168 -0.1788995 -0.5277637
76.50 1.5507537964299845 -0.1582503 -0.1746728 -0.5312395
76.75 1.5658605742718710 -0.1486708 -0.1712387 -0.5346277
77.00 1.5813852119866876 -0.1392122 -0.1680553 -0.5379146
77.25 1.5973482699307082 -0.1299134 -0.1649469 -0.5410899
77.50 1.6137717412076256 -0.1208217 -0.1618472 -0.5441462
77.75 1.6306791826473761 -0.1119991 -0.1587263 -0.5470781
78.00 1.6480958607190197 -0.1035303 -0.1555685 -0.549882
78.25 1.6660489144325314 -0.0955359 -0.1523647 -0.5525557
78.50 1.6845675376176648 -0.0881895 -0.1491093 -0.5550983
78.75 1.7036831833639368 -0.0817333 -0.1457983 -0.5575098
79.00 1.7234297938777567 -0.0764705 -0.1424293 -0.5597913
79.25 1.7438440595774944 -0.0726939 -0.1390005 -0.5619446
79.50 1.7649657119256603 -0.0705414 -0.1355107 -0.5639721
79.75 1.7868378553155890 -0.0698939 -0.1319594 -0.5658771
80.00 1.8095073443210954 -0.0704408 -0.1283464 -0.567663
80.25 1.8330252138232914 -0.0718355 -0.124672 -0.5693342
80.50 1.8574471710024862 -0.0737964 -0.1209367 -0.570895
80.75 1.8828341599932619 -0.0761265 -0.1171415 -0.5723504
81.00 1.9092530122354845 -0.0786972 -0.1132879 -0.5737057
81.25 1.9367771983277440 -0.0814281 -0.1093777 -0.5749662
81.50 1.9654877006520655 -0.0842707 -0.1054133 -0.5761378
81.75 1.9954740303864316 -0.0871974 -0.1013978 -0.5772263
82.00 2.0268354180156947 -0.0901953 -0.0973377 -0.5782378
82.25 2.0596822134404817 -0.0932615 -0.0936333 -0.5791788
82.50 2.0941375407372735 -0.0964007 -0.0965287 -0.5800556
82.75 2.1303392641794385 -0.0996235 -0.0997194 -0.5808749
83.00 2.1684423371644423 -0.1029459 -0.1030188 -0.5816436
83.25 2.2086216254199424 -0.1063882 -0.1064434 -0.5823687
83.50 2.2510753219802888 -0.109975 -0.1100165 -0.5830573
83.75 2.2960291063410230 -0.1137355 -0.1137663 -0.5837171
84.00 2.3437412473608381 -0.1177035 -0.1177261 -0.5843555
84.25 2.3945089138952178 -0.1219177 -0.121934 -0.5849805
84.50 2.4486760461856742 -0.1264227 -0.1264342 -0.5856003
84.75 2.5066432657105051 -0.1312691 -0.1312771 -0.5862234
