5.0 0.22474786951272291 -0.20537 -0.11418 -0.16418 0.03025 -.05000
5.25 0.23032811073355966 -0.20530 -0.12057 -0.16309 0.02338 -.04252
5.50 0.23578063841929153 -0.20514 -0.12648 -0.16192 0.01679 -.03544
5.75 0.24111432303437602 -0.20490 -0.13195 -0.16069 0.01044 -.02874
6.00 0.24633708657984518 -0.20457 -0.13704 -0.15939 0.00430 -.02235
6.25 0.25145603955751983 -0.20414 -0.14180 -0.15801 -0.00167 -.01621
6.50 0.25647759350390792 -0.20363 -0.14626 -0.15656 -0.00748 -.01030
6.75 0.26140755421862366 -0.20302 -0.15046 -0.15501 -0.01317 -.00455
7.00 0.26625119958804888 -0.20231 -0.15444 -0.15338 -0.01874 .00106
7.25 0.27101334500631991 -0.20150 -0.15823 -0.15166 -0.02423 .00657
7.50 0.27569839872782342 -0.20060 -0.16184 -0.14985 -0.02963 .01199
7.75 0.28031040898329512 -0.19959 -0.16531 -0.14794 -0.03498 .01737
8.00 0.28485310431016619 -0.19849 -0.16865 -0.14592 -0.04027 .02273
8.25 0.28932992825516618 -0.19729 -0.17189 -0.14381 -0.04552 .02808
8.50 0.29374406938062309 -0.19598 -0.17504 -0.14158 -0.05074 .03346
8.75 0.29809848732900202 -0.19458 -0.17811 -0.13925 -0.05594 .03886
9.00 0.30239593556098865 -0.19310 -0.18110 -0.13681 -0.06112 .04429
9.25 0.30663898127202549 -0.19156 -0.18401 -0.13425 -0.06630 .04976
9.50 0.31083002290405076 -0.19018 -0.18662 -0.13158 -0.07146 .05504
9.75 0.31497130559833353 -0.19074 -0.18716 -0.12879 -0.07663 .05837
10.00 0.31906493487798943 -0.19333 -0.18558 -0.12589 -0.08179 .05969
10.25 0.32311288880213562 -0.19618 -0.18363 -0.12288 -0.08695 .06075
10.50 0.32711702879550453 -0.19908 -0.18153 -0.11978 -0.09209 .06175
10.75 0.33107910932596624 -0.20202 -0.17932 -0.11662 -0.09717 .06270
11.00 0.33500078657648524 -0.20498 -0.17700 -0.11360 -0.10202 .06340
11.25 0.33888362623650670 -0.20798 -0.17459 -0.11189 -0.10545 .06270
11.50 0.34272911051981081 -0.21101 -0.17209 -0.11469 -0.10425 .05740
11.75 0.34653864450082428 -0.21407 -0.16949 -0.11950 -0.10094 .04999
12.00 0.35031356184872481 -0.21717 -0.16682 -0.12468 -0.09715 .04214
12.25 0.35405513002798283 -0.22031 -0.16407 -0.12997 -0.09315 .03410
12.50 0.35776455502492738 -0.22349 -0.16125 -0.13532 -0.08898 .02593
12.75 0.36144298565221100 -0.22671 -0.15836 -0.14071 -0.08466 .01765
13.00 0.36509151747647400 -0.22997 -0.15541 -0.14613 -0.08020 .00928
13.25 0.36871119640886968 -0.23326 -0.15241 -0.15158 -0.07562 .00083
13.50 0.37230302199327187 -0.23659 -0.14936 -0.15703 -0.07091 -.00767
13.75 0.37586795042281695 -0.23995 -0.14628 -0.16250 -0.06609 -.01622
14.00 0.37940689731182314 -0.24333 -0.14318 -0.16797 -0.06116 -.02479
14.25 0.38292074024700901 -0.24673 -0.14006 -0.17343 -0.05613 -.03337
14.50 0.38641032113921558 -0.25014 -0.13696 -0.17888 -0.05102 -.04192
14.75 0.38987644839447261 -0.25355 -0.13388 -0.18431 -0.04583 -.05043
15.00 0.39331989892118169 -0.25695 -0.13087 -0.18970 -0.04059 -.05883
15.25 0.39674141998838264 -0.26030 -0.12796 -0.19504 -0.03532 -.06708
15.50 0.40014173094847860 -0.26359 -0.12521 -0.20030 -0.03007 -.07509
15.75 0.40352152483640419 -0.26678 -0.12270 -0.20546 -0.02488 -.08276
16.00 0.40688146985598445 -0.26980 -0.12058 -0.21048 -0.01983 -.08990
16.25 0.41022221076315113 -0.27257 -0.11903 -0.21529 -0.01505 -.09626
16.50 0.41354437015471773 -0.27498 -0.11836 -0.21981 -0.01069 -.10145
16.75 0.41684854967056112 -0.27689 -0.11899 -0.22386 -0.00694 -.10487
17.00 0.42013533111630319 -0.27822 -0.12133 -0.22719 -0.00390 -.10586
17.25 0.42340527751290741 -0.27915 -0.12518 -0.22941 -0.00121 -.10423
17.50 0.42665893407900496 -0.28015 -0.12921 -0.23026 0.00209 -.10105
17.75 0.42989682915123001 -0.28150 -0.13205 -0.22994 0.00663 -.09789
18.00 0.43311947504735931 -0.28317 -0.13340 -0.22882 0.01234 -.09542
18.25 0.43632736887662232 -0.28505 -0.13354 -0.22717 0.01891 -.09363
18.50 0.43952099330116196 -0.28704 -0.13277 -0.22517 0.02607 -.09240
18.75 0.44270081725227745 -0.28911 -0.13136 -0.22293 0.03366 -.09157
19.00 0.44586729660476643 -0.29121 -0.12946 -0.22052 0.04157 -.09106
19.25 0.44902087481240505 -0.29333 -0.12721 -0.21798 0.04972 -.09077
19.50 0.45216198350734593 -0.29546 -0.12469 -0.21536 0.05806 -.09067
19.75 0.45529104306598517 -0.29760 -0.12196 -0.21267 0.06654 -.09071
20.00 0.45840846314364242 -0.29972 -0.11907 -0.20994 0.07516 -.09087
20.25 0.46151464318020630 -0.30183 -0.11605 -0.20717 0.08388 -.09112
20.50 0.46460997287872730 -0.30393 -0.11292 -0.20439 0.09268 -.09147
20.75 0.46769483265878409 -0.30601 -0.10971 -0.20159 0.10156 -.09188
21.00 0.47076959408630886 -0.30806 -0.10643 -0.19878 0.11050 -.09235
21.25 0.47383462028142359 -0.31009 -0.10309 -0.19597 0.11948 -.09288
21.50 0.47689026630572684 -0.31208 -0.09971 -0.19316 0.12850 -.09345
21.75 0.47993687953036013 -0.31404 -0.09631 -0.19035 0.13754 -.09404
22.00 0.48297479998608267 -0.31595 -0.09288 -0.18755 0.14659 -.09467
22.25 0.48600436069649899 -0.31780 -0.08945 -0.18475 0.15563 -.09530
22.50 0.48902588799549546 -0.31959 -0.08602 -0.18196 0.16465 -.09594
22.75 0.49203970182987000 -0.32130 -0.08262 -0.17919 0.17360 -.09657
23.00 0.49504611604806875 -0.32290 -0.07926 -0.17642 0.18247 -.09716
23.25 0.49804543867587991 -0.32437 -0.07597 -0.17367 0.19121 -.09770
23.50 0.50103797217987622 -0.32565 -0.07280 -0.17092 0.19972 -.09812
23.75 0.50402401371934424 -0.32669 -0.06978 -0.16820 0.20792 -.09842
24.00 0.50700385538738835 -0.32739 -0.06701 -0.16548 0.20973 -.09847
24.25 0.50997778444185260 -0.32762 -0.06458 -0.16277 0.20435 -.09819
24.50 0.51294608352666027 -0.32724 -0.06262 -0.16006 0.19943 -.09744
24.75 0.51590903088413309 -0.32611 -0.06124 -0.15733 0.19505 -.09609
25.00 0.51886690055881535 -0.32416 -0.06053 -0.15456 0.19129 -.09403
25.25 0.52181996259329522 -0.32144 -0.06051 -0.15170 0.18813 -.09119
25.50 0.52476848321648584 -0.31814 -0.06112 -0.14872 0.18554 -.08760
25.75 0.52771272502479782 -0.31451 -0.06223 -0.14559 0.18343 -.08336
26.00 0.53065294715660993 -0.31082 -0.06377 -0.14227 0.18175 -.07850
26.25 0.53358940546042311 -0.30734 -0.06565 -0.13870 0.18045 -.07305
26.50 0.53652235265705239 -0.30432 -0.06782 -0.13487 0.17953 -.06705
26.75 0.53945203849620049 -0.30203 -0.07027 -0.13075 0.17907 -.06048
27.00 0.54237870990772830 -0.30070 -0.07305 -0.12635 0.17921 -.05330
27.25 0.54530261114792489 -0.30055 -0.07623 -0.12178 0.18019 -.04555
27.50 0.54822398394106098 -0.30158 -0.07991 -0.11725 0.18221 -.03734
27.75 0.55114306761649301 -0.30355 -0.08412 -0.11300 0.18533 -.02888
28.00 0.55406009924157285 -0.30607 -0.08873 -0.10917 0.18931 -.02044
28.25 0.55697531375060216 -0.30883 -0.09361 -0.10569 0.19386 -.01208
28.50 0.55988894407005929 -0.31167 -0.09862 -0.10248 0.19874 -.00386
28.75 0.56280122124031395 -0.31451 -0.10367 -0.09944 0.20382 .00423
29.00 0.56571237453403433 -0.31732 -0.10873 -0.09653 0.20903 .01220
29.25 0.56862263157148163 -0.32010 -0.11375 -0.09370 0.21433 .02005
29.50 0.57153221843287527 -0.32283 -0.11872 -0.09092 0.21968 .02780
29.75 0.57444135976800692 -0.32553 -0.12363 -0.08817 0.22029 .03546
30.00 0.57735027890326807 -0.32819 -0.12847 -0.08545 0.21923 .04302
30.25 0.58025919794625369 -0.33081 -0.13324 -0.08274 0.21817 .05050
30.50 0.58316833788809341 -0.33340 -0.13793 -0.08003 0.21712 .05790
30.75 0.58607791870365555 -0.33596 -0.14254 -0.07733 0.21607 .06521
31.00 0.58898815944976501 -0.33849 -0.14708 -0.07463 0.21504 .07245
31.25 0.59189927836156764 -0.34099 -0.15153 -0.07192 0.21402 .07961
31.50 0.59481149294717062 -0.34346 -0.15589 -0.06921 0.21301 .08668
31.75 0.59772502008068074 -0.34590 -0.16018 -0.06649 0.21202 .09369
32.00 0.60064007609376124 -0.34832 -0.16438 -0.06376 0.21105 .10062
32.25 0.60355687686581816 -0.35072 -0.16850 -0.06102 0.21009 .10748
32.50 0.60647563791293169 -0.35309 -0.17254 -0.05827 0.20915 .11427
32.75 0.60939657447563289 -0.35545 -0.17649 -0.05551 0.20822 .12098
33.00 0.61231990160563299 -0.35778 -0.18036 -0.05274 0.20731 .12762
33.25 0.61524583425160395 -0.36009 -0.18415 -0.04996 0.20642 .13419
33.50 0.61817458734410646 -0.36238 -0.18786 -0.04717 0.20555 .14069
33.75 0.62110637587975959 -0.36465 -0.19148 -0.04436 0.20469 .14712
34.00 0.62404141500474464 -0.36691 -0.19502 -0.04155 0.20386 .15347
34.25 0.62697992009773107 -0.36915 -0.19848 -0.03872 0.20304 .15976
34.50 0.62992210685231265 -0.37137 -0.20186 -0.03588 0.20224 .16598
34.75 0.63286819135903882 -0.37358 -0.20515 -0.03304 0.20146 .17211
35.00 0.63581839018712483 -0.37577 -0.20836 -0.03018 0.20070 .17818
35.25 0.63877292046592293 -0.37795 -0.21149 -0.02731 0.19995 .18418
35.50 0.64173199996623487 -0.38011 -0.21454 -0.02443 0.19923 .19011
35.75 0.64469584718154593 -0.38226 -0.21751 -0.02155 0.19852 .19596
36.00 0.64766468140925815 -0.38440 -0.22039 -0.01866 0.19783 .20173
36.25 0.65063872283200119 -0.38653 -0.22320 -0.01576 0.19717 .20744
36.50 0.65361819259909770 -0.38864 -0.22592 -0.01285 0.19652 .21307
36.75 0.65660331290825846 -0.39075 -0.22856 -0.00994 0.19588 .21862
37.00 0.65959430708758449 -0.39284 -0.23112 -0.00703 0.19527 .22409
37.25 0.66259139967795155 -0.39493 -0.23360 -0.00411 0.19468 .22949
37.50 0.66559481651585173 -0.39700 -0.23600 -0.00119 0.19410 .23481
37.75 0.66860478481676788 -0.39907 -0.23832 0.00172 0.19355 .24004
38.00 0.67162153325915808 -0.40112 -0.24056 0.00464 0.19301 .24520
38.25 0.67464529206912238 -0.40317 -0.24272 0.00755 0.19249 .25027
38.50 0.67767629310583211 -0.40520 -0.24479 0.01045 0.19199 .25524
38.75 0.68071476994779589 -0.40723 -0.24679 0.01334 0.19150 .26013
39.00 0.68376095798003989 -0.40925 -0.24871 0.01622 0.19104 .26493
39.25 0.68681509448228206 -0.41126 -0.25055 0.01908 0.19059 .26963
39.50 0.68987741871817743 -0.41327 -0.25230 0.02193 0.19016 .27423
39.75 0.69294817202571524 -0.41526 -0.25398 0.02475 0.18975 .27873
40.00 0.69602759790885060 -0.41725 -0.25558 0.02754 0.18936 .28312
40.25 0.69911594213045092 -0.41922 -0.25710 0.03030 0.18898 .28740
40.50 0.70221345280664171 -0.42119 -0.25854 0.03302 0.18862 .29156
40.75 0.70532038050263912 -0.42315 -0.25990 0.03569 0.18828 .29559
41.00 0.70843697833015451 -0.42510 -0.26119 0.03831 0.18795 .29950
41.25 0.71156350204645979 -0.42704 -0.26239 0.04086 0.18764 .30325
41.50 0.71470021015520846 -0.42897 -0.26352 0.04335 0.18734 .30687
41.75 0.71784736400909988 -0.43089 -0.26456 0.04576 0.18705 .31032
42.00 0.72100522791448773 -0.43279 -0.26553 0.04807 0.18677 .31360
42.25 0.72417406923802852 -0.43468 -0.26642 0.05028 0.18650 .31670
42.50 0.72735415851547003 -0.43656 -0.26724 0.05238 0.18623 .31962
42.75 0.73054576956268569 -0.43841 -0.26797 0.05434 0.18594 .32231
43.00 0.73374917958905994 -0.44025 -0.26863 0.05615 0.18564 .32478
43.25 0.73696466931333482 -0.44206 -0.26921 0.05781 0.18529 .32702
43.50 0.74019252308203054 -0.44383 -0.26971 0.05928 0.18487 .32899
43.75 0.74343302899055930 -0.44555 -0.27013 0.06056 0.18438 .33069
44.00 0.74668647900714824 -0.44720 -0.27048 0.06164 0.18382 .33212
44.25 0.74995316909970178 -0.44874 -0.27075 0.06248 0.18328 .33323
44.50 0.75323339936572720 -0.45007 -0.27095 0.06310 0.18282 .33405
44.75 0.75652747416546084 -0.45103 -0.27106 0.06347 0.18252 .33453
45.00 0.75983570225832975
45.25 0.76315839694289456 -0.45103 -0.27106 0.06347 0.18252 .33453
45.50 0.76649587620041937 -0.45007 -0.27095 0.06310 0.18282 .33405
45.75 0.76984846284222430 -0.44874 -0.27075 0.06248 0.18328 .33323
46.00 0.77321648466098036 -0.44720 -0.27048 0.06164 0.18382 .33212
46.25 0.77660027458611014 -0.44555 -0.27013 0.06056 0.18438 .33069
46.50 0.78000017084346973 -0.44383 -0.26971 0.05928 0.18487 .32899
46.75 0.78341651711948912 -0.44206 -0.26921 0.05781 0.18529 .32702
47.00 0.78684966272995749 -0.44025 -0.26863 0.05615 0.18564 .32478
47.25 0.79029996279364645 -0.43841 -0.26797 0.05434 0.18594 .32231
47.50 0.79376777841097601 -0.43656 -0.26724 0.05238 0.18623 .31962
47.75 0.79725347684792980 -0.43468 -0.26642 0.05028 0.18650 .31670
48.00 0.80075743172543956 -0.43279 -0.26553 0.04807 0.18677 .31360
48.25 0.80428002321446923 -0.43089 -0.26456 0.04576 0.18705 .31032
48.50 0.80782163823703412 -0.42897 -0.26352 0.04335 0.18734 .30687
48.75 0.81138267067340353 -0.42704 -0.26239 0.04086 0.18764 .30325
49.00 0.81496352157574936 -0.42510 -0.26119 0.03831 0.18795 .29950
49.25 0.81856459938850701 -0.42315 -0.25990 0.03569 0.18828 .29559
49.50 0.82218632017573356 -0.42119 -0.25854 0.03302 0.18862 .29156
49.75 0.82582910785575958 -0.41922 -0.25710 0.03030 0.18898 .28740
50.00 0.82949339444344139 -0.41725 -0.25558 0.02754 0.18936 .28312
50.25 0.83317962030033754 -0.41526 -0.25398 0.02475 0.18975 .27873
50.50 0.83688823439314863 -0.41327 -0.25230 0.02193 0.19016 .27423
50.75 0.84061969456077290 -0.41126 -0.25055 0.01908 0.19059 .26963
51.00 0.84437446779034697 -0.40925 -0.24871 0.01622 0.19104 .26493
51.25 0.84815303050266300 -0.40723 -0.24679 0.01334 0.19150 .26013
51.50 0.85195586884736429 -0.40520 -0.24479 0.01045 0.19199 .25524
51.75 0.85578347900834917 -0.40317 -0.24272 0.00755 0.19249 .25027
52.00 0.85963636751982619 -0.40112 -0.24056 0.00464 0.19301 .24520
52.25 0.86351505159349251 -0.39907 -0.23832 0.00172 0.19355 .24004
52.50 0.86742005945732381 -0.39700 -0.23600 -0.00119 0.19410 .23481
52.75 0.87135193070649397 -0.39493 -0.23360 -0.00411 0.19468 .22949
53.00 0.87531121666696521 -0.39284 -0.23112 -0.00703 0.19527 .22409
53.25 0.87929848077231665 -0.39075 -0.22856 -0.00994 0.19588 .21862
53.50 0.88331429895441260 -0.38864 -0.22592 -0.01285 0.19652 .21307
53.75 0.88735926004853483 -0.38653 -0.22320 -0.01576 0.19717 .20744
54.00 0.89143396621364279 -0.38440 -0.22039 -0.01866 0.19783 .20173
54.25 0.89553903336845653 -0.38226 -0.21751 -0.02155 0.19852 .19596
54.50 0.89967509164409376 -0.38011 -0.21454 -0.02443 0.19923 .19011
54.75 0.90384278585403033 -0.37795 -0.21149 -0.02731 0.19995 .18418
55.00 0.90804277598219907 -0.37577 -0.20836 -0.03018 0.20070 .17818
55.25 0.91227573769007742 -0.37358 -0.20515 -0.03304 0.20146 .17211
55.50 0.91654236284366797 -0.37137 -0.20186 -0.03588 0.20224 .16598
55.75 0.92084336006132139 -0.36915 -0.19848 -0.03872 0.20304 .15976
56.00 0.92517945528340284 -0.36691 -0.19502 -0.04155 0.20386 .15347
56.25 0.92955139236486140 -0.36465 -0.19148 -0.04436 0.20469 .14712
56.50 0.93395993369181618 -0.36238 -0.18786 -0.04717 0.20555 .14069
56.75 0.93840586082334254 -0.36009 -0.18415 -0.04996 0.20642 .13419
57.00 0.94288997515969897 -0.35778 -0.18036 -0.05274 0.20731 .12762
57.25 0.94741309863831702 -0.35545 -0.17649 -0.05551 0.20822 .12098
57.50 0.95197607445894206 -0.35309 -0.17254 -0.05827 0.20915 .11427
57.75 0.95657976783940157 -0.35072 -0.16850 -0.06102 0.21009 .10748
58.00 0.96122506680355879 -0.34832 -0.16438 -0.06376 0.21105 .10062
58.25 0.96591288300310196 -0.34590 -0.16018 -0.06649 0.21202 .09369
58.50 0.97064415257492132 -0.34346 -0.15589 -0.06921 0.21301 .08668
58.75 0.97541983703592194 -0.34099 -0.15153 -0.07192 0.21402 .07961
59.00 0.98024092421724396 -0.33849 -0.14708 -0.07463 0.21504 .07245
59.25 0.98510842923997155 -0.33596 -0.14254 -0.07733 0.21607 .06521
59.50 0.99002339553454166 -0.33340 -0.13793 -0.08003 0.21712 .05790
59.75 0.99498689590620693 -0.33081 -0.13324 -0.08274 0.21817 .05050
60.00 1.0000000336490449 -0.32819 -0.12847 -0.08545 0.21923 .04302
60.25 1.0050639437111659 -0.32553 -0.12363 -0.08817 0.22029 .03546
60.50 1.0101797939139427 -0.32283 -0.11872 -0.09092 0.21968 .02780
60.75 1.0153487862282633 -0.32010 -0.11375 -0.09370 0.21433 .02005
61.00 1.0205721581109972 -0.31732 -0.10873 -0.09653 0.20903 .01220
61.25 1.0258511839050852 -0.31451 -0.10367 -0.09944 0.20382 .00423
61.50 1.0311871763068714 -0.31167 -0.09862 -0.10248 0.19874 -.00386
61.75 1.0365814879045478 -0.30883 -0.09361 -0.10569 0.19386 -.01208
62.00 1.0420355127918348 -0.30607 -0.08873 -0.10917 0.18931 -.02044
62.25 1.0475506882612993 -0.30355 -0.08412 -0.11300 0.18533 -.02888
62.50 1.0531284965820111 -0.30158 -0.07991 -0.11725 0.18221 -.03734
62.75 1.0587704668665670 -0.30055 -0.07623 -0.12178 0.18019 -.04555
63.00 1.0644781770328475 -0.30070 -0.07305 -0.12635 0.17921 -.05330
63.25 1.0702532558662603 -0.30203 -0.07027 -0.13075 0.17907 -.06048
63.50 1.0760973851886237 -0.30432 -0.06782 -0.13487 0.17953 -.06705
63.75 1.0820123021402799 -0.30734 -0.06565 -0.13870 0.18045 -.07305
64.00 1.0879998015825072 -0.31082 -0.06377 -0.14227 0.18175 -.07850
64.25 1.0940617386278098 -0.28849 -0.02765 -0.12054 0.13902 -.09289
64.50 1.1002000313062268 -0.31814 -0.06112 -0.14872 0.18554 -.08760
64.75 1.1064166633763877 -0.32144 -0.06051 -0.15170 0.18813 -.09119
65.00 1.1127136872907215 -0.32416 -0.06053 -0.15456 0.19129 -.09403
65.25 1.1190932273249123 -0.32611 -0.06124 -0.15733 0.19505 -.09609
65.50 1.1255574828824770 -0.32724 -0.06262 -0.16006 0.19943 -.09744
65.75 1.1321087319861824 -0.32762 -0.06458 -0.16277 0.20435 -.09819
66.00 1.1387493349689228 -0.32739 -0.06701 -0.16548 0.20973 -.09847
66.25 1.1454817383776770 -0.32669 -0.06978 -0.16820 0.20792 -.09842
66.50 1.1523084791052536 -0.32565 -0.07280 -0.17092 0.19972 -.09812
66.75 1.1592321887657087 -0.32437 -0.07597 -0.17367 0.19121 -.09770
67.00 1.1662555983306084 -0.32290 -0.07926 -0.17642 0.18247 -.09716
67.25 1.1733815430447392 -0.32130 -0.08262 -0.17919 0.17360 -.09657
67.50 1.1806129676413906 -0.31959 -0.08602 -0.18196 0.16465 -.09594
67.75 1.1879529318790409 -0.31780 -0.08945 -0.18475 0.15563 -.09530
68.00 1.1954046164231349 -0.31595 -0.09288 -0.18755 0.14659 -.09467
68.25 1.2029713290986654 -0.31404 -0.09631 -0.19035 0.13754 -.09404
68.50 1.2106565115415191 -0.31208 -0.09971 -0.19316 0.12850 -.09345
68.75 1.2184637462790018 -0.31009 -0.10309 -0.19597 0.11948 -.09288
69.00 1.2263967642726714 -0.30806 -0.10643 -0.19878 0.11050 -.09235
69.25 1.2344594529595776 -0.30601 -0.10971 -0.20159 0.10156 -.09188
69.50 1.2426558648313226 -0.30393 -0.11292 -0.20439 0.09268 -.09147
69.75 1.2509902265939778 -0.30183 -0.11605 -0.20717 0.08388 -.09112
70.00 1.2594669489559134 -0.29972 -0.11907 -0.20994 0.07516 -.09087
70.25 1.2680906370950717 -0.29760 -0.12196 -0.21267 0.06654 -.09071
70.50 1.2768661018621295 -0.29546 -0.12469 -0.21536 0.05805 -.09067
70.75 1.2857983717814927 -0.29333 -0.12721 -0.21798 0.04972 -.09077
71.00 1.2948927059181552 -0.29121 -0.12946 -0.22052 0.04157 -.09106
71.25 1.3041546076852373 -0.28911 -0.13136 -0.22293 0.03366 -.09157
71.50 1.3135898396745678 -0.28704 -0.13277 -0.22517 0.02607 -.09240
71.75 1.3232044396011293 -0.28505 -0.13354 -0.22717 0.01891 -.09363
72.00 1.3330047374615932 -0.28317 -0.13340 -0.22882 0.01234 -.09542
72.25 1.3429973740177321 -0.28150 -0.13205 -0.22994 0.00663 -.09789
72.50 1.3531893207273342 -0.28015 -0.12921 -0.23026 0.00209 -.10105
72.75 1.3635879012585173 -0.27915 -0.12518 -0.22941 -0.00121 -.10423
73.00 1.3742008147382716 -0.27822 -0.12133 -0.22719 -0.00390 -.10586
73.25 1.3850361609029067 -0.27689 -0.11899 -0.22386 -0.00694 -.10487
73.50 1.3961024673370386 -0.27498 -0.11836 -0.21981 -0.01069 -.10145
73.75 1.4074087190092159 -0.27257 -0.11903 -0.21529 -0.01505 -.09626
74.00 1.4189643903365978 -0.26980 -0.12058 -0.21048 -0.01983 -.08990
74.25 1.4307794800386300 -0.26678 -0.12270 -0.20546 -0.02488 -.08276
74.50 1.4428645490710084 -0.26359 -0.12521 -0.20030 -0.03007 -.07509
74.75 1.4552307619668963 -0.26030 -0.12796 -0.19504 -0.03532 -.06708
75.00 1.4678899319530556 -0.25695 -0.13087 -0.18970 -0.04059 -.05883
75.25 1.4808545702551064 -0.25355 -0.13388 -0.18431 -0.04583 -.05043
75.50 1.4941379400594756 -0.25014 -0.13696 -0.17888 -0.05102 -.04192
75.75 1.5077541156608558 -0.24673 -0.14006 -0.17343 -0.05613 -.03337
76.00 1.5217180473945009 -0.24333 -0.14318 -0.16797 -0.06116 -.02479
76.25 1.5360456330340897 -0.23995 -0.14628 -0.16250 -0.06609 -.01622
76.50 1.5507537964299845 -0.23659 -0.14936 -0.15703 -0.07091 -.00767
76.75 1.5658605742718710 -0.23326 -0.15241 -0.15158 -0.07562 .00083
77.00 1.5813852119866876 -0.22997 -0.15541 -0.14613 -0.08020 .00928
77.25 1.5973482699307082 -0.22671 -0.15836 -0.14071 -0.08466 .01765
77.50 1.6137717412076256 -0.22349 -0.16125 -0.13532 -0.08898 .02593
77.75 1.6306791826473761 -0.22031 -0.16407 -0.12997 -0.09315 .03410
78.00 1.6480958607190197 -0.21717 -0.16682 -0.12468 -0.09716 .04214
78.25 1.6660489144325314 -0.21407 -0.16949 -0.11950 -0.10094 .04999
78.50 1.6845675376176648 -0.21101 -0.17209 -0.11469 -0.10425 .05740
78.75 1.7036831833639368 -0.20798 -0.17459 -0.11189 -0.10545 .06270
79.00 1.7234297938777567 -0.20498 -0.17700 -0.11360 -0.10202 .06340
79.25 1.7438440595774944 -0.20202 -0.17932 -0.11662 -0.09717 .06270
79.50 1.7649657119256603 -0.19908 -0.18153 -0.11978 -0.09209 .06175
79.75 1.7868378553155890 -0.19618 -0.18363 -0.12288 -0.08695 .06075
80.00 1.8095073443210954 -0.19333 -0.18558 -0.12589 -0.08179 .05969
80.25 1.8330252138232914 -0.19074 -0.18716 -0.12879 -0.07663 .05837
80.50 1.8574471710024862 -0.19018 -0.18662 -0.13158 -0.07146 .05504
80.75 1.8828341599932619 -0.19156 -0.18401 -0.13425 -0.06630 .04976
81.00 1.9092530122354845 -0.19310 -0.18110 -0.13681 -0.06112 .04429
81.25 1.9367771983277440 -0.19458 -0.17811 -0.13925 -0.05594 .03886
81.50 1.9654877006520655 -0.19598 -0.17504 -0.14158 -0.05074 .03346
81.75 1.9954740303864316 -0.19729 -0.17189 -0.14381 -0.04552 .02808
82.00 2.0268354180156947 -0.19849 -0.16865 -0.14592 -0.04027 .02273
82.25 2.0596822134404817 -0.19959 -0.16531 -0.14794 -0.03498 .01737
82.50 2.0941375407372735 -0.20060 -0.16184 -0.14985 -0.02963 .01199
82.75 2.1303392641794385 -0.20150 -0.15823 -0.15166 -0.02423 .00657
83.00 2.1684423371644423 -0.20231 -0.15444 -0.15338 -0.01874 .00106
83.25 2.2086216254199424 -0.20302 -0.15046 -0.15501 -0.01317 -.00455
83.50 2.2510753219802888 -0.20363 -0.14626 -0.15656 -0.00748 -.01030
83.75 2.2960291063410230 -0.20414 -0.14180 -0.15801 -0.00167 -.01621
84.00 2.3437412473608381 -0.20457 -0.13704 -0.15939 0.00430 -.02235
84.25 2.3945089138952178 -0.20490 -0.13195 -0.16069 0.01044 -.02874
84.50 2.4486760461856742 -0.20514 -0.12648 -0.16192 0.01679 -.03544
84.75 2.5066432657105051 -0.20530 -0.12057 -0.16309 0.02338 -.04252
