5.0 0.22474786951272291 -3.99954956881
5.25 0.23032811073355966 -4.13310038525
5.50 0.23578063841929153 -4.25427019372
5.75 0.24111432303437602 -4.36445894908
6.00 0.24633708657984518 -4.46485316710
6.25 0.25145603955751983 -4.55646610122
6.50 0.25647759350390792 -4.64016916063
6.75 0.26140755421862366 -4.71671671859
7.00 0.26625119958804888 -4.78676587544
7.25 0.27101334500631991 -4.85089233117
7.50 0.27569839872782342 -4.90960322921
7.75 0.28031040898329512 -4.96334762231
8.00 0.28485310431016619 -5.01252505611
8.25 0.28932992825516618 -5.05749265224
8.50 0.29374406938062309 -5.09857098701
8.75 0.29809848732900202 -5.13604899706
9.00 0.30239593556098865 -5.17018809472
9.25 0.30663898127202549 -5.20122563756
9.50 0.31083002290405076 -5.22937786789
9.75 0.31497130559833353 -5.25484241492
10.00 0.31906493487798943 -5.27780043465
10.25 0.32311288880213562 -5.29841844863
10.50 0.32711702879550453 -5.31684993134
10.75 0.33107910932596624 -5.33323668751
11.00 0.33500078657648524 -5.34771005348
11.25 0.33888362623650670 -5.36039195127
11.50 0.34272911051981081 -5.37139581967
11.75 0.34653864450082428 -5.38082744336
12.00 0.35031356184872481 -5.38878569837
12.25 0.35405513002798283 -5.39536323058
12.50 0.35776455502492738 -5.40064708314
12.75 0.36144298565221100 -5.40471928801
13.00 0.36509151747647400 -5.40765743824
13.25 0.36871119640886968 -5.40953525944
13.50 0.37230302199327187 -5.41042320210
13.75 0.37586795042281695 -5.41038908411
14.00 0.37940689731182314 -5.40949882190
14.25 0.38292074024700901 -5.40781730558
14.50 0.38641032113921558 -5.40540950026
14.75 0.38987644839447261 -5.40234189820
15.00 0.39331989892118169 -5.39868451798
15.25 0.39674141998838264 -5.39451376574
15.50 0.40014173094847860 -5.38991667490
15.75 0.40352152483640419 -5.38499738402
16.00 0.40688146985598445 -5.37988728041
16.25 0.41022221076315113 -5.37476108105
16.50 0.41354437015471773 -5.36986183646
16.75 0.41684854967056112 -5.36553534570
17.00 0.42013533111630319 -5.36225407365
17.25 0.42340527751290741 -5.36053792640
17.50 0.42665893407900496 -5.36065202483
17.75 0.42989682915123001 -5.36237333947
18.00 0.43311947504735931 -5.36521808641
18.25 0.43632736887662232 -5.36873645284
18.50 0.43952099330116196 -5.37259699083
18.75 0.44270081725227745 -5.37657105272
19.00 0.44586729660476643 -5.38050317083
19.25 0.44902087481240505 -5.38428774644
19.50 0.45216198350734593 -5.38785309106
19.75 0.45529104306598517 -5.39115081250
20.00 0.45840846314364242 -5.39414874903
20.25 0.46151464318020630 -5.39682622022
20.50 0.46460997287872730 -5.39917079928
20.75 0.46769483265878409 -5.40117609919
21.00 0.47076959408630886 -5.40284024768
21.25 0.47383462028142359 -5.40416484273
21.50 0.47689026630572684 -5.40515425575
21.75 0.47993687953036013 -5.40581520080
22.00 0.48297479998608267 -5.40615652529
22.25 0.48600436069649899 -5.40618920812
22.50 0.48902588799549546 -5.40592658139
22.75 0.49203970182987000 -5.40538482680
23.00 0.49504611604806875 -5.40458384619
23.25 0.49804543867587991 -5.40354867428
23.50 0.50103797217987622 -5.40231169869
23.75 0.50402401371934424 -5.40091606896
24.00 0.50700385538738835 -5.39942074625
24.25 0.50997778444185260 -5.39790744038
24.50 0.51294608352666027 -5.39648868986
24.75 0.51590903088413309 -5.39531405185
25.00 0.51886690055881535 -5.39456886078
25.25 0.52181996259329522 -5.39446150044
25.50 0.52476848321648584 -5.39520287208
25.75 0.52771272502479782 -5.39698785761
26.00 0.53065294715660993 -5.39998484468
26.25 0.53358940546042311 -5.40433138727
26.50 0.53652235265705239 -5.41013010940
26.75 0.53945203849620049 -5.41743860646
27.00 0.54237870990772830 -5.42624738415
27.25 0.54530261114792489 -5.43644359124
27.50 0.54822398394106098 -5.44777861299
27.75 0.55114306761649301 -5.45989322245
28.00 0.55406009924157285 -5.47242199907
28.25 0.55697531375060216 -5.48508715338
28.50 0.55988894407005929 -5.49771288150
28.75 0.56280122124031395 -5.51019637533
29.00 0.56571237453403433 -5.52247863640
29.25 0.56862263157148163 -5.53452578805
29.50 0.57153221843287527 -5.54631848336
29.75 0.57444135976800692 -5.55784601265
30.00 0.57735027890326807 -5.56910296415
30.25 0.58025919794625369 -5.58008727200
30.50 0.58316833788809341 -5.59079903643
30.75 0.58607791870365555 -5.60123978717
31.00 0.58898815944976501 -5.61141200964
31.25 0.59189927836156764 -5.62131883203
31.50 0.59481149294717062 -5.63096381346
31.75 0.59772502008068074 -5.64035079773
32.00 0.60064007609376124 -5.64948381029
32.25 0.60355687686581816 -5.65836698464
32.50 0.60647563791293169 -5.66700450883
32.75 0.60939657447563289 -5.67540058636
33.00 0.61231990160563299 -5.68355940706
33.25 0.61524583425160395 -5.69148512549
33.50 0.61817458734410646 -5.69918184461
33.75 0.62110637587975959 -5.70665360355
34.00 0.62404141500474464 -5.71390436836
34.25 0.62697992009773107 -5.72093802504
34.50 0.62992210685231265 -5.72775837433
34.75 0.63286819135903882 -5.73436912789
35.00 0.63581839018712483 -5.74077390542
35.25 0.63877292046592293 -5.74697623267
35.50 0.64173199996623487 -5.75297954011
35.75 0.64469584718154593 -5.75878716202
36.00 0.64766468140925815 -5.76440233603
36.25 0.65063872283200119 -5.76982820293
36.50 0.65361819259909770 -5.77506780680
36.75 0.65660331290825846 -5.78012409523
37.00 0.65959430708758449 -5.78499991975
37.25 0.66259139967795155 -5.78969803636
37.50 0.66559481651585173 -5.79422110615
37.75 0.66860478481676788 -5.79857169598
38.00 0.67162153325915808 -5.80275227920
38.25 0.67464529206912238 -5.80676523644
38.50 0.67767629310583211 -5.81061285634
38.75 0.68071476994779589 -5.81429733638
39.00 0.68376095798003989 -5.81782078368
39.25 0.68681509448228206 -5.82118521573
39.50 0.68987741871817743 -5.82439256125
39.75 0.69294817202571524 -5.82744466088
40.00 0.69602759790885060 -5.83034326795
40.25 0.69911594213045092 -5.83309004922
40.50 0.70221345280664171 -5.83568658556
40.75 0.70532038050263912 -5.83813437260
41.00 0.70843697833015451 -5.84043482141
41.25 0.71156350204645979 -5.84258925907
41.50 0.71470021015520846 -5.84459892932
41.75 0.71784736400909988 -5.84646499302
42.00 0.72100522791448773 -5.84818852872
42.25 0.72417406923802852 -5.84977053311
42.50 0.72735415851547003 -5.85121192153
42.75 0.73054576956268569 -5.85251352829
43.00 0.73374917958905994 -5.85367610714
43.25 0.73696466931333482 -5.85470033153
43.50 0.74019252308203054 -5.85558679498
43.75 0.74343302899055930 -5.85633601131
44.00 0.74668647900714824 -5.85694841491
44.25 0.74995316909970178 -5.85742436091
44.50 0.75323339936572720 -5.85776412535
44.75 0.75652747416546084 -5.85796790530
45.00 0.75983570225832975
45.25 0.76315839694289456 -5.85796790581
45.50 0.76649587620041937 -5.85776412637
45.75 0.76984846284222430 -5.85742436244
46.00 0.77321648466098036 -5.85694841695
46.25 0.77660027458611014 -5.85633601387
46.50 0.78000017084346973 -5.85558679804
46.75 0.78341651711948912 -5.85470033510
47.00 0.78684966272995749 -5.85367611123
47.25 0.79029996279364645 -5.85251353289
47.50 0.79376777841097601 -5.85121192664
47.75 0.79725347684792980 -5.84977053874
48.00 0.80075743172543956 -5.84818853486
48.25 0.80428002321446923 -5.84646499969
48.50 0.80782163823703412 -5.84459893651
48.75 0.81138267067340353 -5.84258926678
49.00 0.81496352157574936 -5.84043482963
49.25 0.81856459938850701 -5.83813438135
49.50 0.82218632017573356 -5.83568659484
49.75 0.82582910785575958 -5.83309005903
50.00 0.82949339444344139 -5.83034327828
50.25 0.83317962030033754 -5.82744467174
50.50 0.83688823439314863 -5.82439257265
50.75 0.84061969456077290 -5.82118522767
51.00 0.84437446779034697 -5.81782079616
51.25 0.84815303050266300 -5.81429734941
51.50 0.85195586884736429 -5.81061286991
51.75 0.85578347900834917 -5.80676525055
52.00 0.85963636751982619 -5.80275229387
52.25 0.86351505159349251 -5.79857171121
52.50 0.86742005945732381 -5.79422112194
52.75 0.87135193070649397 -5.78969805271
53.00 0.87531121666696521 -5.78499993667
53.25 0.87929848077231665 -5.78012411272
53.50 0.88331429895441260 -5.77506782487
53.75 0.88735926004853483 -5.76982822159
54.00 0.89143396621364279 -5.76440235527
54.25 0.89553903336845653 -5.75878718186
54.50 0.89967509164409376 -5.75297956055
54.75 0.90384278585403033 -5.74697625371
55.00 0.90804277598219907 -5.74077392707
55.25 0.91227573769007742 -5.73436915017
55.50 0.91654236284366797 -5.72775839723
55.75 0.92084336006132139 -5.72093804857
56.00 0.92517945528340284 -5.71390439253
56.25 0.92955139236486140 -5.70665362838
56.50 0.93395993369181618 -5.69918187009
56.75 0.93840586082334254 -5.69148515164
57.00 0.94288997515969897 -5.68355943389
57.25 0.94741309863831702 -5.67540061387
57.50 0.95197607445894206 -5.66700453705
57.75 0.95657976783940157 -5.65836701356
58.00 0.96122506680355879 -5.64948383994
58.25 0.96591288300310196 -5.64035082811
58.50 0.97064415257492132 -5.63096384459
58.75 0.97541983703592194 -5.62131886391
59.00 0.98024092421724396 -5.61141204230
59.25 0.98510842923997155 -5.60123982061
59.50 0.99002339553454166 -5.59079907068
59.75 0.99498689590620693 -5.58008730707
60.00 1.0000000336490449 -5.56910300006
60.25 1.0050639437111659 -5.55784604941
60.50 1.0101797939139427 -5.54631852099
60.75 1.0153487862282633 -5.53452582658
61.00 1.0205721581109972 -5.52247867584
61.25 1.0258511839050852 -5.51019641571
61.50 1.0311871763068714 -5.49771292285
61.75 1.0365814879045478 -5.48508719574
62.00 1.0420355127918348 -5.47242204250
62.25 1.0475506882612993 -5.45989326702
62.50 1.0531284965820111 -5.44777865882
62.75 1.0587704668665670 -5.43644363849
63.00 1.0644781770328475 -5.42624743294
63.25 1.0702532558662603 -5.41743865687
63.50 1.0760973851886237 -5.41013016146
63.75 1.0820123021402799 -5.40433144096
64.00 1.0879998015825072 -5.39998489994
64.25 1.0940617386278098 -5.31986703220
64.50 1.1002000313062268 -5.39520293031
64.75 1.1064166633763877 -5.39446156003
65.00 1.1127136872907215 -5.39456892163
65.25 1.1190932273249123 -5.39531411386
65.50 1.1255574828824770 -5.39648875295
65.75 1.1321087319861824 -5.39790750448
66.00 1.1387493349689228 -5.39942081132
66.25 1.1454817383776770 -5.40091613497
66.50 1.1523084791052536 -5.40231176563
66.75 1.1592321887657087 -5.40354874215
67.00 1.1662555983306084 -5.40458391501
67.25 1.1733815430447392 -5.40538489659
67.50 1.1806129676413906 -5.40592665218
67.75 1.1879529318790409 -5.40618927995
68.00 1.1954046164231349 -5.40615659820
68.25 1.2029713290986654 -5.40581527484
68.50 1.2106565115415191 -5.40515433096
68.75 1.2184637462790018 -5.40416491919
69.00 1.2263967642726714 -5.40284032544
69.25 1.2344594529595776 -5.40117617833
69.50 1.2426558648313226 -5.39917087988
69.75 1.2509902265939778 -5.39682630237
70.00 1.2594669489559134 -5.39414883283
70.25 1.2680906370950717 -5.39115089807
70.50 1.2768661018621295 -5.38785317852
70.75 1.2857983717814927 -5.38428783595
71.00 1.2948927059181552 -5.38050326258
71.25 1.3041546076852373 -5.37657114692
71.50 1.3135898396745678 -5.37259708777
71.75 1.3232044396011293 -5.36873655289
72.00 1.3330047374615932 -5.36521819008
72.25 1.3429973740177321 -5.36237344744
72.50 1.3531893207273342 -5.36065213804
72.75 1.3635879012585173 -5.36053804575
73.00 1.3742008147382716 -5.36225419948
73.25 1.3850361609029067 -5.36553547758
73.50 1.3961024673370386 -5.36986197373
73.75 1.4074087190092159 -5.37476122320
74.00 1.4189643903365978 -5.37988742712
74.25 1.4307794800386300 -5.38499753514
74.50 1.4428645490710084 -5.38991683037
74.75 1.4552307619668963 -5.39451392562
75.00 1.4678899319530556 -5.39868468237
75.25 1.4808545702551064 -5.40234206723
75.50 1.4941379400594756 -5.40540967415
75.75 1.5077541156608558 -5.40781748455
76.00 1.5217180473945009 -5.40949900620
76.25 1.5360456330340897 -5.41038927406
76.50 1.5507537964299845 -5.41042339802
76.75 1.5658605742718710 -5.40953546171
77.00 1.5813852119866876 -5.40765764724
77.25 1.5973482699307082 -5.40471950421
77.50 1.6137717412076256 -5.40064730701
77.75 1.6306791826473761 -5.39536346266
78.00 1.6480958607190197 -5.38878593924
78.25 1.6660489144325314 -5.38082769367
78.50 1.6845675376176648 -5.37139608011
78.75 1.7036831833639368 -5.36039222262
79.00 1.7234297938777567 -5.34771033658
79.25 1.7438440595774944 -5.33323698329
79.50 1.7649657119256603 -5.31685024082
79.75 1.7868378553155890 -5.29841877294
80.00 1.8095073443210954 -5.27780077505
80.25 1.8330252138232914 -5.25484277278
80.50 1.8574471710024862 -5.22937824473
80.75 1.8828341599932619 -5.20122603508
81.00 1.9092530122354845 -5.17018851481
81.25 1.9367771983277440 -5.13604944181
81.50 1.9654877006520655 -5.09857145877
81.75 1.9954740303864316 -5.05749315364
82.00 2.0268354180156947 -5.01252559009
82.25 2.0596822134404817 -4.96334819220
82.50 2.0941375407372735 -4.90960383874
82.75 2.1303392641794385 -4.85089298458
83.00 2.1684423371644423 -4.78676657754
83.25 2.2086216254199424 -4.71671747486
83.50 2.2510753219802888 -4.64016997736
83.75 2.2960291063410230 -4.55646698562
84.00 2.3437412473608381 -4.46485412750
84.25 2.3945089138952178 -4.36445999516
84.50 2.4486760461856742 -4.25427133678
84.75 2.5066432657105051 -4.13310163855
