0.5 -2.0342639912
.55 -2.0121631776
.60 -1.9893526791
.65 -1.9670980180
.70 -1.9462497146
.75 -1.9273675141
.80 -1.9107925234
.85 -1.8966880048
.90 -1.8850591981
.95 -1.8787881939
1.00 -1.8873108004
1.05 -1.8945276993
1.10 -1.9004198177
1.15 -1.9049850553
1.20 -1.9082516853
1.25 -1.9102792957
1.30 -1.9111537246
1.35 -1.9109796365
1.40 -1.9098731442
1.45 -1.9079553267
1.50 -1.9053467649
1.55 -1.9021632751
1.60 -1.8985126111
1.65 -1.8944920036
1.70 -1.8901865617
1.75 -1.8856683593
1.80 -1.8809962090
1.85 -1.8781052342
1.90 -1.8827020944
1.95 -1.8875786266
2.00 -1.8926951456
2.05 -1.8980114109
2.10 -1.9034879146
2.15 -1.9090870122
2.20 -1.9147734571
2.25 -1.9205149742
2.30 -1.9262823732
2.35 -1.9320495648
2.40 -1.9377935006
2.45 -1.9434938420
2.50 -1.9491329404
2.55 -1.9546954818
2.60 -1.9601682431
2.65 -1.9655400163
2.70 -1.9708011722
2.75 -1.9759436588
2.80 -1.9809608221
2.85 -1.9858471138
2.90 -1.9905981821
2.95 -1.9952104181
3.00 -1.9996811795
3.05 -2.0040084877
3.10 -2.0081910100
3.15 -2.0122279315
3.20 -2.0161188929
3.25 -2.0198639102
3.30 -2.0234634040
3.35 -2.0269180076
3.40 -2.0302286154
3.45 -2.0333962623
3.50 -2.0364221853
3.55 -2.0393076967
3.60 -2.0420542182
3.65 -2.0446632667
3.70 -2.0471363396
3.75 -2.0494750232
3.80 -2.0516808985
3.85 -2.0537555788
3.90 -2.0557006632
