# h8 energies for multiplicity =  1
# atoms arranged in rhombic structure of 2 isosceles triangles, definied by single parameter y = the height of the triangles 
# y, E(n=1), E(n=2), E(n=3)
0.25 -3.8970377164  -3.3259947944  -3.3259942879 
.26 -3.9632566170  -3.3947993201  -3.3947971138 
.27 -4.0195370676  -3.4542792124  -3.4542708247 
.28 -4.0667169762  -3.5057340661  -3.5057059173 
.29 -4.1055214728  -3.5509402919  -3.5508530777 
.30 -4.1365899177  -3.5922039170  -3.5916502221 
.31 -4.1604971095  -3.6413210068  -3.6281629236 
.32 -4.1777699108  -3.6937547351  -3.6653769727 
.33 -4.1889000814  -3.7407785688  -3.7073098211 
.34 -4.1943537294  -3.7825253626  -3.7437531204 
.35 -4.1945793378  -3.8193152395  -3.7749768083 
.36 -4.1900142147  -3.8514691941  -3.8013595677 
.37 -4.1810909516  -3.8792928766  -3.8232693605 
.38 -4.1682414209  -3.9030722864  -3.8410546053 
.381 -4.1667578925  -3.9052381091  -3.8426192286 
.382 -4.1652395086  -3.9073663515  -3.8441460720 
.383 -4.1636873344  -3.9094572786  -3.8456356449 
.384 -4.1621013742  -3.9115111043  -3.8470881111 
.385 -4.1604827180  -3.9135280949  -3.8485039873 
.386 -4.1588313699  -3.9155084539  -3.8498834300 
.387 -4.1571478801  -3.9174524091  -3.8512267721 
.388 -4.1554328056  -3.9193601856  -3.8525343466 
.389 -4.1536867108  -3.9212320052  -3.8538064864 
.390 -4.1519095824  -3.9230680381  -3.8550433215 
.391 -4.1501025715  -3.9248685406  -3.8562453806 
.392 -4.1482656678  -3.9266336689  -3.8574127862 
.393 -4.1463994479  -3.9283636192  -3.8585458600 
.394 -4.1445051069  -3.9300586435  -3.8596451430 
.395 -4.1425820258  -3.9317188095  -3.8607105234 
.396 -4.1406314124  -3.9333443546  -3.8617425388 
.397 -4.1386532524  -3.9349353815  -3.8627412807 
.398 -4.1366487879  -3.9364921205  -3.8637072952 
.399 -4.1346186559  -3.9380147302  -3.8646409058 
.400 -4.1325622103  -3.9395031987  -3.8655419497 
.401 -4.1304813844  -3.9409578153  -3.8664112216 
.402 -4.1283755344  -3.9423785341  -3.8672485431 
.403 -4.1262466476  -3.9437656376  -3.8680547265 
.404 -4.1240934145  -3.9451189460  -3.8688293176 
.405 -4.1219185406  -3.9464388192  -3.8695733987 
.406 -4.1197214006  -3.9477251302  -3.8702867602 
.407 -4.1175027222  -3.9489779198  -3.8709697052 
.408 -4.1152632552  -3.9501972108  -3.8716225374 
.409 -4.1130037732  -3.9513830061  -3.8722455617 
.410 -4.1107250758  -3.9525352870  -3.8728390838 
.411 -4.1084279906  -3.9536540106  -3.8734034104 
.412 -4.1061126577  -3.9547389788  -3.8739385545 
.413 -4.1037806764  -3.9557902131  -3.8744451113 
.414 -4.1014322465  -3.9568074443  -3.8749230874 
.415 -4.0990690554  -3.9577906348  -3.8753730896 
.416 -4.0966913768  -3.9587394303  -3.8757951185 
.417 -4.0943002573  -3.9596535659  -3.8761894755 
.418 -4.0918960485  -3.9605325690  -3.8765561420 
.419 -4.0894814034  -3.9613763819  -3.8768960619 
.420 -4.0870560458  -3.9621842528  -3.8772088938 
.421 -4.0846220229  -3.9629558424  -3.8774952685 
.422 -4.0821799473  -3.9636903976  -3.8777551566 
.423 -4.0797320442  -3.9643874312  -3.8779892024 
.424 -4.0772791066  -3.9650460010  -3.8781973722 
.425 -4.0748227990  -3.9656652350  -3.8783799703 
.426 -4.0723649078  -3.9662441457  -3.8785373037 
.427 -4.0699073538  -3.9667816168  -3.8786696824 
.428 -4.0674522065  -3.9672763898  -3.8787774194 
.429 -4.0650009157  -3.9677268170  -3.8788604580 
.430 -4.0625574611  -3.9681317636  -3.8789198589 
.431 -4.0601221014  -3.9684887268  -3.8789548127 
.432 -4.0577000180  -3.9687964387  -3.8789667794 
.433 -4.0552919198  -3.9690519031  -3.8789549292 
.434 -4.0529026927  -3.9692531575  -3.8789203625 
.435 -4.0505351404  -3.9693971872  -3.8788630184 
.436 -4.0481923611  -3.9694806538  -3.8787828223 
.437 -4.0458800798  -3.9695008389  -3.8786809179 
.438 -4.0436019842  -3.9694538430  -3.8785572460 
.439 -4.0413620734  -3.9693354283  -3.8784117348 
.440 -4.0391661531  -3.9691417629  -3.8782451497 
.441 -4.0370194955  -3.9688684683  -3.8780578522 
.442 -4.0349268241  -3.9685105892  -3.8778497771 
.443 -4.0328937367  -3.9680634194  -3.8776212871 
.444 -4.0309265522  -3.9675227012  -3.8773731972 
.445 -4.0290300341  -3.9668834539  -3.8771054538 
.446 -4.0272094189  -3.9661413778  -3.8768184471 
.447 -4.0254695190  -3.9652926143  -3.8765125782 
.448 -4.0238145527  -3.9643339180  -3.8761882595 
.449 -4.0222479793  -3.9632628223  -3.8758459159 
.450 -4.0207717513  -3.9620771833  -3.8754855143 
.451 -4.0193880600  -3.9607770391  -3.8751079695 
.452 -4.0180973840  -3.9593629776  -3.8747137499 
.453 -4.0168985827  -3.9578360054  -3.8743028560 
.454 -4.0157906225  -3.9561995007  -3.8738762673 
.455 -4.0147704586  -3.9544564321  -3.8734340142 
.456 -4.0138353170  -3.9526120171  -3.8729771267 
.457 -4.0129803258  -3.9506698748  -3.8725051704 
.458 -4.0122021250  -3.9486371849  -3.8736941837 
.459 -4.0114952004  -3.9465183226  -3.8760553636 
.460 -4.0108557411  -3.9443211214  -3.8783782311 
.461 -4.0102782019  -3.9420501846  -3.8806623018 
.462 -4.0097584673  -3.9397126777  -3.8829064086 
.463 -4.0092921979  -3.9373149465  -3.8851093382 
.464 -4.0088753293  -3.9348633887  -3.8872695579 
.465 -4.0085037467  -3.9323636341  -3.8893851896 
.466 -4.0081744189  -3.9298235851  -3.8914533223 
.467 -4.0078839276  -3.9272501669  -3.8934700757 
.468 -4.0076295672  -3.9246530589  -3.8954292681 
.469 -4.0074092910  -3.9220466415  -3.8973205844 
.470 -4.0072203705  -3.9194503458  -3.8991257041 
.471 -4.0070616932  -3.9169059419  -3.9008072351 
.472 -4.0069314421  -3.9144996900  -3.9022803399 
.473 -4.0068283857  -3.9124483871  -3.9033302867 
.474 -4.0067515271  -3.9112329111  -3.9034780380 
.475 -4.0067000827  -3.9112523374  -3.9023261562 
.476 -4.0066731791  -3.9121288023  -3.9002529410 
.477 -4.0066706937  -3.9133616961  -3.8977612818 
.478 -4.0066923619  -3.9147219297  -3.8950814243 
.479 -4.0067380537  -3.9161193032  -3.8923046047 
.480 -4.0068074963  -3.9175145289  -3.8894699567 
.481 -4.0069007923  -3.9188881445  -3.8865977469 
.482 -4.0070183708  -3.9202293726  -3.8837006239 
.483 -4.0071602200  -3.9215316462  -3.8807847674 
.484 -4.0073266332  -3.9227906409  -3.8778551859 
.485 -4.0075179341  -3.9240033230  -3.8749155974 
.486 -4.0077346789  -3.9251675130  -3.8719700844 
.487 -4.0079769699  -3.9262814693  -3.8690199726 
.488 -4.0082449194  -3.9273437762  -3.8660662534 
.489 -4.0085392304  -3.9283535354  -3.8631131711 
.490 -4.0088597400  -3.9293097494  -3.8601602413 
.491 -4.0092070188  -3.9302120004  -3.8572115400 
.492 -4.0095808049  -3.9310596130  -3.8546535471 
.493 -4.0099811538  -3.9318522668  -3.8544828704 
.494 -4.0104083558  -3.9325901259  -3.8543561587 
.495 -4.0108619337  -3.9332729049  -3.8542729326 
.496 -4.0113416646  -3.9339007361  -3.8542332030 
.497 -4.0118473643  -3.9344740998  -3.8542369618 
.498 -4.0123784560  -3.9349932259  -3.8542829310 
.499 -4.0129345421  -3.9354588875  -3.8543702983 
.500 -4.0135148673  -3.9358715363  -3.8544971126 
.501 -4.0141187251  -3.9362319442  -3.8546615768 
.502 -4.0147454298  -3.9365412660  -3.8548620625 
.503 -4.0153939020  -3.9367999285  -3.8550956682 
.504 -4.0160634123  -3.9370095557  -3.8553608969 
.505 -4.0167527835  -3.9371706744  -3.8556547467 
.506 -4.0174611573  -3.9372850962  -3.8559756536 
.507 -4.0181872957  -3.9373534048  -3.8563206802 
.508 -4.0189302530  -3.9373775535  -3.8566883396 
.509 -4.0196887675  -3.9373581410  -3.8570758650 
.510 -4.0204617861  -3.9372968355  -3.8574816061 
.511 -4.0212481809  -3.9371949687  -3.8579036804 
.512 -4.0220467787  -3.9370534664  -3.8583399971 
.513 -4.0228565313  -3.9368740398  -3.8587892291 
.514 -4.0236763051  -3.9366575741  -3.8592495188 
.515 -4.0245050874  -3.9364057743  -3.8597197571 
.516 -4.0253418036  -3.9361194631  -3.8601983071 
.517 -4.0261854951  -3.9358003191  -3.8606842634 
.518 -4.0270351596  -3.9354490878  -3.8611761883 
.519 -4.0278899054  -3.9350674072  -3.8616733590 
.520 -4.0287488101  -3.9346559361  -3.8621745126 
.521 -4.0296109975  -3.9342152590  -3.8626784653 
.522 -4.0304757489  -3.9337479341  -3.8631853459 
.523 -4.0313422084  -3.9332534696  -3.8636934870 
.524 -4.0322096779  -3.9327333470  -3.8642025232 
.525 -4.0330774688  -3.9321885097  -3.8647118349 
.526 -4.0339449569  -3.9316204129  -3.8652211665 
.527 -4.0348114787  -3.9310288437  -3.8657293734 
.528 -4.0356764846  -3.9304151803  -3.8662362902 
.529 -4.0365394350  -3.9297802292  -3.8667414800 
.530 -4.0373998241  -3.9291247652  -3.8672445430 
.531 -4.0382571534  -3.9284489444  -3.8677447950 
.532 -4.0391110072  -3.9277540543  -3.8682422166 
.533 -4.0399609747  -3.9270407816  -3.8687365016 
.534 -4.0408066743  -3.9263097864  -3.8692273706 
.535 -4.0416477225  -3.9255610850  -3.8697142443 
.536 -4.0424838188  -3.9247958906  -3.8701972112 
.537 -4.0433146287  -3.9240141576  -3.8706757318 
.538 -4.0441398689  -3.9232164297  -3.8711496084 
.539 -4.0449593132  -3.9224038762  -3.8716189927 
.540 -4.0457727259  -3.9215770216  -3.8720837272 
.541 -4.0465798161  -3.9207350514  -3.8725429972 
.542 -4.0473804565  -3.9198797463  -3.8729973389 
.543 -4.0481744686  -3.9190115777  -3.8734466379 
.544 -4.0489616051  -3.9181296413  -3.8738901062 
.545 -4.0497417993  -3.9172357110  -3.8743283303 
.546 -4.0505148743  -3.9163295206  -3.8747608827 
.547 -4.0512807082  -3.9154114642  -3.8751876870 
.548 -4.0520391416  -3.9144812184  -3.8756083234 
.549 -4.0527901785  -3.9135405572  -3.8760234358 
.550 -4.0535336860  -3.9125891408  -3.8764326238 
.551 -4.0542695913  -3.9116273182  -3.8768358447 
.552 -4.0549978321  -3.9106554284  -3.8772330632 
.553 -4.0557183560  -3.9096738012  -3.8776242505 
.554 -4.0564310555  -3.9086820170  -3.8780090166 
.555 -4.0571359564  -3.9076811184  -3.8783877077 
.556 -4.0578330330  -3.9066714112  -3.8787603133 
.557 -4.0585222673  -3.9056531939  -3.8791268281 
.558 -4.0592035742  -3.9046259945  -3.8794868733 
.559 -4.0598770970  -3.9035916215  -3.8798412078 
.560 -4.0605426073  -3.9025480458  -3.8801886968 
.561 -4.0612002634  -3.9014970710  -3.8805301108 
.562 -4.0618500807  -3.9004389679  -3.8808654670 
.563 -4.0624919919  -3.8993732109  -3.8811943941 
.564 -4.0631261054  -3.8983008448  -3.8815173038 
.565 -4.0637523588  -3.8972213278  -3.8818338261 
.566 -4.0643708750  -3.8961357120  -3.8821443851 
.567 -4.0649815953  -3.8950434443  -3.8824486115 
.568 -4.0655845551  -3.8939447722  -3.8827465342 
.569 -4.0661798978  -3.8928407739  -3.8830385944 
.570 -4.0667675676  -3.8917309023  -3.8833244227 
.571 -4.0673476109  -3.8906154467  -3.8836040559 
.572 -4.0679200769  -3.8894947370  -3.8838775331 
.573 -4.0684851330  -3.8883700243  -3.8841453171 
.574 -4.0690426069  -3.8872401865  -3.8844066118 
.575 -4.0695927890  -3.8861078211  -3.8846623083 
.576 -4.0701356245  -3.8849738766  -3.8849120331 
.577 -4.0706711756  -3.8851558357  -3.8838430645 
.578 -4.0711993776  -3.8853933312  -3.8827340028 
.579 -4.0717205523  -3.8856254417  -3.8818572668 
.580 -4.0722346417  -3.8858517887  -3.8822699799 
.581 -4.0727417157  -3.8860724284  -3.8830985457 
.582 -4.0732417053  -3.8862869705  -3.8839508809 
.583 -4.0737349618  -3.8864963668  -3.8847980832 
.584 -4.0742212755  -3.8866997790  -3.8856336806 
.585 -4.0747008626  -3.8868977164  -3.8864560290 
.586 -4.0751737998  -3.8872643494  -3.8870902421 
.587 -4.0756400102  -3.8880579936  -3.8872769573 
.588 -4.0760998794  -3.8888373729  -3.8874588496 
.589 -4.0765531743  -3.8896018239  -3.8876350568 
.590 -4.0769999671  -3.8903513099  -3.8878056372 
.591 -4.0774406625  -3.8910864457  -3.8879715992 
.592 -4.0778748439  -3.8918063270  -3.8881315883 
.593 -4.0783030919  -3.8925119249  -3.8882870980 
.594 -4.0787251487  -3.8932026538  -3.8884372413 
.595 -4.0791410889  -3.8938785553  -3.8885820807 
.596 -4.0795511679  -3.8945400096  -3.8887221693 
.597 -4.0799552863  -3.8951867433  -3.8888570877 
.598 -4.0803537057  -3.8958191533  -3.8889873961 
.599 -4.0807463217  -3.8964369626  -3.8891126708 
.600 -4.0811334015  -3.8970405829  -3.8892334791 
.601 -4.0815148353  -3.8976297324  -3.8893493925 
.602 -4.0818906993  -3.8982044743  -3.8894604786 
.603 -4.0822612690  -3.8987652401  -3.8895673150 
.604 -4.0826262238  -3.8993113681  -3.8896689536 
.605 -4.0829862471  -3.8998440403  -3.8897670013 
.606 -4.0833408069  -3.9003622125  -3.8898599895 
.607 -4.0836901814  -3.9008663270  -3.8899485008 
.608 -4.0840346592  -3.9013568464  -3.8900331296 
.609 -4.0843741075  -3.9018334638  -3.8901134282 
.610 -4.0847083819  -3.9022958543  -3.8901889376 
.611 -4.0850379920  -3.9027448889  -3.8902607862 
.612 -4.0853627957  -3.9031802502  -3.8903285187 
.613 -4.0856828667  -3.9036020167  -3.8903922070 
.614 -4.0859982781  -3.9040102681  -3.8904519235 
.615 -4.0863091027  -3.9044050855  -3.8905077408 
.616 -4.0866154129  -3.9047865509  -3.8905597316 
.617 -4.0869172806  -3.9051547474  -3.8906079690 
.618 -4.0872147770  -3.9055097593  -3.8906525263 
.619 -4.0875079730  -3.9058516720  -3.8906934769 
.620 -4.0877969387  -3.9061805718  -3.8907308945 
.621 -4.0880814959  -3.9064960934  -3.8907642922 
.622 -4.0883619563  -3.9067987684  -3.8907942991 
.623 -4.0886386418  -3.9070891488  -3.8908215555 
.624 -4.0889108605  -3.9073659376  -3.8908444372 
.625 -4.0891794394  -3.9076306139  -3.8908647169 
.626 -4.0894439307  -3.9078823306  -3.8908813286 
.627 -4.0897046564  -3.9081216486  -3.8908949157 
.628 -4.0899616815  -3.9083486622  -3.8909055528 
.629 -4.0902150708  -3.9085634669  -3.8909133143 
.630 -4.0904646171  -3.9087656627  -3.8909176903 
.631 -4.0907103760  -3.9089553324  -3.8909187474 
.632 -4.0909526786  -3.9091330656  -3.8909171425 
.633 -4.0911915867  -3.9092989614  -3.8909129502 
.634 -4.0914271613  -3.9094531197  -3.8909062453 
.635 -4.0916591794  -3.9095951211  -3.8908965047 
.636 -4.0918876933  -3.9097250531  -3.8908837954 
.637 -4.0921130430  -3.9098435335  -3.8908687871 
.638 -4.0923349958  -3.9099501314  -3.8908509490 
.639 -4.0925538952  -3.9100454760  -3.8908309558 
.640 -4.0927695024  -3.9101291284  -3.8908082718 
.641 -4.0929821642  -3.9102017291  -3.8907835763 
.642 -4.0931916356  -3.9102628313  -3.8907563286 
.643 -4.0933979641  -3.9103125284  -3.8907265955 
.644 -4.0936015015  -3.9103514776  -3.8906950635 
.645 -4.0938019936  -3.9103792204  -3.8906611842 
.646 -4.0939997955  -3.9103964252  -3.8906256487 
.647 -4.0941943351  -3.9104020483  -3.8905872769 
.648 -4.0943862780  -3.9103973369  -3.8905473865 
.649 -4.0945753580  -3.9103818167  -3.8905054192 
.650 -4.0947619368  -3.9103561781  -3.8904620750 
.651 -4.0949454211  -3.9103193433  -3.8904161546 
.652 -4.0951264923  -3.9102726000  -3.8903689937 
.653 -4.0953048724  -3.9102154584  -3.8903200243 
.654 -4.0954806017  -3.9101480209  -3.8902693121 
.655 -4.0956537197  -3.9100703905  -3.8902169223 
.656 -4.0958245977  -3.9099832900  -3.8901635676 
.657 -4.0959926117  -3.9098855909  -3.8901080207 
.658 -4.0961584663  -3.9097786411  -3.8900516432 
.659 -4.0963215273  -3.9096612954  -3.8899931990 
.660 -4.0964825072  -3.9095349214  -3.8899340576 
.661 -4.0966407617  -3.9093983576  -3.8898729742 
.662 -4.0967970109  -3.9092529912  -3.8898113262 
.663 -4.0969506008  -3.9090976444  -3.8897478600 
.664 -4.0971022589  -3.9089337241  -3.8896839610 
.665 -4.0972513215  -3.9087600364  -3.8896183668 
.666 -4.0973985239  -3.9085780075  -3.8895524704 
.667 -4.0975431926  -3.9083864277  -3.8894850009 
.668 -4.0976857120  -3.9081860704  -3.8894166869 
.669 -4.0978261138  -3.9079770505  -3.8893475908 
.670 -4.0979644293  -3.9077594839  -3.8892777748 
.671 -4.0981006894  -3.9075334877  -3.8892073006 
.672 -4.0982349244  -3.9072991796  -3.8891362299 
.673 -4.0983667955  -3.9070559851  -3.8890639426 
.674 -4.0984966968  -3.9068047095  -3.8889911771 
.675 -4.0986246573  -3.9065454740  -3.8889179941 
.676 -4.0987507055  -3.9062784009  -3.8888444539 
.677 -4.0988744930  -3.9060029036  -3.8887699281 
.678 -4.0989967990  -3.9057205232  -3.8886958512 
.679 -4.0991165145  -3.9054292430  -3.8886202120 
.680 -4.0992348030  -3.9051313334  -3.8885451400 
.681 -4.0993509275  -3.9048254826  -3.8884693082 
.682 -4.0994652950  -3.9045125395  -3.8883934667 
.683 -4.0995779315  -3.9041926359  -3.8883176732 
.684 -4.0996884720  -3.9038651675  -3.8882412849 
.685 -4.0997973283  -3.9035309998  -3.8881650557 
.686 -4.0999041308  -3.9031895244  -3.8880883389 
.687 -4.1000092949  -3.9028416183  -3.8880118906 
.688 -4.1001124463  -3.9024866695  -3.8879350602 
.689 -4.1002140038  -3.9021255668  -3.8878586063 
.690 -4.1003139909  -3.9017584554  -3.8877825836 
.691 -4.1004120269  -3.9013847195  -3.8877063358 
.692 -4.1005085354  -3.9010052657  -3.8876306244 
.693 -4.1006031312  -3.9006194762  -3.8875547893 
.694 -4.1006958315  -3.9002274964  -3.8874788790 
.695 -4.1007870646  -3.8998302520  -3.8874036582 
.696 -4.1008768526  -3.8994279046  -3.8873291787 
.697 -4.1009648022  -3.8990198357  -3.8872547729 
.698 -4.1010509294  -3.8986062040  -3.8871804875 
.699 -4.1011356692  -3.8981879623  -3.8871070905 
.700 -4.1012186220  -3.8977644941  -3.8870339089 
.701 -4.1012998035  -3.8973359710  -3.8869609879 
.702 -4.1013796534  -3.8969033676  -3.8868890977 
.703 -4.1014577662  -3.8964660725  -3.8868175600 
.704 -4.1015341570  -3.8960242725  -3.8867464184 
.705 -4.1016092705  -3.8955789661  -3.8866764452 
.706 -4.1016826952  -3.8951295505  -3.8866069566 
.707 -4.1017544459  -3.8946762306  -3.8865379948 
.708 -4.1018249718  -3.8942200312  -3.8864703335 
.709 -4.1018938561  -3.8937603626  -3.8864032839 
.710 -4.1019611130  -3.8932974513  -3.8863368864 
.711 -4.1020267566  -3.8928315322  -3.8862711808 
.712 -4.1020912425  -3.8923636700  -3.8862069426 
.713 -4.1021537032  -3.8918924778  -3.8861427391 
.714 -4.1022150374  -3.8914198621  -3.8860800816 
.715 -4.1022748170  -3.8909452756  -3.8860182713 
.716 -4.1023335042  -3.8904698298  -3.8859580850 
.717 -4.1023902173  -3.8899921693  -3.8858980795 
.718 -4.1024458680  -3.8895142582  -3.8858397713 
.719 -4.1024995681  -3.8890347633  -3.8857817122 
.720 -4.1025522358  -3.8885556803  -3.8857254207 
.721 -4.1026034324  -3.8880765332  -3.8856701885 
.722 -4.1026531712  -3.8875976911  -3.8856160481 
.723 -4.1027014651  -3.8871195400  -3.8855630314 
.724 -4.1027483270  -3.8866424844  -3.8855111697 
.725 -4.1027937698  -3.8861669479  -3.8854604934 
.726 -4.1028378063  -3.8856933742  -3.8854110323 
.727 -4.1028804494  -3.8853628154  -3.8852222282 
.728 -4.1029217115  -3.8853158710  -3.8847539974 
.729 -4.1029616055  -3.8852702266  -3.8842891923 
.730 -4.1030001437  -3.8852259089  -3.8838283477 
.731 -4.1030373389  -3.8851829440  -3.8833720236 
.732 -4.1030732034  -3.8851413571  -3.8829208062 
.733 -4.1031077496  -3.8851011725  -3.8824753082 
.734 -4.1031409899  -3.8850624140  -3.8820361697 
.735 -4.1031729367  -3.8850251045  -3.8816040586 
.736 -4.1032036022  -3.8849892659  -3.8811796705 
.737 -4.1032325175  -3.8849541648  -3.8807629276 
.738 -4.1032606556  -3.8849213308  -3.8803561871 
.739 -4.1032870649  -3.8848892734  -3.8799586291 
.740 -4.1033127242  -3.8848595228  -3.8795726432 
.741 -4.1033366760  -3.8848305848  -3.8791974775 
.742 -4.1033594164  -3.8848032326  -3.8788347691 
.743 -4.1033804676  -3.8847767249  -3.8784846144 
.744 -4.1034008198  -3.8847525926  -3.8781494294 
.745 -4.1034195038  -3.8847293346  -3.8778285730 
.746 -4.1034375156  -3.8847084819  -3.8775244425 
.747 -4.1034533847  -3.8846877706  -3.8772356910 
.748 -4.1034686052  -3.8846694904  -3.8769654202 
.749 -4.1034826949  -3.8846528939  -3.8767137385 
.750 -4.1034951659  -3.8846372316  -3.8764807621 
.751 -4.1035065269  -3.8846232735  -3.8762680030 
.752 -4.1035167896  -3.8846110288  -3.8760761995 
.753 -4.1035254620  -3.8845997446  -3.8759053560 
.754 -4.1035330567  -3.8845901897  -3.8757567828 
.755 -4.1035395854  -3.8845823712  -3.8756310161 
.756 -4.1035445522  -3.8845755327  -3.8755278637 
.757 -4.1035489823  -3.8845712047  -3.8754489791 
.758 -4.1035513607  -3.8845671034  -3.8753927257 
.759 -4.1035532256  -3.8845655214  -3.8753611502 
.760 -4.1035535668  -3.8845649356  -3.8753530690 
.761 -4.1035529060  -3.8845661117  -3.8753690383 
.762 -4.1035507393  -3.8845682874  -3.8754083110 
.763 -4.1035475907  -3.8845722277  -3.8754712076 
.764 -4.1035434718  -3.8845779329  -3.8755573509 
.765 -4.1035378748  -3.8845846381  -3.8756657247 
.766 -4.1035313274  -3.8845931069  -3.8757963355 
.767 -4.1035233196  -3.8846025723  -3.8759480216 
.768 -4.1035143816  -3.8846137972  -3.8761206227 
.769 -4.1035040007  -3.8846260130  -3.8763128674 
.770 -4.1034927095  -3.8846399816  -3.8765244705 
.771 -4.1034805190  -3.8846556990  -3.8767545836 
.772 -4.1034669131  -3.8846723942  -3.8770018445 
.773 -4.1034518992  -3.8846900613  -3.8772653790 
.774 -4.1034360146  -3.8847094608  -3.8775447750 
.775 -4.1034192701  -3.8847305864  -3.8778391257 
.776 -4.1034011448  -3.8847526638  -3.8781470656 
.777 -4.1033816462  -3.8847756853  -3.8784677185 
.778 -4.1033613158  -3.8848004097  -3.8788006772 
.779 -4.1033396292  -3.8848260608  -3.8791446355 
.780 -4.1033171302  -3.8848533972  -3.8794992209 
.781 -4.1032932920  -3.8848816411  -3.8798631839 
.782 -4.1032686606  -3.8849115506  -3.8802361996 
.783 -4.1032427070  -3.8849423467  -3.8806170819 
.784 -4.1032159790  -3.8849747867  -3.8810055609 
.785 -4.1031879456  -3.8850080906  -3.8814005169 
.786 -4.1031586140  -3.8850422463  -3.8818013028 
.787 -4.1031285353  -3.8850780104  -3.8822077364 
.788 -4.1030971750  -3.8851146011  -3.8826187944 
.789 -4.1030645402  -3.8851520051  -3.8830339198 
.790 -4.1030311851  -3.8851909785  -3.8834530169 
.791 -4.1029965719  -3.8852307378  -3.8838751512 
.792 -4.1029607077  -3.8852712689  -3.8842998484 
.793 -4.1029241496  -3.8853133272  -3.8847270938 
.794 -4.1028863566  -3.8853561281  -3.8851560301 
.795 -4.1028473357  -3.8855862567  -3.8853996561 
.796 -4.1028076467  -3.8860178313  -3.8854446667 
.797 -4.1027667457  -3.8864499620  -3.8854903737 
.798 -4.1027246394  -3.8868823117  -3.8855367610 
.799 -4.1026818906  -3.8873150019  -3.8855845838 
.800 -4.1026373953  -3.8877468531  -3.8856322830 
.801 -4.1025922729  -3.8881784636  -3.8856813849 
.802 -4.1025465328  -3.8886095708  -3.8857318734 
.803 -4.1024990654  -3.8890390333  -3.8857821874 
.804 -4.1024509953  -3.8894675052  -3.8858338540 
.805 -4.1024017706  -3.8898943159  -3.8858860839 
.806 -4.1023513977  -3.8903192530  -3.8859388593 
.807 -4.1022998830  -3.8907421154  -3.8859921626 
.808 -4.1022477970  -3.8911631717  -3.8860467495 
.809 -4.1021945836  -3.8915817892  -3.8861018290 
.810 -4.1021402491  -3.8919977984  -3.8861573830 
.811 -4.1020847998  -3.8924110391  -3.8862133934 
.812 -4.1020282418  -3.8928213600  -3.8862698420 
.813 -4.1019705811  -3.8932286175  -3.8863267104 
.814 -4.1019123928  -3.8936331503  -3.8863847555 
.815 -4.1018531155  -3.8940343616  -3.8864431841 
.816 -4.1017927550  -3.8944321299  -3.8865019778 
.817 -4.1017313171  -3.8948263403  -3.8865611180 
.818 -4.1016688074  -3.8952168839  -3.8866205863 
.819 -4.1016052318  -3.8956036576  -3.8866803639 
.820 -4.1015405956  -3.8959865634  -3.8867404323 
.821 -4.1014754793  -3.8963660043  -3.8868015504 
.822 -4.1014087394  -3.8967409046  -3.8868621449 
.823 -4.1013415317  -3.8971121754  -3.8869237526 
.824 -4.1012727094  -3.8974787369  -3.8869847989 
.825 -4.1012034313  -3.8978415216  -3.8870468220 
.826 -4.1011331261  -3.8981999567  -3.8871090252 
.827 -4.1010617987  -3.8985539748  -3.8871713900 
.828 -4.1009888738  -3.8989029930  -3.8872331179 
.829 -4.1009155160  -3.8992479853  -3.8872957504 
.830 -4.1008411506  -3.8995883790  -3.8873584893 
.831 -4.1007657821  -3.8999241193  -3.8874213166 
.832 -4.1006894152  -3.9002551548  -3.8874842139 
.833 -4.1006120543  -3.9005814365  -3.8875471633 
.834 -4.1005337037  -3.9009029179  -3.8876101466 
.835 -4.1004543678  -3.9012195552  -3.8876731460 
.836 -4.1003740508  -3.9015313066  -3.8877361435 
.837 -4.1002927566  -3.9018381327  -3.8877991216 
.838 -4.1002104893  -3.9021399963  -3.8878620625 
.839 -4.1001272527  -3.9024368618  -3.8879249487 
.840 -4.1000424617  -3.9027281325  -3.8879869773 
.841 -4.0999572972  -3.9030149000  -3.8880497014 
.842 -4.0998711745  -3.9032965748  -3.8881123189 
.843 -4.0997835059  -3.9035725534  -3.8881740257 
.844 -4.0996954764  -3.9038439563  -3.8882363784 
.845 -4.0996059062  -3.9041096035  -3.8882977855 
.846 -4.0995159829  -3.9043706346  -3.8883598061 
.847 -4.0994245237  -3.9046258566  -3.8884208467 
.848 -4.0993321243  -3.9048758322  -3.8884816793 
.849 -4.0992387872  -3.9051205422  -3.8885422873 
.850 -4.0991445154  -3.9053599684  -3.8886026548 
.851 -4.0990493114  -3.9055940941  -3.8886627658 
.852 -4.0989531776  -3.9058229036  -3.8887226044 
.853 -4.0988555187  -3.9060457662  -3.8887813621 
.854 -4.0987575318  -3.9062638969  -3.8888406085 
.855 -4.0986580230  -3.9064760464  -3.8888987419 
.856 -4.0985575920  -3.9066828200  -3.8889565399 
.857 -4.0984562407  -3.9068842071  -3.8890139875 
.858 -4.0983539710  -3.9070801987  -3.8890710698 
.859 -4.0982507846  -3.9072707862  -3.8891277722 
.860 -4.0981460808  -3.9074553159  -3.8891832824 
.861 -4.0980404620  -3.9076344189  -3.8892383824 
.862 -4.0979339296  -3.9078080894  -3.8892930578 
.863 -4.0978264849  -3.9079763225  -3.8893472948 
.864 -4.0977181291  -3.9081391143  -3.8894010793 
.865 -4.0976082576  -3.9082957929  -3.8894535965 
.866 -4.0974980817  -3.9084476884  -3.8895064347 
.867 -4.0973863905  -3.9085934576  -3.8895579772 
.868 -4.0972737903  -3.9087337680  -3.8896090121 
.869 -4.0971596736  -3.9088679328  -3.8896587221 
.870 -4.0970452563  -3.9089973208  -3.8897087023 
.871 -4.0969293219  -3.9091205556  -3.8897573307 
.872 -4.0968118688  -3.9092376254  -3.8898045923 
.873 -4.0966941166  -3.9093499280  -3.8898520875 
.874 -4.0965748444  -3.9094560618  -3.8898981900 
.875 -4.0964546624  -3.9095567304  -3.8899436946 
.876 -4.0963335702  -3.9096519382  -3.8899885895 
.877 -4.0962115676  -3.9097416899  -3.8900328633 
.878 -4.0960880403  -3.9098252633  -3.8900756928 
.879 -4.0959636003  -3.9099033828  -3.8901178769 
.880 -4.0958376318  -3.9099753178  -3.8901585910 
.881 -4.0957113639  -3.9100425453  -3.8901994507 
.882 -4.0955835647  -3.9101035936  -3.8902388172 
.883 -4.0954542312  -3.9101584569  -3.8902766773 
.884 -4.0953245962  -3.9102086421  -3.8903146527 
.885 -4.0951934235  -3.9102526506  -3.8903510996 
.886 -4.0950607099  -3.9102904781  -3.8903860052 
.887 -4.0949276918  -3.9103236615  -3.8904209975 
.888 -4.0947931287  -3.9103506751  -3.8904544275 
.889 -4.0946570171  -3.9103715159  -3.8904862830 
.890 -4.0945205972  -3.9103877512  -3.8905181983 
.891 -4.0943826242  -3.9103978277  -3.8905485190 
.892 -4.0942430942  -3.9104017437  -3.8905772333 
.893 -4.0941026274  -3.9104002973  -3.8906051560 
.894 -4.0939612218  -3.9103935020  -3.8906322787 
.895 -4.0938188754  -3.9103813720  -3.8906585932 
.896 -4.0936749600  -3.9103631070  -3.8906832621 
.897 -4.0935294714  -3.9103387072  -3.8907062745 
.898 -4.0933836603  -3.9103098220  -3.8907292827 
.899 -4.0932356416  -3.9102739936  -3.8907497844 
.900 -4.0930872957  -3.9102337117  -3.8907702673 
.910 -4.0915316665  -3.9095178959  -3.8909015153 
.911 -4.0913694361  -3.9094161337  -3.8909079547 
.912 -4.0912055721  -3.9093083718  -3.8909126123 
.913 -4.0910407084  -3.9091955161  -3.8909163287 
.914 -4.0908742018  -3.9090766827  -3.8909182489 
.915 -4.0907060469  -3.9089518778  -3.8909183647 
.916 -4.0905375212  -3.9088229394  -3.8909183740 
.917 -4.0903666967  -3.9086871429  -3.8909157141 
.918 -4.0901948519  -3.9085463318  -3.8909120842 
.919 -4.0900219836  -3.9084005294  -3.8909074807 
.920 -4.0898474435  -3.9082488224  -3.8909010421 
.921 -4.0896718718  -3.9080921607  -3.8908936206 
.922 -4.0894946184  -3.9079296214  -3.8908843522 
.923 -4.0893156776  -3.9077612131  -3.8908732301 
.924 -4.0891356919  -3.9075879019  -3.8908611110 
.925 -4.0889546583  -3.9074097129  -3.8908479922 
.926 -4.0887719230  -3.9072257033  -3.8908330053 
.927 -4.0885874802  -3.9070358831  -3.8908161439 
.928 -4.0884019761  -3.9068412403  -3.8907982709 
.929 -4.0882154078  -3.9066418010  -3.8907793843 
.930 -4.0880264634  -3.9064356141  -3.8907577393 
.931 -4.0878364447  -3.9062246626  -3.8907350720 
.932 -4.0876453485  -3.9060089733  -3.8907113813 
.933 -4.0874525146  -3.9057875687  -3.8906857900 
.934 -4.0872585952  -3.9055614704  -3.8906591704 
.935 -4.0870622689  -3.9053286756  -3.8906297641 
.936 -4.0868655075  -3.9050922419  -3.8906002026 
.937 -4.0866663273  -3.9048491360  -3.8905678448 
.938 -4.0864667062  -3.9046024477  -3.8905353313 
.939 -4.0862646545  -3.9043491126  -3.8905000125 
.940 -4.0860614921  -3.9040912110  -3.8904636519 
.941 -4.0858565506  -3.9038277251  -3.8904253624 
.942 -4.0856504910  -3.9035597207  -3.8903860290 
.943 -4.0854426429  -3.9032861697  -3.8903447618 
.944 -4.0852330007  -3.9030070860  -3.8903015572 
.945 -4.0850222285  -3.9027235521  -3.8902573054 
.946 -4.0848096530  -3.9024345247  -3.8902111124 
.947 -4.0845959408  -3.9021410974  -3.8901638719 
.948 -4.0843804163  -3.9018422166  -3.8901146871 
.949 -4.0841630741  -3.9015378971  -3.8900635550 
.950 -4.0839445845  -3.9012292495  -3.8900113747 
.951 -4.0837242686  -3.9009152047  -3.8899572449 
.952 -4.0835021212  -3.9005957782  -3.8899011635 
.953 -4.0832788163  -3.9002720974  -3.8898440344 
.954 -4.0830529911  -3.8999419606  -3.8897840444 
.955 -4.0828266825  -3.8996087349  -3.8897239156 
.956 -4.0825978435  -3.8992690860  -3.8896609222 
.957 -4.0823678342  -3.8989252805  -3.8895968834 
.958 -4.0821366535  -3.8985773516  -3.8895318028 
.959 -4.0819029265  -3.8982230449  -3.8894638514 
.960 -4.0816680212  -3.8978646601  -3.8893948590 
.961 -4.0814312473  -3.8975010762  -3.8893239100 
.962 -4.0811932913  -3.8971334713  -3.8892519248 
.963 -4.0809534605  -3.8967607142  -3.8891779848 
.964 -4.0807117506  -3.8963828231  -3.8891020895 
.965 -4.0804681575  -3.8959998167  -3.8890242385 
.966 -4.0802233734  -3.8956128957  -3.8889453597 
.967 -4.0799767008  -3.8952209082  -3.8888645284 
.968 -4.0797281360  -3.8948238738  -3.8887817447 
.969 -4.0794776751  -3.8944218125  -3.8886970088 
.970 -4.0792260166  -3.8940159477  -3.8886112563 
.971 -4.0789724580  -3.8936051076  -3.8885235562 
.972 -4.0787169958  -3.8931893134  -3.8884339092 
.973 -4.0784603334  -3.8927698064  -3.8883432566 
.974 -4.0782017641  -3.8923454001  -3.8882506627 
.975 -4.0779412854  -3.8919161175  -3.8881561286 
.976 -4.0776788943  -3.8914819827  -3.8880596559 
.977 -4.0774145883  -3.8910430204  -3.8879612461 
.978 -4.0771490788  -3.8906005036  -3.8878618502 
.979 -4.0768816527  -3.8901532243  -3.8877605244 
.980 -4.0766123080  -3.8897012123  -3.8876572709 
.981 -4.0763417612  -3.8892457628  -3.8875530465 
.982 -4.0760692952  -3.8887856596  -3.8874469027 
.983 -4.0757941870  -3.8883196700  -3.8873378834 
.984 -4.0755185997  -3.8878516604  -3.8872288669 
.985 -4.0752403676  -3.8873778666  -3.8871169807 
.986 -4.0749602111  -3.8870031863  -3.8868996302 
.987 -4.0746788574  -3.8868884528  -3.8864183327 
.988 -4.0743955811  -3.8867718215  -3.8859328071 
.989 -4.0741103818  -3.8866532960  -3.8854432181 
.990 -4.0738239921  -3.8865338517  -3.8849511199 
.991 -4.0735349479  -3.8864115513  -3.8844542949 
.992 -4.0732447168  -3.8862883438  -3.8839560511 
.993 -4.0729525663  -3.8861632621  -3.8834564176 
.994 -4.0726584970  -3.8860363107  -3.8829584130 
.995 -4.0723625098  -3.8859074942  -3.8824705367 
.996 -4.0720646058  -3.8857768174  -3.8820270715 
.997 -4.0717655309  -3.8856452703  -3.8818330276 
.998 -4.0714645454  -3.8855118771  -3.8822146010 
.999 -4.0711616510  -3.8853766431  -3.8828121912 
1.000 -4.0708568499  -3.8852395739  -3.8834499991 
1.001 -4.0705501442  -3.8851006754  -3.8840983098 
1.002 -4.0702415364  -3.8849599535  -3.8847494606 
1.003 -4.0699317846  -3.8854010228  -3.8848184108 
1.004 -4.0696201401  -3.8860513894  -3.8846750610 
1.005 -4.0693058473  -3.8866995577  -3.8845289105 
1.006 -4.0689904257  -3.8873458673  -3.8843819646 
1.007 -4.0686731221  -3.8879897300  -3.8842332319 
1.008 -4.0683547051  -3.8886313480  -3.8840837258 
1.009 -4.0680336519  -3.8892698976  -3.8839314431 
1.010 -4.0677107298  -3.8899056536  -3.8837773958 
1.011 -4.0673867139  -3.8905389119  -3.8836226034 
1.012 -4.0670608430  -3.8911692631  -3.8834660660 
1.013 -4.0667331229  -3.8917966642  -3.8833077916 
1.014 -4.0664027838  -3.8924207163  -3.8831467707 
1.015 -4.0660721587  -3.8930424716  -3.8829860658 
1.016 -4.0657389273  -3.8936608150  -3.8828226318 
1.017 -4.0654038721  -3.8942760807  -3.8826574957 
1.018 -4.0650670003  -3.8948882429  -3.8824906667 
1.019 -4.0647291045  -3.8954976433  -3.8823231822 
1.020 -4.0643886241  -3.8961035268  -3.8821529981 
1.021 -4.0640471397  -3.8967066044  -3.8819821822 
1.022 -4.0637038747  -3.8973064876  -3.8818097166 
1.023 -4.0633580451  -3.8979027841  -3.8816345760 
1.024 -4.0630112440  -3.8984962129  -3.8814588408 
1.025 -4.0626626901  -3.8990863833  -3.8812814878 
1.026 -4.0623123935  -3.8996732744  -3.8811025284 
1.027 -4.0619603647  -3.9002568655  -3.8809219738 
1.028 -4.0616066145  -3.9008371359  -3.8807398357 
1.029 -4.0612519586  -3.9014144429  -3.8805571738 
1.030 -4.0608948015  -3.9019880111  -3.8803719067 
1.031 -4.0605359579  -3.9025581966  -3.8801850925 
1.032 -4.0601754403  -3.9031249786  -3.8799967440 
1.033 -4.0598140740  -3.9036887197  -3.8798079300 
1.034 -4.0594502495  -3.9042486333  -3.8796165540 
1.035 -4.0590856074  -3.9048054671  -3.8794247432 
1.036 -4.0587185310  -3.9053584282  -3.8792303938 
1.037 -4.0583506700  -3.9059082697  -3.8790356415 
1.038 -4.0579812232  -3.9064545838  -3.8788394410 
1.039 -4.0576093816  -3.9069969560  -3.8786407392 
1.040 -4.0572368084  -3.9075361483  -3.8784416846 
1.041 -4.0568626978  -3.9080717473  -3.8782412267 
1.042 -4.0564862365  -3.9086033332  -3.8780383078 
1.043 -4.0561091009  -3.9091316768  -3.8778350889 
1.044 -4.0557304809  -3.9096563596  -3.8776305147 
1.045 -4.0553503953  -3.9101773582  -3.8774246020 
1.046 -4.0549688631  -3.9106946494  -3.8772173678 
1.047 -4.0545850642  -3.9112078026  -3.8770077461 
1.048 -4.0542006973  -3.9117176055  -3.8767979193 
1.049 -4.0538149452  -3.9122236290  -3.8765868242 
1.050 -4.0534278294  -3.9127258483  -3.8763744792 
1.051 -4.0530393722  -3.9132242385  -3.8761609033 
1.052 -4.0526495962  -3.9137187743  -3.8759461157 
1.053 -4.0522576729  -3.9142090111  -3.8757290414 
1.054 -4.0518653284  -3.9146957583  -3.8755118879 
1.055 -4.0514717373  -3.9151785728  -3.8752935831 
1.056 -4.0510769249  -3.9156574277  -3.8750741479 
1.057 -4.0506800575  -3.9161318679  -3.8748525015 
1.058 -4.0502828794  -3.9166027189  -3.8746308683 
1.059 -4.0498845600  -3.9170695269  -3.8744081702 
1.060 -4.0494851276  -3.9175322635  -3.8741844302 
1.061 -4.0490837437  -3.9179904622  -3.8739585621 
1.062 -4.0486821704  -3.9184449654  -3.8737328067 
1.063 -4.0482787018  -3.9188948661  -3.8735049678 
1.064 -4.0478751090  -3.9193410154  -3.8732772946 
1.065 -4.0474696801  -3.9197824952  -3.8730475846 
1.066 -4.0470641951  -3.9202201659  -3.8728180952 
1.067 -4.0466569365  -3.9206530977  -3.8725866182 
1.068 -4.0462496932  -3.9210821606  -3.8723554190 
1.069 -4.0458407422  -3.9215064129  -3.8721222837 
1.070 -4.0454309977  -3.9219262732  -3.8718883609 
1.071 -4.0450204965  -3.9223417066  -3.8716536795 
1.072 -4.0446101631  -3.9227531448  -3.8714193978 
1.073 -4.0441982643  -3.9231596209  -3.8711832911 
1.074 -4.0437857248  -3.9235615621  -3.8709465173 
1.075 -4.0433725850  -3.9239589310  -3.8707091083 
1.076 -4.0429579930  -3.9243512105  -3.8704699623 
1.077 -4.0425437762  -3.9247393169  -3.8702313802 
1.078 -4.0421290864  -3.9251227346  -3.8699922634 
1.079 -4.0417139678  -3.9255014236  -3.8697526469 
1.080 -4.0412975662  -3.9258748503  -3.8695114260 
1.081 -4.0408817256  -3.9262439544  -3.8692709173 
1.082 -4.0404646929  -3.9266077051  -3.8690288760 
1.083 -4.0400474161  -3.9269665512  -3.8687864814 
1.084 -4.0396299449  -3.9273204484  -3.8685437731 
1.085 -4.0392132363  -3.9276698618  -3.8683019395 
1.086 -4.0387955304  -3.9280137288  -3.8680587286 
1.087 -4.0383777852  -3.9283525092  -3.8678153293 
1.088 -4.0379591442  -3.9286856338  -3.8675706345 
1.089 -4.0375414822  -3.9290140930  -3.8673269904 
1.090 -4.0371239461  -3.9293373198  -3.8670832933 
1.091 -4.0367056793  -3.9296547307  -3.8668384361 
1.092 -4.0362885672  -3.9299673370  -3.8665947756 
1.093 -4.0358708404  -3.9302740155  -3.8663500517 
1.094 -4.0354534740  -3.9305752466  -3.8661054706 
1.095 -4.0350365299  -3.9308709761  -3.8658610852 
1.096 -4.0346200716  -3.9311611488  -3.8656169498 
1.097 -4.0342041635  -3.9314457089  -3.8653731203 
1.098 -4.0337879504  -3.9317240358  -3.8651284931 
1.099 -4.0333733401  -3.9319971944  -3.8648854486 
1.100 -4.0329585583  -3.9322639938  -3.8646417246 
1.110 -4.0288650082  -3.9345977460  -3.8622421617 
1.120 -4.0249149839  -3.9362694063  -3.8599537464 
1.130 -4.0211918752  -3.9372031284  -3.8578728981 
1.131 -4.0208352203  -3.9372527076  -3.8576805780 
1.132 -4.0204819902  -3.9372941972  -3.8574919562 
1.133 -4.0201322732  -3.9373275275  -3.8573071818 
1.134 -4.0197861569  -3.9373526301  -3.8571264070 
1.135 -4.0194428193  -3.9373686454  -3.8569486521 
1.136 -4.0191032579  -3.9373762843  -3.8567752146 
1.137 -4.0187675575  -3.9373754823  -3.8566062544 
1.138 -4.0184358011  -3.9373661767  -3.8564419337 
1.139 -4.0181080706  -3.9373483069  -3.8562824164 
1.140 -4.0177835466  -3.9373209809  -3.8561267498 
1.141 -4.0174632111  -3.9372849584  -3.8559762260 
1.142 -4.0171471409  -3.9372401849  -3.8558310129 
1.143 -4.0168354106  -3.9371866083  -3.8556912789 
1.144 -4.0165272018  -3.9371233119  -3.8555560900 
1.145 -4.0162243690  -3.9370519747  -3.8554278226 
1.146 -4.0159252005  -3.9369708095  -3.8553044437 
1.147 -4.0156297687  -3.9368797488  -3.8551861323 
1.148 -4.0153399067  -3.9367805333  -3.8550752335 
1.149 -4.0150539093  -3.9366713318  -3.8549697357 
1.150 -4.0147727175  -3.9365530069  -3.8548708842 
1.151 -4.0144963856  -3.9364255306  -3.8547788318 
1.152 -4.0142249646  -3.9362888789  -3.8546937260 
1.153 -4.0139576342  -3.9361420831  -3.8546146516 
1.154 -4.0136953127  -3.9359860565  -3.8545428120 
1.155 -4.0134380415  -3.9358207864  -3.8544783353 
1.156 -4.0131849988  -3.9356452877  -3.8544203021 
1.157 -4.0129379413  -3.9354614997  -3.8543709076 
1.158 -4.0126951835  -3.9352674595  -3.8543281809 
1.159 -4.0124576126  -3.9350641474  -3.8542932520 
1.160 -4.0122244043  -3.9348505572  -3.8542651866 
1.161 -4.0119972780  -3.9346287211  -3.8542460872 
1.162 -4.0117745573  -3.9343966173  -3.8542339877 
1.163 -4.0115562645  -3.9341542381  -3.8542289504 
1.164 -4.0113440901  -3.9339036869  -3.8542330006 
1.165 -4.0111363653  -3.9336428971  -3.8542441714 
1.166 -4.0109339317  -3.9333729470  -3.8542634594 
1.167 -4.0107367884  -3.9330938759  -3.8542908520 
1.168 -4.0105441077  -3.9328046352  -3.8543253612 
1.169 -4.0103567118  -3.9325063458  -3.8543679210 
1.170 -4.0101745902  -3.9321990600  -3.8544184765 
1.171 -4.0099977290  -3.9318828349  -3.8544769588 
1.172 -4.0098253001  -3.9315566010  -3.8545423501 
1.173 -4.0096581016  -3.9312215355  -3.8546155034 
1.174 -4.0094961109  -3.9308777083  -3.8549127933 
1.175 -4.0093385010  -3.9305240343  -3.8561453303 
1.176 -4.0091868519  -3.9301629019  -3.8573764636 
1.177 -4.0090395324  -3.9297920656  -3.8586063866 
1.178 -4.0088965195  -3.9294115843  -3.8598349816 
1.179 -4.0087585785  -3.9290227195  -3.8610619717 
1.180 -4.0086256735  -3.9286255677  -3.8622872389 
1.181 -4.0084977671  -3.9282202302  -3.8635106658 
1.182 -4.0083748204  -3.9278068131  -3.8647321349 
1.183 -4.0082560140  -3.9273841925  -3.8659516894 
1.184 -4.0081413151  -3.9269524573  -3.8671692095 
1.185 -4.0080322361  -3.9265142078  -3.8683842516 
1.186 -4.0079271843  -3.9260670753  -3.8695970128 
1.187 -4.0078268917  -3.9256124378  -3.8708072043 
1.188 -4.0077313142  -3.9251504368  -3.8720146935 
1.189 -4.0076396444  -3.9246799334  -3.8732195007 
1.190 -4.0075526054  -3.9242023565  -3.8744213212 
1.191 -4.0074693953  -3.9237165695  -3.8756201573 
1.192 -4.0073914869  -3.9232253542  -3.8768155323 
1.193 -4.0073173241  -3.9227262860  -3.8780075807 
1.194 -4.0072468709  -3.9222195504  -3.8791961062 
1.195 -4.0071815869  -3.9217080271  -3.8803805951 
1.196 -4.0071199332  -3.9211893020  -3.8815611151 
1.197 -4.0070626189  -3.9206649845  -3.8827372549 
1.198 -4.0070088646  -3.9201340306  -3.8839088609 
1.199 -4.0069593771  -3.9195981426  -3.8850754485 
1.200 -4.0069141202  -3.9190577320  -3.8862366254 
1.201 -4.0068723259  -3.9185119016  -3.8873920601 
1.202 -4.0068346992  -3.9179625848  -3.8885410649 
1.203 -4.0068012092  -3.9174104636  -3.8896829746 
1.204 -4.0067711010  -3.9168549810  -3.8908170843 
1.205 -4.0067450789  -3.9162985539  -3.8919422493 
1.206 -4.0067231190  -3.9157424901  -3.8930571748 
1.207 -4.0067044803  -3.9151870826  -3.8941602703 
1.208 -4.0066898679  -3.9146359397  -3.8952492255 
1.209 -4.0066792662  -3.9140920332  -3.8963210760 
1.210 -4.0066726619  -3.9135594318  -3.8973717588 
1.211 -4.0066686235  -3.9130411274  -3.8983955833 
1.212 -4.0066692835  -3.9125493611  -3.8993843304 
1.213 -4.0066732189  -3.9120932772  -3.9003261413 
1.214 -4.0066811404  -3.9116914409  -3.9012037971 
1.215 -4.0066930518  -3.9113685297  -3.9019926130 
1.216 -4.0067082603  -3.9111569281  -3.9026587893 
1.217 -4.0067274812  -3.9110973177  -3.9031630142 
1.218 -4.0067507292  -3.9112242866  -3.9034706826 
1.219 -4.0067773304  -3.9115504956  -3.9035676759 
1.220 -4.0068073145  -3.9120600893  -3.9034697922 
1.221 -4.0068420920  -3.9127177233  -3.9032152362 
1.222 -4.0068803159  -3.9134835855  -3.9028408789 
1.223 -4.0069227124  -3.9143253617  -3.9023804492 
1.224 -4.0069686411  -3.9152191753  -3.9018562896 
1.225 -4.0070188328  -3.9161485158  -3.9012863399 
1.226 -4.0070726616  -3.9171020030  -3.9006804143 
1.227 -4.0071315355  -3.9180717074  -3.9000494174 
1.228 -4.0071934956  -3.9190521844  -3.8993941448 
1.229 -4.0072606245  -3.9200393259  -3.8987232378 
1.230 -4.0073316545  -3.9210302908  -3.8980363741 
1.231 -4.0074073300  -3.9220228235  -3.8973372832 
1.232 -4.0074870726  -3.9230152792  -3.8966259429 
1.233 -4.0075716315  -3.9240062675  -3.8959052327 
1.234 -4.0076604453  -3.9249947643  -3.8951744740 
1.235 -4.0077549159  -3.9259797880  -3.8944377846 
1.236 -4.0078532001  -3.9269607407  -3.8936907731 
1.237 -4.0079573483  -3.9279368549  -3.8929390044 
1.238 -4.0080661870  -3.9289076654  -3.8921795362 
1.239 -4.0081798445  -3.9298726753  -3.8914127162 
1.240 -4.0082997137  -3.9308313884  -3.8906422857 
1.241 -4.0084240350  -3.9317834781  -3.8898633525 
1.242 -4.0085548289  -3.9327285098  -3.8890813286 
1.243 -4.0086909881  -3.9336661694  -3.8882929570 
1.244 -4.0088326693  -3.9345961140  -3.8874984043 
1.245 -4.0089812484  -3.9355180332  -3.8867013454 
1.246 -4.0091356601  -3.9364316182  -3.8858984162 
1.247 -4.0092960767  -3.9373365597  -3.8850897353 
1.248 -4.0094632668  -3.9382325873  -3.8842771961 
1.249 -4.0096373963  -3.9391194277  -3.8834609190 
1.250 -4.0098180543  -3.9399967630  -3.8826392140 
1.251 -4.0100060051  -3.9408643623  -3.8818139721 
1.252 -4.0102008563  -3.9417218975  -3.8809834749 
1.253 -4.0104033663  -3.9425691618  -3.8801496163 
1.254 -4.0106131602  -3.9434058144  -3.8793106530 
1.255 -4.0108315367  -3.9442317703  -3.8784703226 
1.256 -4.0110570327  -3.9450464902  -3.8776231897 
1.257 -4.0112914768  -3.9458500237  -3.8767748450 
1.258 -4.0115339751  -3.9466419049  -3.8759216628 
1.259 -4.0117847308  -3.9474218663  -3.8750636917 
1.260 -4.0120444583  -3.9481897955  -3.8742028518 
1.261 -4.0123133342  -3.9489454676  -3.8733392083 
1.262 -4.0125910355  -3.9496884881  -3.8724709358 
1.263 -4.0128782431  -3.9504187966  -3.8724448469 
1.264 -4.0131746410  -3.9511359878  -3.8726173980 
1.265 -4.0134808824  -3.9518400408  -3.8727882285 
1.266 -4.0137966558  -3.9525305414  -3.8729564110 
1.267 -4.0141225821  -3.9532075123  -3.8731228452 
1.268 -4.0144587941  -3.9538707864  -3.8732875216 
1.269 -4.0148049803  -3.9545199415  -3.8734495049 
1.270 -4.0151617051  -3.9551550741  -3.8736097064 
1.271 -4.0155286536  -3.9557757593  -3.8737671855 
1.272 -4.0159063471  -3.9563821478  -3.8739228612 
1.273 -4.0162948596  -3.9569741381  -3.8740767268 
1.274 -4.0166938658  -3.9575513060  -3.8742278332 
1.275 -4.0171034409  -3.9581135372  -3.8743761646 
1.276 -4.0175240099  -3.9586611011  -3.8745226556 
1.277 -4.0179555872  -3.9591939601  -3.8746673016 
1.278 -4.0183978265  -3.9597116964  -3.8748091415 
1.279 -4.0188510746  -3.9602146745  -3.8749491217 
1.280 -4.0193149731  -3.9607024807  -3.8750862749 
1.281 -4.0197898152  -3.9611755444  -3.8752215554 
1.282 -4.0202755336  -3.9616339144  -3.8753549608 
1.283 -4.0207717513  -3.9620771833  -3.8754855143 
1.284 -4.0212783994  -3.9625053880  -3.8756132035 
1.285 -4.0217956660  -3.9629190860  -3.8757389985 
1.286 -4.0223234210  -3.9633183918  -3.8758628987 
1.287 -4.0228612666  -3.9637029015  -3.8759839138 
1.288 -4.0234093175  -3.9640732632  -3.8761030262 
1.289 -4.0239671683  -3.9644290712  -3.8762192389 
1.290 -4.0245348889  -3.9647710305  -3.8763335424 
1.291 -4.0251120687  -3.9650987309  -3.8764449325 
1.292 -4.0256987366  -3.9654129302  -3.8765544080 
1.293 -4.0262944801  -3.9657132107  -3.8766609579 
1.294 -4.0268992909  -3.9660003791  -3.8767655888 
1.295 -4.0275129382  -3.9662746570  -3.8768683030 
1.296 -4.0281350123  -3.9665356086  -3.8769680786 
1.297 -4.0287652947  -3.9667834272  -3.8770649066 
1.298 -4.0294037173  -3.9670190040  -3.8771598104 
1.299 -4.0300500280  -3.9672425839  -3.8772527931 
1.300 -4.0307038312  -3.9674536964  -3.8773428182 
1.301 -4.0313650258  -3.9676532842  -3.8774309216 
1.302 -4.0320332268  -3.9678408554  -3.8775160591 
1.303 -4.0327083162  -3.9680173823  -3.8775992751 
1.304 -4.0333899221  -3.9681823491  -3.8776795176 
1.305 -4.0340779132  -3.9683367540  -3.8777578395 
1.306 -4.0347719323  -3.9684800553  -3.8778331813 
1.307 -4.0354718382  -3.9686132738  -3.8779066043 
1.308 -4.0361772898  -3.9687358406  -3.8779770411 
1.309 -4.0368881392  -3.9688487960  -3.8780455615 
1.310 -4.0376040620  -3.9689515429  -3.8781110904 
1.311 -4.0383249063  -3.9690451387  -3.8781747062 
1.312 -4.0390503653  -3.9691289570  -3.8782353255 
1.313 -4.0397802851  -3.9692040704  -3.8782940358 
1.314 -4.0405143766  -3.9692698228  -3.8783497454 
1.315 -4.0412524858  -3.9693273003  -3.8784035504 
1.316 -4.0419943944  -3.9693767215  -3.8784554575 
1.317 -4.0427397911  -3.9694164705  -3.8785032524 
1.318 -4.0434886265  -3.9694494706  -3.8785502614 
1.319 -4.0442406030  -3.9694740861  -3.8785942659 
1.320 -4.0449955333  -3.9694904866  -3.8786352605 
1.330 -4.0526698731  -3.9692689005  -3.8789146964 
1.340 -4.0604667914  -3.9684408669  -3.8789510678 
1.350 -4.0682699180  -3.9671154308  -3.8787432629 
1.360 -4.0759967285  -3.9653740818  -3.8782956338 
1.370 -4.0835888418  -3.9632708637  -3.8776079370 
1.380 -4.0910048465  -3.9608477655  -3.8766840879 
1.390 -4.0982151220  -3.9581348371  -3.8755269756 
1.400 -4.1051984677  -3.9551562063  -3.8741411653 
1.410 -4.1119392909  -3.9519263817  -3.8725268253 
1.420 -4.1184265838  -3.9484605707  -3.8706886138 
1.430 -4.1246526380  -3.9447715704  -3.8686314193 
1.440 -4.1306117608  -3.9408669870  -3.8663568509 
1.450 -4.1363005068  -3.9367563287  -3.8638698381 
1.460 -4.1417166488  -3.9324463660  -3.8611736109 
1.470 -4.1468590489  -3.9279429959  -3.8582713072 
1.480 -4.1517274228  -3.9232514159  -3.8551659556 
1.490 -4.1563226304  -3.9183783133  -3.8518625114 
1.500 -4.1606457327  -3.9133280284  -3.8483639346 
1.510 -4.1646982149  -3.9081044902  -3.8446730417 
1.520 -4.1684818935  -3.9027112638  -3.8407924953 
1.530 -4.1720001788  -3.8971562555  -3.8367294278 
1.540 -4.1752542032  -3.8914380078  -3.8324818067 
1.550 -4.1782487003  -3.8855665982  -3.8280591496 
1.560 -4.1809849953  -3.8795399529  -3.8234590032 
1.570 -4.1834675837  -3.8733656448  -3.8186885533 
1.580 -4.1856986026  -3.8670434958  -3.8137473573 
1.590 -4.1876829662  -3.8605810864  -3.8086427167 
1.600 -4.1894228397  -3.8539778184  -3.8033738667 
1.610 -4.1909234676  -3.8472413010  -3.7979482198 
1.620 -4.1921881377  -3.8403735153  -3.7923676433 
1.630 -4.1932188017  -3.8333731240  -3.7866307458 
1.640 -4.1940209806  -3.8262476792  -3.7807449813 
1.650 -4.1945992021  -3.8190018760  -3.7747149997 
1.660 -4.1949552349  -3.8116338541  -3.7685389773 
1.670 -4.1950934457  -3.8041479561  -3.7622212689 
1.680 -4.1950182989  -3.7965485844  -3.7557663176 
1.690 -4.1947343505  -3.7888402046  -3.7491786589 
1.700 -4.1942428229  -3.7810200752  -3.7424557083 
1.710 -4.1935498040  -3.7730960161  -3.7356053996 
1.720 -4.1926580309  -3.7650686415  -3.7286285625 
1.730 -4.1915719476  -3.7569421908  -3.7215296902 
1.740 -4.1902940661  -3.7487170086  -3.7143095048 
1.750 -4.1888287332  -3.7403972461  -3.7069726655 
1.760 -4.1871782068  -3.7319830100  -3.6995200929 
1.770 -4.1853489283  -3.7234826507  -3.6919614325 
1.780 -4.1833431021  -3.7148963814  -3.6842993975 
1.790 -4.1811626753  -3.7062242731  -3.6765393587 
1.800 -4.1788117719  -3.6974708291  -3.6686992230 
1.810 -4.1762945514  -3.6886409735  -3.6608283307 
1.811 -4.1760315668  -3.6877498596  -3.6600404637 
1.812 -4.1757689807  -3.6868617075  -3.6592578756 
1.813 -4.1755068160  -3.6859765443  -3.6584810254 
1.814 -4.1752399905  -3.6850851605  -3.6577015854 
1.815 -4.1749736011  -3.6841967852  -3.6569291344 
1.816 -4.1747051026  -3.6833068100  -3.6561600629 
1.817 -4.1744344945  -3.6824152364  -3.6553953789 
1.818 -4.1741617763  -3.6815220659  -3.6546362804 
1.819 -4.1738869475  -3.6806273002  -3.6538841644 
1.820 -4.1736126074  -3.6797356114  -3.6531448669 
1.821 -4.1733361715  -3.6788423488  -3.6524157254 
1.822 -4.1730576393  -3.6779475143  -3.6516984364 
1.823 -4.1727770103  -3.6770511106  -3.6509945460 
1.824 -4.1724942841  -3.6761531402  -3.6503052455 
1.825 -4.1722120993  -3.6752583193  -3.6496350899 
1.826 -4.1719278321  -3.6743619548  -3.6489799984 
1.827 -4.1716414820  -3.6734640500  -3.6483393090 
1.828 -4.1713530485  -3.6725646085  -3.6477118349 
1.829 -4.1710625311  -3.6716636343  -3.6470960551 
1.830 -4.1707699293  -3.6707611314  -3.6464903116 
1.831 -4.1704779294  -3.6698618688  -3.6458965246 
1.832 -4.1701838599  -3.6689611039  -3.6453095600 
1.833 -4.1698877205  -3.6680588418  -3.6447280990 
1.834 -4.1695895106  -3.6671550882  -3.6441510079 
1.835 -4.1692919482  -3.6662546470  -3.6435807937 
1.836 -4.1689896038  -3.6653479372  -3.6430097213 
1.837 -4.1686879219  -3.6644445698  -3.6424440497 
1.838 -4.1683841834  -3.6635397545  -3.6418797781 
1.839 -4.1680783879  -3.6626334991  -3.6413164615 
1.840 -4.1677732934  -3.6617306514  -3.6407571572 
1.841 -4.1674633903  -3.6608215508  -3.6401947054 
1.842 -4.1671542032  -3.6599158933  -3.6396357034 
1.843 -4.1668429731  -3.6590088505  -3.6390765146 
1.844 -4.1665296994  -3.6581004341  -3.6385169620 
1.845 -4.1662143816  -3.6571906563  -3.6379568960 
1.846 -4.1658998260  -3.6562844173  -3.6373996194 
1.847 -4.1655832413  -3.6553768602  -3.6368416007 
1.848 -4.1652618044  -3.6544630988  -3.6362793130 
1.849 -4.1649439830  -3.6535578551  -3.6357229863 
1.850 -4.1646213083  -3.6526464418  -3.6351622452 
1.851 -4.1642966025  -3.6517337801  -3.6346004678 
1.852 -4.1639727203  -3.6508248226  -3.6340410571 
1.853 -4.1636439589  -3.6499097366  -3.6334770677 
1.854 -4.1633160362  -3.6489984165  -3.6329153734 
1.855 -4.1629889760  -3.6480909101  -3.6323559570 
1.856 -4.1626570269  -3.6471773481  -3.6317918581 
1.857 -4.1623230597  -3.6462627074  -3.6312265151 
1.858 -4.1619899779  -3.6453519946  -3.6306633914 
1.859 -4.1616548931  -3.6444402871  -3.6300989940 
1.860 -4.1613178050  -3.6435276251  -3.6295333067 
1.861 -4.1609787130  -3.6426140524  -3.6289663149 
1.862 -4.1606376164  -3.6416996170  -3.6283980060 
1.863 -4.1602974595  -3.6407893721  -3.6278318838 
1.864 -4.1599553134  -3.6398783844  -3.6272644363 
1.865 -4.1596111776  -3.6389667159  -3.6266956552 
1.866 -4.1592650514  -3.6380544350  -3.6261255337 
1.867 -4.1589169345  -3.6371416166  -3.6255540657 
1.868 -4.1585698116  -3.6362333657  -3.6249847918 
1.869 -4.1582177195  -3.6353197318  -3.6244106228 
1.870 -4.1578666369  -3.6344108621  -3.6238386529 
1.871 -4.1575135777  -3.6335018437  -3.6232653335 
1.872 -4.1571585413  -3.6325927975  -3.6226906626 
1.873 -4.1568015271  -3.6316838574  -3.6221146386 
1.874 -4.1564455696  -3.6307802039  -3.6215408442 
1.875 -4.1560876497  -3.6298769674  -3.6209657078 
1.876 -4.1557277669  -3.6289743275  -3.6203892294 
1.877 -4.1553659206  -3.6280724835  -3.6198114090 
1.878 -4.1550021103  -3.6271716560  -3.6192322475 
1.879 -4.1546363354  -3.6262720901  -3.6186517457 
1.880 -4.1542716798  -3.6253790693  -3.6180735272 
1.881 -4.1539019823  -3.6244828617  -3.6174903554 
1.882 -4.1535334195  -3.6235938125  -3.6169094832 
1.883 -4.1531629064  -3.6227072698  -3.6163272904 
1.884 -4.1527935602  -3.6218285996  -3.6157474273 
1.885 -4.1524191531  -3.6209482775  -3.6151626070 
1.886 -4.1520459283  -3.6200766947  -3.6145801347 
1.887 -4.1516707676  -3.6192093796  -3.6139963652 
1.888 -4.1512905192  -3.6183419696  -3.6134076282 
1.889 -4.1509146359  -3.6174897151  -3.6128249479 
1.890 -4.1505336638  -3.6166385158  -3.6122373068 
1.891 -4.1501507534  -3.6157938680  -3.6116483822 
1.892 -4.1497690886  -3.6149611526  -3.6110618773 
1.893 -4.1493855011  -3.6141361062  -3.6104741094 
1.894 -4.1489999902  -3.6133192759  -3.6098850826 
1.895 -4.1486125554  -3.6125111563  -3.6092948011 
1.896 -4.1482231962  -3.6117121689  -3.6087032691 
1.897 -4.1478351382  -3.6109272219  -3.6081142222 
1.898 -4.1474419365  -3.6101473342  -3.6075202089 
1.899 -4.1470500517  -3.6093817206  -3.6069287025 
1.900 -4.1466562569  -3.6086257798  -3.6063359766 
1.901 -4.1462605513  -3.6078793688  -3.6057420358 
1.902 -4.1458662030  -3.6071465966  -3.6051506477 
1.903 -4.1454666827  -3.6064183417  -3.6045542982 
1.904 -4.1450685353  -3.6057028633  -3.6039605239 
1.905 -4.1446684917  -3.6049953083  -3.6033655671 
1.906 -4.1442665512  -3.6042951468  -3.6027694329 
1.907 -4.1438627133  -3.6036018261  -3.6021721265 
1.908 -4.1434569774  -3.6029147866  -3.6015736532 
1.909 -4.1430493428  -3.6022334754  -3.6009740180 
1.910 -4.1426431451  -3.6015614792  -3.6003770391 
1.911 -4.1422350645  -3.6008941255  -3.5997789214 
1.912 -4.1418251003  -3.6002309383  -3.5991796703 
1.913 -4.1414132520  -3.5995714733  -3.5985792912 
1.914 -4.1409995188  -3.5989153193  -3.5979777894 
1.915 -4.1405872790  -3.5982661468  -3.5973790138 
1.916 -4.1401731702  -3.5976195418  -3.5967791387 
1.917 -4.1397537960  -3.5969711621  -3.5961743137 
1.918 -4.1393359387  -3.5963287939  -3.5955722494 
1.919 -4.1389162106  -3.5956881416  -3.5949691018 
1.920 -4.1384980324  -3.5950529869  -3.5943687501 
1.921 -4.1380745692  -3.5944150893  -3.5937634579 
1.922 -4.1376526718  -3.5937822841  -3.5931609845 
1.923 -4.1372289180  -3.5931503890  -3.5925574611 
1.924 -4.1368033073  -3.5925192515  -3.5919528932 
1.925 -4.1363758391  -3.5918887337  -3.5913472859 
1.926 -4.1359465126  -3.5912587110  -3.5907406444 
1.927 -4.1355153273  -3.5906290708  -3.5901329739 
1.928 -4.1350857725  -3.5900037131  -3.5895282016 
1.929 -4.1346543748  -3.5893785454  -3.5889224222 
1.930 -4.1342211336  -3.5887534849  -3.5883156409 
1.931 -4.1337860480  -3.5881284568  -3.5877078625 
1.932 -4.1333491176  -3.5875033928  -3.5870990918 
1.933 -4.1329103416  -3.5868782308  -3.5864893335 
1.934 -4.1324732613  -3.5862569273  -3.5858825500 
1.935 -4.1320343514  -3.5856354234  -3.5852748000 
1.936 -4.1315936113  -3.5850136727  -3.5846660878 
1.937 -4.1311510403  -3.5843916330  -3.5840564179 
1.938 -4.1307066377  -3.5837692654  -3.5834457945 
1.939 -4.1302604029  -3.5831465343  -3.5828342216 
1.940 -4.1298159291  -3.5825274393  -3.5822256964 
1.941 -4.1293660366  -3.5819038899  -3.5816122425 
1.942 -4.1289179210  -3.5812839270  -3.5810018555 
1.943 -4.1284679880  -3.5806634933  -3.5803905461 
1.944 -4.1280162367  -3.5800425656  -3.5797783177 
1.945 -4.1275663040  -3.5794251749  -3.5791691960 
1.946 -4.1271109230  -3.5788032010  -3.5785551452 
1.947 -4.1266573767  -3.5781847349  -3.5779442190 
1.948 -4.1262020269  -3.5775657072  -3.5773323979 
1.949 -4.1257412007  -3.5769420320  -3.5767156386 
1.950 -4.1252859143  -3.5763259056  -3.5761060813 
1.951 -4.1248251501  -3.5757051032  -3.5754915907 
1.952 -4.1243625797  -3.5750836824  -3.5748762149 
1.953 -4.1239019098  -3.5744657204  -3.5742640251 
1.954 -4.1234357337  -3.5738430319  -3.5736468904 
1.955 -4.1229714743  -3.5732237901  -3.5730329570 
1.956 -4.1225054235  -3.5726038953  -3.5724181569 
1.957 -4.1220413230  -3.5719874475  -3.5718065842 
1.958 -4.1215716961  -3.5713662238  -3.5711900603 
1.959 -4.1211002758  -3.5707443198  -3.5705726729 
1.960 -4.1206308300  -3.5701258521  -3.5699585333 
1.961 -4.1201596071  -3.5695066982  -3.5693435430 
1.962 -4.1196866061  -3.5688868503  -3.5687277026 
1.963 -4.1192118265  -3.5682663011  -3.5681110120 
1.964 -4.1187352675  -3.5676450433  -3.5674934711 
1.965 -4.1182569285  -3.5670230697  -3.5668750795 
1.966 -4.1177806305  -3.5664045309  -3.5662599829 
1.967 -4.1173025687  -3.5657852737  -3.5656440462 
1.968 -4.1168227424  -3.5651652916  -3.5650272687 
1.969 -4.1163411509  -3.5645445782  -3.5644096492 
1.970 -4.1158577934  -3.5639231269  -3.5637911863 
1.971 -4.1153726693  -3.5633009315  -3.5631718786 
1.972 -4.1148857779  -3.5626779857  -3.5625517242 
1.973 -4.1144010023  -3.5620584797  -3.5619349093 
1.974 -4.1139144756  -3.5614382222  -3.5613172559 
1.975 -4.1134261972  -3.5608172071  -3.5606987616 
1.976 -4.1129361664  -3.5601954281  -3.5600794239 
1.977 -4.1124443824  -3.5595728791  -3.5594592401 
1.978 -4.1119508444  -3.5589495539  -3.5588382074 
1.979 -4.1114594892  -3.5583296779  -3.5582205475 
1.980 -4.1109663965  -3.5577090250  -3.5576020447 
1.981 -4.1104676102  -3.5570833455  -3.5569784583 
1.982 -4.1099710313  -3.5564611141  -3.5563582530 
1.983 -4.1094727127  -3.5558380872  -3.5557371940 
1.984 -4.1089766359  -3.5552185198  -3.5551195334 
1.985 -4.1084748446  -3.5545938885  -3.5544967613 
1.986 -4.1079753115  -3.5539727161  -3.5538773920 
1.987 -4.1074700446  -3.5533464546  -3.5532528899 
1.988 -4.1069670523  -3.5527236513  -3.5526317943 
1.989 -4.1064623338  -3.5521000259  -3.5520098317 
1.990 -4.1059558884  -3.5514755716  -3.5513869973 
1.991 -4.1054517603  -3.5508545870  -3.5507675868 
1.992 -4.1049418677  -3.5502284613  -3.5501430003 
1.993 -4.1044343090  -3.5496058044  -3.5495218402 
1.994 -4.1039209662  -3.5489779801  -3.5488954806 
1.995 -4.1034099739  -3.5483536237  -3.5482725497 
1.996 -4.1028972682  -3.5477284104  -3.5476487284 
1.997 -4.1023828482  -3.5471023334  -3.5470240109 
1.998 -4.1018708216  -3.5464797357  -3.5464027379 
1.999 -4.1013529800  -3.5458519164  -3.5457762172 
2.000 -4.1008375484  -3.5452275756  -3.5451531426 
2.010 -4.0956023059  -3.5389479388  -3.5388847856 
2.020 -4.0902615530  -3.5326410878  -3.5325871934 
2.030 -4.0848186234  -3.5263029362  -3.5262568035 
2.040 -4.0792633838  -3.5199157588  -3.5198762263 
2.050 -4.0736121179  -3.5134897668  -3.5134558860 
2.060 -4.0678588360  -3.5070126411  -3.5069836201 
2.070 -4.0620063590  -3.5004818318  -3.5004569943 
2.080 -4.0560575170  -3.4938954046  -3.4938741674 
2.090 -4.0500151498  -3.4872520085  -3.4872338661 
2.100 -4.0438770447  -3.4805456665  -3.4805301813 
2.110 -4.0376509315  -3.4737810169  -3.4737678094 
2.120 -4.0313396810  -3.4669581353  -3.4669468774 
2.130 -4.0249354654  -3.4600665939  -3.4600570038 
2.140 -4.0184460421  -3.4531121164  -3.4531039510 
2.150 -4.0118795715  -3.4461010677  -3.4460941178 
2.160 -4.0052220123  -3.4390175508  -3.4390116382 
2.170 -3.9984926522  -3.4318796084  -3.4318745797 
2.180 -3.9916768705  -3.4246711365  -3.4246668612 
2.190 -3.9847886214  -3.4174050654  -3.4174014315 
2.200 -3.9778184517  -3.4100707970  -3.4100677094 
2.210 -3.9707807406  -3.4026818942  -3.4026792714 
2.220 -3.9636656471  -3.3952275729  -3.3952253458 
2.230 -3.9564816152  -3.3877155691  -3.3877136785 
2.240 -3.9492245724  -3.3801410714  -3.3801394671 
2.250 -3.9419031905  -3.3725121639  -3.3725108031 
2.260 -3.9345065285  -3.3648172416  -3.3648160879 
2.270 -3.9270499599  -3.3570712270  -3.3570702492 
2.280 -3.9195221427  -3.3492622072  -3.3492613791 
2.290 -3.9119388954  -3.3414056187  -3.3414049177 
2.300 -3.9042813645  -3.3334820797  -3.3334814866 
2.310 -3.8965727118  -3.3255144608  -3.3255139594 
2.320 -3.8887934599  -3.3174828206  -3.3174823970 
2.330 -3.8809600074  -3.3094032787  -3.3094029211 
2.340 -3.8730670065  -3.3012701362  -3.3012698347 
2.350 -3.8651163363  -3.2930849726  -3.2930847186 
2.360 -3.8571098871  -3.2848493963  -3.2848491826 
2.370 -3.8490495607  -3.2765650443  -3.2765648646 
2.380 -3.8409372713  -3.2682335806  -3.2682334298 
2.390 -3.8327668451  -3.2598485740  -3.2598484477 
2.400 -3.8245398829  -3.2514114057  -3.2514113000 
2.410 -3.8162663220  -3.2429318259  -3.2429317376 
2.420 -3.8079396855  -3.2344031392  -3.2344030655 
2.430 -3.7995616075  -3.2258267940  -3.2258267328 
2.440 -3.7911337334  -3.2172042600  -3.2172042092 
2.450 -3.7826665062  -3.2085458305  -3.2085457884 
2.460 -3.7741441402  -3.1998355270  -3.1998354923 
2.470 -3.7655769875  -3.1910835694  -3.1910835409 
2.480 -3.7569576075  -3.1822823602  -3.1822823368 
2.490 -3.7482966086  -3.1734423887  -3.1734423697 
2.500 -3.7395957108  -3.1645652471  -3.1645652316 
2.510 -3.7308471583  -3.1556430443  -3.1556430319 
2.520 -3.7220523416  -3.1466770572  -3.1466770473 
2.530 -3.7132126628  -3.1376685794  -3.1376685715 
2.540 -3.7043393851  -3.1286287826  -3.1286287764 
2.550 -3.6954143563  -3.1195393932  -3.1195393884 
