# h8 energies for multiplicity =  1
# atoms arranged in rhombic structure of 2 isosceles triangles, definied by single parameter y = the height of the triangles 
# y, E(n=1), E(n=2), E(n=3)
0.25 -3.8970377164  -3.3259947944  -3.3259942879 
.26 -3.9632566170  -3.3947993201  -3.3947971138 
.27 -4.0195370676  -3.4542792124  -3.4542708247 
.28 -4.0667169762  -3.5057340661  -3.5057059173 
.29 -4.1055214728  -3.5509402919  -3.5508530777 
.30 -4.1365899177  -3.5922039170  -3.5916502221 
.31 -4.1604971095  -3.6413210068  -3.6281629236 
.32 -4.1777699108  -3.6937547351  -3.6653769727 
.33 -4.1889000814  -3.7407785688  -3.7073098211 
.34 -4.1943537294  -3.7825253626  -3.7437531204 
.35 -4.1945793378  -3.8193152395  -3.7749768083 
.36 -4.1900142147  -3.8514691941  -3.8013595677 
.37 -4.1810909516  -3.8792928766  -3.8232693605 
.38 -4.1682414209  -3.9030722864  -3.8410546053 
.39 -4.1519095824  -3.9230680381  -3.8550433215 
.40 -4.1325622103  -3.9395031987  -3.8655419497 
.41 -4.1107250758  -3.9525352870  -3.8728390838 
.42 -4.0870560458  -3.9621842528  -3.8772088938 
.43 -4.0625574611  -3.9681317636  -3.8789198589 
.44 -4.0391661531  -3.9691417629  -3.8782451497 
.45 -4.0207717513  -3.9620771833  -3.8754855143 
.46 -4.0108557411  -3.9443211214  -3.8783782311 
.47 -4.0072203705  -3.9194503458  -3.8991257041 
.48 -4.0068074963  -3.9175145289  -3.8894699567 
.49 -4.0088597400  -3.9293097494  -3.8601602413 
.50 -4.0135148673  -3.9358715363  -3.8544971126 
.51 -4.0204617861  -3.9372968355  -3.8574816061 
.52 -4.0287488101  -3.9346559361  -3.8621745126 
.53 -4.0373998241  -3.9291247652  -3.8672445430 
.54 -4.0457727259  -3.9215770216  -3.8720837272 
.55 -4.0535336860  -3.9125891408  -3.8764326238 
.56 -4.0605426073  -3.9025480458  -3.8801886968 
.57 -4.0667675676  -3.8917309023  -3.8833244227 
.58 -4.0722346417  -3.8858517887  -3.8822699799 
.59 -4.0769999671  -3.8903513099  -3.8878056372 
.60 -4.0811334015  -3.8970405829  -3.8892334791 
.61 -4.0847083819  -3.9022958543  -3.8901889376 
.62 -4.0877969387  -3.9061805718  -3.8907308945 
.63 -4.0904646171  -3.9087656627  -3.8909176903 
.64 -4.0927695024  -3.9101291284  -3.8908082718 
.65 -4.0947619368  -3.9103561781  -3.8904620750 
.66 -4.0964825072  -3.9095349214  -3.8899340576 
.67 -4.0979644293  -3.9077594839  -3.8892777748 
.68 -4.0992348030  -3.9051313334  -3.8885451400 
.69 -4.1003139909  -3.9017584554  -3.8877825836 
.70 -4.1012186220  -3.8977644941  -3.8870339089 
.71 -4.1019611130  -3.8932974513  -3.8863368864 
.72 -4.1025522358  -3.8885556803  -3.8857254207 
.73 -4.1030001437  -3.8852259089  -3.8838283477 
.74 -4.1033127242  -3.8848595228  -3.8795726432 
.75 -4.1034951659  -3.8846372316  -3.8764807621 
.76 -4.1035535668  -3.8845649356  -3.8753530690 
.77 -4.1034927095  -3.8846399816  -3.8765244705 
.78 -4.1033171302  -3.8848533972  -3.8794992209 
.79 -4.1030311851  -3.8851909785  -3.8834530169 
.80 -4.1026373953  -3.8877468531  -3.8856322830 
.81 -4.1021402491  -3.8919977984  -3.8861573830 
.82 -4.1015405956  -3.8959865634  -3.8867404323 
.83 -4.1008411506  -3.8995883790  -3.8873584893 
.84 -4.1000424617  -3.9027281325  -3.8879869773 
.85 -4.0991445154  -3.9053599684  -3.8886026548 
.86 -4.0981460808  -3.9074553159  -3.8891832824 
.87 -4.0970452563  -3.9089973208  -3.8897087023 
.88 -4.0958376318  -3.9099753178  -3.8901585910 
.89 -4.0945205972  -3.9103877512  -3.8905181983 
.90 -4.0930872957  -3.9102337117  -3.8907702673 
.91 -4.0915316665  -3.9095178959  -3.8909015153 
.92 -4.0898474435  -3.9082488224  -3.8909010421 
.93 -4.0880264634  -3.9064356141  -3.8907577393 
.94 -4.0860614921  -3.9040912110  -3.8904636519 
.95 -4.0839445845  -3.9012292495  -3.8900113747 
.96 -4.0816680212  -3.8978646601  -3.8893948590 
.97 -4.0792260166  -3.8940159477  -3.8886112563 
.98 -4.0766123080  -3.8897012123  -3.8876572709 
.99 -4.0738239921  -3.8865338517  -3.8849511199 
1.00 -4.0708568499  -3.8852395739  -3.8834499991 
1.01 -4.0677107298  -3.8899056536  -3.8837773958 
1.02 -4.0643886241  -3.8961035268  -3.8821529981 
1.03 -4.0608948015  -3.9019880111  -3.8803719067 
1.04 -4.0572368084  -3.9075361483  -3.8784416846 
1.05 -4.0534278294  -3.9127258483  -3.8763744792 
1.06 -4.0494851276  -3.9175322635  -3.8741844302 
1.07 -4.0454309977  -3.9219262732  -3.8718883609 
1.08 -4.0412975662  -3.9258748503  -3.8695114260 
1.09 -4.0371239461  -3.9293373198  -3.8670832933 
1.10 -4.0329585583  -3.9322639938  -3.8646417246 
1.11 -4.0288650082  -3.9345977460  -3.8622421617 
1.12 -4.0249149839  -3.9362694063  -3.8599537464 
1.13 -4.0211918752  -3.9372031284  -3.8578728981 
1.14 -4.0177835466  -3.9373209809  -3.8561267498 
1.15 -4.0147727175  -3.9365530069  -3.8548708842 
1.16 -4.0122244043  -3.9348505572  -3.8542651866 
1.17 -4.0101745902  -3.9321990600  -3.8544184765 
1.18 -4.0086256735  -3.9286255677  -3.8622872389 
1.19 -4.0075526054  -3.9242023565  -3.8744213212 
1.20 -4.0069141202  -3.9190577320  -3.8862366254 
1.21 -4.0066726619  -3.9135594318  -3.8973717588 
1.22 -4.0068073145  -3.9120600893  -3.9034697922 
1.23 -4.0073316545  -3.9210302908  -3.8980363741 
1.24 -4.0082997137  -3.9308313884  -3.8906422857 
1.25 -4.0098180543  -3.9399967630  -3.8826392140 
1.26 -4.0120444583  -3.9481897955  -3.8742028518 
1.27 -4.0151617051  -3.9551550741  -3.8736097064 
1.28 -4.0193149731  -3.9607024807  -3.8750862749 
1.29 -4.0245348889  -3.9647710305  -3.8763335424 
1.30 -4.0307038312  -3.9674536964  -3.8773428182 
1.31 -4.0376040620  -3.9689515429  -3.8781110904 
1.32 -4.0449955333  -3.9694904866  -3.8786352605 
1.33 -4.0526698731  -3.9692689005  -3.8789146964 
1.34 -4.0604667914  -3.9684408669  -3.8789510678 
1.35 -4.0682699180  -3.9671154308  -3.8787432629 
1.36 -4.0759967285  -3.9653740818  -3.8782956338 
1.37 -4.0835888418  -3.9632708637  -3.8776079370 
1.38 -4.0910048465  -3.9608477655  -3.8766840879 
1.39 -4.0982151220  -3.9581348371  -3.8755269756 
1.40 -4.1051984677  -3.9551562063  -3.8741411653 
1.41 -4.1119392909  -3.9519263817  -3.8725268253 
1.42 -4.1184265838  -3.9484605707  -3.8706886138 
1.43 -4.1246526380  -3.9447715704  -3.8686314193 
1.44 -4.1306117608  -3.9408669870  -3.8663568509 
1.45 -4.1363005068  -3.9367563287  -3.8638698381 
1.46 -4.1417166488  -3.9324463660  -3.8611736109 
1.47 -4.1468590489  -3.9279429959  -3.8582713072 
1.48 -4.1517274228  -3.9232514159  -3.8551659556 
1.49 -4.1563226304  -3.9183783133  -3.8518625114 
1.50 -4.1606457327  -3.9133280284  -3.8483639346 
1.51 -4.1646982149  -3.9081044902  -3.8446730417 
1.52 -4.1684818935  -3.9027112638  -3.8407924953 
1.53 -4.1720001788  -3.8971562555  -3.8367294278 
1.54 -4.1752542032  -3.8914380078  -3.8324818067 
1.55 -4.1782487003  -3.8855665982  -3.8280591496 
1.56 -4.1809849953  -3.8795399529  -3.8234590032 
1.57 -4.1834675837  -3.8733656448  -3.8186885533 
1.58 -4.1856986026  -3.8670434958  -3.8137473573 
1.59 -4.1876829662  -3.8605810864  -3.8086427167 
1.60 -4.1894228397  -3.8539778184  -3.8033738667 
1.61 -4.1909234676  -3.8472413010  -3.7979482198 
1.62 -4.1921881377  -3.8403735153  -3.7923676433 
1.63 -4.1932188017  -3.8333731240  -3.7866307458 
1.64 -4.1940209806  -3.8262476792  -3.7807449813 
1.65 -4.1945992021  -3.8190018760  -3.7747149997 
1.66 -4.1949552349  -3.8116338541  -3.7685389773 
1.67 -4.1950934457  -3.8041479561  -3.7622212689 
1.68 -4.1950182989  -3.7965485844  -3.7557663176 
1.69 -4.1947343505  -3.7888402046  -3.7491786589 
1.70 -4.1942428229  -3.7810200752  -3.7424557083 
1.71 -4.1935498040  -3.7730960161  -3.7356053996 
1.72 -4.1926580309  -3.7650686415  -3.7286285625 
1.73 -4.1915719476  -3.7569421908  -3.7215296902 
1.74 -4.1902940661  -3.7487170086  -3.7143095048 
1.75 -4.1888287332  -3.7403972461  -3.7069726655 
1.76 -4.1871782068  -3.7319830100  -3.6995200929 
1.77 -4.1853489283  -3.7234826507  -3.6919614325 
1.78 -4.1833431021  -3.7148963814  -3.6842993975 
1.79 -4.1811626753  -3.7062242731  -3.6765393587 
1.80 -4.1788117719  -3.6974708291  -3.6686992230 
1.81 -4.1762945514  -3.6886409735  -3.6608283307 
1.82 -4.1736126074  -3.6797356114  -3.6531448669 
1.83 -4.1707699293  -3.6707611314  -3.6464903116 
1.84 -4.1677732934  -3.6617306514  -3.6407571572 
1.85 -4.1646213083  -3.6526464418  -3.6351622452 
1.86 -4.1613178050  -3.6435276251  -3.6295333067 
1.87 -4.1578666369  -3.6344108621  -3.6238386529 
1.88 -4.1542716798  -3.6253790693  -3.6180735272 
1.89 -4.1505336638  -3.6166385158  -3.6122373068 
1.90 -4.1466562569  -3.6086257798  -3.6063359766 
1.91 -4.1426431451  -3.6015614792  -3.6003770391 
1.92 -4.1384980324  -3.5950529869  -3.5943687501 
1.93 -4.1342211336  -3.5887534849  -3.5883156409 
1.94 -4.1298159291  -3.5825274393  -3.5822256964 
1.95 -4.1252859143  -3.5763259056  -3.5761060813 
1.96 -4.1206308300  -3.5701258521  -3.5699585333 
1.97 -4.1158577934  -3.5639231269  -3.5637911863 
1.98 -4.1109663965  -3.5577090250  -3.5576020447 
1.99 -4.1059558884  -3.5514755716  -3.5513869973 
2.00 -4.1008375484  -3.5452275756  -3.5451531426 
2.01 -4.0956023059  -3.5389479388  -3.5388847856 
2.02 -4.0902615530  -3.5326410878  -3.5325871934 
2.03 -4.0848186234  -3.5263029362  -3.5262568035 
2.04 -4.0792633838  -3.5199157588  -3.5198762263 
2.05 -4.0736121179  -3.5134897668  -3.5134558860 
2.06 -4.0678588360  -3.5070126411  -3.5069836201 
2.07 -4.0620063590  -3.5004818318  -3.5004569943 
2.08 -4.0560575170  -3.4938954046  -3.4938741674 
2.09 -4.0500151498  -3.4872520085  -3.4872338661 
2.10 -4.0438770447  -3.4805456665  -3.4805301813 
2.11 -4.0376509315  -3.4737810169  -3.4737678094 
2.12 -4.0313396810  -3.4669581353  -3.4669468774 
2.13 -4.0249354654  -3.4600665939  -3.4600570038 
2.14 -4.0184460421  -3.4531121164  -3.4531039510 
2.15 -4.0118795715  -3.4461010677  -3.4460941178 
2.16 -4.0052220123  -3.4390175508  -3.4390116382 
2.17 -3.9984926522  -3.4318796084  -3.4318745797 
2.18 -3.9916768705  -3.4246711365  -3.4246668612 
2.19 -3.9847886214  -3.4174050654  -3.4174014315 
2.20 -3.9778184517  -3.4100707970  -3.4100677094 
2.21 -3.9707807406  -3.4026818942  -3.4026792714 
2.22 -3.9636656471  -3.3952275729  -3.3952253458 
2.23 -3.9564816152  -3.3877155691  -3.3877136785 
2.24 -3.9492245724  -3.3801410714  -3.3801394671 
2.25 -3.9419031905  -3.3725121639  -3.3725108031 
2.26 -3.9345065285  -3.3648172416  -3.3648160879 
2.27 -3.9270499599  -3.3570712270  -3.3570702492 
2.28 -3.9195221427  -3.3492622072  -3.3492613791 
2.29 -3.9119388954  -3.3414056187  -3.3414049177 
2.30 -3.9042813645  -3.3334820797  -3.3334814866 
2.31 -3.8965727118  -3.3255144608  -3.3255139594 
2.32 -3.8887934599  -3.3174828206  -3.3174823970 
2.33 -3.8809600074  -3.3094032787  -3.3094029211 
2.34 -3.8730670065  -3.3012701362  -3.3012698347 
2.35 -3.8651163363  -3.2930849726  -3.2930847186 
2.36 -3.8571098871  -3.2848493963  -3.2848491826 
2.37 -3.8490495607  -3.2765650443  -3.2765648646 
2.38 -3.8409372713  -3.2682335806  -3.2682334298 
2.39 -3.8327668451  -3.2598485740  -3.2598484477 
2.40 -3.8245398829  -3.2514114057  -3.2514113000 
2.41 -3.8162663220  -3.2429318259  -3.2429317376 
2.42 -3.8079396855  -3.2344031392  -3.2344030655 
2.43 -3.7995616075  -3.2258267940  -3.2258267328 
2.44 -3.7911337334  -3.2172042600  -3.2172042092 
2.45 -3.7826665062  -3.2085458305  -3.2085457884 
2.46 -3.7741441402  -3.1998355270  -3.1998354923 
2.47 -3.7655769875  -3.1910835694  -3.1910835409 
2.48 -3.7569576075  -3.1822823602  -3.1822823368 
2.49 -3.7482966086  -3.1734423887  -3.1734423697 
2.50 -3.7395957108  -3.1645652471  -3.1645652316 
2.51 -3.7308471583  -3.1556430443  -3.1556430319 
2.52 -3.7220523416  -3.1466770572  -3.1466770473 
2.53 -3.7132126628  -3.1376685794  -3.1376685715 
2.54 -3.7043393851  -3.1286287826  -3.1286287764 
2.55 -3.6954143563  -3.1195393932  -3.1195393884 
2.56 -3.6864588353  -3.1104215997  -3.1104215960 
2.57 -3.6774542116  -3.1012566814  -3.1012566787 
2.58 -3.6684222548  -3.0920663447  -3.0920663427 
2.59 -3.6593438932  -3.0828314179  -3.0828314165 
2.60 -3.6502202483  -3.0735529478  -3.0735529469 
2.61 -3.6410738645  -3.0642534244  -3.0642534239 
2.62 -3.6318741399  -3.0549021517  -3.0549021515 
2.63 -3.6226437678  -3.0455217752  -3.0455217751 
2.64 -3.6133842917  -3.0361137762  -3.0361137760 
2.65 -3.6040860625  -3.0266684392  -3.0266684388 
2.66 -3.5947389400  -3.0171755619  -3.0171755614 
2.67 -3.5853781305  -3.0076703182  -3.0076703177 
2.68 -3.5759708505  -2.9981198544  -2.9981198538 
2.69 -3.5665296636  -2.9885366932  -2.9885366925 
2.70 -3.5570558123  -2.9789220319  -2.9789220313 
2.71 -3.5475505519  -2.9692770830  -2.9692770823 
2.72 -3.5380151509  -2.9596030738  -2.9596030732 
2.73 -3.5284386565  -2.9498890081  -2.9498890075 
2.74 -3.5188343363  -2.9401481219  -2.9401481213 
2.75 -3.5092034971  -2.9303816869  -2.9303816864 
2.76 -3.4995348316  -2.9205783583  -2.9205783578 
2.77 -3.4898420374  -2.9107518068  -2.9107518063 
2.78 -3.4801135685  -2.9008904524  -2.9008904520 
2.79 -3.4703634119  -2.8910082581  -2.8910082577 
2.80 -3.4605797815  -2.8810934071  -2.8810934067 
2.81 -3.4507636627  -2.8711468596  -2.8711468592 
2.82 -3.4409294806  -2.8611830202  -2.8611830199 
2.83 -3.4310515216  -2.8511761460  -2.8511761457 
2.84 -3.4211577994  -2.8411542356  -2.8411542353 
2.85 -3.4112359188  -2.8311048701  -2.8311048698 
2.86 -3.4012729521  -2.8210151001  -2.8210150999 
2.87 -3.3912977655  -2.8109137791  -2.8109137789 
2.88 -3.3812833445  -2.8007738699  -2.8007738697 
2.89 -3.3712591293  -2.7906248012  -2.7906248010 
2.90 -3.3611975784  -2.7804390117  -2.7804390115 
2.91 -3.3511140457  -2.7702318427  -2.7702318426 
2.92 -3.3409948446  -2.7599895920  -2.7599895919 
2.93 -3.3308556299  -2.7497279034  -2.7497279033 
2.94 -3.3206975439  -2.7394479068  -2.7394479067 
2.95 -3.3105065140  -2.7291355164  -2.7291355163 
2.96 -3.3002986523  -2.7188068348  -2.7188068347 
2.97 -3.2900751382  -2.7084630312  -2.7084630311 
2.98 -3.2798058549  -2.6980739760  -2.6980739759 
2.99 -3.2695227445  -2.6876716052  -2.6876716051 
