# h4 energies for multiplicity =  1
# atoms arranged in rhombic structure of 2 isosceles triangles, definied by single parameter y = the height of the triangles 
# y, E(n=1), E(n=2), E(n=3), E(n=4), E(n=5)
0.25 -1.9621872904  -1.4538012821  -1.4535359394  -1.3248857080  -1.3135414197 
.26 -1.9836813647  -1.4825406414  -1.4819457986  -1.3552491352  -1.3414617747 
.27 -2.0018998085  -1.5089603847  -1.5078382937  -1.3803906451  -1.3640030795 
.28 -2.0171651888  -1.5333117558  -1.5314500912  -1.4005970420  -1.3833573939 
.29 -2.0297696931  -1.5556940724  -1.5529056919  -1.4263886616  -1.4162313278 
.30 -2.0399836172  -1.5760974838  -1.5722551141  -1.4668125180  -1.4277048081 
.31 -2.0480615477  -1.5944532541  -1.5895111793  -1.5048109142  -1.4354385636 
.32 -2.0542465296  -1.6106730354  -1.6046767742  -1.5405388982  -1.4398337344 
.33 -2.0587723213  -1.6246720229  -1.6177604683  -1.5741310078  -1.4412564689 
.34 -2.0618637751  -1.6363798434  -1.6287832815  -1.6057062247  -1.4400339337 
.35 -2.0637358686  -1.6457447579  -1.6377800104  -1.6353713286  -1.4364569667 
.36 -2.0645913095  -1.6632234973  -1.6527358388  -1.6447982214  -1.4307847089 
.37 -2.0646172777  -1.6893521183  -1.6573451986  -1.6498964315  -1.4320360155 
.38 -2.0639810924  -1.7138408650  -1.6595903554  -1.6531419786  -1.4464723761 
.39 -2.0628274438  -1.7367678402  -1.6595179263  -1.6546095828  -1.4590266867 
.40 -2.0612747905  -1.7582074919  -1.6572058091  -1.6543794840  -1.4698112198 
.41 -2.0594149455  -1.7782304138  -1.6527668412  -1.6525369589  -1.4789364175 
.42 -2.0573130247  -1.7969045520  -1.6491709442  -1.6463499910  -1.4865114193 
.43 -2.0550102292  -1.8142951568  -1.6443741098  -1.6381439147  -1.4926454517 
.44 -2.0525270454  -1.8304655608  -1.6382416368  -1.6283799748  -1.4974479034 
.45 -2.0498683977  -1.8454768741  -1.6308724556  -1.6173439991  -1.5010300086 
.46 -2.0470276963  -1.8593887042  -1.6223678195  -1.6053938275  -1.5035041854 
.47 -2.0439913827  -1.8722590708  -1.6128316529  -1.5929996169  -1.5049843681 
.48 -2.0407430889  -1.8841442877  -1.6023723132  -1.5808223436  -1.5055868655 
.49 -2.0372654778  -1.8950994348  -1.5910996005  -1.5698413752  -1.5054271918 
.50 -2.0335436399  -1.9051778682  -1.5791297257  -1.5615252489  -1.5046219239 
.51 -2.0295651446  -1.9144315811  -1.5665817210  -1.5577716712  -1.5032836556 
.52 -2.0253214722  -1.9229109542  -1.5600636226  -1.5535807612  -1.5015201433 
.53 -2.0208078548  -1.9306647349  -1.5681822351  -1.5402578537  -1.4994303396 
.54 -2.0160236128  -1.9377399831  -1.5804165662  -1.5267526410  -1.4971023702 
.55 -2.0109713687  -1.9441819505  -1.5949528272  -1.5132134746  -1.4946099259 
.56 -2.0056573385  -1.9500341312  -1.6105509573  -1.4998019051  -1.4920123150 
.57 -2.0000900629  -1.9553380273  -1.6264886227  -1.4893525908  -1.4866927004 
.58 -1.9942801285  -1.9601330738  -1.6423638465  -1.4866592399  -1.4740774097 
.59 -1.9882403593  -1.9644567930  -1.6579543216  -1.4839495581  -1.4621682690 
.60 -1.9819850153  -1.9683446464  -1.6731380201  -1.4812315438  -1.4511961960 
.61 -1.9755288316  -1.9718297364  -1.6878502091  -1.4785056840  -1.4414020863 
.62 -1.9749434538  -1.9688885281  -1.7020584646  -1.4757703762  -1.4330219871 
.63 -1.9777145393  -1.9620803423  -1.7157503240  -1.4730200757  -1.4262470523 
.64 -1.9801697837  -1.9551218363  -1.7289240221  -1.4702496663  -1.4211828214 
.65 -1.9823343811  -1.9480328248  -1.7415830122  -1.4674562618  -1.4178136237 
.66 -1.9842306919  -1.9408330347  -1.7537335816  -1.4646355115  -1.4159944891 
.67 -1.9858793763  -1.9335456608  -1.7653805495  -1.4617856233  -1.4154916451 
.68 -1.9872996025  -1.9261994952  -1.7765240724  -1.4589076940  -1.4160373082 
.69 -1.9885080172  -1.9188298752  -1.7871563214  -1.4560024591  -1.4173738214 
.70 -1.9895199689  -1.9114872994  -1.7972538448  -1.4530736801  -1.4192825720 
.71 -1.9903486531  -1.9042471332  -1.8067661710  -1.4501254563  -1.4215889878 
.72 -1.9910062574  -1.8972352150  -1.8155915207  -1.4471651713  -1.4241612386 
.73 -1.9915030259  -1.8906737543  -1.8235292784  -1.4442007984  -1.4269007232 
.74 -1.9918485098  -1.8849781130  -1.8301849367  -1.4412441313  -1.4297363824 
.75 -1.9920499103  -1.8808869314  -1.8348372512  -1.4383065855  -1.4326150326 
.76 -1.9921143036  -1.8793895181  -1.8365142518  -1.4354997405  -1.4354050428 
.77 -1.9920472480  -1.8809449382  -1.8347718976  -1.4383634202  -1.4325586347 
.78 -1.9918535180  -1.8848811315  -1.8302960869  -1.4411870204  -1.4297910711 
.79 -1.9915372434  -1.8901650587  -1.8241327313  -1.4439574898  -1.4271316070 
.80 -1.9911009282  -1.8960881804  -1.8170005910  -1.4466647217  -1.4246136539 
.81 -1.9905481053  -1.9022693411  -1.8092929037  -1.4493041862  -1.4222818007 
.82 -1.9898797388  -1.9085113180  -1.8012146866  -1.4518708579  -1.4201847199 
.83 -1.9890980738  -1.9147088677  -1.7928813292  -1.4543639993  -1.4183845010 
.84 -1.9882040603  -1.9208037766  -1.7843591111  -1.4567829992  -1.4169511850 
.85 -1.9871985845  -1.9267627059  -1.7756895219  -1.4591286878  -1.4159644312 
.86 -1.9860821387  -1.9325662776  -1.7668996304  -1.4614025606  -1.4155098825 
.87 -1.9848553195  -1.9382031952  -1.7580089015  -1.4636071681  -1.4156744710 
.88 -1.9835175397  -1.9436673847  -1.7490297712  -1.4657442493  -1.4165359030 
.89 -1.9820702679  -1.9489554131  -1.7399761975  -1.4678186554  -1.4181575791 
.90 -1.9805124920  -1.9540664813  -1.7308554725  -1.4698324441  -1.4205718273 
.91 -1.9788444349  -1.9590008867  -1.7216766509  -1.4717894155  -1.4237794450 
.92 -1.9770667377  -1.9637598137  -1.7124494230  -1.4736938742  -1.4277475771 
.93 -1.9751789646  -1.9683453895  -1.7031814458  -1.4755487173  -1.4324135569 
.94 -1.9731816429  -1.9727600625  -1.6938829639  -1.4773577199  -1.4376960230 
.95 -1.9770068064  -1.9710747457  -1.6845640563  -1.4791236150  -1.4435032624 
.96 -1.9810889218  -1.9688581964  -1.6752361263  -1.4808485773  -1.4497420722 
.97 -1.9850097662  -1.9665330360  -1.6659148244  -1.4825353623  -1.4563240260 
.98 -1.9887731305  -1.9640991778  -1.6566160686  -1.4841847336  -1.4631676429 
.99 -1.9923826887  -1.9615583240  -1.6473628498  -1.4857984979  -1.4702010361 
1.00 -1.9958426793  -1.9589097858  -1.6381777843  -1.4873750528  -1.4773607049 
1.01 -1.9991571750  -1.9561546822  -1.6290930948  -1.4889137469  -1.4845923873 
1.02 -2.0023302817  -1.9532948473  -1.6201501675  -1.4918496580  -1.4904136423 
1.03 -2.0053663997  -1.9503308684  -1.6113980616  -1.4990927284  -1.4918716209 
1.04 -2.0082700070  -1.9472633014  -1.6028990844  -1.5062878568  -1.4932837014 
1.05 -2.0110454776  -1.9440940881  -1.5947352318  -1.5134065814  -1.4946464288 
1.06 -2.0136973329  -1.9408245226  -1.5870084019  -1.5204247831  -1.4959550481 
1.07 -2.0162302082  -1.9374551493  -1.5798441711  -1.5273221334  -1.4972036042 
1.08 -2.0186485357  -1.9339887420  -1.5733985250  -1.5340816260  -1.4983877294 
1.09 -2.0209569181  -1.9304266223  -1.5678469162  -1.5406890056  -1.4995014819 
1.10 -2.0231600105  -1.9267692665  -1.5633711327  -1.5471324541  -1.5005380990 
1.11 -2.0252621941  -1.9230203459  -1.5601370057  -1.5534022334  -1.5014935470 
1.12 -2.0272680719  -1.9191803065  -1.5594904253  -1.5582475141  -1.5023611713 
1.13 -2.0291820728  -1.9152511827  -1.5653906742  -1.5577177165  -1.5031358903 
1.14 -2.0310085680  -1.9112350042  -1.5710979857  -1.5584636688  -1.5038129140 
1.15 -2.0327518557  -1.9071337853  -1.5766085523  -1.5603232713  -1.5043878025 
1.16 -2.0344161452  -1.9029495136  -1.5819196018  -1.5630942117  -1.5048565053 
1.17 -2.0360055423  -1.8986841399  -1.5870292640  -1.5665701242  -1.5052153854 
1.18 -2.0375240335  -1.8943395669  -1.5919364542  -1.5705639278  -1.5054612283 
1.19 -2.0389754566  -1.8899186447  -1.5966407791  -1.5749181314  -1.5055920302 
1.20 -2.0403635457  -1.8854221907  -1.6011424322  -1.5795046067  -1.5056046438 
1.21 -2.0416918431  -1.8808529560  -1.6054421390  -1.5842228464  -1.5054978932 
1.22 -2.0429637388  -1.8762115461  -1.6095410343  -1.5889938011  -1.5052693506 
1.23 -2.0441824474  -1.8715027779  -1.6134407552  -1.5937571609  -1.5049202830 
1.24 -2.0453510068  -1.8667271539  -1.6171431735  -1.5984651020  -1.5044489695 
1.25 -2.0464722477  -1.8618861169  -1.6206504577  -1.6030807266  -1.5038547813 
1.26 -2.0475488181  -1.8569821651  -1.6239650731  -1.6075755921  -1.5031382390 
1.27 -2.0485831752  -1.8520177692  -1.6270897151  -1.6119276243  -1.5023001426 
1.28 -2.0495775390  -1.8469941401  -1.6300271848  -1.6161195100  -1.5013405861 
1.29 -2.0505340030  -1.8419148544  -1.6327806129  -1.6201383807  -1.5002617560 
1.30 -2.0514543170  -1.8367797095  -1.6353529675  -1.6239738015  -1.4990631191 
1.31 -2.0523401672  -1.8315921635  -1.6377476233  -1.6276186168  -1.4977471990 
1.32 -2.0531929243  -1.8263530596  -1.6399678124  -1.6310672511  -1.4963146595 
1.33 -2.0540138123  -1.8210644364  -1.6420169453  -1.6343160760  -1.4947672591 
1.34 -2.0548039546  -1.8157296594  -1.6438986627  -1.6373631535  -1.4931079437 
1.35 -2.0555640208  -1.8103478870  -1.6456161388  -1.6402068971  -1.4913364823 
1.36 -2.0562948672  -1.8049237661  -1.6471732712  -1.6428478237  -1.4894570716 
1.37 -2.0569967735  -1.7994561999  -1.6485732141  -1.6452861210  -1.4874694813 
1.38 -2.0576701655  -1.7939482949  -1.6498197057  -1.6475235555  -1.4853768805 
1.39 -2.0583152131  -1.7884016599  -1.6509162866  -1.6495621953  -1.4831813323 
1.40 -2.0589320900  -1.7828193821  -1.6518667488  -1.6514049616  -1.4808861415 
1.41 -2.0595203953  -1.7771998084  -1.6530541423  -1.6526740653  -1.4784908926 
1.42 -2.0600800320  -1.7715458215  -1.6545134099  -1.6533419490  -1.4759988237 
1.43 -2.0606108322  -1.7658603312  -1.6557867878  -1.6538741400  -1.4734132440 
1.44 -2.0611121817  -1.7601429127  -1.6568777605  -1.6542737209  -1.4707348231 
1.45 -2.0615837408  -1.7543963463  -1.6577908086  -1.6545443647  -1.4679668270 
1.46 -2.0620249171  -1.7486216944  -1.6585301732  -1.6546893811  -1.4651111648 
1.47 -2.0624350472  -1.7428199191  -1.6591002054  -1.6547120156  -1.4621696778 
1.48 -2.0628134060  -1.7369918803  -1.6595053317  -1.6546154451  -1.4591441339 
1.49 -2.0631594746  -1.7311401692  -1.6597505360  -1.6544032069  -1.4560377144 
1.50 -2.0634724717  -1.7252655298  -1.6598403664  -1.6540783863  -1.4528521088 
1.51 -2.0637515803  -1.7193685986  -1.6597793669  -1.6536439893  -1.4495889169 
1.52 -2.0639959544  -1.7134499024  -1.6595720551  -1.6531029392  -1.4462496439 
1.53 -2.0642053602  -1.7075137857  -1.6592240827  -1.6524590994  -1.4428389218 
1.54 -2.0643783368  -1.7015567525  -1.6587387593  -1.6517142748  -1.4393549496 
1.55 -2.0645150317  -1.6955850810  -1.6581223075  -1.6508727854  -1.4358039457 
1.56 -2.0646139501  -1.6895950140  -1.6573778495  -1.6499362350  -1.4321838654 
1.57 -2.0646749902  -1.6835907985  -1.6565109275  -1.6489083482  -1.4284992478 
1.58 -2.0646969853  -1.6775704404  -1.6555250594  -1.6477910731  -1.4269244292 
1.59 -2.0646799491  -1.6715381831  -1.6544256987  -1.6465880878  -1.4286282483 
1.60 -2.0646227349  -1.6654918269  -1.6532161345  -1.6453011670  -1.4302173982 
1.61 -2.0645254830  -1.6594356104  -1.6519017039  -1.6439339393  -1.4316941310 
1.62 -2.0643875413  -1.6533693909  -1.6504862190  -1.6424887022  -1.4330595708 
1.63 -2.0642077725  -1.6489725477  -1.6472906010  -1.6409669291  -1.4343141257 
1.64 -2.0639864891  -1.6473657851  -1.6412034174  -1.6393721374  -1.4354600661 
1.65 -2.0637236292  -1.6456702048  -1.6377071489  -1.6351097985  -1.4364990869 
1.66 -2.0634181146  -1.6438882847  -1.6359731920  -1.6290069036  -1.4374314562 
1.67 -2.0630699198  -1.6420240322  -1.6341729229  -1.6228965067  -1.4382587691 
1.68 -2.0626790940  -1.6400813851  -1.6323089807  -1.6167803943  -1.4389826445 
1.69 -2.0622457615  -1.6380642113  -1.6303839868  -1.6106603656  -1.4396047254 
1.70 -2.0617688601  -1.6359744034  -1.6283987890  -1.6045331332  -1.4401250099 
1.71 -2.0612491843  -1.6338165318  -1.6263567390  -1.5984028916  -1.4405458862 
1.72 -2.0606863380  -1.6315931916  -1.6242594138  -1.5922687472  -1.4408680946 
1.73 -2.0600806015  -1.6293078399  -1.6221092274  -1.5861323320  -1.4410932039 
1.74 -2.0594316038  -1.6269628236  -1.6199076060  -1.5799925938  -1.4412218558 
1.75 -2.0587396892  -1.6245613975  -1.6176568573  -1.5738510782  -1.4412555752 
1.76 -2.0580045001  -1.6221056631  -1.6153582542  -1.5677065713  -1.4411948993 
1.77 -2.0572272209  -1.6195997858  -1.6130150352  -1.5615633383  -1.4410423430 
1.78 -2.0564075662  -1.6170456932  -1.6106283879  -1.5554201140  -1.4407984256 
1.79 -2.0555452124  -1.6144451595  -1.6081993868  -1.5492754941  -1.4404635653 
1.80 -2.0546406529  -1.6118009839  -1.6057301011  -1.5431308561  -1.4400392083 
1.81 -2.0536944322  -1.6091159047  -1.6032225795  -1.5369875881  -1.4395268212 
1.82 -2.0527062358  -1.6063913777  -1.6006776932  -1.5308440906  -1.4389266966 
1.83 -2.0516766312  -1.6036299540  -1.5980973772  -1.5247016587  -1.4382402479 
1.84 -2.0506071899  -1.6008353959  -1.5954847489  -1.5185646744  -1.4374701716 
1.85 -2.0494966756  -1.5980076250  -1.5928393150  -1.5124283402  -1.4366154363 
1.86 -2.0483457098  -1.5951489525  -1.5901628722  -1.5062938666  -1.4356774244 
1.87 -2.0471549536  -1.5922616338  -1.5874571940  -1.5001624742  -1.4346575416 
1.88 -2.0459251060  -1.5893478695  -1.5847240305  -1.4940353943  -1.4335572182 
1.89 -2.0446558128  -1.5864084214  -1.5819637830  -1.4879105954  -1.4323764792 
1.90 -2.0433477647  -1.5834453119  -1.5791780801  -1.4817892106  -1.4311167034 
1.91 -2.0420016851  -1.5804605102  -1.5763685262  -1.4756723832  -1.4297792960 
1.92 -2.0406183293  -1.5774559322  -1.5735367000  -1.4695612666  -1.4283656905 
1.93 -2.0391972837  -1.5744319633  -1.5706827315  -1.4634535908  -1.4268757770 
1.94 -2.0377392802  -1.5713903442  -1.5678080738  -1.4573504085  -1.4253109402 
1.95 -2.0362450778  -1.5683327632  -1.5649141540  -1.4512527827  -1.4236725951 
1.96 -2.0347141776  -1.5652593082  -1.5620008735  -1.4451582295  -1.4219605059 
1.97 -2.0331486173  -1.5621730660  -1.5590710545  -1.4390713065  -1.4201777596 
1.98 -2.0315478900  -1.5590739746  -1.5561244941  -1.4329894677  -1.4183241110 
1.99 -2.0299113958  -1.5559618252  -1.5531608604  -1.4269100121  -1.4163991993 
2.00 -2.0282426400  -1.5528411987  -1.5501844946  -1.4208412481  -1.4144080415 
2.01 -2.0265382353  -1.5497084715  -1.5471917823  -1.4147730081  -1.4123466426 
2.02 -2.0248017561  -1.5465681505  -1.5441870355  -1.4102201253  -1.4087136615 
2.03 -2.0230340552  -1.5434214528  -1.5411713890  -1.4080300590  -1.4026642271 
2.04 -2.0212314449  -1.5402643167  -1.5381408349  -1.4057720939  -1.3966140632 
2.05 -2.0193991923  -1.5371029506  -1.5351014140  -1.4034535923  -1.3905756261 
2.06 -2.0175350422  -1.5339348463  -1.5320506655  -1.4010721024  -1.3845420146 
2.07 -2.0156397334  -1.5307608903  -1.5289894608  -1.3986290977  -1.3798016227 
2.08 -2.0137140195  -1.5275819267  -1.5259186456  -1.3961260840  -1.3776733701 
2.09 -2.0117586685  -1.5243987587  -1.5228390410  -1.3935645984  -1.3754802830 
2.10 -2.0097727560  -1.5212102528  -1.5197495772  -1.3909439887  -1.3732219010 
2.11 -2.0077587199  -1.5180189817  -1.5166528409  -1.3882679936  -1.3709021527 
2.12 -2.0057173683  -1.5148256374  -1.5135495851  -1.3855382390  -1.3685228291 
2.13 -2.0036459181  -1.5116269250  -1.5104366401  -1.3827516986  -1.3660810435 
2.14 -2.0015468430  -1.5084253162  -1.5073165290  -1.3799121910  -1.3635807578 
2.15 -1.9994227573  -1.5052233617  -1.5041918692  -1.3770237186  -1.3610261011 
2.16 -1.9972688181  -1.5020154583  -1.5010572287  -1.3740806258  -1.3584115178 
2.17 -1.9950913954  -1.4988081697  -1.4979192075  -1.3710917975  -1.3557460018 
2.18 -1.9928854699  -1.4955956801  -1.4947721693  -1.3680513750  -1.3530237763 
2.19 -1.9906556301  -1.4923825350  -1.4916207352  -1.3649659386  -1.3502515051 
2.20 -1.9883986094  -1.4891647996  -1.4884611331  -1.3618319189  -1.3474256878 
2.21 -1.9861191478  -1.4859471000  -1.4852980787  -1.3586560851  -1.3445531584 
2.22 -1.9838138624  -1.4827253590  -1.4821276603  -1.3554347293  -1.3416302652 
2.23 -1.9814855112  -1.4795020356  -1.4789524517  -1.3521720589  -1.3386612664 
2.24 -1.9791326589  -1.4762751182  -1.4757705898  -1.3488668818  -1.3356450172 
2.25 -1.9767581481  -1.4730471105  -1.4725846973  -1.3455234993  -1.3325858587 
2.26 -1.9743582521  -1.4698135805  -1.4693905022  -1.3421377805  -1.3294797028 
2.27 -1.9719380673  -1.4665793761  -1.4661929585  -1.3387168984  -1.3263337532 
2.28 -1.9694937427  -1.4633399407  -1.4629876647  -1.3352565609  -1.3231437570 
2.29 -1.9670305290  -1.4601002469  -1.4597796994  -1.3317641038  -1.3199170749 
2.30 -1.9645420694  -1.4568531430  -1.4565620689  -1.3282320382  -1.3166462595 
2.31 -1.9620360790  -1.4536061480  -1.4533423850  -1.3246708053  -1.3133417707 
2.32 -1.9595060008  -1.4503519308  -1.4501134651  -1.3210726616  -1.3099959072 
2.33 -1.9569572901  -1.4470956435  -1.4468805593  -1.3174451306  -1.3066162138 
2.34 -1.9543881264  -1.4438348908  -1.4436413938  -1.3137864746  -1.3032009878 
2.35 -1.9517991107  -1.4405697946  -1.4403961990  -1.3100980194  -1.2997515860 
2.36 -1.9491908500  -1.4373004880  -1.4371452123  -1.3063810820  -1.2962693576 
2.37 -1.9465639575  -1.4340271156  -1.4338886789  -1.3026369703  -1.2927556435 
2.38 -1.9439190524  -1.4307498350  -1.4306268525  -1.2988669825  -1.2892117763 
2.39 -1.9412540523  -1.4274660428  -1.4273572268  -1.2950690061  -1.2856356845 
2.40 -1.9385694767  -1.4241758206  -1.4240799701  -1.2912441942  -1.2820285586 
2.41 -1.9358686330  -1.4208821081  -1.4207980998  -1.2873971726  -1.2783950573 
2.42 -1.9331493435  -1.4175822406  -1.4175090346  -1.2835256718  -1.2747329565 
2.43 -1.9304121436  -1.4142763428  -1.4142129732  -1.2796308114  -1.2710434173 
2.44 -1.9276575741  -1.4109645541  -1.4109101254  -1.2757136996  -1.2673275907 
2.45 -1.9248891161  -1.4076500166  -1.4076036959  -1.2717790832  -1.2635902617 
2.46 -1.9221014889  -1.4043269634  -1.4042879870  -1.2678207890  -1.2598253144 
2.47 -1.9192981459  -1.4009985317  -1.4009661911  -1.2638434993  -1.2560374718 
2.48 -1.9164765980  -1.3976618276  -1.3976354719  -1.2598445014  -1.2522240748 
2.49 -1.9136403857  -1.3943200921  -1.3942991190  -1.2558285386  -1.2483899100 
2.50 -1.9107900814  -1.3909735595  -1.3909574150  -1.2517966519  -1.2445360680 
2.51 -1.9079230941  -1.3876192716  -1.3876074488  -1.2477459697  -1.2406597339 
2.52 -1.9050398886  -1.3842573814  -1.3842494152  -1.2436773856  -1.2367618529 
2.53 -1.9021409342  -1.3808880568  -1.3808835209  -1.2395917827  -1.2328433602 
2.54 -1.8992299930  -1.3775148037  -1.3775133063  -1.2354940632  -1.2289092053 
2.55 -1.8963010073  -1.3741323978  -1.3741312116  -1.2313770751  -1.2249523007 
2.56 -1.8933610774  -1.3707477206  -1.3707441775  -1.2272497732  -1.2209816441 
2.57 -1.8904039944  -1.3673527706  -1.3673471656  -1.2231048173  -1.2169899602 
2.58 -1.8874370296  -1.3639546532  -1.3639472570  -1.2189513153  -1.2129864004 
2.59 -1.8844538217  -1.3605467315  -1.3605377879  -1.2147817392  -1.2089635022 
2.60 -1.8814547509  -1.3571291781  -1.3571189080  -1.2105967812  -1.2049220121 
2.61 -1.8784473472  -1.3537093712  -1.3536979766  -1.2064057826  -1.2008713158 
2.62 -1.8754214039  -1.3502768328  -1.3502644935  -1.2021965636  -1.1967993033 
2.63 -1.8723845011  -1.3468390038  -1.3468258836  -1.1979784945  -1.1927153891 
2.64 -1.8693371606  -1.3433962220  -1.3433824682  -1.1937523684  -1.1886204209 
2.65 -1.8662761699  -1.3399450766  -1.3399308208  -1.1895144704  -1.1845107425 
2.66 -1.8631981534  -1.3364820039  -1.3364673632  -1.1852609054  -1.1803825170 
2.67 -1.8601148659  -1.3330186556  -1.3330037365  -1.1810059565  -1.1762500671 
2.68 -1.8570153770  -1.3295438855  -1.3295287812  -1.1767366259  -1.1721004615 
2.69 -1.8539038871  -1.3260617627  -1.3260465564  -1.1724580943  -1.1679389289 
2.70 -1.8507808192  -1.3225725650  -1.3225573303  -1.1681709923  -1.1637661519 
2.71 -1.8476466007  -1.3190765800  -1.3190613817  -1.1638759458  -1.1595828080 
2.72 -1.8445016635  -1.3155741049  -1.3155590000  -1.1595735772  -1.1553895705 
2.73 -1.8413423628  -1.3120613509  -1.3120463887  -1.1552596500  -1.1511822573 
2.74 -1.8381731336  -1.3085426442  -1.3085278678  -1.1509395454  -1.1469662955 
2.75 -1.8349944209  -1.3050183099  -1.3050037564  -1.1466138755  -1.1427423463 
2.76 -1.8318024620  -1.3014844573  -1.3014701583  -1.1422782605  -1.1385060822 
2.77 -1.8286018353  -1.2979455679  -1.2979315501  -1.1379382068  -1.1342630540 
2.78 -1.8253886988  -1.2943976814  -1.2943839672  -1.1335892396  -1.1300088375 
2.79 -1.8221677270  -1.2908453828  -1.2908319908  -1.1292369509  -1.1257490680 
2.80 -1.8189349982  -1.2872846413  -1.2872715864  -1.1248767716  -1.1214792255 
2.81 -1.8156908504  -1.2837157019  -1.2837029956  -1.1205091648  -1.1171998185 
2.82 -1.8124401040  -1.2801433052  -1.2801309566  -1.1161398539  -1.1129166114 
2.83 -1.8091741925  -1.2765587789  -1.2765467942  -1.1117588211  -1.1086196367 
2.84 -1.8059024679  -1.2729714116  -1.2729597951  -1.1073770950  -1.1043199596 
2.85 -1.8026208057  -1.2693769897  -1.2693657434  -1.1029898718  -1.1000128221 
2.86 -1.7993249039  -1.2657711271  -1.2657602513  -1.0985921627  -1.0956932796 
2.87 -1.7960243982  -1.2621634028  -1.2621528965  -1.0941952703  -1.0913726701 
2.88 -1.7927102888  -1.2585447312  -1.2585345917  -1.0897887118  -1.0870405565 
2.89 -1.7893924023  -1.2549248864  -1.2549151102  -1.0853839750  -1.0827084610 
2.90 -1.7860615635  -1.2512946141  -1.2512851964  -1.0809703906  -1.0783657583 
2.91 -1.7827229012  -1.2476589884  -1.2476499236  -1.0765539538  -1.0740184791 
2.92 -1.7793718606  -1.2440133884  -1.2440046701  -1.0721293939  -1.0696613925 
2.93 -1.7760136706  -1.2403629925  -1.2403546137  -1.0677027999  -1.0653006220 
2.94 -1.7726487206  -1.2367081350  -1.2367000884  -1.0632746289  -1.0609366609 
2.95 -1.7692723269  -1.2330440741  -1.2330363516  -1.0588394696  -1.0565641355 
2.96 -1.7658898703  -1.2293761456  -1.2293687390  -1.0544035548  -1.0521893112 
2.97 -1.7625017525  -1.2257047024  -1.2256976032  -1.0499673441  -1.0478126817 
2.98 -1.7590979400  -1.2220196547  -1.2220128542  -1.0455192724  -1.0434227197 
2.99 -1.7556890915  -1.2183316266  -1.2183251158  -1.0410716357  -1.0390317496 
