5 0.22474786951272291 -4.24174254207
5.25 0.23032811073355966 -4.60821785781
5.50 0.23578063841929153 -4.67411413141
5.75 0.24111432303437602 -4.73369789276
6.00 0.24633708657984518 -4.78762691205
6.25 0.25145603955751983 -4.83646315725
6.50 0.25647759350390792 -3.59375252868
6.75 0.26140755421862366 -3.65235587183
7.00 0.26625119958804888 -3.70712704934
7.25 0.27101334500631991 -4.98964771127
7.50 0.27569839872782342 -5.01913466742
7.75 0.28031040898329512 -5.04565130912
8.00 0.28485310431016619 -5.06942135254
8.25 0.28932992825516618 -5.09064521315
8.50 0.29374406938062309 -5.10950324408
8.75 0.29809848732900202 -5.12615843569
9.00 0.30239593556098865 -5.14075867834
9.25 0.30663898127202549 -5.15343866615
9.50 0.31083002290405076 -5.16432151258
9.75 0.31497130559833353 -5.17352012443
10.00 0.31906493487798943 -5.18113836167
10.25 0.32311288880213562 -5.18727206808
10.50 0.32711702879550453 -5.19200991674
10.75 0.33107910932596624 -5.19543419999
11.00 0.33500078657648524 -5.19762336095
11.25 0.33888362623650670 -5.19864307917
11.50 0.34272911051981081 -5.19856503407
11.75 0.34653864450082428 -5.19745073786
12.00 0.35031356184872481 -5.19536408557
12.25 0.35405513002798283 -5.19235009730
12.50 0.35776455502492738 -5.18845520196
12.75 0.36144298565221100 -5.18374591568
13.00 0.36509151747647400 -5.17826083506
13.25 0.36871119640886968 -5.17206356842
13.50 0.37230302199327187 -5.16513557616
13.75 0.37586795042281695 -5.15760033325
14.00 0.37940689731182314 -5.14944413342
14.25 0.38292074024700901 -5.14065990216
14.50 0.38641032113921558 -5.13137246979
14.75 0.38987644839447261 -5.12157862286
15.00 0.39331989892118169 -5.11138164522
15.25 0.39674141998838264 -5.10060651319
15.50 0.40014173094847860 -5.08949630032
15.75 0.40352152483640419 -5.07807060500
16.00 0.40688146985598445 -5.06625348425
16.25 0.41022221076315113 -5.05412461471
16.50 0.41354437015471773 -5.04182000617
16.75 0.41684854967056112 -5.02938237690
17.00 0.42013533111630319 -5.01693268710
17.25 0.42340527751290741 -5.00462796437
17.50 0.42665893407900496 -4.16492298471
17.75 0.42989682915123001 -4.17393752723
18.00 0.43311947504735931 -4.16548803865
18.25 0.43632736887662232 -4.95971647079
18.50 0.43952099330116196 -4.94995438366
18.75 0.44270081725227745 -4.94082579393
19.00 0.44586729660476643 -4.93232375136
19.25 0.44902087481240505 -4.92443219767
19.50 0.45216198350734593 -4.91712871162
19.75 0.45529104306598517 -4.91038653391
20.00 0.45840846314364242 -4.90417616592
20.25 0.46151464318020630 -4.78002985432
20.50 0.46460997287872730 -4.89322687812
20.75 0.46769483265878409 -4.88842611197
21.00 0.47076959408630886 -4.88403511664
21.25 0.47383462028142359 -4.88002650392
21.50 0.47689026630572684 -4.87637512467
21.75 0.47993687953036013 -4.87305823877
22.00 0.48297479998608267 -4.87005552238
22.25 0.48600436069649899 -4.86734894173
22.50 0.48902588799549546 -4.86492252836
22.75 0.49203970182987000 -4.86276209188
23.00 0.49504611604806875 -4.86085490315
23.25 0.49804543867587991 -4.85918937433
23.50 0.50103797217987622 -4.85775475482
23.75 0.50402401371934424 -4.85654085479
24.00 0.50700385538738835 -4.85553780139
24.25 0.50997778444185260 -4.70871114930
24.50 0.51294608352666027 -4.70641736751
24.75 0.51590903088413309 -4.85369555734
25.00 0.51886690055881535 -4.85343681524
25.25 0.52181996259329522 -4.87003976344
25.50 0.52476848321648584 -4.87171816856
25.75 0.52771272502479782 -4.87327873501
26.00 0.53065294715660993 -4.87472810423
26.25 0.53358940546042311 -4.87607338114
26.50 0.53652235265705239 -4.87732235262
26.75 0.53945203849620049 -4.85547935207
27.00 0.54237870990772830 -4.85620164031
27.25 0.54530261114792489 -4.85701392283
27.50 0.54822398394106098 -4.69685842081
27.75 0.55114306761649301 -4.85890975742
28.00 0.55406009924157285 -4.69745784203
28.25 0.55697531375060216 -4.86117953276
28.50 0.55988894407005929 -4.88538929713
28.75 0.56280122124031395 -4.88650677980
29.00 0.56571237453403433 -4.88776318861
29.25 0.56862263157148163 -4.88917282334
29.50 0.57153221843287527 -4.89072329178
29.75 0.57444135976800692 -4.89238675872
30.00 0.57735027890326807 -4.70205157641
30.25 0.58025919794625369 -4.87413313421
30.50 0.58316833788809341 -4.70337225582
30.75 0.58607791870365555 -4.87814191263
31.00 0.58898815944976501 -4.90155256000
31.25 0.59189927836156764 -4.88221426791
31.50 0.59481149294717062 -4.70588349498
31.75 0.59772502008068074 -4.88620671800
32.00 0.60064007609376124 -4.90914018097
32.25 0.60355687686581816 -4.91101862428
32.50 0.60647563791293169 -4.91288230852
32.75 0.60939657447563289 -4.91472835192
33.00 0.61231990160563299 -4.76028890231
33.25 0.61524583425160395 -4.76491862878
33.50 0.61817458734410646 -4.76917295491
33.75 0.62110637587975959 -4.77332393345
34.00 0.62404141500474464 -4.77740236815
34.25 0.62697992009773107 -4.78131218535
34.50 0.62992210685231265 -4.78497717264
34.75 0.63286819135903882 -4.78856252664
35.00 0.63581839018712483 -4.79202870870
35.25 0.63877292046592293 -4.79534415340
35.50 0.64173199996623487 -4.79943818139
35.75 0.64469584718154593 -4.93478354388
36.00 0.64766468140925815 -4.93623872604
36.25 0.65063872283200119 -4.91210058990
36.50 0.65361819259909770 -4.93903611457
36.75 0.65660331290825846 -4.94037737304
37.00 0.65959430708758449 -4.94167967236
37.25 0.66259139967795155 -4.71269340399
37.50 0.66559481651585173 -4.91620676608
37.75 0.66860478481676788 -4.94534975320
38.00 0.67162153325915808 -4.94649331905
38.25 0.67464529206912238 -4.91817465856
38.50 0.67767629310583211 -4.71271367998
38.75 0.68071476994779589 -4.71268434633
39.00 0.68376095798003989 -4.91981964176
39.25 0.68681509448228206 -4.71260110816
39.50 0.68987741871817743 -4.71254931893
39.75 0.69294817202571524 -4.92117851664
40.00 0.69602759790885060 -4.71243049247
40.25 0.69911594213045092 -4.71236540339
40.50 0.70221345280664171 -4.71229777458
40.75 0.70532038050263912 -4.71222849516
41.00 0.70843697833015451 -4.71215841667
41.25 0.71156350204645979 -4.71208835141
41.50 0.71470021015520846 -4.71201907067
41.75 0.71784736400909988 -4.71195130328
42.00 0.72100522791448773 -4.71188573407
42.25 0.72417406923802852 -4.71182300262
42.50 0.72735415851547003 -4.71176370192
42.75 0.73054576956268569 -4.71170837730
43.00 0.73374917958905994 -4.71165752534
43.25 0.73696466931333482 -4.92461705647
43.50 0.74019252308203054 -4.96143083257
43.75 0.74343302899055930 -4.96164860226
44.00 0.74668647900714824 -4.96182671864
44.25 0.74995316909970178 -4.96196521665
44.50 0.75323339936572720 -4.96206412389
44.75 0.75652747416546084 -4.96212346030
45.00 0.75983570225832975 -4.96214323790
45.25 0.76315839694289456 -4.96212346074
45.50 0.76649587620041937 -4.96206412479
45.75 0.76984846284222430 -4.96196521799
46.00 0.77321648466098036 -4.96182672043
46.25 0.77660027458611014 -4.96164860450
46.50 0.78000017084346973 -4.96143083525
46.75 0.78341651711948912 -4.96117337077
47.00 0.78684966272995749 -4.96087616268
47.25 0.79029996279364645 -4.44519625328
47.50 0.79376777841097601 -4.44518171285
47.75 0.79725347684792980 -4.44448343431
48.00 0.80075743172543956 -4.44517272485
48.25 0.80428002321446923 -4.44439145284
48.50 0.80782163823703412 -4.44436666934
48.75 0.81138267067340353 -4.44520270919
49.00 0.81496352157574936 -4.44522745119
49.25 0.81856459938850701 -4.44433677221
49.50 0.82218632017573356 -4.44433465850
49.75 0.82582910785575958 -4.44431250852
50.00 0.82949339444344139 -4.92157379066
50.25 0.83317962030033754 -4.71249212966
50.50 0.83688823439314863 -4.71254933208
50.75 0.84061969456077290 -4.71260112190
51.00 0.84437446779034697 -4.71264648017
51.25 0.84815303050266300 -4.91930486593
51.50 0.85195586884736429 -4.71271369550
51.75 0.85578347900834917 -4.71273339205
52.00 0.85963636751982619 -4.91755648922
52.25 0.86351505159349251 -4.94534976572
52.50 0.86742005945732381 -4.54740742274
52.75 0.87135193070649397 -4.54689573171
53.00 0.87531121666696521 -4.54488004387
53.25 0.87929848077231665 -4.54163311534
53.50 0.88331429895441260 -4.53957700680
53.75 0.88735926004853483 -4.53732301037
54.00 0.89143396621364279 -4.71229092499
54.25 0.89553903336845653 -4.91013242952
54.50 0.89967509164409376 -4.71199146348
54.75 0.90384278585403033 -4.90795902649
55.00 0.90804277598219907 -4.93019999353
55.25 0.91227573769007742 -4.90556794322
55.50 0.91654236284366797 -4.90428707894
55.75 0.92084336006132139 -4.90294752103
56.00 0.92517945528340284 -4.92361284437
56.25 0.92955139236486140 -4.92188864104
56.50 0.93395993369181618 -4.92013631210
56.75 0.93840586082334254 -4.91835754583
57.00 0.94288997515969897 -4.82850513458
57.25 0.94741309863831702 -4.70853945773
57.50 0.95197607445894206 -4.89185546291
57.75 0.95657976783940157 -4.89724448479
58.00 0.96122506680355879 -4.76312917768
58.25 0.96591288300310196 -4.82859128164
58.50 0.97064415257492132 -4.70588352703
58.75 0.97541983703592194 -4.88221428655
59.00 0.98024092421724396 -4.88018018929
59.25 0.98510842923997155 -4.89966189872
59.50 0.99002339553454166 -4.89778768258
59.75 0.99498689590620693 -4.89594040356
60.00 1.0000000336490449 -4.89413392202
60.25 1.0050639437111659 -4.89238677993
60.50 1.0101797939139427 -4.89072331310
60.75 1.0153487862282633 -4.88917284480
61.00 1.0205721581109972 -4.88776321021
61.25 1.0258511839050852 -4.88650680158
61.50 1.0311871763068714 -4.88538931912
61.75 1.0365814879045478 -4.88437506569
62.00 1.0420355127918348 -4.88342205897
62.25 1.0475506882612993 -4.85890978234
62.50 1.0531284965820111 -4.85791618836
62.75 1.0587704668665670 -4.69670909739
63.00 1.0644781770328475 -4.69667966252
63.25 1.0702532558662603 -4.85547937930
63.50 1.0760973851886237 -4.69704287729
63.75 1.0820123021402799 -4.85431654942
64.00 1.0879998015825072 -4.85388869042
64.25 1.0940617386278098 -4.85357555433
64.50 1.1002000313062268 -4.85338818373
64.75 1.1064166633763877 -4.85333811272
65.00 1.1127136872907215 -4.86823720735
65.25 1.1190932273249123 -4.86630429497
65.50 1.1255574828824770 -4.86423499431
65.75 1.1321087319861824 -4.86202327809
66.00 1.1387493349689228 -4.85966310088
66.25 1.1454817383776770 -4.85714836443
66.50 1.1523084791052536 -4.85780419646
66.75 1.1592321887657087 -4.71812498791
67.00 1.1662555983306084 -4.55522092514
67.25 1.1733815430447392 -4.55330363350
67.50 1.1806129676413906 -4.55244051985
67.75 1.1879529318790409 -4.55062029718
68.00 1.1954046164231349 -4.54895600239
68.25 1.2029713290986654 -4.54606421003
68.50 1.2106565115415191 -4.54582945921
68.75 1.2184637462790018 -4.54440371224
69.00 1.2263967642726714 -4.54140009256
69.25 1.2344594529595776 -4.88842616845
69.50 1.2426558648313226 -4.89322693656
69.75 1.2509902265939778 -4.89846675046
70.00 1.2594669489559134 -4.83243562452
70.25 1.2680906370950717 -4.91038659864
70.50 1.2768661018621295 -4.91712877855
70.75 1.2857983717814927 -4.92443226684
71.00 1.2948927059181552 -4.93232382279
71.25 1.3041546076852373 -4.94082586762
71.50 1.3135898396745678 -4.94995445960
71.75 1.3232044396011293 -4.95971654894
72.00 1.3330047374615932 -4.97010596494
72.25 1.3429973740177321 -4.98109722347
72.50 1.3531893207273342 -4.99263612252
72.75 1.3635879012585173 -5.00462805058
73.00 1.3742008147382716 -5.01693277500
73.25 1.3850361609029067 -5.02938246632
73.50 1.3961024673370386 -5.04182009700
73.75 1.4074087190092159 -5.05412489866
74.00 1.4189643903365978 -5.06621140069
74.25 1.4307794800386300 -5.07808633500
74.50 1.4428645490710084 -5.08957311094
74.75 1.4552307619668963 -5.10068209822
75.00 1.4678899319530556 -5.11131218176
75.25 1.4808545702551064 -5.12164034977
75.50 1.4941379400594756 -5.13138243754
75.75 1.5077541156608558 -5.14065999870
76.00 1.5217180473945009 -5.14941372924
76.25 1.5360456330340897 -5.15758601435
76.50 1.5507537964299845 -5.16514447534
76.75 1.5658605742718710 -5.17204777983
77.00 1.5813852119866876 -5.17826086409
77.25 1.5973482699307082 -5.18374804313
77.50 1.6137717412076256 -5.18845954855
77.75 1.6306791826473761 -5.19234478760
78.00 1.6480958607190197 -5.19536051679
78.25 1.6660489144325314 -5.19744883232
78.50 1.6845675376176648 -5.19856654994
78.75 1.7036831833639368 -5.19864388808
79.00 1.7234297938777567 -5.19762227346
79.25 1.7438440595774944 -5.19543491122
79.50 1.7649657119256603 -5.19201051497
79.75 1.7868378553155890 -5.18727257323
80.00 1.8095073443210954 -5.18113855867
80.25 1.8330252138232914 -5.17352047986
80.50 1.8574471710024862 -5.16432184054
80.75 1.8828341599932619 -5.15343892247
81.00 1.9092530122354845 -5.14075895246
81.25 1.9367771983277440 -5.12615866479
81.50 1.9654877006520655 -5.10950351183
81.75 1.9954740303864316 -5.09064546983
82.00 2.0268354180156947 -5.06942163705
82.25 2.0596822134404817 -5.04565160141
82.50 2.0941375407372735 -5.01913498488
82.75 2.1303392641794385 -4.98964804814
83.00 2.1684423371644423 -4.95693988476
83.25 2.2086216254199424 -4.92072762229
83.50 2.2510753219802888 -4.88069067541
83.75 2.2960291063410230 -4.83646362079
84.00 2.3437412473608381 -4.78762741800
84.25 2.3945089138952178 -4.73369844642
84.50 2.4486760461856742 -4.67411473963
84.75 2.5066432657105051 -4.60821852815
