5.0 0.22474786951272291 -4.24174255575
5.25 0.23032811073355966 -4.31503029578
5.50 0.23578063841929153 -4.38122150048
5.75 0.24111432303437602 -4.44109646184
6.00 0.24633708657984518 -4.49531725013
6.25 0.25145603955751983 -4.54445006873
6.50 0.25647759350390792 -4.58898272410
6.75 0.26140755421862366 -4.62933841098
7.00 0.26625119958804888 -4.66588668664
7.25 0.27101334500631991 -4.69895227861
7.50 0.27569839872782342 -4.72882220680
7.75 0.28031040898329512 -4.75575158273
8.00 0.28485310431016619 -4.77996836181
8.25 0.28932992825516618 -4.80167726123
8.50 0.29374406938062309 -4.82106300765
8.75 0.29809848732900202 -4.83829304324
9.00 0.30239593556098865 -4.85351979100
9.25 0.30663898127202549 -4.86688255914
9.50 0.31083002290405076 -4.87850914852
9.75 0.31497130559833353 -4.88851721386
10.00 0.31906493487798943 -4.89701542020
10.25 0.32311288880213562 -4.90410442814
10.50 0.32711702879550453 -4.90987773521
10.75 0.33107910932596624 -4.91442239635
11.00 0.33500078657648524 -4.91781964244
11.25 0.33888362623650670 -4.92014541315
11.50 0.34272911051981081 -4.92147081771
11.75 0.34653864450082428 -4.92186253576
12.00 0.35031356184872481 -4.92138316853
12.25 0.35405513002798283 -4.92009154941
12.50 0.35776455502492738 -4.91804302184
12.75 0.36144298565221100 -4.91528969139
13.00 0.36509151747647400 -4.91188065794
13.25 0.36871119640886968 -4.90786223284
13.50 0.37230302199327187 -4.90327814578
13.75 0.37586795042281695 -4.89816974381
14.00 0.37940689731182314 -4.89257618678
14.25 0.38292074024700901 -4.88653464067
14.50 0.38641032113921558 -4.88008047132
14.75 0.38987644839447261 -4.87324744064
15.00 0.39331989892118169 -4.86606790703
15.25 0.39674141998838264 -4.85857303237
15.50 0.40014173094847860 -4.85079299769
15.75 0.40352152483640419 -4.84275723047
16.00 0.40688146985598445 -4.83449464635
16.25 0.41022221076315113 -4.82603390876
16.50 0.41354437015471773 -4.81740371000
16.75 0.41684854967056112 -4.80863307672
17.00 0.42013533111630319 -4.79975170211
17.25 0.42340527751290741 -4.79079030423
17.50 0.42665893407900496 -4.78178100531
17.75 0.42989682915123001 -4.77275771924
18.00 0.43311947504735931 -4.76375652165
18.25 0.43632736887662232 -4.75481595952
18.50 0.43952099330116196 -4.74597723476
18.75 0.44270081725227745 -4.73728417263
19.00 0.44586729660476643 -4.72878286903
19.25 0.44902087481240505 -4.72052091582
19.251 0.44903346380253673 -4.72048841302
19.252 0.44904605259319824 -4.72045591482
19.253 0.44905864118441713 -4.72042342122
19.254 0.44907122957622064 -4.72039093223
19.255 0.44908381776863593 -4.72035844784
19.256 0.44909640576169024 -4.72032596807
19.257 0.44910899355541084 -4.72029349291
19.258 0.44912158114982492 -4.72026102238
19.259 0.44913416854495974 -4.72022855646
19.260 0.44914675574084262 -4.72019609516
19.261 0.44915934273750058 -4.72016363850
19.262 0.44917192953496110 -4.72013118646
19.263 0.44918451613325128 -4.72009873906
19.264 0.44919710253239820 -4.72006629629
19.265 0.44920968873242934 -4.72003385817
19.266 0.44922227473337173 -4.72000142468
19.267 0.44923486053525274 -4.71996899584
19.268 0.44924744613809936 -4.71993657165
19.269 0.44926003154193889 -4.71990415211
19.270 0.44927261674679869 -4.71987173723
19.271 0.44928520175270575 -4.71983932700
19.272 0.44929778655968727 -4.71980692144
19.273 0.44931037116777056 -4.71977452053
19.274 0.44932295557698282 -4.71974212430
19.275 0.44933553978735113 -4.71970973273
19.276 0.44934812379890271 -4.71967734584
19.277 0.44936070761166486 -4.71964496362
19.278 0.44937329122566455 -4.71961258609
19.279 0.44938587464092911 -4.71958021323
19.280 0.44939845785748567 -4.71954784506
19.281 0.44941104087536132 -4.71951548158
19.282 0.44942362369458344 -4.71948312278
19.283 0.44943620631517900 -4.71945076868
19.284 0.44944878873717520 -4.71941841928
19.285 0.44946137096059924 -4.71938607458
19.286 0.44947395298547832 -4.71935373458
19.287 0.44948653481183942 -4.71932139929
19.288 0.44949911643970991 -4.71928906871
19.289 0.44951169786911682 -4.71925674284
19.290 0.44952427910008724 -4.71922442169
19.291 0.44953686013264843 -4.71919210525
19.292 0.44954944096682747 -4.71915979353
19.293 0.44956202160265152 -4.71912748654
19.294 0.44957460204014765 -4.71909518428
19.295 0.44958718227934308 -4.71906288675
19.296 0.44959976232026483 -4.71903059395
19.297 0.44961234216294022 -4.71899830588
19.298 0.44962492180739611 -4.71896602256
19.299 0.44963750125365987 -4.71893374398
19.300 0.44965008050175848 -4.71890147014
19.301 0.44966265955171902 -4.71886920106
19.302 0.44967523840356866 -4.71883693672
19.303 0.44968781705733457 -4.71880467714
19.304 0.44970039551304369 -4.71877242232
19.305 0.44971297377072328 -4.71874017225
19.306 0.44972555183040042 -4.71870792695
19.307 0.44973812969210203 -4.71867568642
19.308 0.44975070735585548 -4.71864345066
19.309 0.44976328482168770 -4.71861121967
19.310 0.44977586208962567 -4.71857899346
19.311 0.44978843915969674 -4.71854677202
19.312 0.44980101603192785 -4.71851455537
19.313 0.44981359270634602 -4.71848234350
19.314 0.44982616918297835 -4.71845013642
19.315 0.44983874546185210 -4.71841793413
19.316 0.44985132154299412 -4.71838573663
19.317 0.44986389742643157 -4.71835354393
19.318 0.44987647311219148 -4.71832135603
19.319 0.44988904860030088 -4.71828917294
19.320 0.44990162389078697 -4.71825699465
19.321 0.44991419898367668 -4.71822482117
19.322 0.44992677387899704 -4.71819265250
19.323 0.44993934857677531 -4.71816048864
19.324 0.44995192307703830 -4.71812832960
19.325 0.44996449737981314 -4.71809617539
19.326 0.44997707148512694 -4.71806402600
19.327 0.44998964539300662 -4.71803188143
19.328 0.45000221910347926 -4.71799974170
19.329 0.45001479261657196 -4.71796760680
19.330 0.45002736593231163 -4.71793547673
19.331 0.45003993905072537 -4.71790335151
19.332 0.45005251197184032 -4.71787123112
19.333 0.45006508469568324 -4.71783911558
19.334 0.45007765722228144 -4.71780700489
19.335 0.45009022955166172 -4.71777489905
19.336 0.45010280168385114 -4.71774279807
19.337 0.45011537361887677 -4.71771070194
19.338 0.45012794535676565 -4.71767861067
19.339 0.45014051689754464 -4.71764652426
19.340 0.45015308824124084 -4.71761444272
19.341 0.45016565938788122 -4.71758236605
19.342 0.45017823033749277 -4.71755029426
19.343 0.45019080109010257 -4.71751822733
19.344 0.45020337164573754 -4.71748616529
19.345 0.45021594200442461 -4.71745410813
19.346 0.45022851216619092 -4.71742205585
19.347 0.45024108213106334 -4.71739000845
19.348 0.45025365189906885 -4.71735796595
19.349 0.45026622147023454 -4.71732592834
19.350 0.45027879084458722 -4.71729389563
19.351 0.45029136002215386 -4.71726186782
19.352 0.45030392900296162 -4.71722984491
19.353 0.45031649778703736 -4.71719782690
19.354 0.45032906637440795 -4.71716581380
19.355 0.45034163476510053 -4.71713380561
19.356 0.45035420295914191 -4.71710180234
19.357 0.45036677095655914 -4.71706980399
19.358 0.45037933875737907 -4.71703781055
19.359 0.45039190636162885 -4.71700582204
19.360 0.45040447376933507 -4.71697383845
19.361 0.45041704098052504 -4.71694185979
19.362 0.45042960799522552 -4.71690988607
19.363 0.45044217481346349 -4.71687791728
19.364 0.45045474143526587 -4.71684595343
19.365 0.45046730786065953 -4.71681399452
19.366 0.45047987408967155 -4.71678204055
19.367 0.45049244012232875 -4.71675009153
19.368 0.45050500595865800 -4.71671814746
19.369 0.45051757159868644 -4.71668620834
19.370 0.45053013704244077 -4.71665427418
19.371 0.45054270228994797 -4.71662234498
19.372 0.45055526734123497 -4.71659042074
19.373 0.45056783219632873 -4.71655850147
19.374 0.45058039685525597 -4.71652658716
19.375 0.45059296131804383 -4.71649467782
19.376 0.45060552558471906 -4.71646277346
19.377 0.45061808965530858 -4.71643087408
19.378 0.45063065352983939 -4.71639897967
19.379 0.45064321720833822 -4.71636709025
19.380 0.45065578069083206 -4.71633520581
19.381 0.45066834397734779 -4.71630332637
19.382 0.45068090706791231 -4.71627145191
19.383 0.45069346996255238 -4.71623958245
19.384 0.45070603266129511 -4.71620771799
19.385 0.45071859516416718 -4.71617585852
19.386 0.45073115747119552 -4.71614400407
19.387 0.45074371958240694 -4.71611215461
19.388 0.45075628149782848 -4.71608031017
19.389 0.45076884321748678 -4.71604847074
19.390 0.45078140474140888 -4.71601663633
19.391 0.45079396606962158 -4.71598480693
19.392 0.45080652720215175 -4.71595298256
19.393 0.45081908813902616 -4.71592116321
19.394 0.45083164888027177 -4.71588934889
19.395 0.45084420942591541 -4.71585753960
19.396 0.45085676977598388 -4.71582573534
19.397 0.45086932993050394 -4.71579393612
19.398 0.45088188988950267 -4.71576214194
19.399 0.45089444965300673 -4.71573035280
19.400 0.45090700922104293 -4.71569856871
19.401 0.45091956859363824 -4.71566678966
19.402 0.45093212777081937 -4.71563501567
19.403 0.45094468675261318 -4.71560324673
19.404 0.45095724553904654 -4.71557148284
19.405 0.45096980413014620 -4.71553972402
19.406 0.45098236252593904 -4.71550797026
19.407 0.45099492072645181 -4.71547622157
19.408 0.45100747873171138 -4.71544447794
19.409 0.45102003654174444 -4.71541273939
19.410 0.45103259415657798 -4.71538100591
19.411 0.45104515157623870 -4.71534927751
19.412 0.45105770880075341 -4.71531755420
19.413 0.45107026583014881 -4.71528583596
19.414 0.45108282266445193 -4.71525412281
19.415 0.45109537930368931 -4.71522241476
19.416 0.45110793574788793 -4.71519071179
19.417 0.45112049199707449 -4.71515901392
19.418 0.45113304805127580 -4.71512732115
19.419 0.45114560391051861 -4.71509563348
19.420 0.45115815957482974 -4.71506395092
19.421 0.45117071504423584 -4.71503227346
19.422 0.45118327031876382 -4.71500060111
19.423 0.45119582539844039 -4.71496893388
19.424 0.45120838028329247 -4.71493727176
19.425 0.45122093497334659 -4.71490561477
19.426 0.45123348946862962 -4.71487396289
19.427 0.45124604376916827 -4.71484231614
19.428 0.45125859787498945 -4.71481067452
19.429 0.45127115178611965 -4.71477903803
19.430 0.45128370550258595 -4.71474740667
19.431 0.45129625902441478 -4.71471578046
19.432 0.45130881235163306 -4.71468415938
19.433 0.45132136548426754 -4.71465254344
19.434 0.45133391842234483 -4.71462093265
19.435 0.45134647116589177 -4.71458932701
19.436 0.45135902371493514 -4.71455772652
19.437 0.45137157606950157 -4.71452613118
19.438 0.45138412822961776 -4.71449454100
19.439 0.45139668019531054 -4.71446295599
19.440 0.45140923196660665 -4.71443137613
19.441 0.45142178354353268 -4.71439980145
19.442 0.45143433492611545 -4.71436823193
19.443 0.45144688611438161 -4.71433666758
19.444 0.45145943710835795 -4.71430510841
19.445 0.45147198790807108 -4.71427355442
19.446 0.45148453851354775 -4.71424200561
19.447 0.45149708892481472 -4.71421046199
19.448 0.45150963914189857 -4.71417892355
19.449 0.45152218916482612 -4.71414739030
19.450 0.45153473899362395 -4.71411586224
19.451 0.45154728862831894 -4.71408433938
19.452 0.45155983806893757 -4.71405282172
19.453 0.45157238731550658 -4.71402130926
19.454 0.45158493636805275 -4.71398980200
19.455 0.45159748522660259 -4.71395829995
19.456 0.45161003389118298 -4.71392680312
19.457 0.45162258236182046 -4.71389531149
19.458 0.45163513063854177 -4.71386382508
19.459 0.45164767872137346 -4.71383234389
19.460 0.45166022661034239 -4.71380086793
19.461 0.45167277430547503 -4.71376939719
19.462 0.45168532180679821 -4.71373793167
19.463 0.45169786911433851 -4.71370647139
19.464 0.45171041622812258 -4.71367501634
19.465 0.45172296314817706 -4.71364356653
19.466 0.45173550987452865 -4.71361212196
19.467 0.45174805640720384 -4.71358068263
19.468 0.45176060274622953 -4.71354924854
19.469 0.45177314889163223 -4.71351781971
19.470 0.45178569484343850 -4.71348639612
19.471 0.45179824060167512 -4.71345497779
19.472 0.45181078616636872 -4.71342356472
19.473 0.45182333153754572 -4.71339215691
19.474 0.45183587671523306 -4.71336075436
19.475 0.45184842169945716 -4.71332935707
19.476 0.45186096649024465 -4.71329796506
19.477 0.45187351108762225 -4.71326657831
19.478 0.45188605549161648 -4.71323519685
19.479 0.45189859970225399 -4.71320382065
19.480 0.45191114371956143 -4.71317244974
19.481 0.45192368754356543 -4.71314108412
19.482 0.45193623117429238 -4.71310972378
19.483 0.45194877461176919 -4.71307836872
19.484 0.45196131785602223 -4.71304701896
19.485 0.45197386090707820 -4.71301567450
19.486 0.45198640376496368 -4.71298433533
19.487 0.45199894642970534 -4.71295300147
19.488 0.45201148890132958 -4.71292167291
19.489 0.45202403117986317 -4.71289034965
19.490 0.45203657326533259 -4.71285903170
19.491 0.45204911515776447 -4.71282771907
19.492 0.45206165685718541 -4.71279641175
19.493 0.45207419836362184 -4.71276510975
19.494 0.45208673967710050 -4.71273381307
19.495 0.45209928079764800 -4.71270252172
19.496 0.45211182172529063 -4.71267123569
19.497 0.45212436246005527 -4.71263995499
19.498 0.45213690300196829 -4.71260867963
19.499 0.45214944335105633 -4.71257740960
19.500 0.45216198350734593 -4.71254614491
19.501 0.45217452347086362 -4.71251488556
19.502 0.45218706324163599 -4.71248363155
19.503 0.45219960281968952 -4.71245238289
19.504 0.45221214220505090 -4.71242113958
19.505 0.45222468139774646 -4.71238990163
19.506 0.45223722039780295 -4.71235866903
19.507 0.45224975920524679 -4.71232744178
19.508 0.45226229782010446 -4.71229621990
19.509 0.45227483624240267 -4.71226500339
19.510 0.45228737447216788 -4.71223379224
19.511 0.45229991250942647 -4.71220258646
19.512 0.45231245035420514 -4.71217138606
19.513 0.45232498800653043 -4.71214019103
19.514 0.45233752546642869 -4.71210900138
19.515 0.45235006273392658 -4.71207781711
19.516 0.45236259980905047 -4.71204663823
19.517 0.45237513669182700 -4.71201546473
19.518 0.45238767338228270 -4.71198429663
19.519 0.45240020988044394 -4.71195313391
19.520 0.45241274618633737 -4.71192197660
19.521 0.45242528229998935 -4.71189082468
19.522 0.45243781822142648 -4.71185967816
19.523 0.45245035395067518 -4.71182853705
19.524 0.45246288948776203 -4.71179740135
19.525 0.45247542483271341 -4.71176627106
19.526 0.45248795998555585 -4.71173514618
19.527 0.45250049494631595 -4.71170402671
19.528 0.45251302971501994 -4.71167291267
19.529 0.45252556429169455 -4.71164180405
19.530 0.45253809867636607 -4.71161070085
19.531 0.45255063286906105 -4.71157960308
19.532 0.45256316686980602 -4.71154851074
19.533 0.45257570067862735 -4.71151742383
19.534 0.45258823429555151 -4.71148634236
19.535 0.45260076772060504 -4.71145526633
19.536 0.45261330095381430 -4.71142419574
19.537 0.45262583399520584 -4.71139313060
19.538 0.45263836684480602 -4.71136207090
19.539 0.45265089950264137 -4.71133101665
19.540 0.45266343196873826 -4.71129996786
19.541 0.45267596424312323 -4.71126892452
19.542 0.45268849632582264 -4.71123788665
19.543 0.45270102821686298 -4.71120685423
19.544 0.45271355991627066 -4.71117582728
19.545 0.45272609142407211 -4.71114480579
19.546 0.45273862274029375 -4.71111378978
19.547 0.45275115386496201 -4.71108277924
19.548 0.45276368479810342 -4.71105177418
19.549 0.45277621553974423 -4.71102077459
19.550 0.45278874608991104 -4.71098978049
19.551 0.45280127644863005 -4.71095879187
19.552 0.45281380661592791 -4.71092780874
19.553 0.45282633659183091 -4.71089683110
19.554 0.45283886637636539 -4.71086585895
19.555 0.45285139596955792 -4.71083489230
19.556 0.45286392537143477 -4.71080393115
19.557 0.45287645458202241 -4.71077297550
19.558 0.45288898360134727 -4.71074202536
19.559 0.45290151242943566 -4.71071108072
19.560 0.45291404106631400 -4.71068014159
19.561 0.45292656951200871 -4.71064920797
19.562 0.45293909776654617 -4.71061827987
19.563 0.45295162582995269 -4.71058735729
19.564 0.45296415370225479 -4.71055644023
19.565 0.45297668138347880 -4.71052552870
19.566 0.45298920887365102 -4.71049462269
19.567 0.45300173617279782 -4.71046372221
19.568 0.45301426328094574 -4.71043282727
19.569 0.45302679019812098 -4.71040193786
19.570 0.45303931692434996 -4.71037105399
19.571 0.45305184345965904 -4.71034017566
19.572 0.45306436980407461 -4.71030930287
19.573 0.45307689595762302 -4.71027843564
19.574 0.45308942192033058 -4.71024757395
19.575 0.45310194769222367 -4.71021671781
19.576 0.45311447327332866 -4.71018586723
19.577 0.45312699866367190 -4.71015502221
19.578 0.45313952386327966 -4.71012418275
19.579 0.45315204887217836 -4.71009334885
19.580 0.45316457369039426 -4.71006252052
19.581 0.45317709831795389 -4.71003169776
19.582 0.45318962275488334 -4.71000088057
19.583 0.45320214700120903 -4.70997006895
19.584 0.45321467105695740 -4.70993926292
19.585 0.45322719492215463 -4.70990846246
19.586 0.45323971859682705 -4.70987766759
19.587 0.45325224208100107 -4.70984687831
19.588 0.45326476537470295 -4.70981609461
19.589 0.45327728847795901 -4.70978531651
19.590 0.45328981139079561 -4.70975454400
19.840 0.45641463408802407 -4.70224413727
20.090 0.45952796225389403 -4.69512433389
20.340 0.46263019176925335 -4.68843000782
20.590 0.46572170894413906 -4.68218817882
20.840 0.46880289096248168 -4.67641702885
21.090 0.47187410630384163 -4.67112567069
21.340 0.47493571514368838 -4.66631464268
21.590 0.47798806973361968 -4.66197699706
21.840 0.48103151476281408 -4.65809980230
22.090 0.48406638770191407 -4.65466589020
22.340 0.48709301913045044 -4.65165572567
22.590 0.49011173304883909 -4.64904934279
22.840 0.49312284717590771 -4.64682836446
23.090 0.49612667323284187 -4.64497820220
23.340 0.49912351721438014 -4.64349062662
23.590 0.50211367964802955 -4.64236701052
23.840 0.50509745584202104 -4.64162264256
24.090 0.50807513612267585 -4.64129236037
24.340 0.51104700606181097 -4.64143641656
24.590 0.51401334669476872 -4.64214043790
24.840 0.51697443472961813 -4.64349426398
25.090 0.51993054274804451 -4.64554396864
25.340 0.52288193939840311 -4.64826047127
25.590 0.52582888958139340 -4.65156238283
25.840 0.52877165462877340 -4.65535545522
26.090 0.53171049247551350 -4.65955329175
26.340 0.53464565782576345 -4.66408220838
26.590 0.53757740231298434 -4.66888016458
26.840 0.54050597465457684 -4.67389451958
27.090 0.54343162080131779 -4.67908005043
27.340 0.54635458408190074 -4.68439748428
27.590 0.54927510534285728 -4.68981247143
27.840 0.55219342308412256 -4.69529486935
28.090 0.55510977359049407 -4.70081822570
28.340 0.55802439105921919 -4.70635938007
28.590 0.56093750772393214 -4.71189813310
28.840 0.56384935397515679 -4.71741695356
29.090 0.56676015847756911 -4.72290070854
29.340 0.56967014828421869 -4.72833641076
29.590 0.57257954894788177 -4.73371298172
29.840 0.57548858462972630 -4.73902103136
30.090 0.57839747820544851 -4.74425265513
30.340 0.58130645136904169 -4.74940124938
30.590 0.58421572473434424 -4.75446134497
30.840 0.58712551793451384 -4.75942845884
31.090 0.59003604971956258 -4.76429896249
31.340 0.59294753805208611 -4.76906996625
31.590 0.59586020020131325 -4.77373921781
31.840 0.59877425283559771 -4.77830501372
32.090 0.60168991211346845 -4.78276612234
32.340 0.60460739377335204 -4.78712171681
32.590 0.60752691322207597 -4.79137131702
32.840 0.61044868562225640 -4.79551473915
33.090 0.61337292597867521 -4.79955205197
33.340 0.61629984922374215 -4.80348353898
33.590 0.61922967030213938 -4.80730966551
33.840 0.62216260425474068 -4.81103105018
34.090 0.62509886630189759 -4.81464844012
34.340 0.62803867192617857 -4.81816268944
34.590 0.63098223695464972 -4.82157474044
34.840 0.63392977764078173 -4.82488560726
35.090 0.63688151074606358 -4.82809636170
35.340 0.63983765362140799 -4.83120812072
35.590 0.64279842428842615 -4.83422203558
35.840 0.64576404152065303 -4.83713928237
36.090 0.64873472492479900 -4.83996105365
36.340 0.65171069502210832 -4.84268855119
36.590 0.65469217332989749 -4.84532297952
36.840 0.65767938244335289 -4.84786554039
37.090 0.66067254611766135 -4.85031742776
37.340 0.66367188935055110 -4.85267982353
37.341 0.66368389943515416 -4.85268909499
37.342 0.66369590962226410 -4.85269836503
37.343 0.66370791991189526 -4.85270763366
37.344 0.66371993030406218 -4.85271690087
37.345 0.66373194079877951 -4.85272616667
37.346 0.66374395139606168 -4.85273543106
37.347 0.66375596209592336 -4.85274469404
37.348 0.66376797289837886 -4.85275395560
37.349 0.66377998380344294 -4.85276321575
37.350 0.66379199481112994 -4.85277247449
37.351 0.66380400592145450 -4.85278173182
37.352 0.66381601713443117 -4.85279098773
37.353 0.66382802845007438 -4.85280024223
37.354 0.66384003986839868 -4.85280949532
37.355 0.66385205138941872 -4.85281874700
37.356 0.66386406301314904 -4.85282799726
37.357 0.66387607473960386 -4.85283724612
37.358 0.66388808656879816 -4.85284649356
37.359 0.66390009850074616 -4.85285573959
37.360 0.66391211053546262 -4.85286498420
37.361 0.66392412267296175 -4.85287422741
37.362 0.66393613491325842 -4.85288346920
37.363 0.66394814725636708 -4.85289270959
37.364 0.66396015970230204 -4.85290194856
37.365 0.66397217225107819 -4.85291118612
37.366 0.66398418490270983 -4.85292042227
37.367 0.66399619765721163 -4.85292965700
37.368 0.66400821051459802 -4.85293889033
37.369 0.66402022347488354 -4.85294812224
37.370 0.66403223653808263 -4.85295735275
37.371 0.66404424970421028 -4.85296658184
37.372 0.66405626297328046 -4.85297580952
37.373 0.66406827634530807 -4.85298503579
37.374 0.66408028982030765 -4.85299426065
37.375 0.66409230339829339 -4.85300348410
37.376 0.66410431707928019 -4.85301270614
37.377 0.66411633086328259 -4.85302192677
37.378 0.66412834475031490 -4.85303114599
37.379 0.66414035874039179 -4.85304036380
37.380 0.66415237283352790 -4.85304958019
37.381 0.66416438702973757 -4.85305879518
37.382 0.66417640132903544 -4.85306800876
37.383 0.66418841573143617 -4.85307722093
37.384 0.66420043023695408 -4.85308643168
37.385 0.66421244484560382 -4.85309564103
37.386 0.66422445955740006 -4.85310484897
37.387 0.66423647437235700 -4.85311405549
37.388 0.66424848929048952 -4.85312326061
37.389 0.66426050431181216 -4.85313246432
37.390 0.66427251943633914 -4.85314166662
37.391 0.66428453466408532 -4.85315086751
37.392 0.66429654999506527 -4.85316006699
37.393 0.66430856542929329 -4.85316926506
37.394 0.66432058096678415 -4.85317846172
37.395 0.66433259660755228 -4.85318765697
37.396 0.66434461235161213 -4.85319685081
37.397 0.66435662819897845 -4.85320604325
37.398 0.66436864414966579 -4.85321523427
37.399 0.66438066020368847 -4.85322442389
37.400 0.66439267636106136 -4.85323361209
37.401 0.66440469262179880 -4.85324279889
37.402 0.66441670898591532 -4.85325198428
37.403 0.66442872545342557 -4.85326116826
37.404 0.66444074202434400 -4.85327035084
37.405 0.66445275869868536 -4.85327953200
37.406 0.66446477547646388 -4.85328871176
37.407 0.66447679235769430 -4.85329789010
37.408 0.66448880934239141 -4.85330706704
37.409 0.66450082643056940 -4.85331624257
37.410 0.66451284362224283 -4.85332541669
37.411 0.66452486091742657 -4.85333458941
37.412 0.66453687831613484 -4.85334376072
37.413 0.66454889581838239 -4.85335293062
37.414 0.66456091342418366 -4.85336209911
37.415 0.66457293113355331 -4.85337126619
37.416 0.66458494894650577 -4.85338043187
37.417 0.66459696686305580 -4.85338959613
37.418 0.66460898488321762 -4.85339875899
37.419 0.66462100300700622 -4.85340792045
37.420 0.66463302123443579 -4.85341708049
37.421 0.66464503956552101 -4.85342623913
37.422 0.66465705800027652 -4.85343539636
37.423 0.66466907653871687 -4.85344455219
37.424 0.66468109518085650 -4.85345370661
37.425 0.66469311392670993 -4.85346285962
37.426 0.66470513277629206 -4.85347201122
37.427 0.66471715172961698 -4.85348116142
37.428 0.66472917078669969 -4.85349031021
37.429 0.66474118994755438 -4.85349945759
37.430 0.66475320921219583 -4.85350860357
37.431 0.66476522858063847 -4.85351774814
37.432 0.66477724805289717 -4.85352689130
37.433 0.66478926762898594 -4.85353603306
37.434 0.66480128730891985 -4.85354517341
37.435 0.66481330709271325 -4.85355431235
37.436 0.66482532698038066 -4.85356344989
37.437 0.66483734697193675 -4.85357258602
37.438 0.66484936706739606 -4.85358172075
37.439 0.66486138726677302 -4.85359085407
37.440 0.66487340757008240 -4.85359998598
37.441 0.66488542797733874 -4.85360911649
37.442 0.66489744848855636 -4.85361824559
37.443 0.66490946910375004 -4.85362737329
37.444 0.66492148982293453 -4.85363649958
37.445 0.66493351064612394 -4.85364562447
37.446 0.66494553157333314 -4.85365474795
37.447 0.66495755260457667 -4.85366387003
37.448 0.66496957373986909 -4.85367299070
37.449 0.66498159497922482 -4.85368210996
37.450 0.66499361632265863 -4.85369122782
37.451 0.66500563777018495 -4.85370034428
37.452 0.66501765932181844 -4.85370945932
37.453 0.66502968097757365 -4.85371857297
37.454 0.66504170273746510 -4.85372768521
37.455 0.66505372460150736 -4.85373679604
37.456 0.66506574656971496 -4.85374590548
37.457 0.66507776864210266 -4.85375501350
37.458 0.66508979081868491 -4.85376412012
37.459 0.66510181309947636 -4.85377322534
37.460 0.66511383548449121 -4.85378232915
37.461 0.66512585797374457 -4.85379143156
37.462 0.66513788056725076 -4.85380053256
37.463 0.66514990326502432 -4.85380963216
37.464 0.66516192606707980 -4.85381873036
37.465 0.66517394897343196 -4.85382782715
37.466 0.66518597198409513 -4.85383692254
37.467 0.66519799509908406 -4.85384601652
37.468 0.66521001831841320 -4.85385510910
37.469 0.66522204164209731 -4.85386420028
37.470 0.66523406507015082 -4.85387329005
37.471 0.66524608860258827 -4.85388237842
37.472 0.66525811223942444 -4.85389146538
37.473 0.66527013598067364 -4.85390055094
37.474 0.66528215982635075 -4.85390963510
37.475 0.66529418377646998 -4.85391871786
37.476 0.66530620783104621 -4.85392779921
37.477 0.66531823199009388 -4.85393687916
37.478 0.66533025625362752 -4.85394595770
37.479 0.66534228062166201 -4.85395503485
37.480 0.66535430509421145 -4.85396411058
37.481 0.66536632967129095 -4.85397318492
37.482 0.66537835435291459 -4.85398225786
37.483 0.66539037913909715 -4.85399132939
37.484 0.66540240402985351 -4.85400039952
37.485 0.66541442902519765 -4.85400946824
37.486 0.66542645412514467 -4.85401853556
37.487 0.66543847932970901 -4.85402760149
37.488 0.66545050463890509 -4.85403666600
37.489 0.66546253005274758 -4.85404572912
37.490 0.66547455557125124 -4.85405479084
37.491 0.66548658119443038 -4.85406385115
37.492 0.66549860692229967 -4.85407291006
37.493 0.66551063275487399 -4.85408196757
37.494 0.66552265869216742 -4.85409102367
37.495 0.66553468473419486 -4.85410007838
37.496 0.66554671088097084 -4.85410913168
37.497 0.66555873713250990 -4.85411818358
37.498 0.66557076348882671 -4.85412723408
37.499 0.66558278994993580 -4.85413628318
37.500 0.66559481651585173 -4.85414533087
37.501 0.66560684318658914 -4.85415437717
37.502 0.66561886996216246 -4.85416342206
37.503 0.66563089684258658 -4.85417246555
37.504 0.66564292382787582 -4.85418150764
37.505 0.66565495091804505 -4.85419054833
37.506 0.66566697811310838 -4.85419958762
37.507 0.66567900541308089 -4.85420862551
37.508 0.66569103281797704 -4.85421766200
37.509 0.66570306032781124 -4.85422669708
37.510 0.66571508794259815 -4.85423573077
37.511 0.66572711566235254 -4.85424476305
37.512 0.66573914348708885 -4.85425379394
37.513 0.66575117141682161 -4.85426282342
37.514 0.66576319945156559 -4.85427185151
37.515 0.66577522759133523 -4.85428087819
37.516 0.66578725583614506 -4.85428990347
37.517 0.66579928418600998 -4.85429892735
37.518 0.66581131264094440 -4.85430794983
37.519 0.66582334120096276 -4.85431697092
37.520 0.66583536986607994 -4.85432599060
37.521 0.66584739863631037 -4.85433500888
37.522 0.66585942751166860 -4.85434402576
37.523 0.66587145649216939 -4.85435304125
37.524 0.66588348557782717 -4.85436205533
37.525 0.66589551476865672 -4.85437106801
37.526 0.66590754406467234 -4.85438007930
37.527 0.66591957346588904 -4.85438908918
37.528 0.66593160297232101 -4.85439809766
37.529 0.66594363258398315 -4.85440710475
37.530 0.66595566230088987 -4.85441611044
37.531 0.66596769212305573 -4.85442511472
37.532 0.66597972205049549 -4.85443411761
37.533 0.66599175208322392 -4.85444311910
37.534 0.66600378222125500 -4.85445211919
37.535 0.66601581246460395 -4.85446111788
37.536 0.66602784281328531 -4.85447011517
37.537 0.66603987326731318 -4.85447911106
37.538 0.66605190382670265 -4.85448810556
37.539 0.66606393449146828 -4.85449709865
37.540 0.66607596526162438 -4.85450609035
37.541 0.66608799613718572 -4.85451508065
37.542 0.66610002711816707 -4.85452406955
37.543 0.66611205820458275 -4.85453305705
37.544 0.66612408939644752 -4.85454204316
37.545 0.66613612069377592 -4.85455102786
37.546 0.66614815209658262 -4.85456001117
37.547 0.66616018360488216 -4.85456899308
37.548 0.66617221521868919 -4.85457797359
37.549 0.66618424693801837 -4.85458695270
37.550 0.66619627876288412 -4.85459593042
37.551 0.66620831069330133 -4.85460490674
37.552 0.66622034272928421 -4.85461388166
37.553 0.66623237487084774 -4.85462285518
37.554 0.66624440711800637 -4.85463182731
37.555 0.66625643947077473 -4.85464079803
37.556 0.66626847192916716 -4.85464976736
37.557 0.66628050449319887 -4.85465873530
37.558 0.66629253716288406 -4.85466770183
37.559 0.66630456993823728 -4.85467666697
37.560 0.66631660281927330 -4.85468563071
37.561 0.66632863580600665 -4.85469459306
37.562 0.66634066889845200 -4.85470355400
37.563 0.66635270209662401 -4.85471251356
37.564 0.66636473540053720 -4.85472147171
37.565 0.66637676881020613 -4.85473042847
37.566 0.66638880232564568 -4.85473938383
37.567 0.66640083594687005 -4.85474833779
37.568 0.66641286967389413 -4.85475729036
37.569 0.66642490350673256 -4.85476624153
37.570 0.66643693744539978 -4.85477519130
37.571 0.66644897148991045 -4.85478413968
37.572 0.66646100564027932 -4.85479308666
37.573 0.66647303989652085 -4.85480203225
37.574 0.66648507425864978 -4.85481097644
37.575 0.66649710872668055 -4.85481991923
37.576 0.66650914330062794 -4.85482886063
37.577 0.66652117798050647 -4.85483780064
37.578 0.66653321276633093 -4.85484673924
37.579 0.66654524765811562 -4.85485567645
37.580 0.66655728265587533 -4.85486461227
37.581 0.66656931775962480 -4.85487354669
37.582 0.66658135296937859 -4.85488247971
37.583 0.66659338828515102 -4.85489141134
37.584 0.66660542370695719 -4.85490034157
37.585 0.66661745923481142 -4.85490927041
37.586 0.66662949486872825 -4.85491819785
37.587 0.66664153060872255 -4.85492712390
37.588 0.66665356645480889 -4.85493604855
37.589 0.66666560240700168 -4.85494497181
37.590 0.66667763846531580 -4.85495389367
37.591 0.66668967462976569 -4.85496281414
37.592 0.66670171090036601 -4.85497173322
37.593 0.66671374727713151 -4.85498065089
37.594 0.66672578376007663 -4.85498956718
37.595 0.66673782034921614 -4.85499848207
37.596 0.66674985704456458 -4.85500739556
37.597 0.66676189384613660 -4.85501630766
37.598 0.66677393075394675 -4.85502521837
37.599 0.66678596776800969 -4.85503412768
37.600 0.66679800488834029 -4.85504303560
37.601 0.66681004211495276 -4.85505194212
37.602 0.66682207944786198 -4.85506084725
37.603 0.66683411688708261 -4.85506975099
37.604 0.66684615443262907 -4.85507865333
37.605 0.66685819208451602 -4.85508755428
37.606 0.66687022984275834 -4.85509645383
37.607 0.66688226770737047 -4.85510535199
37.608 0.66689430567836694 -4.85511424876
37.609 0.66690634375576263 -4.85512314413
37.610 0.66691838193957209 -4.85513203811
37.611 0.66693042022980964 -4.85514093070
37.612 0.66694245862649038 -4.85514982189
37.613 0.66695449712962862 -4.85515871169
37.614 0.66696653573923914 -4.85516760010
37.615 0.66697857445533648 -4.85517648711
37.616 0.66699061327793530 -4.85518537273
37.617 0.66700265220705035 -4.85519425696
37.618 0.66701469124269608 -4.85520313979
37.619 0.66702673038488725 -4.85521202124
37.620 0.66703876963363828 -4.85522090129
37.621 0.66705080898896407 -4.85522977994
37.622 0.66706284845087915 -4.85523865721
37.623 0.66707488801939807 -4.85524753308
37.624 0.66708692769453559 -4.85525640756
37.625 0.66709896747630637 -4.85526528064
37.626 0.66711100736472484 -4.85527415234
37.627 0.66712304735980588 -4.85528302264
37.628 0.66713508746156391 -4.85529189155
37.629 0.66714712767001361 -4.85530075907
37.630 0.66715916798516983 -4.85530962520
37.631 0.66717120840704702 -4.85531848993
37.632 0.66718324893565972 -4.85532735327
37.633 0.66719528957102281 -4.85533621522
37.634 0.66720733031315083 -4.85534507578
37.635 0.66721937116205832 -4.85535393495
37.636 0.66723141211776016 -4.85536279272
37.637 0.66724345318027056 -4.85537164911
37.638 0.66725549434960452 -4.85538050410
37.639 0.66726753562577668 -4.85538935770
37.640 0.66727957700880136 -4.85539820991
37.641 0.66729161849869356 -4.85540706073
37.642 0.66730366009546793 -4.85541591016
37.643 0.66731570179913879 -4.85542475820
37.644 0.66732774360972091 -4.85543360484
37.645 0.66733978552722917 -4.85544245010
37.646 0.66735182755167788 -4.85545129396
37.647 0.66736386968308192 -4.85546013643
37.648 0.66737591192145573 -4.85546897752
37.649 0.66738795426681408 -4.85547781721
37.650 0.66739999671917172 -4.85548665551
37.651 0.66741203927854309 -4.85549549242
37.652 0.66742408194494285 -4.85550432794
37.653 0.66743612471838576 -4.85551316207
37.654 0.66744816759888648 -4.85552199481
37.655 0.66746021058645943 -4.85553082616
37.656 0.66747225368111951 -4.85553965612
37.657 0.66748429688288113 -4.85554848469
37.658 0.66749634019175930 -4.85555731187
37.659 0.66750838360776832 -4.85556613766
37.660 0.66752042713092286 -4.85557496206
37.661 0.66753247076123801 -4.85558378507
37.662 0.66754451449872787 -4.85559260669
37.663 0.66755655834340732 -4.85560142692
37.664 0.66756860229529091 -4.85561024576
37.665 0.66758064635439351 -4.85561906321
37.666 0.66759269052072945 -4.85562787927
37.667 0.66760473479431370 -4.85563669395
37.668 0.66761677917516082 -4.85564550723
37.669 0.66762882366328524 -4.85565431912
37.670 0.66764086825870184 -4.85566312963
37.671 0.66765291296142526 -4.85567193875
37.672 0.66766495777147006 -4.85568074647
37.673 0.66767700268885100 -4.85568955281
37.674 0.66768904771358262 -4.85569835776
37.675 0.66770109284567958 -4.85570716132
37.676 0.66771313808515664 -4.85571596349
37.677 0.66772518343202847 -4.85572476428
37.678 0.66773722888630960 -4.85573356367
37.679 0.66774927444801457 -4.85574236168
37.680 0.66776132011715839 -4.85575115830
37.681 0.66777336589375547 -4.85575995353
37.682 0.66778541177782058 -4.85576874737
37.683 0.66779745776936816 -4.85577753982
37.684 0.66780950386841309 -4.85578633089
37.685 0.66782155007497002 -4.85579512057
37.686 0.66783359638905349 -4.85580390886
37.687 0.66784564281067826 -4.85581269576
37.688 0.66785768933985901 -4.85582148127
37.689 0.66786973597661026 -4.85583026540
37.690 0.66788178272094667 -4.85583904814
37.940 0.67089688299251371 -4.85799138400
38.190 0.67391893823168836 -4.86005810845
38.440 0.67694817989787026 -4.86204031059
38.690 0.67998484114901192 -4.86393905154
38.940 0.68302915692857280 -4.86575536260
39.190 0.68608136405344711 -4.86749024346
39.440 0.68914170130294539 -4.86914466076
39.690 0.69221040950890822 -4.87071954678
39.940 0.69528773164703284 -4.87221579826
40.190 0.69837391292949746 -4.87363427537
40.440 0.70146920089896336 -4.87497580085
40.690 0.70457384552404234 -4.87624115917
40.940 0.70768809929631604 -4.87743109589
41.190 0.71081221732899502 -4.87854631699
41.440 0.71394645745730900 -4.87958748838
41.690 0.71709108034072089 -4.88055523541
41.940 0.72024634956706002 -4.88145014247
42.190 0.72341253175867060 -4.88227275260
42.440 0.72658989668067864 -4.88302356722
42.690 0.72977871735147726 -4.88370304582
42.940 0.73297927015553754 -4.88431160577
43.190 0.73619183495865459 -4.88484962206
43.440 0.73941669522574016 -4.88531742716
43.690 0.74265413814127823 -4.88571531089
43.940 0.74590445473256339 -4.88604352026
44.190 0.74916793999584619 -4.88630225938
44.440 0.75244489302551065 -4.88649168940
44.690 0.75573561714642123 -4.88661192843
44.940 0.75904042004957006 -4.88666305148
45.190 0.76235961393117113 -4.88664509047
45.440 0.76569351563534638 -4.88655803419
45.690 0.76904244680055611 -4.88640182830
45.940 0.77240673400993165 -4.88617637537
46.190 0.77578670894567647 -4.88588153491
46.440 0.77918270854770488 -4.88551712343
46.690 0.78259507517669336 -4.88508291449
46.940 0.78602415678173632 -4.88457863881
47.190 0.78947030707278898 -4.88400398437
47.440 0.79293388569810408 -4.88335859656
47.690 0.79641525842686767 -4.88264207835
47.940 0.79991479733725135 -4.88185399043
48.190 0.80343288101010601 -4.88099385148
48.440 0.80696989472853486 -4.88006113839
48.690 0.81052623068358931 -4.87905528658
48.940 0.81410228818634522 -4.87797569032
49.190 0.81769847388662797 -4.87682170312
49.440 0.82131520199866548 -4.87559263815
49.690 0.82495289453396092 -4.87428776879
49.940 0.82861198154169224 -4.87290632916
50.190 0.83229290135695766 -4.87144751480
50.440 0.83599610085719844 -4.86991048340
50.690 0.83972203572715554 -4.86829435566
50.940 0.84347117073271871 -4.86659821621
51.190 0.84724398000405599 -4.86482111477
51.440 0.85104094732842606 -4.86296206732
51.690 0.85486256645309078 -4.86102005754
51.940 0.85870934139877264 -4.85899403840
52.190 0.86258178678412023 -4.85688293398
52.440 0.86648042816166460 -4.85468564146
52.441 0.86649607604496726 -4.85467667772
52.442 0.86651172435601409 -4.85466771259
52.443 0.86652737309484018 -4.85465874605
52.444 0.86654302226148028 -4.85464977812
52.445 0.86655867185596880 -4.85464080879
52.446 0.86657432187834083 -4.85463183806
52.447 0.86658997232863089 -4.85462286594
52.448 0.86660562320687384 -4.85461389242
52.449 0.86662127451310433 -4.85460491750
52.450 0.86663692624735733 -4.85459594118
52.451 0.86665257840966714 -4.85458696347
52.452 0.86666823100006907 -4.85457798436
52.453 0.86668388401859742 -4.85456900385
52.454 0.86669953746528738 -4.85456002194
52.455 0.86671519134017316 -4.85455103863
52.456 0.86673084564328995 -4.85454205393
52.457 0.86674650037467260 -4.85453306783
52.458 0.86676215553435543 -4.85452408033
52.459 0.86677781112237362 -4.85451509143
52.460 0.86679346713876182 -4.85450610113
52.461 0.86680912358355466 -4.85449710943
52.462 0.86682478045678724 -4.85448811634
52.463 0.86684043775849418 -4.85447912185
52.464 0.86685609548871001 -4.85447012596
52.465 0.86687175364747016 -4.85446112866
52.466 0.86688741223480881 -4.85445212998
52.467 0.86690307125076094 -4.85444312989
52.468 0.86691873069536152 -4.85443412840
52.469 0.86693439056864530 -4.85442512551
52.470 0.86695005087064692 -4.85441612123
52.471 0.86696571160140135 -4.85440711554
52.472 0.86698137276094345 -4.85439810846
52.473 0.86699703434930786 -4.85438909998
52.474 0.86701269636652956 -4.85438009009
52.475 0.86702835881264328 -4.85437107881
52.476 0.86704402168768380 -4.85436206613
52.477 0.86705968499168606 -4.85435305205
52.478 0.86707534872468506 -4.85434403657
52.479 0.86709101288671520 -4.85433501969
52.480 0.86710667747781156 -4.85432600141
52.481 0.86712234249800924 -4.85431698173
52.482 0.86713800794734242 -4.85430796065
52.483 0.86715367382584663 -4.85429893816
52.484 0.86716934013355629 -4.85428991428
52.485 0.86718500687050670 -4.85428088900
52.486 0.86720067403673207 -4.85427186232
52.487 0.86721634163226780 -4.85426283424
52.488 0.86723200965714853 -4.85425380476
52.489 0.86724767811140901 -4.85424477387
52.490 0.86726334699508445 -4.85423574159
52.491 0.86727901630820947 -4.85422670791
52.492 0.86729468605081894 -4.85421767282
52.493 0.86731035622294783 -4.85420863634
52.494 0.86732602682463111 -4.85419959845
52.495 0.86734169785590343 -4.85419055916
52.496 0.86735736931679996 -4.85418151847
52.497 0.86737304120735514 -4.85417247638
52.498 0.86738871352760438 -4.85416343289
52.499 0.86740438627758232 -4.85415438800
52.500 0.86742005945732381 -4.85414534171
52.501 0.86743573306686383 -4.85413629401
52.502 0.86745140710623725 -4.85412724492
52.503 0.86746708157547914 -4.85411819442
52.504 0.86748275647462425 -4.85410914252
52.505 0.86749843180370756 -4.85410008922
52.506 0.86751410756276370 -4.85409103452
52.507 0.86752978375182799 -4.85408197841
52.508 0.86754546037093538 -4.85407292090
52.509 0.86756113742012042 -4.85406386200
52.510 0.86757681489941829 -4.85405480168
52.511 0.86759249280886397 -4.85404573997
52.512 0.86760817114849209 -4.85403667686
52.513 0.86762384991833785 -4.85402761234
52.514 0.86763952911843634 -4.85401854642
52.515 0.86765520874882207 -4.85400947910
52.516 0.86767088880953047 -4.85400041037
52.517 0.86768656930059607 -4.85399134025
52.518 0.86770225022205405 -4.85398226872
52.519 0.86771793157393917 -4.85397319578
52.520 0.86773361335628674 -4.85396412145
52.521 0.86774929556913138 -4.85395504571
52.522 0.86776497821250809 -4.85394596857
52.523 0.86778066128645204 -4.85393689003
52.524 0.86779634479099810 -4.85392781008
52.525 0.86781202872618113 -4.85391872873
52.526 0.86782771309203643 -4.85390964597
52.527 0.86784339788859866 -4.85390056182
52.528 0.86785908311590276 -4.85389147626
52.529 0.86787476877398406 -4.85388238929
52.530 0.86789045486287741 -4.85387330093
52.531 0.86790614138261746 -4.85386421116
52.532 0.86792182833323972 -4.85385511998
52.533 0.86793751571477895 -4.85384602740
52.534 0.86795320352727001 -4.85383693342
52.535 0.86796889177074810 -4.85382783803
52.536 0.86798458044524840 -4.85381874124
52.537 0.86800026955080545 -4.85380964305
52.538 0.86801595908745455 -4.85380054345
52.539 0.86803164905523089 -4.85379144245
52.540 0.86804733945416901 -4.85378234004
52.541 0.86806303028430432 -4.85377323623
52.542 0.86807872154567189 -4.85376413102
52.543 0.86809441323830638 -4.85375502440
52.544 0.86811010536224320 -4.85374591637
52.545 0.86812579791751709 -4.85373680694
52.546 0.86814149090416304 -4.85372769611
52.547 0.86815718432221656 -4.85371858387
52.548 0.86817287817171229 -4.85370947023
52.549 0.86818857245268544 -4.85370035518
52.550 0.86820426716517096 -4.85369123873
52.551 0.86821996230920406 -4.85368212087
52.552 0.86823565788481938 -4.85367300161
52.553 0.86825135389205244 -4.85366388094
52.554 0.86826705033093832 -4.85365475886
52.555 0.86828274720151166 -4.85364563538
52.556 0.86829844450380778 -4.85363651050
52.557 0.86831414223786196 -4.85362738421
52.558 0.86832984040370886 -4.85361825651
52.559 0.86834553900138378 -4.85360912741
52.560 0.86836123803092191 -4.85359999690
52.561 0.86837693749235811 -4.85359086499
52.562 0.86839263738572736 -4.85358173167
52.563 0.86840833771106529 -4.85357259695
52.564 0.86842403846840643 -4.85356346082
52.565 0.86843973965778609 -4.85355432328
52.566 0.86845544127923946 -4.85354518434
52.567 0.86847114333280162 -4.85353604399
52.568 0.86848684581850732 -4.85352690223
52.569 0.86850254873639221 -4.85351775907
52.570 0.86851825208649103 -4.85350861450
52.571 0.86853395586883897 -4.85349946853
52.572 0.86854966008347134 -4.85349032114
52.573 0.86856536473042301 -4.85348117236
52.574 0.86858106980972904 -4.85347202216
52.575 0.86859677532142499 -4.85346287056
52.576 0.86861248126554547 -4.85345371755
52.577 0.86862818764212613 -4.85344456313
52.578 0.86864389445120149 -4.85343540731
52.579 0.86865960169280720 -4.85342625008
52.580 0.86867530936697834 -4.85341709144
52.581 0.86869101747374955 -4.85340793140
52.582 0.86870672601315668 -4.85339876995
52.583 0.86872243498523449 -4.85338960709
52.584 0.86873814439001829 -4.85338044282
52.585 0.86875385422754281 -4.85337127715
52.586 0.86876956449784382 -4.85336211006
52.587 0.86878527520095628 -4.85335294157
52.588 0.86880098633691494 -4.85334377168
52.589 0.86881669790575555 -4.85333460037
52.590 0.86883240990751309 -4.85332542766
52.591 0.86884812234222253 -4.85331625354
52.592 0.86886383520991917 -4.85330707801
52.593 0.86887954851063853 -4.85329790107
52.594 0.86889526224441505 -4.85328872272
52.595 0.86891097641128456 -4.85327954297
52.596 0.86892669101128217 -4.85327036181
52.597 0.86894240604444284 -4.85326117924
52.598 0.86895812151080176 -4.85325199526
52.599 0.86897383741039425 -4.85324280987
52.600 0.86898955374325570 -4.85323362307
52.601 0.86900527050942089 -4.85322443487
52.602 0.86902098770892533 -4.85321524525
52.603 0.86903670534180422 -4.85320605423
52.604 0.86905242340809252 -4.85319686180
52.605 0.86906814190782566 -4.85318766795
52.606 0.86908386084103906 -4.85317847270
52.607 0.86909958020776745 -4.85316927604
52.608 0.86911530000804649 -4.85316007798
52.609 0.86913102024191113 -4.85315087850
52.610 0.86914674090939681 -4.85314167761
52.611 0.86916246201053837 -4.85313247531
52.612 0.86917818354537157 -4.85312327161
52.613 0.86919390551393139 -4.85311406649
52.614 0.86920962791625300 -4.85310485996
52.615 0.86922535075237195 -4.85309565203
52.616 0.86924107402232309 -4.85308644268
52.617 0.86925679772614195 -4.85307723193
52.618 0.86927252186386372 -4.85306801976
52.619 0.86928824643552360 -4.85305880619
52.620 0.86930397144115690 -4.85304959120
52.621 0.86931969688079902 -4.85304037480
52.622 0.86933542275448494 -4.85303115700
52.623 0.86935114906224997 -4.85302193778
52.624 0.86936687580412975 -4.85301271715
52.625 0.86938260298015924 -4.85300349512
52.626 0.86939833059037364 -4.85299427167
52.627 0.86941405863480847 -4.85298504681
52.628 0.86942978711349894 -4.85297582054
52.629 0.86944551602648013 -4.85296659286
52.630 0.86946124537378788 -4.85295736377
52.631 0.86947697515545697 -4.85294813327
52.632 0.86949270537152268 -4.85293890135
52.633 0.86950843602202066 -4.85292966803
52.634 0.86952416710698610 -4.85292043329
52.635 0.86953989862645409 -4.85291119714
52.636 0.86955563058046026 -4.85290195959
52.637 0.86957136296903970 -4.85289272062
52.638 0.86958709579222770 -4.85288348024
52.639 0.86960282905005981 -4.85287423844
52.640 0.86961856274257121 -4.85286499524
52.641 0.86963429686979732 -4.85285575062
52.642 0.86965003143177322 -4.85284650459
52.643 0.86966576642853455 -4.85283725715
52.644 0.86968150186011639 -4.85282800830
52.645 0.86969723772655427 -4.85281875804
52.646 0.86971297402788328 -4.85280950636
52.647 0.86972871076413893 -4.85280025328
52.648 0.86974444793535677 -4.85279099878
52.649 0.86976018554157175 -4.85278174286
52.650 0.86977592358281952 -4.85277248554
52.651 0.86979166205913550 -4.85276322680
52.652 0.86980740097055476 -4.85275396665
52.653 0.86982314031711272 -4.85274470509
52.654 0.86983888009884491 -4.85273544211
52.655 0.86985462031578653 -4.85272617773
52.656 0.86987036096797299 -4.85271691193
52.657 0.86988610205543970 -4.85270764471
52.658 0.86990184357822231 -4.85269837609
52.659 0.86991758553635579 -4.85268910605
52.660 0.86993332792987554 -4.85267983459
52.661 0.86994907075881733 -4.85267056173
52.662 0.86996481402321613 -4.85266128745
52.663 0.86998055772310745 -4.85265201176
52.664 0.86999630185852694 -4.85264273465
52.665 0.87001204642950958 -4.85263345613
52.666 0.87002779143609110 -4.85262417620
52.667 0.87004353687830682 -4.85261489485
52.668 0.87005928275619215 -4.85260561209
52.669 0.87007502906978251 -4.85259632792
52.670 0.87009077581911309 -4.85258704233
52.671 0.87010652300421953 -4.85257775533
52.672 0.87012227062513736 -4.85256846692
52.673 0.87013801868190177 -4.85255917709
52.674 0.87015376717454840 -4.85254988584
52.675 0.87016951610311255 -4.85254059318
52.676 0.87018526546762953 -4.85253129911
52.677 0.87020101526813498 -4.85252200362
52.678 0.87021676550466420 -4.85251270672
52.679 0.87023251617725284 -4.85250340841
52.680 0.87024826728593607 -4.85249410868
52.681 0.87026401883074955 -4.85248480753
52.682 0.87027977081172869 -4.85247550497
52.683 0.87029552322890880 -4.85246620100
52.684 0.87031127608232550 -4.85245689561
52.685 0.87032702937201434 -4.85244758880
52.686 0.87034278309801050 -4.85243828059
52.687 0.87035853726034962 -4.85242897095
52.688 0.87037429185906734 -4.85241965990
52.689 0.87039004689419863 -4.85241034744
52.690 0.87040580236577936 -4.85240103356
52.691 0.87042155827384504 -4.85239171826
52.692 0.87043731461843099 -4.85238240155
52.693 0.87045307139957262 -4.85237308342
52.694 0.87046882861730568 -4.85236376388
52.695 0.87048458627166547 -4.85235444292
52.696 0.87050034436268753 -4.85234512055
52.697 0.87051610289040737 -4.85233579676
52.698 0.87053186185486064 -4.85232647155
52.699 0.87054762125608243 -4.85231714493
52.700 0.87056338109410869 -4.85230781689
52.701 0.87057914136897474 -4.85229848744
52.702 0.87059490208071610 -4.85228915657
52.703 0.87061066322936820 -4.85227982428
52.704 0.87062642481496666 -4.85227049058
52.705 0.87064218683754702 -4.85226115546
52.706 0.87065794929714468 -4.85225181893
52.707 0.87067371219379552 -4.85224248097
52.708 0.87068947552753451 -4.85223314160
52.709 0.87070523929839772 -4.85222380082
52.710 0.87072100350642034 -4.85221445862
52.711 0.87073676815163792 -4.85220511500
52.712 0.87075253323408641 -4.85219576996
52.713 0.87076829875380080 -4.85218642351
52.714 0.87078406471081693 -4.85217707564
52.715 0.87079983110517045 -4.85216772635
52.716 0.87081559793689667 -4.85215837564
52.717 0.87083136520603133 -4.85214902352
52.718 0.87084713291260996 -4.85213966998
52.719 0.87086290105666797 -4.85213031502
52.720 0.87087866963824112 -4.85212095865
52.721 0.87089443865736482 -4.85211160086
52.722 0.87091020811407505 -4.85210224165
52.723 0.87092597800840688 -4.85209288102
52.724 0.87094174834039595 -4.85208351897
52.725 0.87095751911007824 -4.85207415551
52.726 0.87097329031748894 -4.85206479063
52.727 0.87098906196266379 -4.85205542433
52.728 0.87100483404563855 -4.85204605661
52.729 0.87102060656644842 -4.85203668747
52.730 0.87103637952512925 -4.85202731692
52.731 0.87105215292171678 -4.85201794495
52.732 0.87106792675624634 -4.85200857155
52.733 0.87108370102875377 -4.85199919674
52.734 0.87109947573927438 -4.85198982052
52.735 0.87111525088784403 -4.85198044287
52.736 0.87113102647449836 -4.85197106380
52.737 0.87114680249927290 -4.85196168332
52.738 0.87116257896220317 -4.85195230141
52.739 0.87117835586332493 -4.85194291809
52.740 0.87119413320267391 -4.85193353335
52.741 0.87120991098028533 -4.85192414719
52.742 0.87122568919619536 -4.85191475961
52.743 0.87124146785043943 -4.85190537061
52.744 0.87125724694305295 -4.85189598019
52.745 0.87127302647407201 -4.85188658835
52.746 0.87128880644353190 -4.85187719510
52.747 0.87130458685146839 -4.85186780042
52.748 0.87132036769791710 -4.85185840432
52.749 0.87133614898291378 -4.85184900681
52.750 0.87135193070649397 -4.85183960787
52.751 0.87136771286869352 -4.85183020751
52.752 0.87138349546954796 -4.85182080574
52.753 0.87139927850909282 -4.85181140254
52.754 0.87141506198736407 -4.85180199792
52.755 0.87143084590439734 -4.85179259189
52.756 0.87144663026022795 -4.85178318443
52.757 0.87146241505489197 -4.85177377555
52.758 0.87147820028842515 -4.85176436526
52.759 0.87149398596086269 -4.85175495354
52.760 0.87150977207224078 -4.85174554040
52.761 0.87152555862259495 -4.85173612584
52.762 0.87154134561196084 -4.85172670986
52.763 0.87155713304037408 -4.85171729246
52.764 0.87157292090787075 -4.85170787364
52.765 0.87158870921448595 -4.85169845340
52.766 0.87160449796025596 -4.85168903174
52.767 0.87162028714521622 -4.85167960865
52.768 0.87163607676940247 -4.85167018415
52.769 0.87165186683285045 -4.85166075822
52.770 0.87166765733559592 -4.85165133087
52.771 0.87168344827767463 -4.85164190210
52.772 0.87169923965912199 -4.85163247191
52.773 0.87171503147997431 -4.85162304030
52.774 0.87173082374026689 -4.85161360727
52.775 0.87174661644003548 -4.85160417281
52.776 0.87176240957931606 -4.85159473693
52.777 0.87177820315814436 -4.85158529964
52.778 0.87179399717655570 -4.85157586091
52.779 0.87180979163458638 -4.85156642077
52.780 0.87182558653227193 -4.85155697921
52.781 0.87184138186964810 -4.85154753622
52.782 0.87185717764675041 -4.85153809181
52.783 0.87187297386361517 -4.85152864598
52.784 0.87188877052027769 -4.85151919873
52.785 0.87190456761677382 -4.85150975005
52.786 0.87192036515313964 -4.85150029995
52.787 0.87193616312941058 -4.85149084843
52.788 0.87195196154562238 -4.85148139549
52.789 0.87196776040181123 -4.85147194112
52.790 0.87198355969801256 -4.85146248533
52.791 0.87199935943426221 -4.85145302812
52.792 0.87201515961059617 -4.85144356948
52.793 0.87203096022704985 -4.85143410943
52.794 0.87204676128365954 -4.85142464795
52.795 0.87206256278046057 -4.85141518504
52.796 0.87207836471748912 -4.85140572071
52.797 0.87209416709478083 -4.85139625496
52.798 0.87210996991237133 -4.85138678779
52.799 0.87212577317029683 -4.85137731919
52.800 0.87214157686859295 -4.85136784917
52.801 0.87215738100729556 -4.85135837773
52.802 0.87217318558644008 -4.85134890486
52.803 0.87218899060606292 -4.85133943057
52.804 0.87220479606619961 -4.85132995485
52.805 0.87222060196688600 -4.85132047771
52.806 0.87223640830815796 -4.85131099915
52.807 0.87225221509005157 -4.85130151916
52.808 0.87226802231260214 -4.85129203775
52.809 0.87228382997584597 -4.85128255491
52.810 0.87229963807981881 -4.85127307065
53.060 0.87626558694536849 -4.84885712129
53.310 0.88025965102457515 -4.84635097286
53.560 0.88428240930861612 -4.84375343574
53.810 0.88833445379154308 -4.84106331074
54.060 0.89241638989427619 -4.83827939381
54.310 0.89652883690459040 -4.83540048135
54.560 0.90067242843383866 -4.83242537629
54.810 0.90484781289119087 -4.82935289503
55.060 0.90905565397620969 -4.82618187529
55.310 0.91329663119062809 -4.82291118518
55.560 0.91757144037024452 -4.81953973343
55.810 0.92188079423789437 -4.81606648123
56.060 0.92622542297851385 -4.81249045570
56.310 0.93060607483737057 -4.80881076537
56.560 0.93502351674258677 -4.80502661789
56.810 0.93947853495315503 -4.80113734044
57.060 0.94397193573370619 -4.79714240318
57.310 0.94850454605736445 -4.79304144620
57.560 0.95307721433810244 -4.78883431058
57.810 0.95769081119408739 -4.78452107420
58.060 0.96234623024360122 -4.78010209301
58.310 0.96704438893520894 -4.77557804864
58.560 0.97178622941394466 -4.77095000332
58.810 0.97657271942540091 -4.76621946312
59.060 0.98140485325971039 -4.76138845085
59.310 0.98628365273753504 -4.75645958983
59.560 0.99121016824031039 -4.75143619996
59.810 0.99618547978712491 -4.74632240762
60.060 1.0012106981607682 -4.74112327067
60.310 1.0062869660856417 -4.73584492002
60.560 1.0114154594603924 -4.73049471872
60.810 1.0165973886483173 -4.72508143930
61.060 1.0218339998287824 -4.71961545940
61.310 1.0271265764131099 -4.71410897526
61.560 1.0324764405286155 -4.70857623211
61.810 1.0378849545747233 -4.70303377050
62.060 1.0433535228553477 -4.69750068890
62.310 1.0488835932920104 -4.69199892618
62.560 1.0544766592224766 -4.68655357479
62.810 1.0601342612900091 -4.68119324725
63.060 1.0658579894287032 -4.67595053780
63.310 1.0716494849507479 -4.67086264706
63.560 1.0775104427418647 -4.66597226934
63.810 1.0834426135716291 -4.66132886918
64.060 1.0894478065258630 -4.65699045948
64.310 1.0955278915688060 -4.65302581588
64.560 1.1016848022433394 -4.64951633397
64.810 1.1079205385181594 -4.64655445228
65.060 1.1142371697914555 -4.64423063793
65.310 1.1206368380613707 -4.64259988973
65.560 1.1271217612743232 -4.64164550090
65.810 1.1336942368631036 -4.64128878796
66.060 1.1403566454876108 -4.64143812441
66.310 1.1471114549920949 -4.64202234744
66.560 1.1539612245938891 -4.64299705499
66.810 1.1609086093198082 -4.64433988105
67.060 1.1679563647077329 -4.64604447757
67.310 1.1751073517923165 -4.64811567278
67.560 1.1823645423953459 -4.65056584959
67.810 1.1897310247430184 -4.65341214900
68.060 1.1972100094342844 -4.65667415079
68.310 1.2048048357864933 -4.66037179818
68.560 1.2125189785868720 -4.66452343471
68.810 1.2203560552808759 -4.66914390516
69.060 1.2283198336312242 -4.67424274823
69.310 1.2364142398844955 -4.67982257791
69.560 1.2446433674855233 -4.68587780758
69.810 1.2530114863835569 -4.69239389782
70.060 1.2615230529782839 -4.69934728705
70.310 1.2701827207583702 -4.70670608001
70.560 1.2789953516902330 -4.71443143500
70.561 1.2790309161052771 -4.71446301486
70.562 1.2790664830490739 -4.71449459988
70.563 1.2791020525219581 -4.71452619007
70.564 1.2791376245242609 -4.71455778541
70.565 1.2791731990563162 -4.71458938590
70.566 1.2792087761184563 -4.71462099155
70.567 1.2792443557110131 -4.71465260235
70.568 1.2792799378343216 -4.71468421829
70.569 1.2793155224887136 -4.71471583937
70.570 1.2793511096745216 -4.71474746560
70.571 1.2793866993920802 -4.71477909696
70.572 1.2794222916417215 -4.71481073345
70.573 1.2794578864237787 -4.71484237508
70.574 1.2794934837385852 -4.71487402184
70.575 1.2795290835864752 -4.71490567372
70.576 1.2795646859677809 -4.71493733072
70.577 1.2796002908828370 -4.71496899284
70.578 1.2796358983319762 -4.71500066008
70.579 1.2796715083155321 -4.71503233243
70.580 1.2797071208338389 -4.71506400990
70.581 1.2797427358872298 -4.71509569247
70.582 1.2797783534760385 -4.71512738014
70.583 1.2798139736005996 -4.71515907292
70.584 1.2798495962612466 -4.71519077079
70.585 1.2798852214583130 -4.71522247376
70.586 1.2799208491921334 -4.71525418183
70.587 1.2799564794630420 -4.71528589498
70.588 1.2799921122713720 -4.71531761322
70.589 1.2800277476174584 -4.71534933654
70.590 1.2800633855016357 -4.71538106495
70.591 1.2800990259242373 -4.71541279843
70.592 1.2801346688855986 -4.71544453699
70.593 1.2801703143860537 -4.71547628062
70.594 1.2802059624259363 -4.71550802932
70.595 1.2802416130055820 -4.71553978308
70.596 1.2802772661253248 -4.71557154191
70.597 1.2803129217854996 -4.71560330580
70.598 1.2803485799864418 -4.71563507475
70.599 1.2803842407284853 -4.71566684875
70.600 1.2804199040119650 -4.71569862780
70.601 1.2804555698372162 -4.71573041190
70.602 1.2804912382045741 -4.71576220104
70.603 1.2805269091143725 -4.71579399523
70.604 1.2805625825669480 -4.71582579446
70.605 1.2805982585626354 -4.71585759872
70.606 1.2806339371017694 -4.71588940802
70.607 1.2806696181846859 -4.71592122234
70.608 1.2807053018117200 -4.71595304170
70.609 1.2807409879832066 -4.71598486608
70.610 1.2807766766994821 -4.71601669548
70.611 1.2808123679608809 -4.71604852990
70.612 1.2808480617677396 -4.71608036933
70.613 1.2808837581203938 -4.71611221378
70.614 1.2809194570191789 -4.71614406324
70.615 1.2809551584644301 -4.71617591770
70.616 1.2809908624564845 -4.71620777717
70.617 1.2810265689956772 -4.71623964164
70.618 1.2810622780823433 -4.71627151110
70.619 1.2810979897168207 -4.71630338557
70.620 1.2811337038994448 -4.71633526502
70.621 1.2811694206305508 -4.71636714946
70.622 1.2812051399104762 -4.71639903889
70.623 1.2812408617395565 -4.71643093330
70.624 1.2812765861181272 -4.71646283269
70.625 1.2813123130465267 -4.71649473706
70.626 1.2813480425250905 -4.71652664640
70.627 1.2813837745541543 -4.71655856071
70.628 1.2814195091340561 -4.71659047999
70.629 1.2814552462651314 -4.71662240424
70.630 1.2814909859477166 -4.71665433344
70.631 1.2815267281821499 -4.71668626761
70.632 1.2815624729687674 -4.71671820673
70.633 1.2815982203079053 -4.71675015081
70.634 1.2816339701999016 -4.71678209983
70.635 1.2816697226450926 -4.71681405381
70.636 1.2817054776438148 -4.71684601272
70.637 1.2817412351964068 -4.71687797658
70.638 1.2817769953032052 -4.71690994538
70.639 1.2818127579645471 -4.71694191911
70.640 1.2818485231807690 -4.71697389777
70.641 1.2818842909522095 -4.71700588136
70.642 1.2819200612792050 -4.71703786988
70.643 1.2819558341620938 -4.71706986332
70.644 1.2819916096012127 -4.71710186168
70.645 1.2820273875969004 -4.71713386496
70.646 1.2820631681494938 -4.71716587315
70.647 1.2820989512593304 -4.71719788626
70.648 1.2821347369267475 -4.71722990427
70.649 1.2821705251520845 -4.71726192719
70.650 1.2822063159356787 -4.71729395500
70.651 1.2822421092778671 -4.71732598772
70.652 1.2822779051789890 -4.71735802534
70.653 1.2823137036393819 -4.71739006785
70.654 1.2823495046593831 -4.71742211524
70.655 1.2823853082393328 -4.71745416753
70.656 1.2824211143795681 -4.71748622470
70.657 1.2824569230804268 -4.71751828675
70.658 1.2824927343422483 -4.71755035368
70.659 1.2825285481653708 -4.71758242548
70.660 1.2825643645501317 -4.71761450216
70.661 1.2826001834968714 -4.71764658370
70.662 1.2826360050059278 -4.71767867011
70.663 1.2826718290776387 -4.71771076138
70.664 1.2827076557123442 -4.71774285752
70.665 1.2827434849103825 -4.71777495851
70.666 1.2827793166720916 -4.71780706436
70.667 1.2828151509978123 -4.71783917505
70.668 1.2828509878878827 -4.71787129060
70.669 1.2828868273426413 -4.71790341099
70.670 1.2829226693624280 -4.71793553622
70.671 1.2829585139475819 -4.71796766629
70.672 1.2829943610984416 -4.71799980120
70.673 1.2830302108153466 -4.71803194094
70.674 1.2830660630986372 -4.71806408551
70.675 1.2831019179486518 -4.71809623490
70.676 1.2831377753657307 -4.71812838912
70.677 1.2831736353502128 -4.71816054817
70.678 1.2832094979024378 -4.71819271203
70.679 1.2832453630227458 -4.71822488070
70.680 1.2832812307114760 -4.71825705419
70.681 1.2833171009689679 -4.71828923249
70.682 1.2833529737955627 -4.71832141559
70.683 1.2833888491915995 -4.71835360349
70.684 1.2834247271574180 -4.71838579620
70.685 1.2834606076933588 -4.71841799370
70.686 1.2834964907997619 -4.71845019599
70.687 1.2835323764769668 -4.71848240308
70.688 1.2835682647253144 -4.71851461495
70.689 1.2836041555451447 -4.71854683161
70.690 1.2836400489367987 -4.71857905305
70.691 1.2836759449006163 -4.71861127927
70.692 1.2837118434369379 -4.71864351027
70.693 1.2837477445461041 -4.71867574604
70.694 1.2837836482284557 -4.71870798658
70.695 1.2838195544843325 -4.71874023188
70.696 1.2838554633140766 -4.71877248195
70.697 1.2838913747180283 -4.71880473678
70.698 1.2839272886965276 -4.71883699636
70.699 1.2839632052499166 -4.71886926071
70.700 1.2839991243785358 -4.71890152980
70.701 1.2840350460827259 -4.71893380364
70.702 1.2840709703628284 -4.71896608223
70.703 1.2841068972191840 -4.71899836556
70.704 1.2841428266521342 -4.71903065362
70.705 1.2841787586620208 -4.71906294643
70.706 1.2842146932491847 -4.71909524397
70.707 1.2842506304139667 -4.71912754624
70.708 1.2842865701567094 -4.71915985323
70.709 1.2843225124777538 -4.71919216495
70.710 1.2843584573774405 -4.71922448140
70.711 1.2843944048561129 -4.71925680256
70.712 1.2844303549141121 -4.71928912843
70.713 1.2844663075517790 -4.71932145902
70.714 1.2845022627694567 -4.71935379432
70.715 1.2845382205674865 -4.71938613432
70.716 1.2845741809462095 -4.71941847903
70.717 1.2846101439059694 -4.71945082844
70.718 1.2846461094471076 -4.71948318254
70.719 1.2846820775699657 -4.71951554134
70.720 1.2847180482748868 -4.71954790483
70.721 1.2847540215622126 -4.71958027300
70.722 1.2847899974322847 -4.71961264586
70.723 1.2848259758854472 -4.71964502341
70.724 1.2848619569220416 -4.71967740563
70.725 1.2848979405424104 -4.71970979253
70.726 1.2849339267468967 -4.71974218410
70.727 1.2849699155358425 -4.71977458034
70.728 1.2850059069095900 -4.71980698125
70.729 1.2850419008684837 -4.71983938682
70.730 1.2850778974128652 -4.71987179705
70.731 1.2851138965430777 -4.71990421194
70.732 1.2851498982594638 -4.71993663149
70.733 1.2851859025623671 -4.71996905568
70.734 1.2852219094521300 -4.72000148453
70.735 1.2852579189290965 -4.72003391802
70.736 1.2852939309936089 -4.72006635615
70.737 1.2853299456460112 -4.72009879892
70.738 1.2853659628866465 -4.72013124633
70.739 1.2854019827158583 -4.72016369837
70.740 1.2854380051339886 -4.72019615504
70.741 1.2854740301413834 -4.72022861634
70.742 1.2855100577383851 -4.72026108227
70.743 1.2855460879253366 -4.72029355281
70.744 1.2855821207025828 -4.72032602797
70.745 1.2856181560704671 -4.72035850775
70.746 1.2856541940293322 -4.72039099214
70.747 1.2856902345795240 -4.72042348114
70.748 1.2857262777213854 -4.72045597474
70.749 1.2857623234552600 -4.72048847295
70.750 1.2857983717814927 -4.72052097576
70.751 1.2858344227004272 -4.72055348316
70.752 1.2858704762124069 -4.72058599516
70.753 1.2859065323177781 -4.72061851175
70.754 1.2859425910168836 -4.72065103293
70.755 1.2859786523100678 -4.72068355869
70.756 1.2860147161976760 -4.72071608903
70.757 1.2860507826800522 -4.72074862395
70.758 1.2860868517575401 -4.72078116345
70.759 1.2861229234304863 -4.72081370752
70.760 1.2861589976992343 -4.72084625616
70.761 1.2861950745641286 -4.72087880936
70.762 1.2862311540255147 -4.72091136713
70.763 1.2862672360837373 -4.72094392946
70.764 1.2863033207391408 -4.72097649634
70.765 1.2863394079920709 -4.72100906778
70.766 1.2863754978428725 -4.72104164377
70.767 1.2864115902918907 -4.72107422431
70.768 1.2864476853394708 -4.72110680940
70.769 1.2864837829859583 -4.72113939902
70.770 1.2865198832316975 -4.72117199319
70.771 1.2865559860770350 -4.72120459189
70.772 1.2865920915223159 -4.72123719512
70.773 1.2866281995678845 -4.72126980289
70.774 1.2866643102140884 -4.72130241518
70.775 1.2867004234612722 -4.72133503199
70.776 1.2867365393097816 -4.72136765332
70.777 1.2867726577599625 -4.72140027918
70.778 1.2868087788121609 -4.72143290954
70.779 1.2868449024667221 -4.72146554442
70.780 1.2868810287239925 -4.72149818380
70.781 1.2869171575843183 -4.72153082770
70.782 1.2869532890480448 -4.72156347609
70.783 1.2869894231155197 -4.72159612898
70.784 1.2870255597870877 -4.72162878637
70.785 1.2870616990630954 -4.72166144825
70.786 1.2870978409438898 -4.72169411463
70.787 1.2871339854298163 -4.72172678548
70.788 1.2871701325212217 -4.72175946083
70.789 1.2872062822184533 -4.72179214065
70.790 1.2872424345218574 -4.72182482495
70.791 1.2872785894317795 -4.72185751373
70.792 1.2873147469485677 -4.72189020698
70.793 1.2873509070725684 -4.72192290469
70.794 1.2873870698041276 -4.72195560688
70.795 1.2874232351435930 -4.72198831352
70.796 1.2874594030913120 -4.72202102463
70.797 1.2874955736476306 -4.72205374019
70.798 1.2875317468128968 -4.72208646020
70.799 1.2875679225874572 -4.72211918467
70.800 1.2876041009716590 -4.72215191358
70.801 1.2876402819658497 -4.72218464693
70.802 1.2876764655703765 -4.72221738473
70.803 1.2877126517855868 -4.72225012696
70.804 1.2877488406118283 -4.72228287363
70.805 1.2877850320494488 -4.72231562474
70.806 1.2878212260987949 -4.72234838027
70.807 1.2878574227602153 -4.72238114022
70.808 1.2878936220340573 -4.72241390460
70.809 1.2879298239206678 -4.72244667340
70.810 1.2879660284203964 -4.72247944662
70.811 1.2880022355335901 -4.72251222425
70.812 1.2880384452605964 -4.72254500629
70.813 1.2880746576017645 -4.72257779273
70.814 1.2881108725574408 -4.72261058358
70.815 1.2881470901279755 -4.72264337884
70.816 1.2881833103137159 -4.72267617849
70.817 1.2882195331150099 -4.72270898253
70.818 1.2882557585322065 -4.72274179097
70.819 1.2882919865656539 -4.72277460380
70.820 1.2883282172156998 -4.72280742101
70.821 1.2883644504826941 -4.72284024261
70.822 1.2884006863669852 -4.72287306858
70.823 1.2884369248689211 -4.72290589894
70.824 1.2884731659888504 -4.72293873366
70.825 1.2885094097271230 -4.72297157276
70.826 1.2885456560840862 -4.72300441622
70.827 1.2885819050600906 -4.72303726405
70.828 1.2886181566554840 -4.72307011624
70.829 1.2886544108706164 -4.72310297279
70.830 1.2886906677058363 -4.72313583370
70.831 1.2887269271614925 -4.72316869895
70.832 1.2887631892379348 -4.72320156856
70.833 1.2887994539355128 -4.72323444251
70.834 1.2888357212545756 -4.72326732080
70.835 1.2888719911954720 -4.72330020344
70.836 1.2889082637585527 -4.72333309041
70.837 1.2889445389441667 -4.72336598172
70.838 1.2889808167526624 -4.72339887735
70.839 1.2890170971843919 -4.72343177732
70.840 1.2890533802397037 -4.72346468161
70.841 1.2890896659189470 -4.72349759022
70.842 1.2891259542224731 -4.72353050314
70.843 1.2891622451506310 -4.72356342039
70.844 1.2891985387037701 -4.72359634194
70.845 1.2892348348822422 -4.72362926781
70.846 1.2892711336863965 -4.72366219798
70.847 1.2893074351165827 -4.72369513246
70.848 1.2893437391731521 -4.72372807123
70.849 1.2893800458564548 -4.72376101430
70.850 1.2894163551668398 -4.72379396167
70.851 1.2894526671046598 -4.72382691333
70.852 1.2894889816702644 -4.72385986927
70.853 1.2895252988640034 -4.72389282950
70.854 1.2895616186862284 -4.72392579401
70.855 1.2895979411372900 -4.72395876280
70.856 1.2896342662175382 -4.72399173586
70.857 1.2896705939273245 -4.72402471320
70.858 1.2897069242670003 -4.72405769481
70.859 1.2897432572369154 -4.72409068068
70.860 1.2897795928374223 -4.72412367082
70.861 1.2898159310688708 -4.72415666521
70.862 1.2898522719316123 -4.72418966387
70.863 1.2898886154259988 -4.72422266678
70.864 1.2899249615523811 -4.72425567393
70.865 1.2899613103111096 -4.72428868534
70.866 1.2899976617025375 -4.72432170099
70.867 1.2900340157270154 -4.72435472088
70.868 1.2900703723848945 -4.72438774501
70.869 1.2901067316765273 -4.72442077338
70.870 1.2901430936022651 -4.72445380598
70.871 1.2901794581624590 -4.72448684281
70.872 1.2902158253574614 -4.72451988386
70.873 1.2902521951876245 -4.72455292914
70.874 1.2902885676532994 -4.72458597864
70.875 1.2903249427548391 -4.72461903235
70.876 1.2903613204925950 -4.72465209028
70.877 1.2903977008669190 -4.72468515242
70.878 1.2904340838781643 -4.72471821877
70.879 1.2904704695266820 -4.72475128933
70.880 1.2905068578128249 -4.72478436408
70.881 1.2905432487369459 -4.72481744303
70.882 1.2905796422993971 -4.72485052618
70.883 1.2906160385005303 -4.72488361352
70.884 1.2906524373406991 -4.72491670505
70.885 1.2906888388202560 -4.72494980077
70.886 1.2907252429395524 -4.72498290067
70.887 1.2907616496989429 -4.72501600475
70.888 1.2907980590987800 -4.72504911301
70.889 1.2908344711394153 -4.72508222544
70.890 1.2908708858212035 -4.72511534204
70.891 1.2909073031444966 -4.72514846281
70.892 1.2909437231096474 -4.72518158775
70.893 1.2909801457170100 -4.72521471685
70.894 1.2910165709669368 -4.72524785010
70.895 1.2910529988597816 -4.72528098751
70.896 1.2910894293958979 -4.72531412908
70.897 1.2911258625756390 -4.72534727479
70.898 1.2911622983993576 -4.72538042465
70.899 1.2911987368674085 -4.72541357865
70.900 1.2912351779801445 -4.72544673680
70.901 1.2912716217379188 -4.72547989908
70.902 1.2913080681410867 -4.72551306549
70.903 1.2913445171900011 -4.72554623604
70.904 1.2913809688850155 -4.72557941071
70.905 1.2914174232264848 -4.72561258951
70.906 1.2914538802147626 -4.72564577243
70.907 1.2914903398502016 -4.72567895946
70.908 1.2915268021331583 -4.72571215062
70.909 1.2915632670639858 -4.72574534588
70.910 1.2915997346430379 -4.72577854526
71.160 1.3008006620776573 -4.73419921105
71.410 1.3101728143649003 -4.74282865120
71.660 1.3197221282644169 -4.75162011745
71.910 1.3294548264938708 -4.76052890639
72.160 1.3393774357219190 -4.76951285365
72.410 1.3494968059630994 -4.77853246851
72.660 1.3598201315055571 -4.78755081642
72.910 1.3703549735168756 -4.79653324589
73.160 1.3811092844893791 -4.80544703409
73.410 1.3920914347044444 -4.81426100200
73.660 1.4033102409159024 -4.82294513003
73.910 1.4147749974758257 -4.83147019124
74.160 1.4264955101523273 -4.83980740956
74.410 1.4384821329189219 -4.84792814475
74.660 1.4507458080290194 -4.85580360293
74.910 1.4632981097279321 -4.86340456962
75.160 1.4761512919991304 -4.87070116192
75.410 1.4893183407922490 -4.87766259647
75.660 1.5028130312386114 -4.88425696987
75.910 1.5166499904270705 -4.89045104888
76.160 1.5308447663902209 -4.89621006785
76.410 1.5454139040403261 -4.90149753128
76.660 1.5603750288977700 -4.90627501940
76.910 1.5757469395750043 -4.91050199490
77.160 1.5915497101189195 -4.91413560851
77.410 1.6078048034780668 -4.91713050171
77.660 1.6245351975526334 -4.91943860288
77.910 1.6417655255100487 -4.92100891441
78.160 1.6595222323142846 -4.92178728638
78.410 1.6778337497304077 -4.92171617235
78.660 1.6967306924379078 -4.92073436148
78.910 1.7162460783292017 -4.91877668054
79.160 1.7364155765988716 -4.91577365837
79.410 1.7572777878639765 -4.91165114403
79.660 1.7788745613202692 -4.90632986887
79.910 1.8012513548636644 -4.89972494116
80.160 1.8244576452292549 -4.89174526005
80.410 1.8485473965704817 -4.88229283390
80.660 1.8735795975810514 -4.87126198484
80.910 1.8996188793323963 -4.85853841814
81.160 1.9267362285640228 -4.84399813101
81.410 1.9550098143585724 -4.82750612934
81.660 1.9845259501361321 -4.80891491430
81.910 2.0153802179487430 -4.78806269135
82.160 2.0476787884598942 -4.76477124328
82.410 2.0815399781766404 -4.73884339311
82.660 2.1170960960348042 -4.71005996471
82.910 2.1544956451011581 -4.67817612296
83.160 2.1939059630283904 -4.64291694355
83.410 2.2355164084821166 -4.60397201873
83.660 2.2795422321742409 -4.56098884815
83.910 2.3262293134087031 -4.51356468634
84.160 2.3758600005451784 -4.46123641300
84.410 2.4287603729166825 -4.40346784675
84.660 2.4853093520149176 -4.33963372037
84.910 2.5459502455517704 -4.26899924874
