5 0.22474786951272291 -4.53523316836
5.1 0.22699590357274410 -4.56533304437
5.2 0.22922258189255645 -4.59421521217
5.3 0.23142853458965695 -4.62193745818
5.4 0.23361436236885605 -4.64855366478
5.5 0.23578063841929153 -4.67411414336
5.6 0.23792791015694406 -4.69866593396
5.7 0.24005670082776287 -4.72225307520
5.8 0.24216751098479444 -4.74491684791
5.9 0.24426081985121312 -4.76669599542
6.0 0.24633708657984518 -4.78762692308
6.1 0.24839675141863690 -4.80774387917
6.2 0.25044023679051242 -4.82707911931
6.3 0.25246794829518643 -4.84566305605
6.4 0.25448027563971826 -4.86352439508
6.5 0.25647759350390792 -4.88069025961
6.6 0.25846026234602637 -4.89718630391
6.7 0.26042862915383336 -4.91303681724
6.8 0.26238302814535797 -4.92826481897
6.9 0.26432378142348961 -4.94289214588
7.0 0.26625119958804888 -4.95693953226
7.1 0.26816558230866605 -4.97042668352
7.2 0.27006721886149349 -4.98337234402
7.3 0.27195638863250449 -4.99579435940
7.4 0.27383336158988730 -5.00770973420
7.5 0.27569839872782342 -5.01913468497
7.6 0.27755175248374220 -5.03008468935
7.7 0.27939366713096336 -5.04057453151
7.8 0.28122437914848114 -5.05061834411
7.9 0.28304411756949560 -5.06022964734
8.0 0.28485310431016619 -5.06942138505
8.1 0.28665155447994300 -5.07820595818
8.2 0.28843967667472209 -5.08659525609
8.3 0.29021767325397441 -5.09460068537
8.4 0.29198574060290522 -5.10223319698
8.5 0.29374406938062309 -5.10950331127
8.6 0.29549284475521920 -5.11642114146
8.7 0.29723224662659264 -5.12299641547
8.8 0.29896244983779341 -5.12923849638
8.9 0.30068362437559926 -5.13515640146
9.0 0.30239593556098865 -5.14075882005
9.1 0.30409954423012653 -5.14605413025
9.2 0.30579460690643406 -5.15105041456
9.3 0.30748127596427399 -5.15575547458
9.4 0.30915969978474567 -5.16017684473
9.5 0.31083002290405076 -5.16432180519
9.6 0.31249238615485792 -5.16819739405
9.7 0.31414692680106648 -5.17181041869
9.8 0.31579377866634295 -5.17516746656
9.9 0.31743307225677786 -5.17827491527
10.0 0.31906493487798943 -5.18113894211
10.1 0.32068949074697878 -5.18376553304
10.2 0.32230686109902068 -5.18616049120
10.3 0.32391716428985806 -5.18832944486
10.4 0.32552051589344949 -5.19027785503
10.5 0.32711702879550453 -5.19201102258
10.6 0.32870681328302698 -5.19353409506
10.7 0.33028997713007269 -5.19485207304
10.8 0.33186662567991565 -5.19596981625
10.9 0.33343686192380506 -5.19689204930
11.0 0.33500078657648524 -5.19762336718
11.1 0.33655849814863903 -5.19816824043
11.2 0.33811009301640765 -5.19853102005
11.3 0.33965566548812931 -5.19871594227
11.4 0.34119530786843266 -5.19872713295
11.5 0.34272911051981081 -5.19856861185
11.6 0.34425716192179839 -5.19824429671
11.7 0.34577954872786260 -5.19775800711
11.8 0.34729635582011686 -5.19711346815
11.9 0.34880766636195842 -5.19631431403
12.0 0.35031356184872481 -5.19536409135
12.1 0.35181412215645985 -5.19426626245
12.2 0.35330942558887629 -5.19302420843
12.3 0.35479954892259385 -5.19164123216
12.4 0.35628456745073178 -5.19012056115
12.5 0.35776455502492738 -5.18846535030
12.6 0.35923958409585033 -5.18667868452
12.7 0.36070972575227789 -5.18476358133
12.8 0.36217504975879339 -5.18272299330
12.9 0.36363562459216681 -5.18055981046
13.0 0.36509151747647400 -5.17827686259
13.1 0.36654279441700738 -5.17587692149
13.2 0.36798952023302828 -5.17336270318
13.3 0.36943175858941057 -5.17073687001
13.4 0.37086957202721976 -5.16800203274
13.5 0.37230302199327187 -5.16516075265
13.6 0.37373216886871380 -5.16221554347
13.7 0.37515707199666415 -5.15916887345
13.8 0.37657778970895234 -5.15602316725
13.9 0.37799437935199204 -5.15278080799
14.0 0.37940689731182314 -5.14944413911
14.1 0.38081539903835421 -5.14601546640
14.2 0.38221993906883789 -5.14249705994
14.3 0.38362057105060715 -5.13889115612
14.4 0.38501734776310242 -5.13519995967
14.5 0.38641032113921558 -5.13142564572
14.6 0.38779954228597707 -5.12757036201
14.7 0.38918506150461102 -5.12363623103
14.8 0.39056692830998108 -5.11962535241
14.9 0.39194519144945134 -5.11553980531
15.0 0.39331989892118169 -5.11138165098
15.1 0.39469109799188024 -5.10715293550
15.2 0.39605883521403118 -5.10285569264
15.3 0.39742315644261811 -5.09849194704
15.4 0.39878410685136023 -5.09406371748
15.5 0.40014173094847860 -5.08957302060
15.6 0.40149607259201053 -5.08502187482
15.7 0.40284717500468581 -5.08041230471
15.8 0.40419508078838223 -5.07574634577
15.9 0.40553983193817339 -5.07102604968
16.0 0.40688146985598445 -5.06625349013
16.1 0.40822003536386753 -5.06143076930
16.2 0.40955556871691118 -5.05656002505
16.3 0.41088810961579586 -5.05164343885
16.4 0.41221769721900697 -5.04668324474
16.5 0.41354437015471773 -5.04168173916
16.6 0.41486816653235176 -5.03664129194
16.7 0.41618912395383745 -5.03156435842
16.8 0.41750727952456318 -5.02645349287
16.9 0.41882266986404287 -5.02131136307
17.0 0.42013533111630319 -5.01614076629
17.1 0.42144529895999888 -5.01094464632
17.2 0.42275260861826658 -5.00572611152
17.3 0.42405729486832622 -5.00048845352
17.4 0.42535939205083484 -4.99523516603
17.5 0.42665893407900496 -4.98996996305
17.6 0.42795595444749102 -4.98469679547
17.7 0.42925048624105394 -4.97941986490
17.8 0.43054256214300907 -4.97414363320
17.9 0.43183221444346498 -4.96887282600
18.0 0.43311947504735931 -4.96361242881
18.1 0.43440437548229766 -4.95836767394
18.2 0.43568694690620202 -4.95314401761
18.3 0.43696722011477462 -4.94794710678
18.4 0.43824522554878126 -4.94278273654
18.5 0.43952099330116196 -4.93765680000
18.6 0.44079455312397198 -4.93257523345
18.7 0.44206593443515912 -4.92754396041
18.8 0.44333516632518272 -4.92256883845
18.9 0.44460227756347698 -4.91765561257
19.0 0.44586729660476643 -4.91280987790
19.1 0.44713025159523395 -4.90803705410
19.2 0.44839117037854909 -4.90334237227
19.3 0.44965008050175848 -4.89873087462
19.4 0.45090700922104293 -4.89420742637
19.5 0.45216198350734593 -4.88977673878
19.6 0.45341503005187517 -4.88544340247
19.7 0.45466617527148268 -4.88121192998
19.8 0.45591544531392630 -4.87708680712
19.9 0.45716286606301498 -4.87307255304
20.0 0.45840846314364242 -4.86917378957
20.1 0.45965226192671138 -4.86539532099
20.2 0.46089428753395190 -4.86174222644
20.3 0.46213456484263626 -4.85821996765
20.4 0.46337311849019369 -4.85483451606
20.5 0.46460997287872730 -4.85159250444
20.6 0.46584515217943595 -4.84850140927
20.7 0.46707868033694405 -4.84556977117
20.8 0.46831058107354084 -4.84280746085
20.9 0.46954087789333243 -4.84022599557
21.0 0.47076959408630886 -4.83783890252
21.1 0.47199675273232761 -4.83566210285
21.2 0.47322237670501677 -4.83371423853
21.3 0.47444648867559963 -4.83201675924
21.4 0.47566911111664228 -4.83059340895
21.5 0.47689026630572684 -4.82946855797
21.6 0.47810997632905239 -4.82866393618
21.7 0.47932826308496429 -4.82819445538
21.8 0.48054514828741574 -4.82806656356
21.9 0.48176065346936059 -4.82828905054
22.0 0.48297479998608267 -4.82892828618
