23 0.49504611604806875 -4.84861459827
22.8 0.49264156670383669 -4.84607283055
22.6 0.49023232143590700 -4.84341270064
22.4 0.48781822046902723 -4.84063089300
22.2 0.48539910157616445 -4.83772411327
22.0 0.48297479998608267 -4.83468912483
21.8 0.48054514828741574 -4.83152280404
21.6 0.47810997632905239 -4.82822222566
21.4 0.47566911111664228 -4.82478480037
21.2 0.47322237670501677 -4.82120851011
21.0 0.47076959408630886 -4.81749234865
20.8 0.46831058107354084 -4.81363727150
20.6 0.46584515217943595 -4.80964882652
20.4 0.46337311849019369 -4.80555238675
