   69.500000000000000        1.2426558648313226       -4.7760708458899996     
   69.250000000000000        1.2344594529595776       -4.7802407039199997     
   69.000000000000000        1.2263967642726714       -4.7844450034900001     
   68.750000000000000        1.2184637462790018       -4.7887028332400003     
   68.500000000000000        1.2106565115415191       -4.7930127356999996     
   68.250000000000000        1.2029713290986654       -4.7973542676800003     
   68.000000000000000        1.1954046164231349       -4.8016935543799999     
   67.750000000000000        1.1879529318790409       -4.8059917669900001     
   67.500000000000000        1.1806129676413906       -4.8102132442099998     
   67.250000000000000        1.1733815430447392       -4.8143301701499999     
   67.000000000000000        1.1662555983306084       -4.8183234502800003     
   66.750000000000000        1.1592321887657087       -4.8221814224699999     
   66.500000000000000        1.1523084791052536       -4.8258980049800000     
   66.250000000000000        1.1454817383776770       -4.8294710677700001     
   66.000000000000000        1.1387493349689228       -4.8329012249499996     
   65.750000000000000        1.1321087319861824       -4.8361910050299999     
   65.500000000000000        1.1255574828824770       -4.8393442990200004     
   65.250000000000000        1.1190932273249123       -4.8423659947299997     
   65.000000000000000        1.1127136872907215       -4.8452617256000003     
   64.750000000000000        1.1064166633763877       -4.8480376799700000     
   64.500000000000000        1.1002000313062268       -4.8507004280399997     
   64.250000000000000        1.0940617386278098       -4.8532567316800002     
   64.000000000000000        1.0879998015825072       -4.8557133088700004     
   63.750000000000000        1.0820123021402799       -4.8580765288299999     
   63.500000000000000        1.0760973851886237       -4.8603520219299998     
   63.250000000000000        1.0702532558662603       -4.8625441929899997     
   63.000000000000000        1.0644781770328475       -4.8646556332099999     
   62.750000000000000        1.0587704668665670       -4.8666864307399997     
   62.500000000000000        1.0531284965820111       -4.8686333863400000     
   62.250000000000000        1.0475506882612993       -4.8704891428800003     
   62.000000000000000        1.0420355127918348       -4.8722412092500003     
   61.750000000000000        1.0365814879045478       -4.8738706914899996     
   61.500000000000000        1.0311871763068714       -4.8753498515600002     
   61.250000000000000        1.0258511839050852       -4.8766343929399998     
   61.000000000000000        1.0205721581109972       -4.8776197768999996     
   60.750000000000000        1.0153487862282633       -4.8781968727900002     
   60.500000000000000        1.0101797939139427       -4.8785623825000002     
   60.250000000000000        1.0050639437111659       -4.8787846562099997     
   60.000000000000000        1.0000000336490449       -4.8788882036099999     
   59.750000000000000       0.99498689590620693       -4.8788880175099996     
   59.500000000000000       0.99002339553454166       -4.8787951643099996     
   59.250000000000000       0.98510842923997155       -4.8786185456100002     
   59.000000000000000       0.98024092421724396       -4.8783656580199999     
   58.750000000000000       0.97541983703592194       -4.8780429966899996     
   58.500000000000000       0.97064415257492132       -4.8776563038700003     
   58.250000000000000       0.96591288300310196       -4.8772107378099996     
   58.000000000000000       0.96122506680355879       -4.8767109946799998     
   57.750000000000000       0.95657976783940157       -4.8761613995499999     
   57.500000000000000       0.95197607445894206       -4.8755659757599998     
   57.250000000000000       0.94741309863831702       -4.8749284982200001     
   57.000000000000000       0.94288997515969897       -4.8742525347000001     
   56.750000000000000       0.93840586082334254       -4.8735414780099999     
   56.500000000000000       0.93395993369181618       -4.8727985710299997     
   56.250000000000000       0.92955139236486140       -4.8720269264600002     
   56.000000000000000       0.92517945528340284       -4.8712295421900000     
   55.750000000000000       0.92084336006132139       -4.8704093134999997     
   55.500000000000000       0.91654236284366797       -4.8695690426900002     
   55.250000000000000       0.91227573769007742       -4.8687114466399999     
   55.000000000000000       0.90804277598219907       -4.8678391629200002     
   54.750000000000000       0.90384278585403033       -4.8669547545200000     
   54.500000000000000       0.89967509164409376       -4.8660607136899996     
   54.250000000000000       0.89553903336845653       -4.8651594649499996     
   54.000000000000000       0.89143396621364279       -4.8642533674799999     
   53.750000000000000       0.88735926004853483       -4.8633447170200004     
   53.500000000000000       0.88331429895441260       -4.8624357473100002     
   53.250000000000000       0.87929848077231665       -4.8615286312599997     
   53.000000000000000       0.87531121666696521       -4.8606254817999996     
   52.750000000000000       0.87135193070649397       -4.8597283524800003     
   52.500000000000000       0.86742005945732381       -4.8588392379499998     
   52.250000000000000       0.86351505159349251       -4.8579600742400002     
   52.000000000000000       0.85963636751982619       -4.8570927388799996     
   51.750000000000000       0.85578347900834917       -4.8562390509500002     
   51.500000000000000       0.85195586884736429       -4.8554007710500002     
   51.250000000000000       0.84815303050266300       -4.8545796010800002     
   51.000000000000000       0.84437446779034697       -4.8537771841100001     
   50.750000000000000       0.84061969456077290       -4.8529951040099997     
   50.500000000000000       0.83688823439314863       -4.8522348852099997     
   50.250000000000000       0.83317962030033754       -4.8514979922499997     
   50.000000000000000       0.82949339444344139       -4.8507858294200004     
   49.750000000000000       0.82582910785575958       -4.8500997402800001     
   49.500000000000000       0.82218632017573356       -4.8494410072000003     
   49.250000000000000       0.81856459938850701       -4.8488108508899996     
   49.000000000000000       0.81496352157574936       -4.8482104298699999     
   48.750000000000000       0.81138267067340353       -4.8476408399800004     
   48.500000000000000       0.80782163823703412       -4.8471031138400003     
   48.250000000000000       0.80428002321446923       -4.8465982203599998     
   48.000000000000000       0.80075743172543956       -4.8461270642300001     
   47.750000000000000       0.79725347684792980       -4.8456904854199996     
   47.500000000000000       0.79376777841097601       -4.8452892586700003     
   47.250000000000000       0.79029996279364645       -4.8449240930900004     
   47.000000000000000       0.78684966272995749       -4.8445956316799998     
   46.750000000000000       0.78341651711948912       -4.8443044509100002     
   46.500000000000000       0.78000017084346973       -4.8440510604000000     
   46.250000000000000       0.77660027458611014       -4.8438359025100004     
   46.000000000000000       0.77321648466098036       -4.8436593520900004     
   45.750000000000000       0.76984846284222430       -4.8435217162099997     
   45.500000000000000       0.76649587620041937       -4.8434232339000003     
   45.250000000000000       0.76315839694289456       -4.8433640760500003     
   45.000000000000000       0.75983570225832975       -4.8433443452300002     
   44.750000000000000       0.75652747416546084       -4.8433640756300003     
   44.500000000000000       0.75323339936572720       -4.8434232330700002     
   44.250000000000000       0.74995316909970178       -4.8435217149599996     
   44.000000000000000       0.74668647900714824       -4.8436593504300003     
   43.750000000000000       0.74343302899055930       -4.8438359004300002     
   43.500000000000000       0.74019252308203054       -4.8440510578999998     
   43.250000000000000       0.73696466931333482       -4.8443044480099999     
   43.000000000000000       0.73374917958905994       -4.8445956283599996     
   42.750000000000000       0.73054576956268569       -4.8449240893600001     
   42.500000000000000       0.72735415851547003       -4.8452892545299999     
   42.250000000000000       0.72417406923802852       -4.8456904808700001     
   42.000000000000000       0.72100522791448773       -4.8461270592799996     
   41.750000000000000       0.71784736400909988       -4.8465982150100002     
   41.500000000000000       0.71470021015520846       -4.8471031080799998     
   41.250000000000000       0.71156350204645979       -4.8476408338299999     
   41.000000000000000       0.70843697833015451       -4.8482104233300003     
   40.750000000000000       0.70532038050263912       -4.8488108439499999     
   40.500000000000000       0.70221345280664171       -4.8494409998699997     
   40.250000000000000       0.69911594213045092       -4.8500997325600004     
   40.000000000000000       0.69602759790885060       -4.8507858213199997     
   39.750000000000000       0.69294817202571524       -4.8514979837699999     
   39.500000000000000       0.68987741871817743       -4.8522348763499998     
   39.250000000000000       0.68681509448228206       -4.8529950947799998     
   39.000000000000000       0.68376095798003989       -4.8537771745100002     
   38.750000000000000       0.68071476994779589       -4.8545795911300003     
   38.500000000000000       0.67767629310583211       -4.8554007607300003     
   38.250000000000000       0.67464529206912238       -4.8562390402800002     
   38.000000000000000       0.67162153325915808       -4.8570927278499996     
   37.750000000000000       0.66860478481676788       -4.8579600628700002     
   37.500000000000000       0.66559481651585173       -4.8588392262399998     
   37.500000000000000       0.66559481651585173       -4.8588392262399998     
   37.250000000000000       0.66259139967795155       -4.8597283404300002     
   37.000000000000000       0.65959430708758449       -4.8606254694200004     
   36.750000000000000       0.65660331290825846       -4.8615286185600004     
   36.500000000000000       0.65361819259909770       -4.8624357342800000     
   36.250000000000000       0.65063872283200119       -4.8633447036700002     
   36.000000000000000       0.64766468140925815       -4.8642533538199997     
   35.750000000000000       0.64469584718154593       -4.8651594509800002     
   35.500000000000000       0.64173199996623487       -4.8660606994200002     
   35.250000000000000       0.63877292046592293       -4.8669547399499997     
   35.000000000000000       0.63581839018712483       -4.8678391480599998     
   34.750000000000000       0.63286819135903882       -4.8687114314900004     
   34.500000000000000       0.62992210685231265       -4.8695690272499998     
   34.250000000000000       0.62697992009773107       -4.8704092977900002     
   34.000000000000000       0.62404141500474464       -4.8712295261999996     
   33.750000000000000       0.62110637587975959       -4.8720269102099998     
   33.500000000000000       0.61817458734410646       -4.8727985545200001     
   33.250000000000000       0.61524583425160395       -4.8735414612300003     
   33.000000000000000       0.61231990160563299       -4.8742525176799996     
   32.750000000000000       0.60939657447563289       -4.8749284809500004     
   32.500000000000000       0.60647563791293169       -4.8755659582500002     
   32.250000000000000       0.60355687686581816       -4.8761613818000002     
   32.000000000000000       0.60064007609376124       -4.8767109766900001     
   31.750000000000000       0.59772502008068074       -4.8772107196099999     
   31.500000000000000       0.59481149294717062       -4.8776562854399996     
   31.250000000000000       0.59189927836156764       -4.8780429780399999     
   31.000000000000000       0.58898815944976501       -4.8783656391600001     
   30.750000000000000       0.58607791870365555       -4.8786185265500004     
   30.500000000000000       0.58316833788809341       -4.8787951450499998     
   30.250000000000000       0.58025919794625369       -4.8788879980499997     
   30.000000000000000       0.57735027890326807       -4.8788881839500000     
   29.750000000000000       0.57444135976800692       -4.8787846363699998     
   29.500000000000000       0.57153221843287527       -4.8785623624700003     
   29.250000000000000       0.56862263157148163       -4.8781968525600004     
   29.000000000000000       0.56571237453403433       -4.8776197564399997     
   28.750000000000000       0.56280122124031395       -4.8766343723599999     
   28.500000000000000       0.55988894407005929       -4.8753498308700003     
   28.250000000000000       0.55697531375060216       -4.8738706707099997     
   28.000000000000000       0.55406009924157285       -4.8722411883700003     
   27.750000000000000       0.55114306761649301       -4.8704891219000004     
   27.500000000000000       0.54822398394106098       -4.8686333652700000     
   27.250000000000000       0.54530261114792489       -4.8666864095899998     
   27.000000000000000       0.54237870990772830       -4.8646556119700000     
   26.750000000000000       0.53945203849620049       -4.8625441716499997     
   26.500000000000000       0.53652235265705239       -4.8603520004899998     
   26.250000000000000       0.53358940546042311       -4.8580765072799998     
   26.000000000000000       0.53065294715660993       -4.8557132872000004     
   25.750000000000000       0.52771272502479782       -4.8532567098700001     
   25.500000000000000       0.52476848321648584       -4.8507004060799996     
   25.250000000000000       0.52181996259329522       -4.8480376578400000     
   25.000000000000000       0.51886690055881535       -4.8452617032800003     
   24.750000000000000       0.51590903088413309       -4.8423659721999996     
   24.500000000000000       0.51294608352666027       -4.8393442762600003     
   24.250000000000000       0.50997778444185260       -4.8361909820099998     
   24.000000000000000       0.50700385538738835       -4.8329012016500004     
   23.750000000000000       0.50402401371934424       -4.8294710441699999     
   23.500000000000000       0.50103797217987622       -4.8258979810399998     
   23.250000000000000       0.49804543867587991       -4.8221813981499997     
   23.000000000000000       0.49504611604806875       -4.8183234255400000     
   22.750000000000000       0.49203970182987000       -4.8143301449399996     
   22.500000000000000       0.48902588799549546       -4.8102132184500004     
   22.250000000000000       0.48600436069649899       -4.8059917405899997     
   22.000000000000000       0.48297479998608267       -4.8016935272200003     
   21.750000000000000       0.47993687953036013       -4.7973542396099997     
   21.500000000000000       0.47689026630572684       -4.7930127065599999     
   21.250000000000000       0.47383462028142359       -4.7887028028599996     
   21.000000000000000       0.47076959408630886       -4.7844449717400002     
   20.750000000000000       0.46769483265878409       -4.7802406706999996     
