5 0.22474786951272291 -4.53523316819
5.25 0.23032811073355966 -4.60821787015
5.50 0.23578063841929153 -4.67411414318
5.75 0.24111432303437602 -4.73369790395
6.00 0.24633708657984518 -4.78762692291
6.25 0.25145603955751983 -4.83646316784
6.50 0.25647759350390792 -4.88069025943
6.75 0.26140755421862366 -4.92072724034
7.00 0.26625119958804888 -4.95693953208
7.25 0.27101334500631991 -4.98964772531
7.50 0.27569839872782342 -5.01913468479
7.75 0.28031040898329512 -5.04565133238
8.00 0.28485310431016619 -5.06942138485
8.25 0.28932992825516618 -5.09064525929
8.50 0.29374406938062309 -5.10950331106
8.75 0.29809848732900202 -5.12615853337
9.00 0.30239593556098865 -5.14075881982
9.25 0.30663898127202549 -5.15343887035
9.50 0.31083002290405076 -5.16432180492
9.75 0.31497130559833353 -5.17352053602
10.00 0.31906493487798943 -5.18113894178
10.25 0.32311288880213562 -5.18727287309
10.50 0.32711702879550453 -5.19201102220
10.75 0.33107910932596624 -5.19543567518
11.00 0.33500078657648524 -5.19762336673
11.25 0.33888362623650670 -5.19864545240
11.50 0.34272911051981081 -5.19856861126
11.75 0.34653864450082428 -5.19745528894
12.00 0.35031356184872481 -5.19536409066
12.25 0.35405513002798283 -5.19235013137
12.50 0.35776455502492738 -5.18846534948
12.75 0.36144298565221100 -5.18375878997
13.00 0.36509151747647400 -5.17827686164
13.25 0.36871119640886968 -5.17206357308
13.50 0.37230302199327187 -5.16516075155
13.75 0.37586795042281695 -5.15760824880
14.00 0.37940689731182314 -5.14944413786
14.25 0.38292074024700901 -5.14070490536
14.50 0.38641032113921558 -5.13142564431
14.75 0.38987644839447261 -5.12164025463
15.00 0.39331989892118169 -5.11138165083
15.25 0.39674141998838264 -5.10068200626
15.50 0.40014173094847860 -5.08957302045
15.75 0.40352152483640419 -5.07808624591
16.00 0.40688146985598445 -5.06625348997
16.25 0.41022221076315113 -5.05410732375
16.50 0.41354437015471773 -5.04168173900
16.75 0.41684854967056112 -5.02901300308
17.00 0.42013533111630319 -5.01614076610
17.25 0.42340527751290741 -5.00310945930
17.50 0.42665893407900496 -4.98996996273
17.75 0.42989682915123001 -4.97678137202
18.00 0.43311947504735931 -4.96361242792
18.25 0.43632736887662232 -4.95054185934
18.50 0.43952099330116196 -4.93765679950 -4.93780903483
18.75 0.44270081725227745 -4.92504901828 -4.92573015479
19.00 0.44586729660476643 -4.91280987805 -4.91428549687
19.25 0.44902087481240505 -4.90102591675 -4.90347452833
19.50 0.45216198350734593 -4.88977673849 -4.89331145185
19.75 0.45529104306598517 -4.87913579357 -4.88382037780
20.00 0.45840846314364242 -4.86917378744 -4.87502871857
20.25 0.46151464318020630 -4.85996437943
20.50 0.46460997287872730 -4.85159250100
20.75 0.46769483265878409 -4.84416677070
21.00 0.47076959408630886 -4.83783890206
21.25 0.47383462028142359 -4.83283275773
21.50 0.47689026630572684 -4.82652076233
21.75 0.47993687953036013 -4.83071035469
22.00 0.48297479998608267 -4.83468912520
22.25 0.48600436069649899 -4.83846270305
22.50 0.48902588799549546 -4.84203721356
22.75 0.49203970182987000 -4.84541902440
23.00 0.49504611604806875 -4.84861459849
23.25 0.49804543867587991 -4.85163040566
23.50 0.50103797217987622 -4.85447286978
23.75 0.50402401371934424 -4.85714833970
24.00 0.50700385538738835 -4.85966307658
24.25 0.50997778444185260 -4.86202325418
24.50 0.51294608352666027 -4.86423497080
24.75 0.51590903088413309 -4.86630427184
25.00 0.51886690055881535 -4.86823718463
25.25 0.52181996259329522 -4.87003976669
25.50 0.52476848321648584 -4.87171817181
25.75 0.52771272502479782 -4.87327873826
26.00 0.53065294715660993 -4.87472810748
26.25 0.53358940546042311 -4.87607338443
26.50 0.53652235265705239 -4.87732235586
26.75 0.53945203849620049 -4.87848379140
27.00 0.54237870990772830 -4.87956785983
27.25 0.54530261114792489 -4.88058671013
27.50 0.54822398394106098 -4.88155527591
27.75 0.55114306761649301 -4.88249236497
28.00 0.55406009924157285 -4.88342203977
28.25 0.55697531375060216 -4.88437504691
28.50 0.55988894407005929 -4.88538930053
28.75 0.56280122124031395 -4.88650678323
29.00 0.56571237453403433 -4.88776319202
29.25 0.56862263157148163 -4.88917282685
29.50 0.57153221843287527 -4.89072329533
29.75 0.57444135976800692 -4.89238676239
30.00 0.57735027890326807 -4.89413390482
30.25 0.58025919794625369 -4.89594038677
30.50 0.58316833788809341 -4.89778766591
30.75 0.58607791870365555 -4.89966188252
31.00 0.58898815944976501 -4.90155256463
31.25 0.59189927836156764 -4.90345161497
31.50 0.59481149294717062 -4.90535259738
31.75 0.59772502008068074 -4.90725025477
32.00 0.60064007609376124 -4.90914018632
32.25 0.60355687686581816 -4.91101862987
32.50 0.60647563791293169 -4.91288231439
32.75 0.60939657447563289 -4.91472835556
33.00 0.61231990160563299 -4.91655419421
33.25 0.61524583425160395 -4.91835753082
33.50 0.61817458734410646 -4.92013629737
33.75 0.62110637587975959 -4.92188862661
34.00 0.62404141500474464 -4.92361283026
34.25 0.62697992009773107 -4.92530738139
34.50 0.62992210685231265 -4.92697089990
34.75 0.63286819135903882 -4.92860214028
35.00 0.63581839018712483 -4.93019998079
35.25 0.63877292046592293 -4.93176341392
35.50 0.64173199996623487 -4.93329153772
35.75 0.64469584718154593 -4.93478354782
36.00 0.64766468140925815 -4.93623873003
36.25 0.65063872283200119 -4.93765645341
36.50 0.65361819259909770 -4.93903616382
36.75 0.65660331290825846 -4.94037737775
37.00 0.65959430708758449 -4.94167967660
37.25 0.66259139967795155 -4.94294270120
37.50 0.66559481651585173 -4.94416614669
37.75 0.66860478481676788 -4.94534975765
38.00 0.67162153325915808 -4.94649332357
38.25 0.67464529206912238 -4.94759667449
38.50 0.67767629310583211 -4.94865967698
38.75 0.68071476994779589 -4.94968223033
39.00 0.68376095798003989 -4.95066426295
39.25 0.68681509448228206 -4.95160572906
39.50 0.68987741871817743 -4.95250660553
39.75 0.69294817202571524 -4.95336688893
40.00 0.69602759790885060 -4.95418659286
40.25 0.69911594213045092 -4.95496574539
40.50 0.70221345280664171 -4.95570438645
40.75 0.70532038050263912 -4.95640256607
41.00 0.70843697833015451 -4.95706034200
41.25 0.71156350204645979 -4.95767777793
41.50 0.71470021015520846 -4.95825494178
41.75 0.71784736400909988 -4.95879190229
42.00 0.72100522791448773 -4.95928873449
42.25 0.72417406923802852 -4.95974550810
42.50 0.72735415851547003 -4.96016229308
42.75 0.73054576956268569 -4.96053915683
43.00 0.73374917958905994 -4.96087616325
43.25 0.73696466931333482 -4.96117337180
43.50 0.74019252308203054 -4.96143083673
43.75 0.74343302899055930 -4.96164860643
44.00 0.74668647900714824 -4.96182672282
44.25 0.74995316909970178 -4.96196522084
44.50 0.75323339936572720 -4.96206412808
44.75 0.75652747416546084 -4.96212346449
45.00 0.75983570225832975
45.25 0.76315839694289456 -4.96212346494
45.50 0.76649587620041937 -4.96206412898
45.75 0.76984846284222430 -4.96196522218
46.00 0.77321648466098036 -4.96182672461
46.25 0.77660027458611014 -4.96164860867
46.50 0.78000017084346973 -4.96143083941
46.75 0.78341651711948912 -4.96117337492
47.00 0.78684966272995749 -4.96087616682
47.25 0.79029996279364645 -4.96053916084
47.50 0.79376777841097601 -4.96016229753
47.75 0.79725347684792980 -4.95974551300
48.00 0.80075743172543956 -4.95928873983
48.25 0.80428002321446923 -4.95879190806
48.50 0.80782163823703412 -4.95825494799
48.75 0.81138267067340353 -4.95767778458
49.00 0.81496352157574936 -4.95706034908
49.25 0.81856459938850701 -4.95640257359
49.50 0.82218632017573356 -4.95570439440
49.75 0.82582910785575958 -4.95496575377
50.00 0.82949339444344139 -4.95418660167
50.25 0.83317962030033754 -4.95336689816
50.50 0.83688823439314863 -4.95250661518
50.75 0.84061969456077290 -4.95160573913
51.00 0.84437446779034697 -4.95066427344
51.25 0.84815303050266300 -4.94968224123
51.50 0.85195586884736429 -4.94865968829
51.75 0.85578347900834917 -4.94759668621
52.00 0.85963636751982619 -4.94649333569
52.25 0.86351505159349251 -4.94534977017
52.50 0.86742005945732381 -4.94416615960
52.75 0.87135193070649397 -4.94294271450
53.00 0.87531121666696521 -4.94167969029
53.25 0.87929848077231665 -4.94037739182
53.50 0.88331429895441260 -4.93903617826
53.75 0.88735926004853483 -4.93765646822
54.00 0.89143396621364279 -4.93623874520
54.25 0.89553903336845653 -4.93478356335
54.50 0.89967509164409376 -4.93329155359
54.75 0.90384278585403033 -4.93176343013
55.00 0.90804277598219907 -4.93019999734
55.25 0.91227573769007742 -4.92860215716
55.50 0.91654236284366797 -4.92697091709
55.75 0.92084336006132139 -4.92530739889
56.00 0.92517945528340284 -4.92361284806
56.25 0.92955139236486140 -4.92188864470
56.50 0.93395993369181618 -4.92013631574
56.75 0.93840586082334254 -4.91835754946
57.00 0.94288997515969897 -4.91655421311
57.25 0.94741309863831702 -4.91472837471
57.50 0.95197607445894206 -4.91288233377
57.75 0.95657976783940157 -4.91101864947
58.00 0.96122506680355879 -4.90914020613
58.25 0.96591288300310196 -4.90725027478
58.50 0.97064415257492132 -4.90535261758
58.75 0.97541983703592194 -4.90345163534
59.00 0.98024092421724396 -4.90155258517
59.25 0.98510842923997155 -4.89966190321
59.50 0.99002339553454166 -4.89778768674
59.75 0.99498689590620693 -4.89594040773
60.00 1.0000000336490449 -4.89413392591
60.25 1.0050639437111659 -4.89238678360
60.50 1.0101797939139427 -4.89072331665
60.75 1.0153487862282633 -4.88917284830
61.00 1.0205721581109972 -4.88776321363
61.25 1.0258511839050852 -4.88650680502
61.50 1.0311871763068714 -4.88538932252
61.75 1.0365814879045478 -4.88437506913
62.00 1.0420355127918348 -4.88342206222
62.25 1.0475506882612993 -4.88249238766
62.50 1.0531284965820111 -4.88155529885
62.75 1.0587704668665670 -4.88058673333
63.00 1.0644781770328475 -4.87956788330
63.25 1.0702532558662603 -4.87848381514
63.50 1.0760973851886237 -4.87732237988
63.75 1.0820123021402799 -4.87607340875
64.00 1.0879998015825072 -4.87472813210
64.25 1.0940617386278098 -4.87327876320
64.50 1.1002000313062268 -4.87171819708
64.75 1.1064166633763877 -4.87003979230
65.00 1.1127136872907215 -4.86823721060
65.25 1.1190932273249123 -4.86630429818
65.50 1.1255574828824770 -4.86423499752
65.75 1.1321087319861824 -4.86202328130
66.00 1.1387493349689228 -4.85966310412
66.25 1.1454817383776770 -4.85714836767
66.50 1.1523084791052536 -4.85447289820
66.75 1.1592321887657087 -4.85163043455
67.00 1.1662555983306084 -4.84861462787
67.25 1.1733815430447392 -4.84541905428
67.50 1.1806129676413906 -4.84203724397
67.75 1.1879529318790409 -4.83846273400
68.00 1.1954046164231349 -4.83468915671
68.25 1.2029713290986654 -4.83071038678
68.50 1.2106565115415191 -4.82652079501
68.75 1.2184637462790018 -4.83283280817
69.00 1.2263967642726714 -4.83783895760
69.25 1.2344594529595776 -4.84416683045
69.50 1.2426558648313226 -4.85159256429
69.75 1.2509902265939778 -4.85996444578
70.00 1.2594669489559134 -4.86917385649 -4.87502878977
70.25 1.2680906370950717 -4.87913586504 -4.88382045082
70.50 1.2768661018621295 -4.88977681214 -4.89331152660
70.75 1.2857983717814927 -4.90102599240 -4.90347460471
71.00 1.2948927059181552 -4.91280995553 -4.91428557481
71.25 1.3041546076852373 -4.92504909745 -4.92573023423
71.50 1.3135898396745678 -4.93765688025 -4.93780911569
71.75 1.3232044396011293 -4.95054194156
72.00 1.3330047374615932 -4.96361251152
72.25 1.3429973740177321 -4.97678145693
72.50 1.3531893207273342 -4.98997004889
72.75 1.3635879012585173 -5.00310954668
73.00 1.3742008147382716 -5.01614085468
73.25 1.3850361609029067 -5.02901309285
73.50 1.3961024673370386 -5.04168182998
73.75 1.4074087190092159 -5.05410741596
74.00 1.4189643903365978 -5.06625358345
74.25 1.4307794800386300 -5.07808634070
74.50 1.4428645490710084 -5.08957311660
74.75 1.4552307619668963 -5.10068210386
75.00 1.4678899319530556 -5.11138174995
75.25 1.4808545702551064 -5.12164035536
75.50 1.4941379400594756 -5.13142574676
75.75 1.5077541156608558 -5.14070500964
76.00 1.5217180473945009 -5.14944424411
76.25 1.5360456330340897 -5.15760835717
76.50 1.5507537964299845 -5.16516086220
76.75 1.5658605742718710 -5.17206368619
77.00 1.5813852119866876 -5.17827697741
77.25 1.5973482699307082 -5.18375890864
77.50 1.6137717412076256 -5.18846547129
77.75 1.6306791826473761 -5.19235025659
78.00 1.6480958607190197 -5.19536421961
78.25 1.6660489144325314 -5.19745542194
78.50 1.6845675376176648 -5.19856874870
78.75 1.7036831833639368 -5.19864559468
79.00 1.7234297938777567 -5.19762351431
79.25 1.7438440595774944 -5.19543582858
79.50 1.7649657119256603 -5.19201118197
79.75 1.7868378553155890 -5.18727303986
80.00 1.8095073443210954 -5.18113911625
80.25 1.8330252138232914 -5.17352071895
80.50 1.8574471710024862 -5.16432199718
80.75 1.8828341599932619 -5.15343907290
81.00 1.9092530122354845 -5.14075903372
81.25 1.9367771983277440 -5.12615875984
81.50 1.9654877006520655 -5.10950355143
81.75 1.9954740303864316 -5.09064551507
82.00 2.0268354180156947 -5.06942165774
82.25 2.0596822134404817 -5.04565162429
82.50 2.0941375407372735 -5.01913499789
82.75 2.1303392641794385 -4.98964806206
83.00 2.1684423371644423 -4.95693989526
83.25 2.2086216254199424 -4.92072763314
83.50 2.2510753219802888 -4.88069068551
83.75 2.2960291063410230 -4.83646363137
84.00 2.3437412473608381 -4.78762742874
84.25 2.3945089138952178 -4.73369845769
84.50 2.4486760461856742 -4.67411475139
84.75 2.5066432657105051 -4.60821854049
