   84.750000000000000        2.5066432657105051       0.43284270000000002       7.60000000000000008E-006 -0.58625249999999995     
   84.500000000000000        2.4486760461856742       0.42616110000000001       1.15000000000000000E-005 -0.58562479999999995     
   84.250000000000000        2.3945089138952178       0.41952709999999999       1.69999999999999999E-005 -0.58499710000000005     
   84.000000000000000        2.3437412473608381       0.41293079999999999       2.44999999999999992E-005 -0.58435999999999999     
   83.750000000000000        2.2960291063410230       0.40636780000000000       3.46000000000000008E-005 -0.58370440000000001     
   83.500000000000000        2.2510753219802888       0.39984350000000002       4.78999999999999988E-005 -0.58302109999999996     
   83.250000000000000        2.2086216254199424       0.39337190000000000       6.51999999999999992E-005 -0.58230119999999996     
   83.000000000000000        2.1684423371644423       0.38697219999999999       8.72999999999999942E-005 -0.58153560000000004     
   82.750000000000000        2.1303392641794385       0.38066719999999998       1.15400000000000000E-004 -0.58071550000000005     
   82.500000000000000        2.0941375407372735       0.37448140000000002       1.50399999999999997E-004 -0.57983180000000001     
   82.250000000000000        2.0596822134404817       0.36844009999999999       1.93799999999999994E-004 -0.57887540000000004     
   82.000000000000000        2.0268354180156947       0.36256850000000002       2.46999999999999986E-004 -0.57783730000000000     
   81.750000000000000        1.9954740303864316       0.35689169999999998       3.11599999999999985E-004 -0.57670820000000000     
   81.500000000000000        1.9654877006520655       0.35143419999999997       3.89399999999999978E-004 -0.57547890000000002     
   81.250000000000000        1.9367771983277440       0.34621990000000002       4.82300000000000014E-004 -0.57413999999999998     
   81.000000000000000        1.9092530122354845       0.34127210000000002       5.92500000000000036E-004 -0.57268220000000003     
   80.750000000000000        1.8828341599932619       0.33661320000000000       7.22100000000000042E-004 -0.57109600000000005     
   80.500000000000000        1.8574471710024862       0.33226480000000003       8.73599999999999984E-004 -0.56937210000000005     
   80.250000000000000        1.8330252138232914       0.32824740000000002       1.04950000000000009E-003 -0.56750140000000004     
   80.000000000000000        1.8095073443210954       0.32457989999999998       1.25249999999999992E-003 -0.56547480000000006     
   79.750000000000000        1.7868378553155890       0.32127980000000000       1.48520000000000011E-003 -0.56328370000000005     
   79.500000000000000        1.7649657119256603       0.31836219999999998       1.75050000000000010E-003 -0.56091990000000003     
   79.250000000000000        1.7438440595774944       0.31583950000000000       2.05110000000000015E-003 -0.55837570000000003     
   79.000000000000000        1.7234297938777567       0.31372139999999998       2.38980000000000008E-003 -0.55564429999999998     
   78.750000000000000        1.7036831833639368       0.31201309999999999       2.76949999999999983E-003 -0.55271939999999997     
   78.500000000000000        1.6845675376176648       0.31071559999999998       3.19270000000000014E-003 -0.54959570000000002     
   78.250000000000000        1.6660489144325314       0.30715360000000003       3.66210000000000016E-003 -0.54626909999999995     
   78.000000000000000        1.6480958607190197       0.29444140000000002       4.17999999999999969E-003 -0.54273620000000000     
   77.750000000000000        1.6306791826473761       0.28176160000000000       4.74869999999999980E-003 -0.53899490000000005     
   77.500000000000000        1.6137717412076256       0.26911370000000001       5.37029999999999973E-003 -0.53504399999999996     
   77.250000000000000        1.5973482699307082       0.25649919999999998       6.04630000000000011E-003 -0.53088320000000000     
   77.000000000000000        1.5813852119866876       0.24392110000000000       6.77840000000000040E-003 -0.52651320000000001     
   76.750000000000000        1.5658605742718710       0.23138420000000001       7.56740000000000017E-003 -0.52193540000000005     
   76.500000000000000        1.5507537964299845       0.21889459999999999       8.41420000000000015E-003 -0.51715160000000004     
   76.250000000000000        1.5360456330340897       0.20645980000000000       9.31889999999999975E-003 -0.51216410000000001     
   76.000000000000000        1.5217180473945009       0.19408880000000001       1.02807999999999997E-002 -0.50697539999999996     
   75.750000000000000        1.5077541156608558       0.18179180000000000       1.12986000000000007E-002 -0.50158769999999997     
   75.500000000000000        1.4941379400594756       0.16958029999999999       1.23697000000000008E-002 -0.49600290000000002     
   75.250000000000000        1.4808545702551064       0.15746679999999999       1.34897000000000003E-002 -0.49022250000000001     
   75.000000000000000        1.4678899319530556       0.14546539999999999       1.46514000000000002E-002 -0.48424679999999998     
   74.750000000000000        1.4552307619668963       0.13359140000000000       1.58434999999999999E-002 -0.47807539999999998     
   74.500000000000000        1.4428645490710084       0.12186160000000000       1.70476999999999990E-002 -0.47170640000000003     
   74.250000000000000        1.4307794800386300       0.11029450000000000       1.82336999999999985E-002 -0.46513620000000000     
   74.000000000000000        1.4189643903365978       9.89107000000000042E-002  1.93498000000000003E-002 -0.45835979999999998     
   73.750000000000000        1.4074087190092159       8.77330999999999944E-002  2.03028999999999987E-002 -0.45136979999999999     
   73.500000000000000        1.3961024673370386       7.67874999999999946E-002  2.09194000000000012E-002 -0.44415729999999998     
   73.250000000000000        1.3850361609029067       6.61029000000000061E-002  2.08677999999999989E-002 -0.43671090000000001     
   73.000000000000000        1.3742008147382716       5.57122999999999993E-002  1.95584999999999995E-002 -0.42901760000000000     
   72.750000000000000        1.3635879012585173       4.56531999999999979E-002  1.62448999999999996E-002 -0.42106280000000001     
   72.500000000000000        1.3531893207273342       3.59680000000000000E-002  1.06680000000000004E-002 -0.41283140000000002     
   72.250000000000000        1.3429973740177321       2.67048000000000008E-002  3.42630000000000018E-003 -0.40430929999999998     
   72.000000000000000        1.3330047374615932       1.79168000000000001E-002 -4.67029999999999963E-003 -0.39548539999999999     
   71.750000000000000        1.3232044396011293       9.66200000000000045E-003 -1.30693000000000007E-002 -0.38635609999999998     
   71.500000000000000        1.3135898396745678       2.00169999999999992E-003 -2.14551000000000013E-002 -0.37692900000000001     
   71.250000000000000        1.3041546076852373      -5.00339999999999986E-003 -2.96440000000000002E-002 -0.36723060000000002     
   71.000000000000000        1.2948927059181552      -1.12967999999999992E-002 -3.75206000000000012E-002 -0.35731249999999998     
   70.750000000000000        1.2857983717814927      -1.68331000000000001E-002 -4.50086999999999987E-002 -0.34725899999999998     
   70.500000000000000        1.2768661018621295      -2.15844999999999995E-002 -5.20580000000000001E-002 -0.33719159999999998     
   70.250000000000000        1.2680906370950717      -2.55471999999999991E-002 -5.86394999999999972E-002 -0.32726980000000000     
   70.000000000000000        1.2594669489559134      -2.87450999999999991E-002 -6.47425999999999974E-002 -0.31768530000000000     
   69.750000000000000        1.2509902265939778      -3.12309999999999983E-002 -7.03735999999999945E-002 -0.30865009999999998     
   69.500000000000000        1.2426558648313226      -3.30826999999999996E-002 -7.55524000000000057E-002 -0.30037940000000002     
   69.250000000000000        1.2344594529595776      -3.43969999999999970E-002 -8.03093000000000001E-002 -0.29307210000000000     
   69.000000000000000        1.2263967642726714      -3.52818000000000020E-002 -8.46809000000000034E-002 -0.28688970000000003     
   68.750000000000000        1.2184637462790018      -3.58486999999999972E-002 -8.87066999999999994E-002 -0.28193829999999998     
   68.500000000000000        1.2106565115415191      -3.62063999999999997E-002 -9.24259999999999943E-002 -0.27825290000000003     
   68.250000000000000        1.2029713290986654      -3.64569000000000004E-002 -9.58760000000000029E-002 -0.27579060000000000     
   68.000000000000000        1.1954046164231349      -3.66922999999999971E-002 -9.90903999999999952E-002 -0.27443380000000001     
   67.750000000000000        1.1879529318790409      -3.69944999999999996E-002 -0.10209900000000000      -0.27400550000000001     
   67.500000000000000        1.1806129676413906      -3.74347000000000013E-002 -0.10492740000000000      -0.27429060000000000     
   67.250000000000000        1.1733815430447392      -3.80751000000000006E-002 -0.10759710000000000      -0.27505819999999997     
   67.000000000000000        1.1662555983306084      -3.89697000000000029E-002 -0.11012540000000000      -0.27607579999999998     
   66.750000000000000        1.1592321887657087      -4.01670000000000013E-002 -0.11252529999999999      -0.27711490000000000     
   66.500000000000000        1.1523084791052536      -4.17114000000000026E-002 -0.11480390000000000      -0.27794469999999999     
   66.250000000000000        1.1454817383776770      -4.36421000000000031E-002 -0.11695999999999999      -0.27831580000000000     
   66.000000000000000        1.1387493349689228      -4.59839000000000012E-002 -0.11897560000000000      -0.27793420000000002     
   65.750000000000000        1.1321087319861824      -4.87150999999999973E-002 -0.12080120000000000      -0.27643869999999998     
   65.500000000000000        1.1255574828824770      -5.16930999999999988E-002 -0.12232970000000000      -0.27343659999999997     
   65.250000000000000        1.1190932273249123      -5.45689999999999995E-002 -0.12339040000000000      -0.26872730000000000     
   65.000000000000000        1.1127136872907215      -5.68921999999999969E-002 -0.12383690000000000      -0.26266309999999998     
   64.750000000000000        1.1064166633763877      -5.84609000000000031E-002 -0.12368150000000000      -0.25604660000000001     
   64.500000000000000        1.1002000313062268      -5.94051999999999983E-002 -0.12306540000000001      -0.24953460000000000     
   64.250000000000000        1.0940617386278098      -5.99444000000000018E-002 -0.12213200000000000      -0.24341040000000000     
   64.000000000000000        1.0879998015825072      -6.02337000000000011E-002 -0.12097579999999999      -0.23773320000000001     
   63.750000000000000        1.0820123021402799      -6.03505999999999973E-002 -0.11964970000000000      -0.23248240000000001     
   63.500000000000000        1.0760973851886237      -6.03220999999999966E-002 -0.11818190000000001      -0.22761970000000001     
   63.250000000000000        1.0702532558662603      -6.01485000000000006E-002 -0.11658750000000000      -0.22310820000000001     
   63.000000000000000        1.0644781770328475      -5.98194999999999977E-002 -0.11487559999999999      -0.21891569999999999     
   62.750000000000000        1.0587704668665670      -5.93221000000000026E-002 -0.11305250000000000      -0.21501350000000000     
   62.500000000000000        1.0531284965820111      -5.86460999999999996E-002 -0.11112450000000000      -0.21137590000000001     
   62.250000000000000        1.0475506882612993      -5.77861000000000000E-002 -0.10909790000000000      -0.20797840000000001     
   62.000000000000000        1.0420355127918348      -5.67413000000000015E-002 -0.10697980000000000      -0.20479810000000001     
   61.750000000000000        1.0365814879045478      -5.55157999999999971E-002 -0.10477810000000000      -0.20181320000000000     
   61.500000000000000        1.0311871763068714      -5.41174000000000030E-002 -0.10250110000000000      -0.19900329999999999     
   61.250000000000000        1.0258511839050852      -5.25564999999999991E-002 -0.10015720000000000      -0.19634979999999999     
   61.000000000000000        1.0205721581109972      -5.08453000000000030E-002 -9.77549000000000057E-002 -0.19383590000000001     
   60.750000000000000        1.0153487862282633      -4.89969999999999989E-002 -9.53024999999999983E-002 -0.19144649999999999     
   60.500000000000000        1.0101797939139427      -4.70247999999999985E-002 -9.28080000000000016E-002 -0.18916839999999999     
   60.250000000000000        1.0050639437111659      -4.49420999999999987E-002 -9.02788999999999953E-002 -0.18699030000000000     
   60.000000000000000        1.0000000336490449      -4.27613000000000021E-002 -8.77220999999999973E-002 -0.18490229999999999     
   59.750000000000000       0.99498689590620693      -4.04943999999999998E-002 -8.51441000000000003E-002 -0.18289600000000000     
   59.500000000000000       0.99002339553454166      -3.81524999999999989E-002 -8.25509999999999994E-002 -0.18096429999999999     
   59.250000000000000       0.98510842923997155      -3.57456000000000024E-002 -7.99480999999999942E-002 -0.17910110000000001     
   59.000000000000000       0.98024092421724396      -3.32830000000000001E-002 -7.73404000000000036E-002 -0.17730119999999999     
   58.750000000000000       0.97541983703592194      -3.07733000000000000E-002 -7.47324999999999934E-002 -0.17556040000000001     
   58.500000000000000       0.97064415257492132      -2.82238999999999997E-002 -7.21286000000000010E-002 -0.17387500000000000     
   58.250000000000000       0.96591288300310196      -2.56417999999999993E-002 -6.95322000000000023E-002 -0.17224180000000000     
   58.000000000000000       0.96122506680355879      -2.30332000000000002E-002 -6.69470000000000065E-002 -0.17065820000000001     
   57.750000000000000       0.95657976783940157      -2.04038999999999991E-002 -6.43761000000000055E-002 -0.16912179999999999     
   57.500000000000000       0.95197607445894206      -1.77586999999999988E-002 -6.18222000000000008E-002 -0.16763080000000000     
   57.250000000000000       0.94741309863831702      -1.51024000000000002E-002 -5.92881999999999992E-002 -0.16618340000000001     
   57.000000000000000       0.94288997515969897      -1.24391999999999992E-002 -5.67763999999999977E-002 -0.16477810000000001     
   56.750000000000000       0.93840586082334254      -9.77289999999999930E-003 -5.42890999999999999E-002 -0.16341359999999999     
   56.500000000000000       0.93395993369181618      -7.10690000000000020E-003 -5.18283999999999967E-002 -0.16208870000000000     
   56.250000000000000       0.92955139236486140      -4.44449999999999967E-003 -4.93962999999999972E-002 -0.16080240000000001     
   56.000000000000000       0.92517945528340284      -1.78860000000000000E-003 -4.69945000000000015E-002 -0.15955380000000000     
   55.750000000000000       0.92084336006132139       8.58099999999999987E-004 -4.46247999999999992E-002 -0.15834190000000001     
   55.500000000000000       0.91654236284366797       3.49300000000000001E-003 -4.22888000000000014E-002 -0.15716610000000000     
   55.250000000000000       0.91227573769007742       6.11369999999999969E-003 -3.99880000000000027E-002 -0.15602559999999999     
   55.000000000000000       0.90804277598219907       8.71809999999999946E-003 -3.77240000000000006E-002 -0.15491969999999999     
   54.750000000000000       0.90384278585403033       1.13039000000000004E-002 -3.54980000000000018E-002 -0.15384770000000000     
   54.500000000000000       0.89967509164409376       1.38691000000000005E-002 -3.33113999999999980E-002 -0.15280920000000001     
   54.250000000000000       0.89553903336845653       1.64118000000000007E-002 -3.11654999999999988E-002 -0.15180360000000001     
   54.000000000000000       0.89143396621364279       1.89300999999999983E-002 -2.90614000000000011E-002 -0.15083030000000000     
   53.750000000000000       0.88735926004853483       2.14220999999999995E-002 -2.70005000000000002E-002 -0.14988889999999999     
   53.500000000000000       0.88331429895441260       2.38860000000000010E-002 -2.49837000000000010E-002 -0.14897890000000000     
   53.250000000000000       0.87929848077231665       2.63200999999999991E-002 -2.30122000000000000E-002 -0.14809980000000000     
   53.000000000000000       0.87531121666696521       2.87223999999999986E-002 -2.10872000000000004E-002 -0.14725120000000000     
   52.750000000000000       0.87135193070649397       3.10912999999999988E-002 -1.92095000000000009E-002 -0.14643270000000000     
   52.500000000000000       0.86742005945732381       3.34247999999999976E-002 -1.73803000000000013E-002 -0.14564389999999999     
   52.250000000000000       0.86351505159349251       3.57210999999999987E-002 -1.56004000000000004E-002 -0.14488450000000000     
   52.000000000000000       0.85963636751982619       3.79782999999999996E-002 -1.38709999999999996E-002 -0.14415400000000000     
   51.750000000000000       0.85578347900834917       4.01943999999999982E-002 -1.21928000000000002E-002 -0.14345220000000000     
   51.500000000000000       0.85195586884736429       4.23673999999999995E-002 -1.05669000000000006E-002 -0.14277870000000001     
   51.250000000000000       0.84815303050266300       4.44951999999999986E-002 -8.99409999999999966E-003 -0.14213310000000001     
   51.000000000000000       0.84437446779034697       4.65756000000000017E-002 -7.47529999999999983E-003 -0.14151530000000001     
   50.750000000000000       0.84061969456077290       4.86062000000000022E-002 -6.01129999999999980E-003 -0.14092479999999999     
   50.500000000000000       0.83688823439314863       5.05847999999999992E-002 -4.60300000000000032E-003 -0.14036140000000000     
   50.250000000000000       0.83317962030033754       5.25086999999999984E-002 -3.25109999999999982E-003 -0.13982490000000000     
   50.000000000000000       0.82949339444344139       5.43753000000000014E-002 -1.95649999999999991E-003 -0.13931510000000000     
   49.750000000000000       0.82582910785575958       5.61820000000000028E-002 -7.19800000000000040E-004 -0.13883150000000000     
   49.500000000000000       0.82218632017573356       5.79256999999999966E-002  4.58100000000000022E-004 -0.13837420000000000     
   49.250000000000000       0.81856459938850701       5.96034999999999968E-002  1.57660000000000005E-003 -0.13794270000000000     
   49.000000000000000       0.81496352157574936       6.12122000000000013E-002  2.63500000000000019E-003 -0.13753699999999999     
   48.750000000000000       0.81138267067340353       6.27484999999999987E-002  3.63269999999999999E-003 -0.13715680000000000     
   48.500000000000000       0.80782163823703412       6.42091000000000051E-002  4.56910000000000042E-003 -0.13680190000000000     
   48.250000000000000       0.80428002321446923       6.55904999999999960E-002  5.44350000000000042E-003 -0.13647229999999999     
   48.000000000000000       0.80075743172543956       6.68891999999999959E-002  6.25540000000000037E-003 -0.13616760000000000     
   47.750000000000000       0.79725347684792980       6.81014999999999954E-002  7.00429999999999976E-003 -0.13588790000000001     
   47.500000000000000       0.79376777841097601       6.92238000000000020E-002  7.68980000000000011E-003 -0.13563300000000000     
   47.250000000000000       0.79029996279364645       7.02524999999999955E-002  8.31140000000000004E-003 -0.13540260000000001     
   47.000000000000000       0.78684966272995749       7.11842000000000030E-002  8.86860000000000079E-003 -0.13519680000000001     
   46.750000000000000       0.78341651711948912       7.20154999999999962E-002  9.36120000000000008E-003 -0.13501550000000001     
   46.500000000000000       0.78000017084346973       7.27431999999999940E-002  9.78869999999999914E-003 -0.13485849999999999     
   46.250000000000000       0.77660027458611014       7.33643999999999963E-002  1.01510000000000003E-002 -0.13472580000000001     
   46.000000000000000       0.77321648466098036       7.38763999999999948E-002  1.04477000000000007E-002 -0.13461730000000000     
   45.750000000000000       0.76984846284222430       7.42770999999999987E-002  1.06786999999999993E-002 -0.13453290000000001     
   45.500000000000000       0.76649587620041937       7.45645999999999948E-002  1.08438000000000007E-002 -0.13447270000000000     
   45.250000000000000       0.76315839694289456       7.47377000000000041E-002  1.09429000000000002E-002 -0.13443659999999999     
   45.000000000000000       0.75983570225832975       7.47955000000000009E-002  1.09759999999999996E-002 -0.13442450000000000     
   45.000000000000000       0.75983570225832975       7.47955000000000009E-002  1.09759999999999996E-002 -0.13442450000000000     
   44.750000000000000       0.75652747416546084       7.47377000000000041E-002  1.09429000000000002E-002 -0.13443659999999999     
   44.500000000000000       0.75323339936572720       7.45645999999999948E-002  1.08438000000000007E-002 -0.13447270000000000     
   44.250000000000000       0.74995316909970178       7.42770999999999987E-002  1.06786999999999993E-002 -0.13453290000000001     
   44.000000000000000       0.74668647900714824       7.38763999999999948E-002  1.04477000000000007E-002 -0.13461730000000000     
   43.750000000000000       0.74343302899055930       7.33643999999999963E-002  1.01510000000000003E-002 -0.13472580000000001     
   43.500000000000000       0.74019252308203054       7.27431999999999940E-002  9.78869999999999914E-003 -0.13485849999999999     
   43.250000000000000       0.73696466931333482       7.20154999999999962E-002  9.36120000000000008E-003 -0.13501550000000001     
   43.000000000000000       0.73374917958905994       7.11842000000000030E-002  8.86860000000000079E-003 -0.13519680000000001     
   42.750000000000000       0.73054576956268569       7.02524999999999955E-002  8.31140000000000004E-003 -0.13540260000000001     
   42.500000000000000       0.72735415851547003       6.92238000000000020E-002  7.68980000000000011E-003 -0.13563300000000000     
   42.250000000000000       0.72417406923802852       6.81014999999999954E-002  7.00429999999999976E-003 -0.13588790000000001     
   42.000000000000000       0.72100522791448773       6.68891999999999959E-002  6.25540000000000037E-003 -0.13616760000000000     
   41.750000000000000       0.71784736400909988       6.55904999999999960E-002  5.44350000000000042E-003 -0.13647229999999999     
   41.500000000000000       0.71470021015520846       6.42091000000000051E-002  4.56910000000000042E-003 -0.13680190000000000     
   41.250000000000000       0.71156350204645979       6.27484999999999987E-002  3.63269999999999999E-003 -0.13715680000000000     
   41.000000000000000       0.70843697833015451       6.12122000000000013E-002  2.63500000000000019E-003 -0.13753699999999999     
   40.750000000000000       0.70532038050263912       5.96034999999999968E-002  1.57660000000000005E-003 -0.13794270000000000     
   40.500000000000000       0.70221345280664171       5.79256999999999966E-002  4.58100000000000022E-004 -0.13837420000000000     
   40.250000000000000       0.69911594213045092       5.61820000000000028E-002 -7.19800000000000040E-004 -0.13883150000000000     
   40.000000000000000       0.69602759790885060       5.43753000000000014E-002 -1.95649999999999991E-003 -0.13931510000000000     
   39.750000000000000       0.69294817202571524       5.25086999999999984E-002 -3.25109999999999982E-003 -0.13982490000000000     
   39.500000000000000       0.68987741871817743       5.05847999999999992E-002 -4.60300000000000032E-003 -0.14036140000000000     
   39.250000000000000       0.68681509448228206       4.86062000000000022E-002 -6.01129999999999980E-003 -0.14092479999999999     
   39.000000000000000       0.68376095798003989       4.65756000000000017E-002 -7.47529999999999983E-003 -0.14151530000000001     
   38.750000000000000       0.68071476994779589       4.44951999999999986E-002 -8.99409999999999966E-003 -0.14213310000000001     
   38.500000000000000       0.67767629310583211       4.23673999999999995E-002 -1.05669000000000006E-002 -0.14277870000000001     
   38.250000000000000       0.67464529206912238       4.01943999999999982E-002 -1.21928000000000002E-002 -0.14345220000000000     
   38.000000000000000       0.67162153325915808       3.79782999999999996E-002 -1.38709999999999996E-002 -0.14415400000000000     
   37.750000000000000       0.66860478481676788       3.57210999999999987E-002 -1.56004000000000004E-002 -0.14488450000000000     
   37.500000000000000       0.66559481651585173       3.34247999999999976E-002 -1.73803000000000013E-002 -0.14564389999999999     
   37.250000000000000       0.66259139967795155       3.10912999999999988E-002 -1.92095000000000009E-002 -0.14643270000000000     
   37.000000000000000       0.65959430708758449       2.87223999999999986E-002 -2.10872000000000004E-002 -0.14725120000000000     
   36.750000000000000       0.65660331290825846       2.63200999999999991E-002 -2.30122000000000000E-002 -0.14809980000000000     
   36.500000000000000       0.65361819259909770       2.38860000000000010E-002 -2.49837000000000010E-002 -0.14897890000000000     
   36.250000000000000       0.65063872283200119       2.14220999999999995E-002 -2.70005000000000002E-002 -0.14988889999999999     
   36.000000000000000       0.64766468140925815       1.89300999999999983E-002 -2.90614000000000011E-002 -0.15083030000000000     
   35.750000000000000       0.64469584718154593       1.64118000000000007E-002 -3.11654999999999988E-002 -0.15180360000000001     
   35.500000000000000       0.64173199996623487       1.38691000000000005E-002 -3.33113999999999980E-002 -0.15280920000000001     
   35.250000000000000       0.63877292046592293       1.13039000000000004E-002 -3.54980000000000018E-002 -0.15384770000000000     
   35.000000000000000       0.63581839018712483       8.71809999999999946E-003 -3.77240000000000006E-002 -0.15491959999999999     
   34.750000000000000       0.63286819135903882       6.11369999999999969E-003 -3.99880000000000027E-002 -0.15602559999999999     
   34.500000000000000       0.62992210685231265       3.49300000000000001E-003 -4.22888000000000014E-002 -0.15716610000000000     
   34.250000000000000       0.62697992009773107       8.58099999999999987E-004 -4.46247999999999992E-002 -0.15834190000000001     
   34.000000000000000       0.62404141500474464      -1.78860000000000000E-003 -4.69945000000000015E-002 -0.15955380000000000     
   33.750000000000000       0.62110637587975959      -4.44449999999999967E-003 -4.93962999999999972E-002 -0.16080240000000001     
   33.500000000000000       0.61817458734410646      -7.10690000000000020E-003 -5.18283999999999967E-002 -0.16208870000000000     
   33.250000000000000       0.61524583425160395      -9.77289999999999930E-003 -5.42890999999999999E-002 -0.16341359999999999     
   33.000000000000000       0.61231990160563299      -1.24391999999999992E-002 -5.67763999999999977E-002 -0.16477810000000001     
   32.750000000000000       0.60939657447563289      -1.51024000000000002E-002 -5.92881999999999992E-002 -0.16618340000000001     
   32.500000000000000       0.60647563791293169      -1.77586999999999988E-002 -6.18222999999999967E-002 -0.16763080000000000     
   32.250000000000000       0.60355687686581816      -2.04038999999999991E-002 -6.43761000000000055E-002 -0.16912179999999999     
   32.000000000000000       0.60064007609376124      -2.30332000000000002E-002 -6.69470000000000065E-002 -0.17065820000000001     
   31.750000000000000       0.59772502008068074      -2.56417999999999993E-002 -6.95322000000000023E-002 -0.17224180000000000     
   31.500000000000000       0.59481149294717062      -2.82238999999999997E-002 -7.21286000000000010E-002 -0.17387500000000000     
   31.250000000000000       0.59189927836156764      -3.07733000000000000E-002 -7.47324999999999934E-002 -0.17556040000000001     
   31.000000000000000       0.58898815944976501      -3.32830000000000001E-002 -7.73404000000000036E-002 -0.17730119999999999     
   30.750000000000000       0.58607791870365555      -3.57456000000000024E-002 -7.99480999999999942E-002 -0.17910110000000001     
   30.500000000000000       0.58316833788809341      -3.81524999999999989E-002 -8.25509999999999994E-002 -0.18096429999999999     
   30.250000000000000       0.58025919794625369      -4.04943999999999998E-002 -8.51441000000000003E-002 -0.18289600000000000     
   30.000000000000000       0.57735027890326807      -4.27613000000000021E-002 -8.77220999999999973E-002 -0.18490229999999999     
   29.750000000000000       0.57444135976800692      -4.49420999999999987E-002 -9.02788999999999953E-002 -0.18699030000000000     
   29.500000000000000       0.57153221843287527      -4.70247999999999985E-002 -9.28080000000000016E-002 -0.18916839999999999     
   29.250000000000000       0.56862263157148163      -4.89969999999999989E-002 -9.53024999999999983E-002 -0.19144649999999999     
   29.000000000000000       0.56571237453403433      -5.08453000000000030E-002 -9.77549000000000057E-002 -0.19383590000000001     
   28.750000000000000       0.56280122124031395      -5.25564999999999991E-002 -0.10015720000000000      -0.19634979999999999     
   28.500000000000000       0.55988894407005929      -5.41174000000000030E-002 -0.10250110000000000      -0.19900329999999999     
   28.250000000000000       0.55697531375060216      -5.55157999999999971E-002 -0.10477810000000000      -0.20181320000000000     
   28.000000000000000       0.55406009924157285      -5.67413000000000015E-002 -0.10697980000000000      -0.20479810000000001     
   27.750000000000000       0.55114306761649301      -5.77861000000000000E-002 -0.10909790000000000      -0.20797840000000001     
   27.500000000000000       0.54822398394106098      -5.86460999999999996E-002 -0.11112450000000000      -0.21137590000000001     
   27.250000000000000       0.54530261114792489      -5.93221000000000026E-002 -0.11305250000000000      -0.21501350000000000     
   27.000000000000000       0.54237870990772830      -5.98194999999999977E-002 -0.11487559999999999      -0.21891569999999999     
   26.750000000000000       0.53945203849620049      -6.01485000000000006E-002 -0.11658750000000000      -0.22310820000000001     
   26.500000000000000       0.53652235265705239      -6.03220999999999966E-002 -0.11818190000000001      -0.22761970000000001     
   26.250000000000000       0.53358940546042311      -6.03505999999999973E-002 -0.11964970000000000      -0.23248240000000001     
   26.000000000000000       0.53065294715660993      -6.02337000000000011E-002 -0.12097579999999999      -0.23773320000000001     
   25.750000000000000       0.52771272502479782      -5.99444000000000018E-002 -0.12213200000000000      -0.24341040000000000     
   25.500000000000000       0.52476848321648584      -5.94051999999999983E-002 -0.12306540000000001      -0.24953460000000000     
   25.250000000000000       0.52181996259329522      -5.84609999999999991E-002 -0.12368150000000000      -0.25604660000000001     
   25.000000000000000       0.51886690055881535      -5.68922999999999998E-002 -0.12383690000000000      -0.26266309999999998     
   24.750000000000000       0.51590903088413309      -5.45689999999999995E-002 -0.12339040000000000      -0.26872730000000000     
   24.500000000000000       0.51294608352666027      -5.16930999999999988E-002 -0.12232970000000000      -0.27343659999999997     
   24.250000000000000       0.50997778444185260      -4.87150999999999973E-002 -0.12080120000000000      -0.27643869999999998     
   24.000000000000000       0.50700385538738835      -4.59839000000000012E-002 -0.11897570000000000      -0.27793420000000002     
   23.750000000000000       0.50402401371934424      -4.36421999999999990E-002 -0.11695999999999999      -0.27831580000000000     
   23.500000000000000       0.50103797217987622      -4.17114000000000026E-002 -0.11480390000000000      -0.27794469999999999     
   23.250000000000000       0.49804543867587991      -4.01670000000000013E-002 -0.11252529999999999      -0.27711490000000000     
   23.000000000000000       0.49504611604806875      -3.89697000000000029E-002 -0.11012540000000000      -0.27607579999999998     
   22.750000000000000       0.49203970182987000      -3.80751000000000006E-002 -0.10759710000000000      -0.27505819999999997     
   22.500000000000000       0.48902588799549546      -3.74347999999999972E-002 -0.10492740000000000      -0.27429060000000000     
   22.250000000000000       0.48600436069649899      -3.69944999999999996E-002 -0.10209900000000000      -0.27400550000000001     
   22.000000000000000       0.48297479998608267      -3.66922999999999971E-002 -9.90903999999999952E-002 -0.27443380000000001     
   21.750000000000000       0.47993687953036013      -3.64569000000000004E-002 -9.58760000000000029E-002 -0.27579060000000000     
   21.500000000000000       0.47689026630572684      -3.62063999999999997E-002 -9.24259999999999943E-002 -0.27825290000000003     
   21.250000000000000       0.47383462028142359      -3.58486999999999972E-002 -8.87066999999999994E-002 -0.28193829999999998     
   21.000000000000000       0.47076959408630886      -3.52818000000000020E-002 -8.46810000000000063E-002 -0.28688970000000003     
   20.750000000000000       0.46769483265878409      -3.43969999999999970E-002 -8.03094000000000030E-002 -0.29307200000000000     
   20.500000000000000       0.46460997287872730      -3.30826999999999996E-002 -7.55524999999999947E-002 -0.30037940000000002     
   20.250000000000000       0.46151464318020630      -3.12309999999999983E-002 -7.03735999999999945E-002 -0.30864999999999998     
   20.000000000000000       0.45840846314364242      -2.87450999999999991E-002 -6.47425999999999974E-002 -0.31768530000000000     
   19.750000000000000       0.45529104306598517      -2.55471999999999991E-002 -5.86394999999999972E-002 -0.32726980000000000     
   19.500000000000000       0.45216198350734593      -2.15844999999999995E-002 -5.20580000000000001E-002 -0.33719159999999998     
   19.250000000000000       0.44902087481240505      -1.68331000000000001E-002 -4.50086999999999987E-002 -0.34725899999999998     
   19.000000000000000       0.44586729660476643      -1.12967999999999992E-002 -3.75206999999999971E-002 -0.35731249999999998     
   18.750000000000000       0.44270081725227745      -5.00339999999999986E-003 -2.96440000000000002E-002 -0.36723060000000002     
   18.500000000000000       0.43952099330116196       2.00160000000000008E-003 -2.14551000000000013E-002 -0.37692900000000001     
   18.250000000000000       0.43632736887662232       9.66200000000000045E-003 -1.30693000000000007E-002 -0.38635599999999998     
   18.000000000000000       0.43311947504735931       1.79167000000000007E-002 -4.67029999999999963E-003 -0.39548539999999999     
   17.750000000000000       0.42989682915123001       2.67047000000000014E-002  3.42630000000000018E-003 -0.40430919999999998     
   17.500000000000000       0.42665893407900496       3.59680000000000000E-002  1.06678999999999993E-002 -0.41283140000000002     
   17.250000000000000       0.42340527751290741       4.56531999999999979E-002  1.62448999999999996E-002 -0.42106280000000001     
   17.000000000000000       0.42013533111630319       5.57122999999999993E-002  1.95584999999999995E-002 -0.42901760000000000     
   16.750000000000000       0.41684854967056112       6.61029000000000061E-002  2.08677999999999989E-002 -0.43671090000000001     
   16.500000000000000       0.41354437015471773       7.67874999999999946E-002  2.09194000000000012E-002 -0.44415729999999998     
   16.250000000000000       0.41022221076315113       8.77330999999999944E-002  2.03028999999999987E-002 -0.45136979999999999     
   16.000000000000000       0.40688146985598445       9.89107000000000042E-002  1.93498000000000003E-002 -0.45835969999999998     
   15.750000000000000       0.40352152483640419       0.11029450000000000       1.82336999999999985E-002 -0.46513620000000000     
   15.500000000000000       0.40014173094847860       0.12186150000000000       1.70476999999999990E-002 -0.47170640000000003     
   15.250000000000000       0.39674141998838264       0.13359140000000000       1.58434999999999999E-002 -0.47807539999999998     
   15.000000000000000       0.39331989892118169       0.14546539999999999       1.46514000000000002E-002 -0.48424679999999998     
   14.750000000000000       0.38987644839447261       0.15746679999999999       1.34897000000000003E-002 -0.49022240000000000     
   14.500000000000000       0.38641032113921558       0.16958019999999999       1.23697000000000008E-002 -0.49600290000000002     
   14.250000000000000       0.38292074024700901       0.18179180000000000       1.12987000000000001E-002 -0.50158769999999997     
   14.000000000000000       0.37940689731182314       0.19408880000000001       1.02807999999999997E-002 -0.50697539999999996     
   13.750000000000000       0.37586795042281695       0.20645980000000000       9.31889999999999975E-003 -0.51216410000000001     
   13.500000000000000       0.37230302199327187       0.21889449999999999       8.41420000000000015E-003 -0.51715160000000004     
   13.250000000000000       0.36871119640886968       0.23138420000000001       7.56749999999999957E-003 -0.52193529999999999     
   13.000000000000000       0.36509151747647400       0.24392110000000000       6.77840000000000040E-003 -0.52651320000000001     
   12.750000000000000       0.36144298565221100       0.25649909999999998       6.04630000000000011E-003 -0.53088320000000000     
   12.500000000000000       0.35776455502492738       0.26911360000000001       5.37029999999999973E-003 -0.53504399999999996     
   12.250000000000000       0.35405513002798283       0.28176150000000000       4.74869999999999980E-003 -0.53899490000000005     
   12.000000000000000       0.35031356184872481       0.29444140000000002       4.17999999999999969E-003 -0.54273620000000000     
   11.750000000000000       0.34653864450082428       0.30715360000000003       3.66210000000000016E-003 -0.54626909999999995     
   11.500000000000000       0.34272911051981081       0.31071559999999998       3.19270000000000014E-003 -0.54959570000000002     
   11.250000000000000       0.33888362623650670       0.31201309999999999       2.76949999999999983E-003 -0.55271930000000002     
   11.000000000000000       0.33500078657648524       0.31372139999999998       2.38980000000000008E-003 -0.55564429999999998     
   10.750000000000000       0.33107910932596624       0.31583960000000000       2.05110000000000015E-003 -0.55837570000000003     
   10.500000000000000       0.32711702879550453       0.31836219999999998       1.75050000000000010E-003 -0.56091979999999997     
   10.250000000000000       0.32311288880213562       0.32127980000000000       1.48520000000000011E-003 -0.56328360000000000     
   10.000000000000000       0.31906493487798943       0.32457999999999998       1.25249999999999992E-003 -0.56547470000000000     
   9.7500000000000000       0.31497130559833353       0.32824740000000002       1.04950000000000009E-003 -0.56750129999999999     
   9.5000000000000000       0.31083002290405076       0.33226480000000003       8.73599999999999984E-004 -0.56937210000000005     
   9.2500000000000000       0.30663898127202549       0.33661320000000000       7.22100000000000042E-004 -0.57109600000000005     
   9.0000000000000000       0.30239593556098865       0.34127210000000002       5.92500000000000036E-004 -0.57268220000000003     
   8.7500000000000000       0.29809848732900202       0.34622000000000003       4.82300000000000014E-004 -0.57413999999999998     
   8.5000000000000000       0.29374406938062309       0.35143429999999998       3.89399999999999978E-004 -0.57547890000000002     
   8.2500000000000000       0.28932992825516618       0.35689179999999998       3.11599999999999985E-004 -0.57670820000000000     
   8.0000000000000000       0.28485310431016619       0.36256850000000002       2.46999999999999986E-004 -0.57783730000000000     
   7.7500000000000000       0.28031040898329512       0.36844009999999999       1.93799999999999994E-004 -0.57887540000000004     
   7.5000000000000000       0.27569839872782342       0.37448140000000002       1.50399999999999997E-004 -0.57983180000000001     
   7.2500000000000000       0.27101334500631991       0.38066719999999998       1.15400000000000000E-004 -0.58071550000000005     
   7.0000000000000000       0.26625119958804888       0.38697219999999999       8.72999999999999942E-005 -0.58153560000000004     
   6.7500000000000000       0.26140755421862366       0.39337190000000000       6.51999999999999992E-005 -0.58230119999999996     
   6.5000000000000000       0.25647759350390792       0.39984360000000002       4.78999999999999988E-005 -0.58302109999999996     
   6.2500000000000000       0.25145603955751983       0.40636780000000000       3.46000000000000008E-005 -0.58370440000000001     
   6.0000000000000000       0.24633708657984518       0.41293089999999999       2.44999999999999992E-005 -0.58435999999999999     
