   84.750000000000000        2.5066432657105051       -4.3150309634499999     
   84.500000000000000        2.4486760461856742       -4.3812221061500001     
   84.250000000000000        2.3945089138952178       -4.4410970131500003     
   84.000000000000000        2.3437412473608381       -4.4953177535900002     
   83.750000000000000        2.2960291063410230       -4.5444505299399998     
   83.500000000000000        2.2510753219802888       -4.5889831478699996     
   83.250000000000000        2.2086216254199424       -4.6293388014700003     
   83.000000000000000        2.1684423371644423       -4.6658870474600000     
   82.750000000000000        2.1303392641794385       -4.6989526129200003     
   82.500000000000000        2.0941375407372735       -4.7288225173900003     
   82.250000000000000        2.0596822134404817       -4.7557518720100003     
   82.000000000000000        2.0268354180156947       -4.7799686319300001     
   81.750000000000000        1.9954740303864316       -4.8016775140899997     
   81.500000000000000        1.9654877006520655       -4.8210632449100004     
   81.250000000000000        1.9367771983277440       -4.8382932664000000     
   81.000000000000000        1.9092530122354845       -4.8535200013699997     
   80.750000000000000        1.8828341599932619       -4.8668827579200000     
   80.500000000000000        1.8574471710024862       -4.8785093367299996     
   80.250000000000000        1.8330252138232914       -4.8885173924599998     
   80.000000000000000        1.8095073443210954       -4.8970155900299996     
   79.750000000000000        1.7868378553155890       -4.9041045899500002     
   79.500000000000000        1.7649657119256603       -4.9098778896699997     
   79.250000000000000        1.7438440595774944       -4.9144225440699998     
   79.000000000000000        1.7234297938777567       -4.9178197839699997     
   78.750000000000000        1.7036831833639368       -4.9201455489799999     
   78.500000000000000        1.6845675376176648       -4.9214709482799996     
   78.250000000000000        1.6660489144325314       -4.9218626614699996     
   78.000000000000000        1.6480958607190197       -4.9213832897399996     
   77.750000000000000        1.6306791826473761       -4.9200916664500003     
   77.500000000000000        1.6137717412076256       -4.9180431349999996     
   77.250000000000000        1.5973482699307082       -4.9152898009500001     
   77.000000000000000        1.5813852119866876       -4.9118807641300002     
   76.750000000000000        1.5658605742718710       -4.9078623359000000     
   76.500000000000000        1.5507537964299845       -4.9032782458900002     
   76.250000000000000        1.5360456330340897       -4.8981698411599996     
   76.000000000000000        1.5217180473945009       -4.8925762815500002     
   75.750000000000000        1.5077541156608558       -4.8865347330000004     
   75.500000000000000        1.4941379400594756       -4.8800805613599998     
   75.250000000000000        1.4808545702551064       -4.8732475285100003     
   75.000000000000000        1.4678899319530556       -4.8660679928599997     
   74.750000000000000        1.4552307619668963       -4.8585731162399997     
   74.500000000000000        1.4428645490710084       -4.8507930797199998     
   74.250000000000000        1.4307794800386300       -4.8427573107299997     
   74.000000000000000        1.4189643903365978       -4.8344947249199999     
   73.750000000000000        1.4074087190092159       -4.8260339857099996     
   73.500000000000000        1.3961024673370386       -4.8174037853899998     
   73.250000000000000        1.3850361609029067       -4.8086331506000004     
   73.000000000000000        1.3742008147382716       -4.7997517745299998     
   72.750000000000000        1.3635879012585173       -4.7907903752100003     
   72.500000000000000        1.3531893207273342       -4.7817810748899996     
   72.250000000000000        1.3429973740177321       -4.7727577874399998     
   72.000000000000000        1.3330047374615932       -4.7637565884799997     
   71.750000000000000        1.3232044396011293       -4.7548160249800002     
   71.500000000000000        1.3135898396745678       -4.7459772988499997     
   71.250000000000000        1.3041546076852373       -4.7372842353499998     
   71.000000000000000        1.2948927059181552       -4.7287829303600004     
   70.750000000000000        1.2857983717814927       -4.7205209757600004     
   70.500000000000000        1.2768661018621295       -4.7125462034299996     
   70.250000000000000        1.2680906370950717       -4.7049049758999999     
   70.000000000000000        1.2594669489559134       -4.6976401708499997     
   69.750000000000000        1.2509902265939778       -4.6907891203899998     
   69.500000000000000        1.2426558648313226       -4.6843818222099998     
   69.250000000000000        1.2344594529595776       -4.6784397066899999     
   69.000000000000000        1.2263967642726714       -4.6729751304200002     
   68.750000000000000        1.2184637462790018       -4.6679916205199996     
   68.500000000000000        1.2106565115415191       -4.6634847688500001     
   68.250000000000000        1.2029713290986654       -4.6594436063400000     
   68.000000000000000        1.1954046164231349       -4.6558522790800003     
   67.750000000000000        1.1879529318790409       -4.6526918840900002     
   67.500000000000000        1.1806129676413906       -4.6499423834800000     
   67.250000000000000        1.1733815430447392       -4.6475845871999999     
   67.000000000000000        1.1662555983306084       -4.6456022713599996     
   66.750000000000000        1.1592321887657087       -4.6439845866400002     
   66.500000000000000        1.1523084791052536       -4.6427290169799997     
   66.250000000000000        1.1454817383776770       -4.6418452607300003     
   66.000000000000000        1.1387493349689228       -4.6413603987699998     
   65.750000000000000        1.1321087319861824       -4.6413250002100002     
   65.500000000000000        1.1255574828824770       -4.6418164839799996     
   65.250000000000000        1.1190932273249123       -4.6429276323300002     
   65.000000000000000        1.1127136872907215       -4.6447262175499997     
   64.750000000000000        1.1064166633763877       -4.6472102576900003     
   64.500000000000000        1.1002000313062268       -4.6503122776900003     
   64.250000000000000        1.0940617386278098       -4.6539391045000000     
   64.000000000000000        1.0879998015825072       -4.6580003826300000     
   63.750000000000000        1.0820123021402799       -4.6624178180599998     
   63.500000000000000        1.0760973851886237       -4.6671254269900002     
   63.250000000000000        1.0702532558662603       -4.6720674382800000     
   63.000000000000000        1.0644781770328475       -4.6771961543299998     
   62.750000000000000        1.0587704668665670       -4.6824702988100002     
   62.500000000000000        1.0531284965820111       -4.6878538457100003     
   62.250000000000000        1.0475506882612993       -4.6933152058200003     
   62.000000000000000        1.0420355127918348       -4.6988266490499999     
   61.750000000000000        1.0365814879045478       -4.7043638706999999     
   61.500000000000000        1.0311871763068714       -4.7099056407199997     
   61.250000000000000        1.0258511839050852       -4.7154334994499996     
   61.000000000000000        1.0205721581109972       -4.7209314805300000     
   60.750000000000000        1.0153487862282633       -4.7263858523600000     
   60.500000000000000        1.0101797939139427       -4.7317848755499998     
   60.250000000000000        1.0050639437111659       -4.7371185765100003     
   60.000000000000000        1.0000000336490449       -4.7423785381299997     
   59.750000000000000       0.99498689590620693       -4.7475577085599996     
   59.500000000000000       0.99002339553454166       -4.7526502282500003     
   59.250000000000000       0.98510842923997155       -4.7576512751599997     
   59.000000000000000       0.98024092421724396       -4.7625569272900004     
   58.750000000000000       0.97541983703592194       -4.7673640413699996     
   58.500000000000000       0.97064415257492132       -4.7720701464999999     
   58.250000000000000       0.96591288300310196       -4.7766733510800004     
   58.000000000000000       0.96122506680355879       -4.7811722618300001     
   57.750000000000000       0.95657976783940157       -4.7855659133000001     
   57.500000000000000       0.95197607445894206       -4.7898537067399998     
   57.250000000000000       0.94741309863831702       -4.7940353570200003     
   57.000000000000000       0.94288997515969897       -4.7981108466500002     
   56.750000000000000       0.93840586082334254       -4.8020803858300001     
   56.500000000000000       0.93395993369181618       -4.8059443779600004     
   56.250000000000000       0.92955139236486140       -4.8097033894900001     
   56.000000000000000       0.92517945528340284       -4.8133581239599996     
   55.750000000000000       0.92084336006132139       -4.8169093992400001     
   55.500000000000000       0.91654236284366797       -4.8203581278699996     
   55.250000000000000       0.91227573769007742       -4.8237052999100003     
   55.000000000000000       0.90804277598219907       -4.8269519678900004     
   54.750000000000000       0.90384278585403033       -4.8300992338600004     
   54.500000000000000       0.89967509164409376       -4.8331482378899997     
   54.250000000000000       0.89553903336845653       -4.8361001481499999     
   54.000000000000000       0.89143396621364279       -4.8389561521499997     
   53.750000000000000       0.88735926004853483       -4.8417174491399999     
   53.500000000000000       0.88331429895441260       -4.8443852433399996     
   53.250000000000000       0.87929848077231665       -4.8469607380899999     
   53.000000000000000       0.87531121666696521       -4.8494451307000004     
   52.750000000000000       0.87135193070649397       -4.8518396078699997     
   52.500000000000000       0.86742005945732381       -4.8541453417099998     
   52.250000000000000       0.86351505159349251       -4.8563634862300002     
   52.000000000000000       0.85963636751982619       -4.8584951742599998     
   51.750000000000000       0.85578347900834917       -4.8605415146900004     
   51.500000000000000       0.85195586884736429       -4.8625035901100002     
   51.250000000000000       0.84815303050266300       -4.8643824546400003     
   51.000000000000000       0.84437446779034697       -4.8661791321400001     
   50.750000000000000       0.84061969456077290       -4.8678946145099999     
   50.500000000000000       0.83688823439314863       -4.8695298602500001     
   50.250000000000000       0.83317962030033754       -4.8710857931999998     
   50.000000000000000       0.82949339444344139       -4.8725633014199996     
   49.750000000000000       0.82582910785575958       -4.8739632361799998     
   49.500000000000000       0.82218632017573356       -4.8752864110900003     
   49.250000000000000       0.81856459938850701       -4.8765336013500002     
   49.000000000000000       0.81496352157574936       -4.8777055430700003     
   48.750000000000000       0.81138267067340353       -4.8788029326700002     
   48.500000000000000       0.80782163823703412       -4.8798264263600002     
   48.250000000000000       0.80428002321446923       -4.8807766396999996     
   48.000000000000000       0.80075743172543956       -4.8816541471599999     
   47.750000000000000       0.79725347684792980       -4.8824594818499998     
   47.500000000000000       0.79376777841097601       -4.8831931351500000     
   47.250000000000000       0.79029996279364645       -4.8838555564400004     
   47.000000000000000       0.78684966272995749       -4.8844471529400000     
   46.750000000000000       0.78341651711948912       -4.8849682894699997     
   46.500000000000000       0.78000017084346973       -4.8854192882599996     
   46.250000000000000       0.77660027458611014       -4.8858004288599997     
   46.000000000000000       0.77321648466098036       -4.8861119480099999     
   45.750000000000000       0.76984846284222430       -4.8863540395099996     
   45.500000000000000       0.76649587620041937       -4.8865268541800004     
   45.250000000000000       0.76315839694289456       -4.8866304997899999     
   45.000000000000000       0.75983570225832975       -4.8866650410099997     
   45.000000000000000       0.75983570225832975       -4.8866650410099997     
   44.750000000000000       0.75652747416546084       -4.8866304994199998     
   44.500000000000000       0.75323339936572720       -4.8865268534500004     
   44.250000000000000       0.74995316909970178       -4.8863540384100004     
   44.000000000000000       0.74668647900714824       -4.8861119465399998     
   43.750000000000000       0.74343302899055930       -4.8858004270300004     
   43.500000000000000       0.74019252308203054       -4.8854192860600003     
   43.250000000000000       0.73696466931333482       -4.8849682869100004     
   43.000000000000000       0.73374917958905994       -4.8844471500199997     
   42.750000000000000       0.73054576956268569       -4.8838555531500001     
   42.500000000000000       0.72735415851547003       -4.8831931314899997     
   42.250000000000000       0.72417406923802852       -4.8824594778400003     
   42.000000000000000       0.72100522791448773       -4.8816541427900004     
   41.750000000000000       0.71784736400909988       -4.8807766349500001     
   41.500000000000000       0.71470021015520846       -4.8798264212599998     
   41.250000000000000       0.71156350204645979       -4.8788029271999998     
   41.000000000000000       0.70843697833015451       -4.8777055372499998     
   40.750000000000000       0.70532038050263912       -4.8765335951599997     
   40.500000000000000       0.70221345280664171       -4.8752864045399997     
   40.250000000000000       0.69911594213045092       -4.8739632292700001     
   40.000000000000000       0.69602759790885060       -4.8725632941499999     
   39.750000000000000       0.69294817202571524       -4.8710857855700000     
   39.500000000000000       0.68987741871817743       -4.8695298522600003     
   39.250000000000000       0.68681509448228206       -4.8678946061600001     
   39.000000000000000       0.68376095798003989       -4.8661791234400003     
   38.750000000000000       0.68071476994779589       -4.8643824455800004     
   38.500000000000000       0.67767629310583211       -4.8625035806900003     
   38.250000000000000       0.67464529206912238       -4.8605415049199996     
   38.000000000000000       0.67162153325915808       -4.8584951641299998     
   37.750000000000000       0.66860478481676788       -4.8563634757500003     
   37.500000000000000       0.66559481651585173       -4.8541453308699998     
   37.250000000000000       0.66259139967795155       -4.8518395966799996     
   37.000000000000000       0.65959430708758449       -4.8494451191600003     
   36.750000000000000       0.65660331290825846       -4.8469607261999998     
   36.500000000000000       0.65361819259909770       -4.8443852310900004     
   36.250000000000000       0.65063872283200119       -4.8417174365399998     
   36.000000000000000       0.64766468140925815       -4.8389561392099996     
   35.750000000000000       0.64469584718154593       -4.8361001348499997     
   35.500000000000000       0.64173199996623487       -4.8331482242400003     
   35.250000000000000       0.63877292046592293       -4.8300992198600001     
   35.000000000000000       0.63581839018712483       -4.8269519535500001     
   34.750000000000000       0.63286819135903882       -4.8237052852100000     
   34.500000000000000       0.62992210685231265       -4.8203581128300002     
   34.250000000000000       0.62697992009773107       -4.8169093838399997     
   34.000000000000000       0.62404141500474464       -4.8133581082100001     
   33.750000000000000       0.62110637587975959       -4.8097033733999996     
   33.500000000000000       0.61817458734410646       -4.8059443615099999     
   33.250000000000000       0.61524583425160395       -4.8020803690399996     
   33.000000000000000       0.61231990160563299       -4.7981108294999997     
   32.750000000000000       0.60939657447563289       -4.7940353395199997     
   32.500000000000000       0.60647563791293169       -4.7898536888900001     
   32.250000000000000       0.60355687686581816       -4.7855658950900004     
   32.000000000000000       0.60064007609376124       -4.7811722432600003     
   31.750000000000000       0.59772502008068074       -4.7766733321499997     
   31.500000000000000       0.59481149294717062       -4.7720701272100001     
   31.250000000000000       0.59189927836156764       -4.7673640217199997     
   31.000000000000000       0.58898815944976501       -4.7625569072699996     
   30.750000000000000       0.58607791870365555       -4.7576512547699998     
   30.500000000000000       0.58316833788809341       -4.7526502074800003     
   30.250000000000000       0.58025919794625369       -4.7475576874099996     
   30.000000000000000       0.57735027890326807       -4.7423785165999996     
   29.750000000000000       0.57444135976800692       -4.7371185545800003     
   29.500000000000000       0.57153221843287527       -4.7317848532199998     
   29.250000000000000       0.56862263157148163       -4.7263858296199999     
   29.000000000000000       0.56571237453403433       -4.7209314573699999     
   28.750000000000000       0.56280122124031395       -4.7154334758600003     
   28.500000000000000       0.55988894407005929       -4.7099056166800004     
   28.250000000000000       0.55697531375060216       -4.7043638462099997     
   28.000000000000000       0.55406009924157285       -4.6988266240899996     
   27.750000000000000       0.55114306761649301       -4.6933151803599999     
   27.500000000000000       0.54822398394106098       -4.6878538197399999     
   27.250000000000000       0.54530261114792489       -4.6824702722999998     
   27.000000000000000       0.54237870990772830       -4.6771961272500002     
   26.750000000000000       0.53945203849620049       -4.6720674106100004     
   26.500000000000000       0.53652235265705239       -4.6671253986799996     
   26.250000000000000       0.53358940546042311       -4.6624177890800000     
   26.000000000000000       0.53065294715660993       -4.6580003529300003     
   25.750000000000000       0.52771272502479782       -4.6539390740100002     
   25.500000000000000       0.52476848321648584       -4.6503122463300004     
   25.250000000000000       0.52181996259329522       -4.6472102253700003     
   25.000000000000000       0.51886690055881535       -4.6447261841599996     
   24.750000000000000       0.51590903088413309       -4.6429275977900000     
   24.500000000000000       0.51294608352666027       -4.6418164482900002     
   24.250000000000000       0.50997778444185260       -4.6413249634099998     
   24.000000000000000       0.50700385538738835       -4.6413603609600003     
   23.750000000000000       0.50402401371934424       -4.6418452219499997     
   23.500000000000000       0.50103797217987622       -4.6427289772800000     
   23.250000000000000       0.49804543867587991       -4.6439845460300004     
   23.000000000000000       0.49504611604806875       -4.6456022298299997     
   22.750000000000000       0.49203970182987000       -4.6475845447299999     
   22.500000000000000       0.48902588799549546       -4.6499423400500000     
   22.250000000000000       0.48600436069649899       -4.6526918396500001     
   22.000000000000000       0.48297479998608267       -4.6558522335800001     
   21.750000000000000       0.47993687953036013       -4.6594435597399997     
   21.500000000000000       0.47689026630572684       -4.6634847210899997     
   21.250000000000000       0.47383462028142359       -4.6679915715500000     
   21.000000000000000       0.47076959408630886       -4.6729750801799996     
   20.750000000000000       0.46769483265878409       -4.6784396551400000     
   20.500000000000000       0.46460997287872730       -4.6843817692999998     
   20.250000000000000       0.46151464318020630       -4.6907890660999998     
   20.000000000000000       0.45840846314364242       -4.6976401151499996     
   19.750000000000000       0.45529104306598517       -4.7049049187899996     
   19.500000000000000       0.45216198350734593       -4.7125461449100001     
   19.250000000000000       0.44902087481240505       -4.7205209158199999     
   19.000000000000000       0.44586729660476643       -4.7287828690299998     
   18.750000000000000       0.44270081725227745       -4.7372841726299999     
   18.500000000000000       0.43952099330116196       -4.7459772347599998     
   18.250000000000000       0.43632736887662232       -4.7548159595200001     
   18.000000000000000       0.43311947504735931       -4.7637565216500004     
   17.750000000000000       0.42989682915123001       -4.7727577192400004     
   17.500000000000000       0.42665893407900496       -4.7817810053100001     
   17.250000000000000       0.42340527751290741       -4.7907903042299997     
   17.000000000000000       0.42013533111630319       -4.7997517021100000     
   16.750000000000000       0.41684854967056112       -4.8086330767199996     
   16.500000000000000       0.41354437015471773       -4.8174037099999998     
   16.250000000000000       0.41022221076315113       -4.8260339087600004     
   16.000000000000000       0.40688146985598445       -4.8344946463499996     
   15.750000000000000       0.40352152483640419       -4.8427572304700002     
   15.500000000000000       0.40014173094847860       -4.8507929976900002     
   15.250000000000000       0.39674141998838264       -4.8585730323699998     
   15.000000000000000       0.39331989892118169       -4.8660679070299997     
   14.750000000000000       0.38987644839447261       -4.8732474406400001     
   14.500000000000000       0.38641032113921558       -4.8800804713200003     
   14.250000000000000       0.38292074024700901       -4.8865346406699999     
   14.000000000000000       0.37940689731182314       -4.8925761867800004     
   13.750000000000000       0.37586795042281695       -4.8981697438099996     
   13.500000000000000       0.37230302199327187       -4.9032781457799999     
   13.250000000000000       0.36871119640886968       -4.9078622328400003     
   13.000000000000000       0.36509151747647400       -4.9118806579400003     
   12.750000000000000       0.36144298565221100       -4.9152896913899999     
   12.500000000000000       0.35776455502492738       -4.9180430218400000     
   12.250000000000000       0.35405513002798283       -4.9200915494100004     
   12.000000000000000       0.35031356184872481       -4.9213831685300002     
   11.750000000000000       0.34653864450082428       -4.9218625357599999     
   11.500000000000000       0.34272911051981081       -4.9214708177100004     
   11.250000000000000       0.33888362623650670       -4.9201454131500002     
   11.000000000000000       0.33500078657648524       -4.9178196424399996     
   10.750000000000000       0.33107910932596624       -4.9144223963500000     
   10.500000000000000       0.32711702879550453       -4.9098777352100003     
   10.250000000000000       0.32311288880213562       -4.9041044281400001     
   10.000000000000000       0.31906493487798943       -4.8970154201999998     
   9.7500000000000000       0.31497130559833353       -4.8885172138600002     
   9.5000000000000000       0.31083002290405076       -4.8785091485200001     
   9.2500000000000000       0.30663898127202549       -4.8668825591399996     
   9.0000000000000000       0.30239593556098865       -4.8535197910000001     
   8.7500000000000000       0.29809848732900202       -4.8382930432400002     
   8.5000000000000000       0.29374406938062309       -4.8210630076500003     
   8.2500000000000000       0.28932992825516618       -4.8016772612300000     
   8.0000000000000000       0.28485310431016619       -4.7799683618100000     
   7.7500000000000000       0.28031040898329512       -4.7557515827300003     
   7.5000000000000000       0.27569839872782342       -4.7288222068000003     
   7.2500000000000000       0.27101334500631991       -4.6989522786100002     
   7.0000000000000000       0.26625119958804888       -4.6658866866400004     
   6.7500000000000000       0.26140755421862366       -4.6293384109800000     
   6.5000000000000000       0.25647759350390792       -4.5889827241000001     
   6.2500000000000000       0.25145603955751983       -4.5444500687299998     
   6.0000000000000000       0.24633708657984518       -4.4953172501300003     
