45.0 0.75983570225832975 -0.0260618 -0.0327413 -0.0559579
45.05 0.76049907376085979 -0.0252839 -0.0319467 -0.0551789
45.10 0.76116302644066036 -0.0245052 -0.0311511 -0.054399
45.15 0.76182756283385522 -0.0237256 -0.0303547 -0.0536184
45.20 0.76249268548415305 -0.0229453 -0.0295573 -0.0528369
45.25 0.76315839694289456 -0.0221642 -0.0287591 -0.0520547
45.30 0.76382469976910006 -0.0213822 -0.02796 -0.0512716
45.35 0.76449159652951659 -0.0205994 -0.0271599 -0.0504877
45.40 0.76515908979866654 -0.0198158 -0.0263589 -0.049703
45.45 0.76582718215889523 -0.0190314 -0.0255571 -0.0489174
45.50 0.76649587620041937 -0.0182461 -0.0247543 -0.048131
45.55 0.76716517452137623 -0.01746 -0.0239506 -0.0473438
45.60 0.76783507972787179 -0.016673 -0.0231459 -0.0465558
45.65 0.76850559443403055 -0.0158853 -0.0223404 -0.0457669
45.70 0.76917672126204495 -0.0150966 -0.0215339 -0.0449772
45.75 0.76984846284222430 -0.0143072 -0.0207264 -0.0441866
45.80 0.77052082181304604 -0.0135168 -0.0199181 -0.0433952
45.85 0.77119380082120481 -0.0127257 -0.0191087 -0.042603
45.90 0.77186740252166364 -0.0119336 -0.0182985 -0.0418099
45.95 0.77254162957770478 -0.0111407 -0.0174872 -0.041016
46.00 0.77321648466098036 -0.010347 -0.0166751 -0.0402212
46.05 0.77389197045156433 -0.0095524 -0.0158619 -0.0394255
46.10 0.77456808963800328 -0.0087569 -0.0150478 -0.038629
46.15 0.77524484491736945 -0.0079605 -0.0142328 -0.0378317
46.20 0.77592223899531199 -0.0071633 -0.0134167 -0.0370335
46.25 0.77660027458611014 -0.0063651 -0.0125997 -0.0362344
46.30 0.77727895441272554 -0.0055661 -0.0117818 -0.0354344
46.35 0.77795828120685584 -0.0047663 -0.0109628 -0.0346336
46.40 0.77863825770898754 -0.0039655 -0.0101428 -0.0338319
46.45 0.77931888666845017 -0.0031638 -0.0093219 -0.0330293
46.50 0.78000017084346973 -0.0023613 -0.0085 -0.0322259
46.55 0.78068211300122392 -0.0015578 -0.0076771 -0.0314216
46.60 0.78136471591789569 -0.0007534 -0.0068531 -0.0306164
46.65 0.78204798237872875 0.0000518 -0.0060282 -0.0298103
46.70 0.78273191517808294 0.000858 -0.0052023 -0.0290033
46.75 0.78341651711948912 0.0016651 -0.0043753 -0.0281955
46.80 0.78410179101570610 0.0024731 -0.0035474 -0.0273867
46.85 0.78478773968877535 0.003282 -0.0027184 -0.0265771
46.90 0.78547436597007880 0.0040918 -0.0018884 -0.0257665
46.95 0.78616167270039528 0.0049026 -0.0010574 -0.0249551
47.00 0.78684966272995749 0.0057143 -0.0002253 -0.0241428
47.05 0.78753833891850933 0.0065269 0.0006078 -0.0233295
47.10 0.78822770413536436 0.0073404 0.0014419 -0.0225154
47.15 0.78891776125946356 0.0081549 0.0022771 -0.0217004
47.20 0.78960851317943370 0.0089703 0.0031133 -0.0208844
47.25 0.79029996279364645 0.0097867 0.0039506 -0.0200676
47.30 0.79099211301027716 0.010604 0.0047889 -0.0192498
47.35 0.79168496674736522 0.0114223 0.0056283 -0.0184311
47.40 0.79237852693287303 0.0122415 0.0064687 -0.0176116
47.45 0.79307279650474649 0.0130616 0.0073102 -0.0167911
47.50 0.79376777841097601 0.0138828 0.0081527 -0.0159696
47.55 0.79446347560965724 0.0147048 0.0089964 -0.0151473
47.60 0.79515989106905183 0.0155279 0.0098411 -0.014324
47.65 0.79585702776764977 0.0163519 0.0106869 -0.0134998
47.70 0.79655488869423152 0.0171769 0.0115337 -0.0126747
47.75 0.79725347684792980 0.0180028 0.0123817 -0.0118487
47.80 0.79795279523829266 0.0188298 0.0132307 -0.0110217
47.85 0.79865284688534688 0.0196577 0.0140809 -0.0101938
47.90 0.79935363481966115 0.0204865 0.0149321 -0.0093649
47.95 0.80005516208241045 0.0213164 0.0157844 -0.0085352
48.00 0.80075743172543956 0.0221473 0.0166379 -0.0077044
48.05 0.80146044681132877 0.0229791 0.0174924 -0.0068728
48.10 0.80216421041345820 0.023812 0.0183481 -0.0060402
48.15 0.80286872561607381 0.0246458 0.0192049 -0.0052067
48.20 0.80357399551435238 0.0254807 0.0200628 -0.0043722
48.25 0.80428002321446923 0.0263165 0.0209218 -0.0035368
48.30 0.80498681183366394 0.0271534 0.0217819 -0.0027004
48.35 0.80569436450030729 0.0279912 0.0226432 -0.0018631
48.40 0.80640268435396956 0.0288301 0.0235056 -0.0010248
48.45 0.80711177454548755 0.02967 0.0243692 -0.0001856
48.50 0.80782163823703412 0.0305109 0.0252339 0.0006546
48.55 0.80853227860218546 0.0313528 0.0260997 0.0014957
48.60 0.80924369882599168 0.0321957 0.0269667 0.0023378
48.65 0.80995590210504553 0.0330397 0.0278349 0.0031808
48.70 0.81066889164755318 0.0338847 0.0287042 0.0040248
48.75 0.81138267067340353 0.0347307 0.0295747 0.0048698
48.80 0.81209724241424064 0.0355778 0.0304463 0.0057157
48.85 0.81281261011353434 0.0364259 0.0313191 0.0065626
48.90 0.81352877702665161 0.037275 0.0321931 0.0074104
48.95 0.81424574642093006 0.0381252 0.0330682 0.0082592
49.00 0.81496352157574936 0.0389765 0.0339446 0.009109
49.05 0.81568210578260558 0.0398287 0.0348221 0.0099598
49.10 0.81640150234518361 0.0406821 0.0357008 0.0108115
49.15 0.81712171457943295 0.0415364 0.0365807 0.0116641
49.20 0.81784274581364047 0.0423919 0.0374618 0.0125178
49.25 0.81856459938850701 0.0432484 0.0383441 0.0133724
49.30 0.81928727865722173 0.0441059 0.0392276 0.014228
49.35 0.82001078698553909 0.0449646 0.0401123 0.0150846
49.40 0.82073512775185475 0.0458243 0.0409982 0.0159421
49.45 0.82146030434728290 0.046685 0.0418854 0.0168006
49.50 0.82218632017573356 0.0475469 0.0427737 0.0176601
49.55 0.82291317865399061 0.0484098 0.0436633 0.0185205
49.60 0.82364088321179052 0.0492738 0.0445541 0.019382
49.65 0.82436943729190104 0.0501388 0.0454461 0.0202444
49.70 0.82509884435020076 0.051005 0.0463394 0.0211078
49.75 0.82582910785575958 0.0518722 0.0472339 0.0219721
49.80 0.82656023129091882 0.0527406 0.0481296 0.0228375
49.85 0.82729221815137199 0.05361 0.0490266 0.0237038
49.90 0.82802507194624730 0.0544805 0.0499248 0.0245711
49.95 0.82875879619818926 0.0553521 0.0508243 0.0254394
50.00 0.82949339444344139 0.0562248 0.0517251 0.0263086
50.05 0.83022887023192915 0.0570986 0.0526271 0.0271789
50.10 0.83096522712734444 0.0579735 0.0535303 0.0280501
50.15 0.83170246870722930 0.0588495 0.0544349 0.028857
50.20 0.83244059856306107 0.0597266 0.0553407 0.0291864
50.25 0.83317962030033754 0.0606049 0.0562477 0.0295152
50.30 0.83391953753866332 0.0614842 0.0571561 0.0298435
50.35 0.83466035391183646 0.0623647 0.0580657 0.0301711
50.40 0.83540207306793479 0.0632462 0.0589767 0.0304982
50.45 0.83614469866940455 0.0641289 0.0598889 0.0308247
50.50 0.83688823439314863 0.0650127 0.0608024 0.0311505
50.55 0.83763268393061485 0.0658977 0.0617172 0.0314758
50.60 0.83837805098788598 0.0667837 0.0626333 0.0318005
50.65 0.83912433928576935 0.0676709 0.0635507 0.0321246
50.70 0.83987155255988821 0.0685592 0.0644694 0.0324481
50.75 0.84061969456077290 0.0694487 0.0653894 0.0327709
50.80 0.84136876905395186 0.0703392 0.0663108 0.0330932
50.85 0.84211877982004546 0.0712309 0.0672334 0.0334149
50.90 0.84286973065485837 0.0721238 0.0681574 0.033736
50.95 0.84362162536947360 0.0730178 0.0690827 0.0340564
51.00 0.84437446779034697 0.0739129 0.0700093 0.0343763
51.05 0.84512826175940192 0.0748092 0.0709373 0.0346956
51.10 0.84588301113412578 0.0757066 0.0718666 0.0350142
51.15 0.84663871978766536 0.0766052 0.0727973 0.0353323
51.20 0.84739539160892485 0.0775049 0.0737292 0.0356498
51.25 0.84815303050266300 0.0784057 0.0746626 0.0359666
51.30 0.84891164038959133 0.0793078 0.0755973 0.0362829
51.35 0.84967122520647376 0.0802109 0.0765333 0.0365985
51.40 0.85043178890622606 0.0811152 0.0774707 0.0369135
51.45 0.85119333545801568 0.0820207 0.0784094 0.0372279
51.50 0.85195586884736429 0.0829273 0.0793496 0.0375417
51.55 0.85271939307624789 0.0838351 0.080291 0.0378549
51.60 0.85348391216320041 0.0847441 0.0812339 0.0381675
51.65 0.85424943014341670 0.0856542 0.0821781 0.0384795
51.70 0.85501595106885664 0.0865655 0.0831237 0.0387909
51.75 0.85578347900834917 0.0874779 0.0840707 0.0391017
51.80 0.85655201804769820 0.0883915 0.0850191 0.0394118
51.85 0.85732157228978900 0.0893063 0.0859688 0.0397214
51.90 0.85809214585469440 0.0902222 0.08692 0.0400303
51.95 0.85886374287978262 0.0911393 0.0878725 0.0403387
52.00 0.85963636751982619 0.0920576 0.0888265 0.0406464
52.05 0.86041002394711030 0.092977 0.0897818 0.0409535
52.10 0.86118471635154337 0.0938976 0.0907386 0.04126
52.15 0.86196044894076718 0.0948194 0.0916967 0.0415659
52.20 0.86273722594026869 0.0957423 0.0926563 0.0418712
52.25 0.86351505159349251 0.0966665 0.0936172 0.0421759
52.30 0.86429393016195311 0.0975917 0.0945796 0.04248
52.35 0.86507386592534963 0.0985182 0.0955434 0.0427834
52.40 0.86585486318168026 0.0994459 0.0965087 0.0430863
52.45 0.86663692624735733 0.1003747 0.0974753 0.0433886
52.50 0.86742005945732381 0.1013046 0.0984434 0.0436902
52.55 0.86820426716517096 0.1022358 0.0994129 0.0439912
52.60 0.86898955374325570 0.1031681 0.1003839 0.0442916
52.65 0.86977592358281952 0.1041016 0.1013563 0.0445914
52.70 0.87056338109410869 0.1050363 0.1023301 0.0448906
52.75 0.87135193070649397 0.1059722 0.1033053 0.0451892
52.80 0.87214157686859295 0.1069092 0.104282 0.0454872
52.85 0.87293232404839116 0.1078474 0.1052602 0.0457846
52.90 0.87372417673336666 0.1087868 0.1062398 0.0460813
52.95 0.87451713943061304 0.1097273 0.1072209 0.0463774
53.00 0.87531121666696521 0.110669 0.1082034 0.046673
53.05 0.87610641298912395 0.1116119 0.1091874 0.0469679
53.10 0.87690273296378440 0.112556 0.1101728 0.0472622
53.15 0.87770018117776261 0.1135012 0.1111597 0.0475558
53.20 0.87849876223812495 0.1144476 0.112148 0.0478489
53.25 0.87929848077231665 0.1153952 0.1131379 0.0481413
53.30 0.88009934142829360 0.1163439 0.1141292 0.0484331
53.35 0.88090134887465321 0.1172938 0.1151219 0.0487243
53.40 0.88170450780076659 0.1182448 0.1161162 0.0490149
53.45 0.88250882291691279 0.119197 0.1171119 0.0493049
53.50 0.88331429895441260 0.1201504 0.1181091 0.0495942
53.55 0.88412094066576463 0.1211049 0.1191078 0.0498829
53.60 0.88492875282478045 0.1220606 0.1201079 0.050171
53.65 0.88573774022672380 0.1230174 0.1211095 0.0504584
53.70 0.88654790768844782 0.1239754 0.1221127 0.0507452
53.75 0.88735926004853483 0.1249346 0.1231173 0.0510314
53.80 0.88817180216743707 0.1258948 0.1241234 0.0513169
53.85 0.88898553892761789 0.1268562 0.125131 0.0516018
53.90 0.88980047523369521 0.1278188 0.1261401 0.0518861
53.95 0.89061661601258424 0.1287825 0.1271506 0.0521697
54.00 0.89143396621364279 0.1297473 0.1281627 0.0524526
54.05 0.89225253080881717 0.1307133 0.1291763 0.052735
54.10 0.89307231479278926 0.1316804 0.1301914 0.0530166
54.15 0.89389332318312398 0.1326486 0.1312079 0.0532976
54.20 0.89471556102041949 0.1336179 0.132226 0.053578
54.25 0.89553903336845653 0.1345884 0.1332456 0.0538577
54.30 0.89636374531435070 0.1355599 0.1342666 0.0541367
54.35 0.89718970196870451 0.1365326 0.1352892 0.0544151
54.40 0.89801690846576132 0.1375064 0.1363133 0.0546928
54.45 0.89884536996356046 0.1384812 0.1373388 0.0549698
54.50 0.89967509164409376 0.1394572 0.1383659 0.0552461
54.55 0.90050607871346144 0.1404342 0.1393945 0.0555217
54.60 0.90133833640203209 0.1414124 0.1404246 0.0557967
54.65 0.90217186996460219 0.1423916 0.1414562 0.0560709
54.70 0.90300668468055645 0.1433718 0.1424893 0.0563445
54.75 0.90384278585403033 0.1443532 0.1435239 0.0566173
54.80 0.90468017881407381 0.1453356 0.14456 0.0568895
54.85 0.90551886891481559 0.146319 0.1455976 0.0571609
54.90 0.90635886153562961 0.1473035 0.1466367 0.0574316
54.95 0.90720016208130172 0.1482891 0.1476773 0.0577016
55.00 0.90804277598219907 0.1492756 0.1487194 0.0579708
55.05 0.90888670869443910 0.1502632 0.1497631 0.0582393
55.10 0.90973196570006132 0.1512518 0.1508082 0.0585071
55.15 0.91057855250719977 0.1522415 0.1518548 0.0587741
55.20 0.91142647465025639 0.1532321 0.1529029 0.0590403
55.25 0.91227573769007742 0.1542237 0.1539525 0.0593058
55.30 0.91312634721412855 0.1552163 0.1550036 0.0595705
55.35 0.91397830883667408 0.1562098 0.1560562 0.0598344
55.40 0.91483162819895569 0.1572044 0.1571103 0.0600975
55.45 0.91568631096937336 0.1581998 0.1581659 0.0603598
55.50 0.91654236284366797 0.1591963 0.159223 0.0606214
55.55 0.91739978954510426 0.1601936 0.1602815 0.0608821
55.60 0.91825859682465660 0.1611919 0.1613415 0.0611419
55.65 0.91911879046119527 0.1621911 0.162403 0.061401
55.70 0.91998037626167417 0.1631912 0.163466 0.0616592
55.75 0.92084336006132139 0.1641922 0.1645305 0.0619165
55.80 0.92170774772382924 0.165194 0.1655964 0.062173
55.85 0.92257354514154721 0.1661967 0.1666638 0.0624286
55.90 0.92344075823567617 0.1672003 0.1677326 0.0626833
55.95 0.92430939295646408 0.1682047 0.1688029 0.0629371
56.00 0.92517945528340284 0.1692099 0.1698747 0.06319
56.05 0.92605095122542769 0.170216 0.1709479 0.063442
56.10 0.92692388682111693 0.1712228 0.1720225 0.0636931
56.15 0.92779826813889443 0.1722304 0.1730986 0.0639432
56.20 0.92867410127723360 0.1732388 0.1741761 0.0641924
56.25 0.92955139236486140 0.1742479 0.1752551 0.0644405
56.30 0.93043014756096676 0.1752577 0.1763354 0.0646878
56.35 0.93131037305540842 0.1762683 0.1774172 0.064934
56.40 0.93219207506892543 0.1772796 0.1785004 0.0651792
56.45 0.93307525985334883 0.1782915 0.179585 0.0654234
56.50 0.93395993369181618 0.1793041 0.1806709 0.0656665
56.55 0.93484610289898640 0.1803173 0.1817583 0.0659086
56.60 0.93573377382125700 0.1813312 0.182847 0.0661496
56.65 0.93662295283698360 0.1823456 0.1839371 0.0663896
56.70 0.93751364635670031 0.1833607 0.1850286 0.0666284
56.75 0.93840586082334254 0.1843762 0.1861214 0.0668662
56.80 0.93929960271247126 0.1853924 0.1872155 0.0671028
56.85 0.94019487853249961 0.186409 0.188311 0.0673382
56.90 0.94109169482492094 0.1874261 0.1894078 0.0675725
56.95 0.94199005816453896 0.1884437 0.1905059 0.0678056
57.00 0.94288997515969897 0.1894618 0.1916053 0.0680375
57.05 0.94379145245252305 0.1904802 0.192706 0.0682682
57.10 0.94469449671914496 0.191499 0.193808 0.0684976
57.15 0.94559911466994739 0.1925182 0.1949112 0.0687258
57.20 0.94650531304980356 0.1935378 0.1960157 0.0689527
57.25 0.94741309863831702 0.1945576 0.1971214 0.0691783
57.30 0.94832247825006655 0.1955777 0.1982284 0.0694026
57.35 0.94923345873485143 0.1965981 0.1993365 0.0696255
57.40 0.95014604697793958 0.1976186 0.2004458 0.0698471
57.45 0.95106024990031746 0.1986394 0.2015564 0.0700673
57.50 0.95197607445894206 0.1996603 0.202668 0.0702861
57.55 0.95289352764699498 0.2006813 0.2037809 0.0705034
57.60 0.95381261649413907 0.2017025 0.2048948 0.0707194
57.65 0.95473334806677612 0.2027236 0.2060099 0.0709338
57.70 0.95565572946830857 0.2037448 0.207126 0.0711467
57.75 0.95657976783940157 0.2047659 0.2082432 0.0713581
57.80 0.95750547035824851 0.205787 0.2093615 0.071568
57.85 0.95843284424083808 0.206808 0.2104807 0.0717763
57.90 0.95936189674122396 0.2078289 0.211601 0.071983
57.95 0.96029263515179708 0.2088495 0.2127223 0.072188
58.00 0.96122506680355879 0.20987 0.2138445 0.0723914
58.05 0.96215919906639924 0.2108901 0.2126219 0.0725932
58.10 0.96309503934937468 0.21191 0.2113489 0.0727932
58.15 0.96403259510098971 0.2129295 0.2100746 0.0729914
58.20 0.96497187380948068 0.2139485 0.2087992 0.0731879
58.25 0.96591288300310196 0.2149672 0.2075226 0.0733826
58.30 0.96685563025041488 0.2159853 0.2062448 0.0735755
58.35 0.96780012316057895 0.2170029 0.2049659 0.0737665
58.40 0.96874636938364433 0.2180198 0.2036858 0.0739557
58.45 0.96969437661085001 0.2190361 0.2024046 0.0741429
58.50 0.97064415257492132 0.2200517 0.2011222 0.0743281
58.55 0.97159570505037196 0.2210665 0.1998387 0.0745114
58.60 0.97254904185380731 0.2220805 0.198554 0.0746926
58.65 0.97350417084423224 0.2230936 0.1972682 0.0748718
58.70 0.97446109992335961 0.2241058 0.1959812 0.0750489
58.75 0.97541983703592194 0.2251169 0.1946932 0.0752239
58.80 0.97638039016998779 0.226127 0.1934039 0.0753967
58.85 0.97734276735727810 0.227136 0.1921136 0.0755673
58.90 0.97830697667348698 0.2281437 0.1908221 0.0757357
58.95 0.97927302623860457 0.2291502 0.1895295 0.0759018
59.00 0.98024092421724396 0.2297573 0.1882358 0.0760657
59.05 0.98121067881896906 0.228555 0.1869409 0.0762271
59.10 0.98218229829862735 0.2273514 0.185645 0.0753605
59.15 0.98315579095668360 0.2261466 0.1843478 0.0741079
59.20 0.98413116513955912 0.2249407 0.1830496 0.0728533
59.25 0.98510842923997155 0.2237336 0.1817502 0.0715968
59.30 0.98608759169727866 0.2225253 0.1804498 0.0703385
59.35 0.98706866099782586 0.2213158 0.1791481 0.0690781
59.40 0.98805164567529558 0.2201052 0.1778454 0.0678159
59.45 0.98903655431106108 0.2188934 0.1765415 0.0665517
59.50 0.99002339553454166 0.2176805 0.1752365 0.0652856
59.55 0.99101217802356323 0.2164665 0.1739304 0.0640175
59.60 0.99200291050472111 0.2152514 0.1726231 0.0627475
59.65 0.99299560175374524 0.2140352 0.1713147 0.0614756
59.70 0.99399026059587003 0.2128178 0.1700052 0.0602016
59.75 0.99498689590620693 0.2115994 0.1686945 0.0589258
59.80 0.99598551661012047 0.2103799 0.1673827 0.0576479
59.85 0.99698613168360850 0.2091593 0.1660698 0.0563681
59.90 0.99798875015368327 0.2079376 0.1647557 0.0550863
59.95 0.99899338109875979 0.2067149 0.1634405 0.0538025
60.00 1.0000000336490449 0.2054912 0.1621241 0.0525167
60.05 1.0010087169869311 0.2042664 0.1608066 0.0512289
60.10 1.0020194403473930 0.2030406 0.1594879 0.049939
60.15 1.0030322130183893 0.2018138 0.1581681 0.0486472
60.20 1.0040470443412663 0.200586 0.1568471 0.0473532
60.25 1.0050639437111659 0.1993571 0.1555249 0.0460573
60.30 1.0060829205774386 0.1981273 0.1542016 0.0447593
60.35 1.0071039844440590 0.1968966 0.1528772 0.0434592
60.40 1.0081271448700442 0.1956648 0.1515515 0.042157
60.45 1.0091524114698791 0.1944322 0.1502247 0.0408527
60.50 1.0101797939139427 0.1931986 0.1488968 0.0395463
60.55 1.0112093019289397 0.191964 0.1475676 0.0382377
60.60 1.0122409452983365 0.1907286 0.1462373 0.036927
60.65 1.0132747338627996 0.1894922 0.1449058 0.0356142
60.70 1.0143106775206405 0.188255 0.1435731 0.0342991
60.75 1.0153487862282633 0.1870169 0.1422392 0.0329819
60.80 1.0163890700006153 0.185778 0.1409041 0.0316624
60.85 1.0174315389116453 0.1845382 0.1395678 0.0303407
60.90 1.0184762030947627 0.1832976 0.1382304 0.0290167
60.95 1.0195230727433033 0.1820561 0.1368917 0.0276904
61.00 1.0205721581109972 0.1808139 0.1355518 0.0263619
61.05 1.0216234695124444 0.179571 0.1342107 0.025031
61.10 1.0226770173235920 0.1783273 0.1328684 0.0236977
61.15 1.0237328119822167 0.1770828 0.1315249 0.022362
61.20 1.0247908639884131 0.1758376 0.1301802 0.0210239
61.25 1.0258511839050852 0.1745918 0.1288342 0.0196834
61.30 1.0269137823584431 0.1733453 0.127487 0.0183404
61.35 1.0279786700385047 0.1720981 0.1261386 0.0169949
61.40 1.0290458576996018 0.1708504 0.1247889 0.0156468
61.45 1.0301153561608911 0.169602 0.1234381 0.0142962
61.50 1.0311871763068714 0.1683531 0.1220859 0.012943
61.55 1.0322613290879032 0.1671037 0.1207325 0.0115871
61.60 1.0333378255207359 0.1658537 0.1193779 0.0102285
61.65 1.0344166766890379 0.1646033 0.118022 0.0088671
61.70 1.0354978937439347 0.1633524 0.1166649 0.007503
61.75 1.0365814879045478 0.1621012 0.1153065 0.006136
61.80 1.0376674704585451 0.1608496 0.1139468 0.0047662
61.85 1.0387558527626892 0.1595977 0.1125859 0.0033934
61.90 1.0398466462433982 0.1583454 0.1112237 0.0020177
61.95 1.0409398623973067 0.157093 0.1098602 0.0006389
62.00 1.0420355127918348 0.1558404 0.1084954 -0.0007431
62.05 1.0431336090657632 0.1545876 0.1071294 -0.0021282
62.10 1.0442341629298113 0.1533347 0.1057621 -0.0035165
62.15 1.0453371861672238 0.1520818 0.1043935 -0.0049082
62.20 1.0464426906343616 0.150829 0.1030236 -0.0063032
62.25 1.0475506882612993 0.1495762 0.1016524 -0.0077017
62.30 1.0486611910524275 0.1477353 0.1002799 -0.0091038
62.35 1.0497742110870625 0.1456007 0.0989062 -0.0105095
62.40 1.0508897605200611 0.1434618 0.0975311 -0.011919
62.45 1.0520078515824418 0.1413184 0.0961547 -0.0133323
62.50 1.0531284965820111 0.1391703 0.0947771 -0.0147495
62.55 1.0542517079039999 0.1370175 0.0933981 -0.0161708
62.60 1.0553774980117010 0.1348599 0.0920178 -0.0175963
62.65 1.0565058794471158 0.1326973 0.0906363 -0.0190261
62.70 1.0576368648316092 0.1305296 0.0892534 -0.0204604
62.75 1.0587704668665670 0.1283566 0.0878692 -0.0218993
62.80 1.0599066983340624 0.1261782 0.0864838 -0.0233429
62.85 1.0610455720975307 0.1239943 0.085097 -0.0247915
62.90 1.0621871011024460 0.1218046 0.0837089 -0.0262451
62.95 1.0633312983770105 0.119609 0.0823196 -0.0277041
63.00 1.0644781770328475 0.1174073 0.0809289 -0.0291685
63.05 1.0656277502657008 0.1151992 0.079537 -0.0306387
63.10 1.0667800313561446 0.1129847 0.0777287 -0.0321149
63.15 1.0679350336702964 0.1107633 0.0755942 -0.0335972
63.20 1.0690927706605413 0.108535 0.0734563 -0.0350861
63.25 1.0702532558662603 0.1062994 0.071315 -0.0365818
63.30 1.0714165029145688 0.1040562 0.0691703 -0.0380846
63.35 1.0725825255210610 0.1018051 0.067022 -0.0395949
63.40 1.0737513374905625 0.0995458 0.0648702 -0.0411131
63.45 1.0749229527178907 0.097278 0.0627148 -0.0426395
63.50 1.0760973851886237 0.0950013 0.0605557 -0.0441747
63.55 1.0772746489798752 0.0927152 0.0583928 -0.0457192
63.60 1.0784547582610808 0.0904193 0.0562262 -0.0472735
63.65 1.0796377272947879 0.0881131 0.0540556 -0.0488382
63.70 1.0808235704374589 0.0857962 0.0518811 -0.050414
63.75 1.0820123021402799 0.0834679 0.0497026 -0.0520016
63.80 1.0832039369499773 0.0811277 0.04752 -0.0536018
63.85 1.0843984895096448 0.0787749 0.0453331 -0.0552156
63.90 1.0855959745595780 0.0764088 0.0431421 -0.0568439
63.95 1.0867964069381189 0.0740286 0.0409466 -0.058488
64.00 1.0879998015825072 0.0716334 0.0387467 -0.060149
64.05 1.0892061735297434 0.0692225 0.0365423 -0.0618284
64.10 1.0904155379174589 0.0667947 0.0343334 -0.0635279
64.15 1.0916279099847972 0.064349 0.0321198 -0.0652492
64.20 1.0928433050732997 0.0618844 0.0299015 -0.0669944
64.25 1.0940617386278098 0.0593995 0.0276785 -0.0687661
64.30 1.0952832261973782 0.0568931 0.0254509 -0.0705667
64.35 1.0965077834361816 0.0543638 0.0232187 -0.0723997
64.40 1.0977354261044516 0.0518105 0.0209822 -0.0742686
64.45 1.0989661700694118 0.0492317 0.0187416 -0.0761777
64.50 1.1002000313062268 0.0466264 0.0164975 -0.0781321
64.55 1.1014370258989608 0.043994 0.0142509 -0.0801375
64.60 1.1026771700415456 0.0413344 0.0120031 -0.0822008
64.65 1.1039204800387612 0.038649 0.0097562 -0.0843299
64.70 1.1051669723072235 0.0359414 0.0075135 -0.0865341
64.75 1.1064166633763877 0.0332192 0.0052805 -0.0888237
64.80 1.1076695698895584 0.030497 0.0030656 -0.0912096
64.85 1.1089257086049120 0.0278014 0.0008825 -0.0937018
64.90 1.1101850963965334 0.0251808 -0.0012459 -0.0963056
64.95 1.1114477502554549 0.0227207 -0.003282 -0.0990126
65.00 1.1127136872907215 0.0205671 -0.0051645 -0.1017827
65.05 1.1139829247304520 0.0189475 -0.0068003 -0.1045134
65.10 1.1152554799229231 0.0181518 -0.0080724 -0.1070119
65.15 1.1165313703376598 0.018412 -0.0088834 -0.1090246
65.20 1.1178106135665402 0.0197362 -0.0092172 -0.1103576
65.25 1.1190932273249123 0.0218949 -0.0091467 -0.110978
65.30 1.1203792294527217 0.024579 -0.0087785 -0.1109839
65.35 1.1216686379156546 0.0275318 -0.0082048 -0.1105146
65.40 1.1229614708062909 0.0305814 -0.0074906 -0.1096954
65.45 1.1242577463452708 0.0336243 -0.0066777 -0.1086233
65.50 1.1255574828824770 0.0366015 -0.0057926 -0.1073689
65.55 1.1268606988982264 0.0394815 -0.0048521 -0.1059836
65.60 1.1281674130044770 0.0422494 -0.003867 -0.1045042
65.65 1.1294776439460517 0.0449 -0.0028443 -0.1029582
65.70 1.1307914106018655 0.0474337 -0.0017885 -0.1013656
65.75 1.1321087319861824 0.0498548 -0.0007028 -0.0997417
65.80 1.1334296272498716 0.0521693 0.0004109 -0.0980983
65.85 1.1347541156816874 0.0543844 0.0015512 -0.0964442
65.90 1.1360822167095599 0.0565079 0.0027172 -0.0947866
65.95 1.1374139499019000 0.0585477 0.0039083 -0.0932549
66.00 1.1387493349689228 0.0605117 0.005124 -0.0938878
66.05 1.1400883917639824 0.0624075 0.0063641 -0.0943262
66.10 1.1414311402849235 0.0642425 0.0076283 -0.0945823
66.15 1.1427776006754504 0.0650069 0.0089167 -0.0946676
66.20 1.1441277932265064 0.0636929 0.010229 -0.0945932
66.25 1.1454817383776770 0.0624343 0.0106014 -0.0943695
66.30 1.1468394567186027 0.0612313 0.0104442 -0.0940062
66.35 1.1482009689904107 0.0600837 0.0103161 -0.0935127
66.40 1.1495662960871658 0.0589911 0.0102166 -0.0928976
66.45 1.1509354590573304 0.0579531 0.0101452 -0.0921693
66.50 1.1523084791052536 0.056969 0.0101011 -0.0913352
66.55 1.1536853775926659 0.056038 0.0100838 -0.0904027
66.60 1.1550661760401986 0.0551591 0.0100925 -0.0893785
66.65 1.1564508961289190 0.0543312 0.0101266 -0.0882689
66.70 1.1578395597018831 0.0535534 0.0101854 -0.0870799
66.75 1.1592321887657087 0.0528245 0.0102682 -0.085817
66.80 1.1606288054921641 0.0521431 0.0103744 -0.0844852
66.85 1.1620294322197784 0.0515082 0.0105032 -0.0830895
66.90 1.1634340914554704 0.0509184 0.010654 -0.0816344
66.95 1.1648428058761942 0.0503724 0.010826 -0.0801239
67.00 1.1662555983306084 0.0498689 0.0110186 -0.078562
67.05 1.1676724918407646 0.0494067 0.0112312 -0.0769523
67.10 1.1690935096038124 0.0489844 0.0114631 -0.0752982
67.15 1.1705186749937306 0.0486008 0.0117135 -0.0736027
67.20 1.1719480115630720 0.0482545 0.0119821 -0.0718688
67.25 1.1733815430447392 0.0479444 0.012268 -0.0700992
67.30 1.1748192933537724 0.0476692 0.0125707 -0.0682963
67.35 1.1762612865891637 0.0474277 0.0128896 -0.0664625
67.40 1.1777075470356930 0.0472187 0.0132242 -0.0645998
67.45 1.1791580991657851 0.0470411 0.013574 -0.0627104
67.50 1.1806129676413906 0.0468937 0.0139383 -0.0607959
67.55 1.1820721773158904 0.0467755 0.0143168 -0.0588582
67.60 1.1835357532360211 0.0466855 0.0147088 -0.0568987
67.65 1.1850037206438264 0.0466226 0.0151139 -0.0549189
67.70 1.1864761049786312 0.0465858 0.0155317 -0.0529202
67.75 1.1879529318790409 0.0465741 0.0159618 -0.0509039
67.80 1.1894342271849665 0.0465868 0.0164037 -0.0488709
67.85 1.1909200169396705 0.0466228 0.0168569 -0.0468225
67.90 1.1924103273918456 0.0466814 0.0173212 -0.0447596
67.95 1.1939051849977087 0.0467617 0.0177961 -0.0426831
68.00 1.1954046164231349 0.0468629 0.0182814 -0.0405939
68.05 1.1969086485458049 0.0469844 0.0187765 -0.0384927
68.10 1.1984173084573870 0.0471253 0.0192814 -0.0364928
68.15 1.1999306234657463 0.0472849 0.0197955 -0.0354295
68.20 1.2014486210971758 0.0474627 0.0203186 -0.0343714
68.25 1.2029713290986654 0.047658 0.0208505 -0.0333184
68.30 1.2044987754401906 0.0478702 0.0213908 -0.03227
68.35 1.2060309883170346 0.0480986 0.0219394 -0.0312261
68.40 1.2075679961521408 0.0483428 0.0224958 -0.0301863
68.45 1.2091098275984908 0.0486021 0.0230601 -0.0291504
68.50 1.2106565115415191 0.0488762 0.0236318 -0.0281182
68.55 1.2122080771015531 0.0491644 0.0242107 -0.0270893
68.60 1.2137645536362878 0.0494664 0.0247968 -0.0260637
68.65 1.2153259707432924 0.0497817 0.0253897 -0.0250411
68.70 1.2168923582625433 0.0501099 0.0259894 -0.0240212
68.75 1.2184637462790018 0.0504505 0.0265955 -0.0230038
68.80 1.2200401651252133 0.0508031 0.027208 -0.0219889
68.85 1.2216216453839461 0.0511675 0.0278267 -0.0222635
68.90 1.2232082178908650 0.0515432 0.0284514 -0.0231122
68.95 1.2247999137372361 0.0519299 0.029082 -0.0239677
69.00 1.2263967642726714 0.0523273 0.0297183 -0.02483
69.05 1.2279988011079066 0.0527351 0.0303603 -0.025699
69.10 1.2296060561176163 0.0531529 0.0310077 -0.0265749
69.15 1.2312185614432660 0.0535806 0.0316606 -0.0274575
69.20 1.2328363494960013 0.0540177 0.0323186 -0.0283468
69.25 1.2344594529595776 0.0544641 0.0329819 -0.0292428
69.30 1.2360879047933260 0.0549196 0.0336501 -0.0301455
69.35 1.2377217382351597 0.0553838 0.0343234 -0.0310549
69.40 1.2393609868046243 0.0558565 0.0350014 -0.0319708
69.45 1.2410056843059762 0.0563376 0.0356843 -0.0328934
69.50 1.2426558648313226 0.0568269 0.0363718 -0.0338225
69.55 1.2443115627637849 0.0573241 0.0370639 -0.0347581
69.60 1.2459728127807141 0.057829 0.0377606 -0.0357002
69.65 1.2476396498569498 0.0583415 0.0384617 -0.0366487
69.70 1.2493121092681172 0.0588614 0.0391671 -0.0376036
69.75 1.2509902265939778 0.0593885 0.0398769 -0.0385648
69.80 1.2526740377218175 0.0599227 0.040591 -0.0395324
69.85 1.2543635788498853 0.0604639 0.0413093 -0.0405062
69.90 1.2560588864908790 0.0610118 0.0420317 -0.0414863
69.95 1.2577599974754754 0.0615664 0.0427582 -0.0424725
70.00 1.2594669489559134 0.0621276 0.0434887 -0.0434649
70.05 1.2611797784096244 0.0626951 0.0442233 -0.0444633
70.10 1.2628985236429111 0.0632689 0.0449618 -0.0454679
70.15 1.2646232227946819 0.0638488 0.0457042 -0.0464784
70.20 1.2663539143402289 0.0644349 0.0464505 -0.0474949
70.25 1.2680906370950717 0.0650269 0.0472006 -0.0485173
70.30 1.2698334302188394 0.0656247 0.0479545 -0.0495456
70.35 1.2715823332192195 0.0662283 0.0487122 -0.0505798
70.40 1.2733373859559551 0.0668376 0.0494736 -0.0516198
70.45 1.2750986286448989 0.0674525 0.0502388 -0.0526655
70.50 1.2768661018621295 0.0680729 0.0510076 -0.0537169
70.55 1.2786398465481190 0.0686988 0.0517801 -0.054774
70.60 1.2804199040119650 0.0693299 0.0525562 -0.0558368
70.65 1.2822063159356787 0.0699664 0.0533359 -0.0569051
70.70 1.2839991243785358 0.0706081 0.0541192 -0.057979
70.75 1.2857983717814927 0.071255 0.0549061 -0.0590584
70.80 1.2876041009716590 0.071907 0.0556966 -0.0601433
70.85 1.2894163551668398 0.072564 0.0564906 -0.0612337
70.90 1.2912351779801445 0.073226 0.0572882 -0.0623294
70.95 1.2930606134246510 0.0738929 0.0580892 -0.0634305
71.00 1.2948927059181552 0.0745647 0.0588938 -0.064537
71.05 1.2967315002879742 0.0752414 0.0597019 -0.0656487
71.10 1.2985770417758264 0.0759228 0.0605134 -0.0667657
71.15 1.3004293760427814 0.0766091 0.0613285 -0.067888
71.20 1.3022885491742811 0.0773 0.062147 -0.0690154
71.25 1.3041546076852373 0.0779956 0.062969 -0.070148
71.30 1.3060275985252012 0.0786959 0.0637945 -0.0712857
71.35 1.3079075690836115 0.0794008 0.0646234 -0.0724284
71.40 1.3097945671951174 0.0801103 0.0654558 -0.0735763
71.45 1.3116886411449822 0.0808243 0.0662917 -0.0747292
71.50 1.3135898396745678 0.0815429 0.067131 -0.075887
71.55 1.3154982119869003 0.082266 0.0679738 -0.0770499
71.60 1.3174138077523165 0.0829935 0.06882 -0.0782176
71.65 1.3193366771142014 0.0837256 0.0696697 -0.0793903
71.70 1.3212668706947988 0.0844621 0.0705229 -0.0805678
71.75 1.3232044396011293 0.085203 0.0713796 -0.0817502
71.80 1.3251494354309783 0.0859483 0.0722398 -0.0829374
71.85 1.3271019102789854 0.086698 0.0731034 -0.0841294
71.90 1.3290619167428244 0.0874521 0.0739706 -0.0853262
71.95 1.3310295079294747 0.0882106 0.0748412 -0.0865277
72.00 1.3330047374615932 0.0889735 0.0757154 -0.0877339
72.05 1.3349876594839796 0.0897407 0.0765931 -0.0889448
72.10 1.3369783286701415 0.0905122 0.0774743 -0.0901603
72.15 1.3389768002289641 0.0912881 0.0783591 -0.0913805
72.20 1.3409831299114769 0.0920684 0.0792475 -0.0926052
72.25 1.3429973740177321 0.092853 0.0801394 -0.0938346
72.30 1.3450195894037844 0.0936419 0.0810349 -0.0950685
72.35 1.3470498334887806 0.0944351 0.0819339 -0.0963069
72.40 1.3490881642621655 0.0952327 0.0828366 -0.0975498
72.45 1.3511346402909867 0.0960347 0.083743 -0.0987972
72.50 1.3531893207273342 0.0968409 0.084653 -0.1000491
72.55 1.3552522653158787 0.0976515 0.0855666 -0.1013054
72.60 1.3573235344015393 0.0984665 0.0864839 -0.1025662
72.65 1.3594031889372702 0.0992858 0.0874049 -0.1038313
72.70 1.3614912904919696 0.1001095 0.0883296 -0.1051008
72.75 1.3635879012585173 0.1009375 0.0892581 -0.1063746
72.80 1.3656930840619386 0.1017699 0.0901903 -0.1076528
72.85 1.3678069023677004 0.1026067 0.0911263 -0.1089352
72.90 1.3699294202901398 0.1034479 0.092066 -0.110222
72.95 1.3720607026010270 0.1042935 0.0930096 -0.111513
73.00 1.3742008147382716 0.1051436 0.0939571 -0.1128083
73.05 1.3763498228147655 0.1059981 0.0949083 -0.1141078
73.10 1.3785077936273700 0.106857 0.0958635 -0.1154115
73.15 1.3806747946660543 0.1077204 0.0968226 -0.1167194
73.20 1.3828508941231716 0.1085882 0.0977856 -0.1180314
73.25 1.3850361609029067 0.1094606 0.0987526 -0.1193476
73.30 1.3872306646308596 0.1103375 0.0997235 -0.1206679
73.35 1.3894344756637986 0.1112189 0.1006985 -0.1219924
73.40 1.3916476650995724 0.1121049 0.1016775 -0.1233209
73.45 1.3938703047871841 0.1129955 0.1026605 -0.1246535
73.50 1.3961024673370386 0.1138907 0.1036477 -0.1259901
73.55 1.3983442261313550 0.1147904 0.1046389 -0.1273308
73.60 1.4005956553347587 0.1156949 0.1056344 -0.1286754
73.65 1.4028568299050477 0.116604 0.1066339 -0.1300241
73.70 1.4051278256041408 0.1175177 0.1076377 -0.1313768
73.75 1.4074087190092159 0.1184362 0.1086458 -0.1327334
73.80 1.4096995875240308 0.1193595 0.1096581 -0.134094
73.85 1.4120005093904389 0.1202875 0.1106747 -0.1354584
73.90 1.4143115637001062 0.1212203 0.1116956 -0.1368268
73.95 1.4166328304064160 0.122158 0.1127209 -0.1381991
74.00 1.4189643903365978 0.1231004 0.1137506 -0.1395753
74.05 1.4213063252040461 0.1240478 0.1147847 -0.1409553
74.10 1.4236587176208633 0.1250001 0.1158233 -0.1423391
74.15 1.4260216511106174 0.1259573 0.1168665 -0.1437268
74.20 1.4283952101213191 0.1269196 0.1179141 -0.1451182
74.25 1.4307794800386300 0.1278868 0.1189663 -0.1465134
74.30 1.4331745471992983 0.1288591 0.1200231 -0.1479124
74.35 1.4355804989048313 0.1298364 0.1210846 -0.1493152
74.40 1.4379974234354114 0.1308188 0.1221508 -0.1507217
74.45 1.4404254100640508 0.1318065 0.1232216 -0.1521319
74.50 1.4428645490710084 0.1327992 0.1242973 -0.1535457
74.55 1.4453149317584530 0.1337972 0.1253777 -0.1549633
74.60 1.4477766504653917 0.1348005 0.126463 -0.1563845
74.65 1.4502497985828720 0.1358091 0.1275532 -0.1578094
74.70 1.4527344705694387 0.136823 0.1286483 -0.1592378
74.75 1.4552307619668963 0.1378422 0.1297483 -0.1606699
74.80 1.4577387694163313 0.1388669 0.1308534 -0.1621056
74.85 1.4602585906744392 0.139897 0.1319635 -0.1635448
74.90 1.4627903246301464 0.1409327 0.1330787 -0.1649876
74.95 1.4653340713215299 0.1419739 0.1323844 -0.1664339
75.00 1.4678899319530556 0.1430206 0.1314751 -0.1678837
75.05 1.4704580089131281 0.144073 0.1305662 -0.169337
75.10 1.4730384057919645 0.145131 0.1296577 -0.1707938
75.15 1.4756312273998002 0.1461948 0.1287496 -0.172254
75.20 1.4782365797854315 0.1472643 0.1278419 -0.1737176
75.25 1.4808545702551064 0.1483397 0.1269347 -0.1751847
75.30 1.4834853073917655 0.1494208 0.1260281 -0.1766552
75.35 1.4861289010746450 0.1505079 0.125122 -0.178129
75.40 1.4887854624992518 0.151601 0.1242164 -0.1796062
75.45 1.4914551041977033 0.1527 0.1233115 -0.1810867
75.50 1.4941379400594756 0.1538051 0.1224072 -0.1825705
75.55 1.4968340853525235 0.1549163 0.1215035 -0.1840576
75.60 1.4995436567448153 0.1560336 0.1206006 -0.185548
75.65 1.5022667723262797 0.1571571 0.1196983 -0.1870416
75.70 1.5050035516311675 0.1582869 0.1187969 -0.1885385
75.75 1.5077541156608558 0.159423 0.1178962 -0.1900385
75.80 1.5105185869070827 0.1605654 0.1169963 -0.1915417
75.85 1.5132970893756394 0.1617143 0.1160973 -0.1930481
75.90 1.5160897486105220 0.1628696 0.1151992 -0.1945576
75.95 1.5188966917185549 0.1640315 0.1143019 -0.1960702
76.00 1.5217180473945009 0.1651999 0.1134057 -0.1975859
76.05 1.5245539459466628 0.166375 0.1125104 -0.1991047
76.10 1.5274045193229899 0.1675567 0.1116161 -0.2006265
76.15 1.5302699011377114 0.1687452 0.1107228 -0.2021513
76.20 1.5331502266984804 0.1699406 0.1098307 -0.2036791
76.25 1.5360456330340897 0.1711427 0.1089396 -0.2052098
76.30 1.5389562589227139 0.1723519 0.1080497 -0.2067435
76.35 1.5418822449207401 0.173568 0.107161 -0.20828
76.40 1.5448237333921728 0.1747911 0.1062734 -0.2098195
76.45 1.5477808685386352 0.1760214 0.1053872 -0.2113618
76.50 1.5507537964299845 0.1772589 0.1045021 -0.2129069
76.55 1.5537426650355510 0.1785035 0.1036185 -0.2144548
76.60 1.5567476242560161 0.1797555 0.1027361 -0.2160055
76.65 1.5597688259559499 0.1810149 0.1018551 -0.2175588
76.70 1.5628064239970156 0.1822817 0.1009756 -0.2191149
76.75 1.5658605742718710 0.183556 0.1000974 -0.2206737
76.80 1.5689314347387666 0.1848378 0.0992208 -0.2222351
76.85 1.5720191654568727 0.1861273 0.0983457 -0.2237991
76.90 1.5751239286223491 0.1874245 0.0974722 -0.2253656
76.95 1.5782458886051585 0.1887294 0.0966002 -0.2269348
77.00 1.5813852119866876 0.1900422 0.0957299 -0.2285064
77.05 1.5845420675981361 0.1913629 0.0948612 -0.2300804
77.10 1.5877166265597418 0.1926915 0.0939942 -0.231657
77.15 1.5909090623208391 0.1940282 0.0931289 -0.2332359
77.20 1.5941195507007735 0.1953731 0.0922655 -0.2348171
77.25 1.5973482699307082 0.196726 0.0914038 -0.2364007
77.30 1.6005954006963241 0.1980873 0.090544 -0.2379866
77.35 1.6038611261814530 0.1994569 0.089686 -0.2395748
77.40 1.6071456321126634 0.2008349 0.08883 -0.2411651
77.45 1.6104491068048148 0.2022213 0.087976 -0.2427576
77.50 1.6137717412076256 0.2036164 0.0871239 -0.2443522
77.55 1.6171137289532584 0.20502 0.0862739 -0.2459489
77.60 1.6204752664049629 0.2064323 0.0854259 -0.2475477
77.65 1.6238565527068056 0.2078535 0.08458 -0.2491484
77.70 1.6272577898344955 0.2092834 0.0837363 -0.2507512
77.75 1.6306791826473761 0.2107223 0.0828948 -0.2523558
77.80 1.6341209389415596 0.2121702 0.0820555 -0.2539623
77.85 1.6375832695042820 0.2136272 0.0812185 -0.2555705
77.90 1.6410663881694845 0.2150934 0.0803838 -0.2571806
77.95 1.6445705118746621 0.2165688 0.0795514 -0.2587924
78.00 1.6480958607190197 0.2180535 0.0787214 -0.2604059
78.05 1.6516426580229577 0.2195476 0.0778938 -0.2620209
78.10 1.6552111303889363 0.2210512 0.0770687 -0.2636376
78.15 1.6588015077637484 0.2225644 0.0762461 -0.2652558
78.20 1.6624140235022404 0.2240872 0.075426 -0.2668754
78.25 1.6660489144325314 0.2256197 0.0746085 -0.2684964
78.30 1.6697064209227548 0.227162 0.0737937 -0.2701188
78.35 1.6733867869493753 0.2287142 0.0729815 -0.2717425
78.40 1.6770902601671336 0.2302764 0.072172 -0.2733675
78.45 1.6808170919806322 0.2318486 0.0713653 -0.2749936
78.50 1.6845675376176648 0.233431 0.0705613 -0.2766209
78.55 1.6883418562042736 0.2350236 0.0697602 -0.2782492
78.60 1.6921403108416329 0.2366265 0.068962 -0.2798785
78.65 1.6959631686847902 0.2382398 0.0681666 -0.2815088
78.70 1.6998107010233166 0.2398635 0.0673743 -0.2831399
78.75 1.7036831833639368 0.2414978 0.0665849 -0.2847719
78.80 1.7075808955151763 0.2431428 0.0657986 -0.2864046
78.85 1.7115041216740989 0.2447984 0.0650153 -0.288038
78.90 1.7154531505151902 0.2464649 0.0642352 -0.2896721
78.95 1.7194282752814485 0.2481423 0.0634583 -0.2913066
79.00 1.7234297938777567 0.2498307 0.0626845 -0.2929417
79.05 1.7274580089665905 0.2515301 0.0619141 -0.2945771
79.10 1.7315132280661407 0.2532407 0.0611469 -0.2962129
79.15 1.7355957636509258 0.2549625 0.060383 -0.297849
79.20 1.7397059332549434 0.2566957 0.0596226 -0.2994853
79.25 1.7438440595774944 0.2584403 0.0588656 -0.3011216
79.30 1.7480104705916841 0.2601964 0.058112 -0.302758
79.35 1.7522054996557488 0.2619641 0.057362 -0.3043944
79.40 1.7564294856272575 0.2637435 0.0566155 -0.3060307
79.45 1.7606827729802852 0.2655346 0.0558726 -0.3076667
79.50 1.7649657119256603 0.2673376 0.0551333 -0.3093025
79.55 1.7692786585343654 0.2691525 0.0543978 -0.3109379
79.60 1.7736219748641979 0.2709795 0.053666 -0.3125729
79.65 1.7779960290897987 0.2728186 0.0529379 -0.3142073
79.70 1.7824011956361372 0.2746699 0.0522137 -0.3158412
79.75 1.7868378553155890 0.2765335 0.0514933 -0.3174743
79.80 1.7913063954686912 0.2784095 0.0507769 -0.3191067
79.85 1.7958072101087128 0.280298 0.0500644 -0.3207382
79.90 1.8003407000701643 0.2821991 0.0493558 -0.3223687
79.95 1.8049072731613405 0.2841128 0.0486514 -0.3239982
80.00 1.8095073443210954 0.2860392 0.047951 -0.3256265
80.05 1.8141413357799034 0.2879785 0.0472547 -0.3272536
80.10 1.8188096772254154 0.2899307 0.0465626 -0.3288794
80.15 1.8235128059726211 0.291896 0.0458747 -0.3305037
80.20 1.8282511671387802 0.2938743 0.045191 -0.3321266
80.25 1.8330252138232914 0.2958659 0.0445117 -0.3337478
80.30 1.8378354072926408 0.2978707 0.0438367 -0.3353673
80.35 1.8426822171706256 0.2998889 0.043166 -0.336985
80.40 1.8475661216340147 0.3019206 0.0424998 -0.3386008
80.45 1.8524876076138348 0.3039658 0.0418381 -0.3402146
80.50 1.8574471710024862 0.3060247 0.0411809 -0.3418263
80.55 1.8624453168668675 0.3080974 0.0405282 -0.3434358
80.60 1.8674825596677291 0.3101839 0.0398801 -0.345043
80.65 1.8725594234854832 0.3122843 0.0392366 -0.3466477
80.70 1.8776764422526515 0.3143988 0.0385978 -0.34825
80.75 1.8828341599932619 0.3165274 0.0379638 -0.3498497
80.80 1.8880331310693452 0.3186702 0.0373345 -0.3514467
80.85 1.8932739204348596 0.3208273 0.03671 -0.3530408
80.90 1.8985571038972699 0.3229988 0.0360903 -0.354632
80.95 1.9038832683870603 0.3251848 0.0354755 -0.3562203
81.00 1.9092530122354845 0.3273855 0.0348656 -0.3578053
81.05 1.9146669454608252 0.3296008 0.0342606 -0.3593872
81.10 1.9201256900634951 0.331831 0.0336607 -0.3609658
81.15 1.9256298803302931 0.334076 0.0330658 -0.3625409
81.20 1.9311801631481520 0.3363361 0.0324759 -0.3641124
81.25 1.9367771983277440 0.3386113 0.0318912 -0.3656804
81.30 1.9424216589372902 0.3409017 0.0313116 -0.3672446
81.35 1.9481142316469726 0.3432075 0.0307372 -0.368805
81.40 1.9538556170843520 0.3455286 0.030168 -0.3703614
81.45 1.9596465302011721 0.3453632 0.029604 -0.3719138
81.50 1.9654877006520655 0.3446722 0.0290453 -0.3734621
81.55 1.9713798731855150 0.3439953 0.0284919 -0.3750061
81.60 1.9773238080476301 0.3433328 0.0279439 -0.3765458
81.65 1.9833202813991822 0.3426851 0.0274013 -0.3780811
81.70 1.9893700857464571 0.3420526 0.026864 -0.3796119
81.75 1.9954740303864316 0.3414356 0.0263322 -0.3811381
81.80 2.0016329418668652 0.3408346 0.0258059 -0.3826595
81.85 2.0078476644618948 0.3402498 0.0252851 -0.3841762
81.90 2.0141190606637487 0.3396818 0.0247698 -0.385688
81.95 2.0204480116912382 0.3391308 0.02426 -0.3871949
82.00 2.0268354180156947 0.3385973 0.0237558 -0.3886967
82.05 2.0332821999050843 0.3380816 0.0232573 -0.3901934
82.10 2.0397892979870225 0.3375841 0.0227644 -0.3916848
82.15 2.0463576738314897 0.3371053 0.0222771 -0.393171
82.20 2.0529883105540567 0.3366455 0.0217955 -0.3946519
82.25 2.0596822134404817 0.336205 0.0213196 -0.3961274
82.30 2.0664404105935832 0.3357844 0.0208494 -0.3975973
82.35 2.0732639536033268 0.335384 0.020385 -0.3990617
82.40 2.0801539182411148 0.3350041 0.0199263 -0.4005206
82.45 2.0871114051793418 0.3346453 0.0194734 -0.4019737
82.50 2.0941375407372735 0.3343077 0.0190262 -0.4034211
82.55 2.1012334776544206 0.3339919 0.0185849 -0.4048628
82.60 2.1084003958926107 0.3336983 0.0181494 -0.4062987
82.65 2.1156395034680107 0.3334271 0.0177197 -0.4077287
82.70 2.1229520373144530 0.3331789 0.0172959 -0.4091529
82.75 2.1303392641794385 0.3329539 0.0168779 -0.4105711
82.80 2.1378024815543255 0.3327525 0.0164658 -0.4119834
82.85 2.1453430186402151 0.3325752 0.0160595 -0.4133897
82.90 2.1529622373511956 0.3324222 0.0156592 -0.41479
82.95 2.1606615333566506 0.332294 0.0152646 -0.4161844
83.00 2.1684423371644423 0.3321909 0.014876 -0.4175727
83.05 2.1763061152468834 0.3321132 0.0144932 -0.418955
83.10 2.1842543712115088 0.3320613 0.0141163 -0.4203314
83.15 2.1922886470187501 0.3320355 0.0137453 -0.4217017
83.20 2.2004105242487957 0.3320362 0.0133802 -0.4230661
83.25 2.2086216254199424 0.3320637 0.0130209 -0.4244245
83.30 2.2169236153609786 0.3321183 0.0126675 -0.4257769
83.35 2.2253182026402079 0.3322003 0.0123199 -0.4271235
83.40 2.2338071410539140 0.3323101 0.0119782 -0.4284642
83.45 2.2423922311771953 0.3324478 0.0116423 -0.429799
83.50 2.2510753219802888 0.3326139 0.0113122 -0.4311281
83.55 2.2598583125136917 0.3328086 0.0109879 -0.4324515
83.60 2.2687431536655347 0.3330322 0.0106694 -0.4337692
83.65 2.2777318499949293 0.3332848 0.0103567 -0.4350813
83.70 2.2868264616451803 0.3335669 0.0100498 -0.4363879
83.75 2.2960291063410230 0.3338786 0.0097485 -0.4376891
83.80 2.3053419614742690 0.3342201 0.009453 -0.4389849
83.85 2.3147672662825332 0.3345918 0.0091631 -0.4402755
83.90 2.3243073241259733 0.3349937 0.0088789 -0.4415608
83.95 2.3339645048673359 0.3354262 0.0086004 -0.4428412
84.00 2.3437412473608381 0.3358894 0.0083274 -0.4441166
84.05 2.3536400620558657 0.3363835 0.00806 -0.4453871
84.10 2.3636635337217689 0.3369086 0.0077981 -0.446653
84.15 2.3738143243004877 0.337465 0.0075418 -0.4479142
84.20 2.3840951758941467 0.3380528 0.0072909 -0.4491711
84.25 2.3945089138952178 0.3386722 0.0070455 -0.4504236
84.30 2.4050584502674064 0.3393232 0.0068054 -0.451672
84.35 2.4157467869858533 0.340006 0.0065707 -0.4529164
84.40 2.4265770196459231 0.3407208 0.0063413 -0.4541569
84.45 2.4375523412504077 0.3414677 0.0061172 -0.4553938
84.50 2.4486760461856742 0.3422466 0.0058983 -0.4566271
84.55 2.4599515343979936 0.3430579 0.0056846 -0.4578571
84.60 2.4713823157820722 0.3439014 0.0054761 -0.459084
84.65 2.4829720147946408 0.3447773 0.0052726 -0.4603079
84.70 2.4947243753068959 0.3456857 0.0050742 -0.4615291
84.75 2.5066432657105051 0.3466266 0.0048807 -0.4627477
