45.0 0.75983570225832975 -0.46338 -0.27635 -0.01931 0.15158 .25704
45.05 0.76049907376085979 -0.46391 -0.27668 -0.01879 0.15176 .25789
45.10 0.76116302644066036 -0.46444 -0.27700 -0.01826 0.15194 .25874
45.15 0.76182756283385522 -0.46498 -0.27732 -0.01773 0.15211 .25959
45.20 0.76249268548415305 -0.46551 -0.27764 -0.01719 0.15229 .26045
45.25 0.76315839694289456 -0.46604 -0.27796 -0.01666 0.15247 .26130
45.30 0.76382469976910006 -0.46658 -0.27828 -0.01613 0.15265 .26215
45.35 0.76449159652951659 -0.46711 -0.27860 -0.01559 0.15284 .26301
45.40 0.76515908979866654 -0.46764 -0.27892 -0.01505 0.15302 .26387
45.45 0.76582718215889523 -0.46817 -0.27924 -0.01451 0.15320 .26473
45.50 0.76649587620041937 -0.46870 -0.27955 -0.01397 0.15339 .26558
45.55 0.76716517452137623 -0.46923 -0.27987 -0.01343 0.15358 .26644
45.60 0.76783507972787179 -0.46976 -0.28019 -0.01288 0.15377 .26731
45.65 0.76850559443403055 -0.47029 -0.28050 -0.01233 0.15396 .26817
45.70 0.76917672126204495 -0.47081 -0.28081 -0.01179 0.15415 .26902
45.75 0.76984846284222430 -0.47134 -0.28113 -0.01124 0.15434 .26989
45.80 0.77052082181304604 -0.47187 -0.28144 -0.01069 0.15453 .27075
45.85 0.77119380082120481 -0.47240 -0.28175 -0.01013 0.15473 .27162
45.90 0.77186740252166364 -0.47292 -0.28206 -0.00958 0.15492 .27248
45.95 0.77254162957770478 -0.47345 -0.28237 -0.00902 0.15512 .27335
46.00 0.77321648466098036 -0.47398 -0.28268 -0.00846 0.15532 .27422
46.05 0.77389197045156433 -0.47450 -0.28299 -0.00790 0.15552 .27509
46.10 0.77456808963800328 -0.47503 -0.28329 -0.00734 0.15572 .27595
46.15 0.77524484491736945 -0.47555 -0.28360 -0.00678 0.15592 .27682
46.20 0.77592223899531199 -0.47608 -0.28391 -0.00622 0.15613 .27769
46.25 0.77660027458611014 -0.47660 -0.28421 -0.00565 0.15633 .27856
46.30 0.77727895441272554 -0.47712 -0.28452 -0.00508 0.15654 .27944
46.35 0.77795828120685584 -0.47765 -0.28482 -0.00451 0.15675 .28031
46.40 0.77863825770898754 -0.47817 -0.28512 -0.00394 0.15696 .28118
46.45 0.77931888666845017 -0.47869 -0.28542 -0.00337 0.15717 .28205
46.50 0.78000017084346973 -0.47921 -0.28573 -0.00279 0.15738 .28294
46.55 0.78068211300122392 -0.47973 -0.28603 -0.00222 0.15759 .28381
46.60 0.78136471591789569 -0.48025 -0.28633 -0.00164 0.15781 .28469
46.65 0.78204798237872875 -0.48077 -0.28663 -0.00106 0.15802 .28557
46.70 0.78273191517808294 -0.48129 -0.28692 -0.00048 0.15824 .28644
46.75 0.78341651711948912 -0.48181 -0.28722 0.00010 0.15846 .28732
46.80 0.78410179101570610 -0.48233 -0.28752 0.00069 0.15868 .28821
46.85 0.78478773968877535 -0.48285 -0.28781 0.00127 0.15890 .28908
46.90 0.78547436597007880 -0.48337 -0.28811 0.00186 0.15912 .28997
46.95 0.78616167270039528 -0.48389 -0.28840 0.00245 0.15934 .29085
47.00 0.78684966272995749 -0.48441 -0.28870 0.00304 0.15957 .29174
47.05 0.78753833891850933 -0.48492 -0.28899 0.00363 0.15979 .29262
47.10 0.78822770413536436 -0.48544 -0.28928 0.00423 0.16002 .29351
47.15 0.78891776125946356 -0.48596 -0.28957 0.00482 0.16025 .29439
47.20 0.78960851317943370 -0.48647 -0.28986 0.00542 0.16048 .29528
47.25 0.79029996279364645 -0.48699 -0.29015 0.00602 0.16071 .29617
47.30 0.79099211301027716 -0.48751 -0.29044 0.00662 0.16094 .29706
47.35 0.79168496674736522 -0.48802 -0.29073 0.00723 0.16117 .29796
47.40 0.79237852693287303 -0.48854 -0.29102 0.00783 0.16141 .29885
47.45 0.79307279650474649 -0.48905 -0.29131 0.00844 0.16164 .29975
47.50 0.79376777841097601 -0.48956 -0.29159 0.00905 0.16188 .30064
47.55 0.79446347560965724 -0.49008 -0.29188 0.00966 0.16212 .30154
47.60 0.79515989106905183 -0.49059 -0.29216 0.01027 0.16236 .30243
47.65 0.79585702776764977 -0.49111 -0.29245 0.01088 0.16260 .30333
47.70 0.79655488869423152 -0.49162 -0.29273 0.01150 0.16285 .30423
47.75 0.79725347684792980 -0.49213 -0.29301 0.01211 0.16309 .30512
47.80 0.79795279523829266 -0.49264 -0.29329 0.01273 0.16334 .30602
47.85 0.79865284688534688 -0.49315 -0.29358 0.01335 0.16358 .30693
47.90 0.79935363481966115 -0.49367 -0.29386 0.01397 0.16383 .30783
47.95 0.80005516208241045 -0.49418 -0.29414 0.01460 0.16408 .30874
48.00 0.80075743172543956 -0.49469 -0.29441 0.01522 0.16433 .30963
48.05 0.80146044681132877 -0.49520 -0.29469 0.01585 0.16458 .31054
48.10 0.80216421041345820 -0.49571 -0.29497 0.01648 0.16484 .31145
48.15 0.80286872561607381 -0.49622 -0.29525 0.01711 0.16509 .31236
48.20 0.80357399551435238 -0.49673 -0.29552 0.01774 0.16535 .31326
48.25 0.80428002321446923 -0.49723 -0.29580 0.01838 0.16560 .31418
48.30 0.80498681183366394 -0.49774 -0.29607 0.01901 0.16586 .31508
48.35 0.80569436450030729 -0.49825 -0.29634 0.01965 0.16612 .31599
48.40 0.80640268435396956 -0.49876 -0.29662 0.02029 0.16638 .31691
48.45 0.80711177454548755 -0.49887 -0.29689 0.02093 0.16665 .31782
48.50 0.80782163823703412 -0.49856 -0.29716 0.02158 0.16691 .31874
48.55 0.80853227860218546 -0.49824 -0.29743 0.02222 0.16718 .31965
48.60 0.80924369882599168 -0.49792 -0.29770 0.02287 0.16744 .32057
48.65 0.80995590210504553 -0.49760 -0.29797 0.02352 0.16771 .32149
48.70 0.81066889164755318 -0.49728 -0.29824 0.02417 0.16798 .32241
48.75 0.81138267067340353 -0.49696 -0.29851 0.02482 0.16825 .32333
48.80 0.81209724241424064 -0.49664 -0.29877 0.02547 0.16853 .32424
48.85 0.81281261011353434 -0.49631 -0.29904 0.02613 0.16880 .32517
48.90 0.81352877702665161 -0.49599 -0.29930 0.02679 0.16907 .32609
48.95 0.81424574642093006 -0.49567 -0.29957 0.02745 0.16935 .32702
49.00 0.81496352157574936 -0.49534 -0.29983 0.02811 0.16963 .32794
49.05 0.81568210578260558 -0.49502 -0.30010 0.02877 0.16991 .32887
49.10 0.81640150234518361 -0.49469 -0.30036 0.02944 0.17019 .32980
49.15 0.81712171457943295 -0.49436 -0.30062 0.03010 0.17047 .33072
49.20 0.81784274581364047 -0.49403 -0.30088 0.03077 0.17075 .33165
49.25 0.81856459938850701 -0.49370 -0.30114 0.03144 0.17104 .33258
49.30 0.81928727865722173 -0.49337 -0.30140 0.03211 0.17133 .33351
49.35 0.82001078698553909 -0.49304 -0.30166 0.03279 0.17161 .33445
49.40 0.82073512775185475 -0.49271 -0.30192 0.03346 0.17190 .33538
49.45 0.82146030434728290 -0.49238 -0.30218 0.03414 0.17219 .33632
49.50 0.82218632017573356 -0.49204 -0.30243 0.03482 0.17248 .33725
49.55 0.82291317865399061 -0.49171 -0.30269 0.03550 0.17278 .33819
49.60 0.82364088321179052 -0.49137 -0.30294 0.03618 0.17307 .33912
49.65 0.82436943729190104 -0.49104 -0.30320 0.03687 0.17337 .34007
49.70 0.82509884435020076 -0.49070 -0.30345 0.03756 0.17367 .34101
49.75 0.82582910785575958 -0.49036 -0.30371 0.03824 0.17396 .34195
49.80 0.82656023129091882 -0.49002 -0.30396 0.03894 0.17426 .34290
49.85 0.82729221815137199 -0.48968 -0.30421 0.03963 0.17457 .34384
49.90 0.82802507194624730 -0.48934 -0.30446 0.04032 0.17487 .34478
49.95 0.82875879619818926 -0.48900 -0.30471 0.04102 0.17517 .34573
50.00 0.82949339444344139 -0.48866 -0.30496 0.04172 0.17548 .34668
50.05 0.83022887023192915 -0.48832 -0.30521 0.04242 0.17579 .34763
50.10 0.83096522712734444 -0.48797 -0.30546 0.04312 0.17610 .34858
50.15 0.83170246870722930 -0.48763 -0.30570 0.04382 0.17641 .34952
50.20 0.83244059856306107 -0.48728 -0.30595 0.04453 0.17672 .35048
50.25 0.83317962030033754 -0.48693 -0.30619 0.04523 0.17703 .35142
50.30 0.83391953753866332 -0.48659 -0.30644 0.04594 0.17735 .35238
50.35 0.83466035391183646 -0.48624 -0.30668 0.04665 0.17766 .35333
50.40 0.83540207306793479 -0.48589 -0.30693 0.04737 0.17798 .35430
50.45 0.83614469866940455 -0.48554 -0.30717 0.04808 0.17830 .35525
50.50 0.83688823439314863 -0.48519 -0.30741 0.04880 0.17862 .35621
50.55 0.83763268393061485 -0.48484 -0.30765 0.04952 0.17894 .35717
50.60 0.83837805098788598 -0.48448 -0.30789 0.05024 0.17926 .35813
50.65 0.83912433928576935 -0.48413 -0.30813 0.05096 0.17959 .35909
50.70 0.83987155255988821 -0.48378 -0.30837 0.05168 0.17991 .36005
50.75 0.84061969456077290 -0.48342 -0.30861 0.05241 0.18024 .36102
50.80 0.84136876905395186 -0.48306 -0.30885 0.05314 0.18057 .36199
50.85 0.84211877982004546 -0.48271 -0.30909 0.05387 0.18090 .36296
50.90 0.84286973065485837 -0.48235 -0.30932 0.05460 0.18123 .36392
50.95 0.84362162536947360 -0.48199 -0.30956 0.05534 0.18157 .36490
51.00 0.84437446779034697 -0.48163 -0.30979 0.05607 0.18190 .36586
51.05 0.84512826175940192 -0.48127 -0.31003 0.05681 0.18224 .36684
51.10 0.84588301113412578 -0.48091 -0.31026 0.05755 0.18258 .36781
51.15 0.84663871978766536 -0.48054 -0.31049 0.05829 0.18292 .36878
51.20 0.84739539160892485 -0.48018 -0.31072 0.05903 0.18326 .36975
51.25 0.84815303050266300 -0.47981 -0.31096 0.05978 0.18360 .37074
51.30 0.84891164038959133 -0.47945 -0.31119 0.06053 0.18394 .37172
51.35 0.84967122520647376 -0.47908 -0.31142 0.06128 0.18429 .37270
51.40 0.85043178890622606 -0.47871 -0.31164 0.06203 0.18464 .37367
51.45 0.85119333545801568 -0.47835 -0.31187 0.06278 0.18498 .37465
51.50 0.85195586884736429 -0.47798 -0.31210 0.06354 0.18533 .37564
51.55 0.85271939307624789 -0.47761 -0.31233 0.06429 0.18569 .37662
51.60 0.85348391216320041 -0.47724 -0.31255 0.06505 0.18604 .37760
51.65 0.85424943014341670 -0.47686 -0.31278 0.06581 0.18639 .37859
51.70 0.85501595106885664 -0.47649 -0.31300 0.06658 0.18675 .37958
51.75 0.85578347900834917 -0.47612 -0.31323 0.06734 0.18711 .38057
51.80 0.85655201804769820 -0.47574 -0.31345 0.06811 0.18747 .38156
51.85 0.85732157228978900 -0.47537 -0.31367 0.06888 0.18783 .38255
51.90 0.85809214585469440 -0.47499 -0.31389 0.06965 0.18819 .38354
51.95 0.85886374287978262 -0.47461 -0.31411 0.07042 0.18855 .38453
52.00 0.85963636751982619 -0.47423 -0.31433 0.07120 0.18892 .38553
52.05 0.86041002394711030 -0.47385 -0.31455 0.07197 0.18929 .38652
52.10 0.86118471635154337 -0.47347 -0.31477 0.07275 0.18965 .38752
52.15 0.86196044894076718 -0.47309 -0.31499 0.07353 0.19002 .38852
52.20 0.86273722594026869 -0.47271 -0.31521 0.07431 0.19040 .38952
52.25 0.86351505159349251 -0.47233 -0.31542 0.07510 0.19077 .39052
52.30 0.86429393016195311 -0.47194 -0.31564 0.07589 0.19114 .39153
52.35 0.86507386592534963 -0.47156 -0.31585 0.07667 0.19152 .39252
52.40 0.86585486318168026 -0.47117 -0.31607 0.07746 0.19190 .39353
52.45 0.86663692624735733 -0.47078 -0.31628 0.07826 0.19228 .39454
52.50 0.86742005945732381 -0.47039 -0.31649 0.07905 0.19266 .39554
52.55 0.86820426716517096 -0.47000 -0.31671 0.07985 0.19304 .39656
52.60 0.86898955374325570 -0.46961 -0.31692 0.08065 0.19342 .39757
52.65 0.86977592358281952 -0.46922 -0.31713 0.08145 0.19381 .39858
52.70 0.87056338109410869 -0.46883 -0.31734 0.08225 0.19420 .39959
52.75 0.87135193070649397 -0.46844 -0.31755 0.08305 0.19459 .40060
52.80 0.87214157686859295 -0.46804 -0.31776 0.08386 0.19498 .40162
52.85 0.87293232404839116 -0.46765 -0.31796 0.08467 0.19537 .40263
52.90 0.87372417673336666 -0.46725 -0.31817 0.08548 0.19576 .40365
52.95 0.87451713943061304 -0.46686 -0.31838 0.08629 0.19616 .40467
53.00 0.87531121666696521 -0.46646 -0.31858 0.08711 0.19656 .40569
53.05 0.87610641298912395 -0.46606 -0.31879 0.08792 0.19695 .40671
53.10 0.87690273296378440 -0.46566 -0.31899 0.08874 0.19735 .40773
53.15 0.87770018117776261 -0.46526 -0.31919 0.08956 0.19776 .40875
53.20 0.87849876223812495 -0.46485 -0.31940 0.09038 0.19816 .40978
53.25 0.87929848077231665 -0.46445 -0.31960 0.09121 0.19857 .41081
53.30 0.88009934142829360 -0.46405 -0.31980 0.09204 0.19897 .41184
53.35 0.88090134887465321 -0.46364 -0.32000 0.09286 0.19938 .41286
53.40 0.88170450780076659 -0.46324 -0.32020 0.09369 0.19979 .41389
53.45 0.88250882291691279 -0.46283 -0.32040 0.09453 0.20020 .41493
53.50 0.88331429895441260 -0.46242 -0.32060 0.09536 0.20062 .41596
53.55 0.88412094066576463 -0.46201 -0.32079 0.09620 0.20103 .41699
53.60 0.88492875282478045 -0.46160 -0.32099 0.09704 0.20145 .41803
53.65 0.88573774022672380 -0.46119 -0.32119 0.09788 0.20187 .41907
53.70 0.88654790768844782 -0.46078 -0.32138 0.09872 0.20229 .42010
53.75 0.88735926004853483 -0.46036 -0.32157 0.09956 0.20271 .42113
53.80 0.88817180216743707 -0.45995 -0.32177 0.10041 0.20313 .42218
53.85 0.88898553892761789 -0.45953 -0.32196 0.10126 0.20356 .42322
53.90 0.88980047523369521 -0.45912 -0.32215 0.10211 0.20398 .42426
53.95 0.89061661601258424 -0.45870 -0.32234 0.10296 0.20441 .42530
54.00 0.89143396621364279 -0.45828 -0.32253 0.10382 0.20484 .42635
54.05 0.89225253080881717 -0.45786 -0.32272 0.10467 0.20527 .42739
54.10 0.89307231479278926 -0.45744 -0.32291 0.10553 0.20571 .42844
54.15 0.89389332318312398 -0.45702 -0.32310 0.10639 0.20614 .42949
54.20 0.89471556102041949 -0.45660 -0.32329 0.10725 0.20658 .43054
54.25 0.89553903336845653 -0.45617 -0.32348 0.10812 0.20702 .43160
54.30 0.89636374531435070 -0.45575 -0.32366 0.10898 0.20746 .43264
54.35 0.89718970196870451 -0.45532 -0.32385 0.10985 0.20790 .43370
54.40 0.89801690846576132 -0.45489 -0.32403 0.11072 0.20835 .43475
54.45 0.89884536996356046 -0.45447 -0.32422 0.11159 0.20879 .43581
54.50 0.89967509164409376 -0.45404 -0.32440 0.11247 0.20924 .43687
54.55 0.90050607871346144 -0.45361 -0.32458 0.11334 0.20969 .43792
54.60 0.90133833640203209 -0.45318 -0.32476 0.11422 0.21014 .43898
54.65 0.90217186996460219 -0.45274 -0.32494 0.11510 0.21059 .44004
54.70 0.90300668468055645 -0.45231 -0.32512 0.11599 0.21105 .44111
54.75 0.90384278585403033 -0.45187 -0.32530 0.11687 0.21150 .44217
54.80 0.90468017881407381 -0.45144 -0.32548 0.11776 0.21196 .44324
54.85 0.90551886891481559 -0.45100 -0.32566 0.11864 0.21242 .44430
54.90 0.90635886153562961 -0.45056 -0.32584 0.11953 0.21288 .44537
54.95 0.90720016208130172 -0.45012 -0.32601 0.12042 0.21335 .44643
55.00 0.90804277598219907 -0.44968 -0.32619 0.12132 0.21381 .44751
55.05 0.90888670869443910 -0.44924 -0.32636 0.12221 0.21428 .44857
55.10 0.90973196570006132 -0.44880 -0.32654 0.12311 0.21475 .44965
55.15 0.91057855250719977 -0.44836 -0.32671 0.12401 0.21522 .45072
55.20 0.91142647465025639 -0.44791 -0.32688 0.12491 0.21569 .45179
55.25 0.91227573769007742 -0.44747 -0.32705 0.12582 0.21617 .45287
55.30 0.91312634721412855 -0.44702 -0.32722 0.12672 0.21664 .45394
55.35 0.91397830883667408 -0.44657 -0.32739 0.12763 0.21712 .45502
55.40 0.91483162819895569 -0.44612 -0.32756 0.12854 0.21760 .45610
55.45 0.91568631096937336 -0.44567 -0.32773 0.12945 0.21808 .45718
55.50 0.91654236284366797 -0.44522 -0.32790 0.13036 0.21856 .45826
55.55 0.91739978954510426 -0.44477 -0.32807 0.13128 0.21905 .45935
55.60 0.91825859682465660 -0.44431 -0.32823 0.13219 0.21954 .46042
55.65 0.91911879046119527 -0.44386 -0.32840 0.13311 0.22003 .46151
55.70 0.91998037626167417 -0.44340 -0.32856 0.13403 0.22052 .46259
55.75 0.92084336006132139 -0.44295 -0.32873 0.13495 0.22101 .46368
55.80 0.92170774772382924 -0.44249 -0.32889 0.13588 0.22150 .46477
55.85 0.92257354514154721 -0.44203 -0.32905 0.13680 0.22172 .46585
55.90 0.92344075823567617 -0.44157 -0.32922 0.13773 0.22032 .46695
55.95 0.92430939295646408 -0.44111 -0.32938 0.13866 0.21893 .46804
56.00 0.92517945528340284 -0.44064 -0.32954 0.13959 0.21753 .46913
56.05 0.92605095122542769 -0.44018 -0.32970 0.14052 0.21614 .47022
56.10 0.92692388682111693 -0.43971 -0.32985 0.14146 0.21475 .47131
56.15 0.92779826813889443 -0.43925 -0.33001 0.14239 0.21335 .47240
56.20 0.92867410127723360 -0.43878 -0.33017 0.14333 0.21196 .47350
56.25 0.92955139236486140 -0.43831 -0.33032 0.14427 0.21056 .47459
56.30 0.93043014756096676 -0.43784 -0.33048 0.14521 0.20917 .47569
56.35 0.93131037305540842 -0.43737 -0.33063 0.14615 0.20777 .47678
56.40 0.93219207506892543 -0.43690 -0.33079 0.14710 0.20638 .47789
56.45 0.93307525985334883 -0.43642 -0.33094 0.14805 0.20498 .47899
56.50 0.93395993369181618 -0.43595 -0.33109 0.14899 0.20359 .48008
56.55 0.93484610289898640 -0.43547 -0.33124 0.14994 0.20219 .48118
56.60 0.93573377382125700 -0.43499 -0.33139 0.15089 0.20080 .48228
56.65 0.93662295283698360 -0.43451 -0.33154 0.15185 0.19940 .48339
56.70 0.93751364635670031 -0.43403 -0.33169 0.15280 0.19801 .48449
56.75 0.93840586082334254 -0.43355 -0.33184 0.15376 0.19661 .48560
56.80 0.93929960271247126 -0.43307 -0.33199 0.15471 0.19522 .48670
56.85 0.94019487853249961 -0.43259 -0.33214 0.15567 0.19382 .48781
56.90 0.94109169482492094 -0.43210 -0.33228 0.15663 0.19242 .48891
56.95 0.94199005816453896 -0.43162 -0.33243 0.15759 0.19103 .49002
57.00 0.94288997515969897 -0.43113 -0.33257 0.15856 0.18963 .49113
57.05 0.94379145245252305 -0.43064 -0.33271 0.15952 0.18824 .49223
57.10 0.94469449671914496 -0.43015 -0.33286 0.16049 0.18684 .49335
57.15 0.94559911466994739 -0.42966 -0.33300 0.16145 0.18544 .49445
57.20 0.94650531304980356 -0.42917 -0.33314 0.16242 0.18405 .49556
57.25 0.94741309863831702 -0.42867 -0.33328 0.16339 0.18265 .49667
57.30 0.94832247825006655 -0.42818 -0.33342 0.16436 0.18126 .49778
57.35 0.94923345873485143 -0.42768 -0.33356 0.16533 0.17986 .49889
57.40 0.95014604697793958 -0.42718 -0.33369 0.16631 0.17846 .50000
57.45 0.95106024990031746 -0.42668 -0.33383 0.16728 0.17707 .50111
57.50 0.95197607445894206 -0.42618 -0.33397 0.16825 0.17567 .50222
57.55 0.95289352764699498 -0.42568 -0.33410 0.16923 0.17427 .50333
57.60 0.95381261649413907 -0.42518 -0.33424 0.17021 0.17288 .50445
57.65 0.95473334806677612 -0.42468 -0.33437 0.17119 0.17148 .50556
57.70 0.95565572946830857 -0.42417 -0.33450 0.17008 0.17217 .50458
57.75 0.95657976783940157 -0.42366 -0.33463 0.16868 0.17315 .50331
57.80 0.95750547035824851 -0.42316 -0.33477 0.16729 0.17413 .50206
57.85 0.95843284424083808 -0.42265 -0.33490 0.16589 0.17511 .50079
57.90 0.95936189674122396 -0.42214 -0.33503 0.16449 0.17609 .49952
57.95 0.96029263515179708 -0.42162 -0.33515 0.16309 0.17707 .49824
58.00 0.96122506680355879 -0.42111 -0.33528 0.16170 0.17806 .49698
58.05 0.96215919906639924 -0.42060 -0.33541 0.16030 0.17904 .49571
58.10 0.96309503934937468 -0.42008 -0.33553 0.15890 0.18003 .49443
58.15 0.96403259510098971 -0.41956 -0.33566 0.15750 0.18101 .49316
58.20 0.96497187380948068 -0.41904 -0.33578 0.15610 0.18200 .49188
58.25 0.96591288300310196 -0.41852 -0.33591 0.15470 0.18298 .49061
58.30 0.96685563025041488 -0.41800 -0.33603 0.15331 0.18397 .48934
58.35 0.96780012316057895 -0.41748 -0.33615 0.15191 0.18496 .48806
58.40 0.96874636938364433 -0.41695 -0.33627 0.15051 0.18595 .48678
58.45 0.96969437661085001 -0.41643 -0.33639 0.14911 0.18693 .48550
58.50 0.97064415257492132 -0.41590 -0.33651 0.14771 0.18792 .48422
58.55 0.97159570505037196 -0.41537 -0.33663 0.14631 0.18891 .48294
58.60 0.97254904185380731 -0.41484 -0.33675 0.14491 0.18989 .48166
58.65 0.97350417084423224 -0.41431 -0.33686 0.14351 0.19088 .48037
58.70 0.97446109992335961 -0.41378 -0.33698 0.14211 0.19187 .47909
58.75 0.97541983703592194 -0.41324 -0.33709 0.14071 0.19285 .47780
58.80 0.97638039016998779 -0.41271 -0.33721 0.13931 0.19384 .47652
58.85 0.97734276735727810 -0.41217 -0.33732 0.13791 0.19482 .47523
58.90 0.97830697667348698 -0.41163 -0.33743 0.13651 0.19581 .47394
58.95 0.97927302623860457 -0.41109 -0.33754 0.13511 0.19679 .47265
59.00 0.98024092421724396 -0.41055 -0.33766 0.13371 0.19777 .47137
59.05 0.98121067881896906 -0.41001 -0.33776 0.13231 0.19876 .47007
59.10 0.98218229829862735 -0.40946 -0.33787 0.13091 0.19974 .46878
59.15 0.98315579095668360 -0.40892 -0.33798 0.12950 0.20072 .46748
59.20 0.98413116513955912 -0.40837 -0.33809 0.12810 0.20169 .46619
59.25 0.98510842923997155 -0.40782 -0.33819 0.12670 0.20267 .46489
59.30 0.98608759169727866 -0.40727 -0.33830 0.12530 0.20365 .46360
59.35 0.98706866099782586 -0.40672 -0.33840 0.12390 0.20462 .46230
59.40 0.98805164567529558 -0.40617 -0.33851 0.12249 0.20559 .46100
59.45 0.98903655431106108 -0.40561 -0.33861 0.12109 0.20656 .45970
59.50 0.99002339553454166 -0.40506 -0.33871 0.11969 0.20753 .45840
59.55 0.99101217802356323 -0.40450 -0.33881 0.11829 0.20849 .45710
59.60 0.99200291050472111 -0.40394 -0.33891 0.11688 0.20946 .45579
59.65 0.99299560175374524 -0.40338 -0.33901 0.11548 0.21042 .45449
59.70 0.99399026059587003 -0.40282 -0.33911 0.11408 0.21137 .45319
59.75 0.99498689590620693 -0.40225 -0.33920 0.11267 0.21233 .45187
59.80 0.99598551661012047 -0.40169 -0.33930 0.11127 0.21328 .45057
59.85 0.99698613168360850 -0.40112 -0.33939 0.10986 0.21423 .44925
59.90 0.99798875015368327 -0.40055 -0.33949 0.10846 0.21517 .44795
59.95 0.99899338109875979 -0.39998 -0.33958 0.10705 0.21612 .44663
60.00 1.0000000336490449 -0.39941 -0.33967 0.10565 0.21705 .44532
60.05 1.0010087169869311 -0.39884 -0.33976 0.10424 0.21799 .44400
60.10 1.0020194403473930 -0.39826 -0.33985 0.10284 0.21891 .44269
60.15 1.0030322130183893 -0.39768 -0.33994 0.10143 0.21984 .44137
60.20 1.0040470443412663 -0.39711 -0.34003 0.10002 0.22076 .44005
60.25 1.0050639437111659 -0.39653 -0.34012 0.09862 0.22167 .43874
60.30 1.0060829205774386 -0.39594 -0.34020 0.09721 0.22258 .43741
60.35 1.0071039844440590 -0.39536 -0.34029 0.09580 0.22349 .43609
60.40 1.0081271448700442 -0.39478 -0.34037 0.09440 0.22438 .43477
60.45 1.0091524114698791 -0.39419 -0.34046 0.09299 0.22528 .43345
60.50 1.0101797939139427 -0.39360 -0.34054 0.09158 0.22616 .43212
60.55 1.0112093019289397 -0.39301 -0.34062 0.09017 0.22704 .43079
60.60 1.0122409452983365 -0.39242 -0.34070 0.08876 0.22791 .42946
60.65 1.0132747338627996 -0.39183 -0.34078 0.08735 0.22878 .42813
60.70 1.0143106775206405 -0.39123 -0.34086 0.08595 0.22964 .42681
60.75 1.0153487862282633 -0.39064 -0.34093 0.08454 0.23049 .42547
60.80 1.0163890700006153 -0.39004 -0.34101 0.08313 0.23133 .42414
60.85 1.0174315389116453 -0.38944 -0.34108 0.08172 0.23216 .42280
60.90 1.0184762030947627 -0.38884 -0.34116 0.08031 0.23299 .42147
60.95 1.0195230727433033 -0.38823 -0.34123 0.07889 0.23380 .42012
61.00 1.0205721581109972 -0.38763 -0.34130 0.07748 0.23461 .41878
61.05 1.0216234695124444 -0.38702 -0.34137 0.07607 0.23540 .41744
61.10 1.0226770173235920 -0.38641 -0.34144 0.07466 0.23619 .41610
61.15 1.0237328119822167 -0.38580 -0.34151 0.07325 0.23696 .41476
61.20 1.0247908639884131 -0.38519 -0.34158 0.07184 0.23773 .41342
61.25 1.0258511839050852 -0.38457 -0.34164 0.07042 0.23848 .41206
61.30 1.0269137823584431 -0.38396 -0.34171 0.06901 0.23922 .41072
61.35 1.0279786700385047 -0.38334 -0.34177 0.06760 0.23995 .40937
61.40 1.0290458576996018 -0.38272 -0.34183 0.06618 0.24066 .40801
61.45 1.0301153561608911 -0.38210 -0.34190 0.06477 0.24136 .40667
61.50 1.0311871763068714 -0.38147 -0.34196 0.06335 0.24205 .40531
61.55 1.0322613290879032 -0.38085 -0.34201 0.06194 0.24273 .40395
61.60 1.0333378255207359 -0.38022 -0.34207 0.06052 0.24339 .40259
61.65 1.0344166766890379 -0.37959 -0.34213 0.05911 0.24403 .40124
61.70 1.0354978937439347 -0.37896 -0.34218 0.05769 0.24466 .39987
61.75 1.0365814879045478 -0.37832 -0.34224 0.05628 0.24528 .39852
61.80 1.0376674704585451 -0.37769 -0.34229 0.05486 0.24587 .39715
61.85 1.0387558527626892 -0.37705 -0.34234 0.05344 0.24646 .39578
61.90 1.0398466462433982 -0.37641 -0.34239 0.05203 0.24702 .39442
61.95 1.0409398623973067 -0.37577 -0.34244 0.05061 0.24757 .39305
62.00 1.0420355127918348 -0.37512 -0.34249 0.04919 0.24810 .39168
62.05 1.0431336090657632 -0.37448 -0.34254 0.04777 0.24861 .39031
62.10 1.0442341629298113 -0.37383 -0.34258 0.04635 0.24910 .38893
62.15 1.0453371861672238 -0.37318 -0.34262 0.04493 0.24957 .38755
62.20 1.0464426906343616 -0.37253 -0.34267 0.04351 0.25003 .38618
62.25 1.0475506882612993 -0.37187 -0.34271 0.04209 0.25046 .38480
62.30 1.0486611910524275 -0.37122 -0.34274 0.04067 0.25088 .38341
62.35 1.0497742110870625 -0.37056 -0.34278 0.03925 0.25127 .38203
62.40 1.0508897605200611 -0.36990 -0.34282 0.03783 0.25164 .38065
62.45 1.0520078515824418 -0.36923 -0.34285 0.03641 0.25199 .37926
62.50 1.0531284965820111 -0.36857 -0.34288 0.03499 0.25232 .37787
62.55 1.0542517079039999 -0.36790 -0.34291 0.03357 0.25263 .37648
62.60 1.0553774980117010 -0.36723 -0.34294 0.03214 0.25292 .37508
62.65 1.0565058794471158 -0.36655 -0.34297 0.03072 0.25318 .37369
62.70 1.0576368648316092 -0.36588 -0.34300 0.02930 0.25342 .37230
62.75 1.0587704668665670 -0.36520 -0.34302 0.02787 0.25364 .37089
62.80 1.0599066983340624 -0.36452 -0.34304 0.02645 0.25384 .36949
62.85 1.0610455720975307 -0.36383 -0.34306 0.02503 0.25401 .36809
62.90 1.0621871011024460 -0.36315 -0.34308 0.02360 0.25416 .36668
62.95 1.0633312983770105 -0.36246 -0.34310 0.02218 0.25429 .36528
63.00 1.0644781770328475 -0.36176 -0.34311 0.02075 0.25439 .36386
63.05 1.0656277502657008 -0.36107 -0.34312 0.01933 0.25447 .36245
63.10 1.0667800313561446 -0.36037 -0.34313 0.01790 0.25453 .36103
63.15 1.0679350336702964 -0.35967 -0.34313 0.01648 0.25456 .35961
63.20 1.0690927706605413 -0.35897 -0.34314 0.01505 0.25457 .35819
63.25 1.0702532558662603 -0.35826 -0.34314 0.01363 0.25456 .35677
63.30 1.0714165029145688 -0.35755 -0.34314 0.01220 0.25452 .35534
63.35 1.0725825255210610 -0.35683 -0.34313 0.01077 0.25446 .35390
63.40 1.0737513374905625 -0.35612 -0.34313 0.00935 0.25437 .35248
63.45 1.0749229527178907 -0.35540 -0.34311 0.00792 0.25426 .35103
63.50 1.0760973851886237 -0.35467 -0.34310 0.00650 0.25413 .34960
63.55 1.0772746489798752 -0.35394 -0.34308 0.00507 0.25398 .34815
63.60 1.0784547582610808 -0.35321 -0.34306 0.00365 0.25380 .34671
63.65 1.0796377272947879 -0.35247 -0.34303 0.00222 0.25360 .34525
63.70 1.0808235704374589 -0.35173 -0.34300 0.00080 0.25337 .34380
63.75 1.0820123021402799 -0.35099 -0.34297 -0.00063 0.25312 .34234
63.80 1.0832039369499773 -0.35024 -0.34293 -0.00205 0.25285 .34088
63.85 1.0843984895096448 -0.34948 -0.34288 -0.00347 0.25255 .33941
63.90 1.0855959745595780 -0.34872 -0.34283 -0.00490 0.25223 .33793
63.95 1.0867964069381189 -0.34795 -0.34277 -0.00632 0.25189 .33645
64.00 1.0879998015825072 -0.34718 -0.34271 -0.00774 0.25152 .33497
64.05 1.0892061735297434 -0.34640 -0.34264 -0.00915 0.25113 .33349
64.10 1.0904155379174589 -0.34562 -0.34255 -0.01057 0.25071 .33198
64.15 1.0916279099847972 -0.34482 -0.34246 -0.01198 0.25027 .33048
64.20 1.0928433050732997 -0.34402 -0.34236 -0.01339 0.24980 .32897
64.25 1.0940617386278098 -0.34322 -0.34225 -0.01480 0.24930 .32745
64.30 1.0952832261973782 -0.34240 -0.34212 -0.01620 0.24877 .32592
64.35 1.0965077834361816 -0.34198 -0.34157 -0.01760 0.24822 .32397
64.40 1.0977354261044516 -0.34182 -0.34073 -0.01900 0.24763 .32173
64.45 1.0989661700694118 -0.34164 -0.33989 -0.02038 0.24701 .31951
64.50 1.1002000313062268 -0.34144 -0.33902 -0.02176 0.24635 .31726
64.55 1.1014370258989608 -0.34121 -0.33815 -0.02312 0.24565 .31503
64.60 1.1026771700415456 -0.34095 -0.33726 -0.02448 0.24491 .31278
64.65 1.1039204800387612 -0.34065 -0.33635 -0.02581 0.24411 .31054
64.70 1.1051669723072235 -0.34030 -0.33542 -0.02713 0.24325 .30829
64.75 1.1064166633763877 -0.33989 -0.33447 -0.02841 0.24231 .30606
64.80 1.1076695698895584 -0.33941 -0.33351 -0.02966 0.24128 .30385
64.85 1.1089257086049120 -0.33883 -0.33252 -0.03085 0.24014 .30167
64.90 1.1101850963965334 -0.33814 -0.33151 -0.03198 0.23886 .29953
64.95 1.1114477502554549 -0.33729 -0.33050 -0.03301 0.23739 .29749
65.00 1.1127136872907215 -0.33625 -0.32950 -0.03391 0.23569 .29559
65.05 1.1139829247304520 -0.33499 -0.32857 -0.03462 0.23370 .29395
65.10 1.1152554799229231 -0.33351 -0.32779 -0.03512 0.23140 .29267
65.15 1.1165313703376598 -0.33186 -0.32724 -0.03540 0.22886 .29184
65.20 1.1178106135665402 -0.33018 -0.32699 -0.03549 0.22619 .29150
65.25 1.1190932273249123 -0.32856 -0.32703 -0.03547 0.22354 .29156
65.30 1.1203792294527217 -0.32733 -0.32708 -0.03539 0.22102 .29169
65.35 1.1216686379156546 -0.32781 -0.32576 -0.03530 0.21864 .29046
65.40 1.1229614708062909 -0.32843 -0.32458 -0.03521 0.21643 .28937
65.45 1.1242577463452708 -0.32917 -0.32353 -0.03511 0.21438 .28842
65.50 1.1255574828824770 -0.32998 -0.32259 -0.03503 0.21246 .28756
65.55 1.1268606988982264 -0.33086 -0.32175 -0.03495 0.21066 .28680
65.60 1.1281674130044770 -0.33178 -0.32099 -0.03487 0.20897 .28612
65.65 1.1294776439460517 -0.33274 -0.32030 -0.03479 0.20738 .28551
65.70 1.1307914106018655 -0.33374 -0.31967 -0.03471 0.20587 .28496
65.75 1.1321087319861824 -0.33476 -0.31910 -0.03463 0.20444 .28447
65.80 1.1334296272498716 -0.33581 -0.31857 -0.03454 0.20308 .28403
65.85 1.1347541156816874 -0.33688 -0.31809 -0.03444 0.20177 .28365
65.90 1.1360822167095599 -0.33796 -0.31764 -0.03433 0.20052 .28331
65.95 1.1374139499019000 -0.33906 -0.31722 -0.03421 0.19932 .28301
66.00 1.1387493349689228 -0.34017 -0.31684 -0.03408 0.19817 .28276
66.05 1.1400883917639824 -0.34130 -0.31648 -0.03394 0.19705 .28254
66.10 1.1414311402849235 -0.34244 -0.31614 -0.03378 0.19597 .28236
66.15 1.1427776006754504 -0.34359 -0.31583 -0.03361 0.19492 .28222
66.20 1.1441277932265064 -0.34474 -0.31553 -0.03343 0.19391 .28210
66.25 1.1454817383776770 -0.34591 -0.31525 -0.03323 0.19292 .28202
66.30 1.1468394567186027 -0.34709 -0.31499 -0.03302 0.19195 .28197
66.35 1.1482009689904107 -0.34828 -0.31474 -0.03279 0.19101 .28195
66.40 1.1495662960871658 -0.34947 -0.31451 -0.03255 0.19009 .28196
66.45 1.1509354590573304 -0.35067 -0.31428 -0.03229 0.18918 .28199
66.50 1.1523084791052536 -0.35188 -0.31407 -0.03201 0.18830 .28206
66.55 1.1536853775926659 -0.35310 -0.31387 -0.03172 0.18742 .28215
66.60 1.1550661760401986 -0.35433 -0.31367 -0.03141 0.18657 .28226
66.65 1.1564508961289190 -0.35556 -0.31348 -0.03109 0.18572 .28239
66.70 1.1578395597018831 -0.35680 -0.31330 -0.03076 0.18489 .28254
66.75 1.1592321887657087 -0.35805 -0.31313 -0.03040 0.18406 .28273
66.80 1.1606288054921641 -0.35930 -0.31296 -0.03004 0.18325 .28292
66.85 1.1620294322197784 -0.36056 -0.31280 -0.02965 0.18244 .28315
66.90 1.1634340914554704 -0.36183 -0.31264 -0.02926 0.18164 .28338
66.95 1.1648428058761942 -0.36310 -0.31248 -0.02885 0.18085 .28363
67.00 1.1662555983306084 -0.36438 -0.31233 -0.02842 0.18006 .28391
67.05 1.1676724918407646 -0.36566 -0.31218 -0.02798 0.17928 .28420
67.10 1.1690935096038124 -0.36695 -0.31203 -0.02753 0.17850 .28450
67.15 1.1705186749937306 -0.36825 -0.31189 -0.02706 0.17772 .28483
67.20 1.1719480115630720 -0.36955 -0.31175 -0.02658 0.17695 .28517
67.25 1.1733815430447392 -0.37086 -0.31161 -0.02609 0.17619 .28552
67.30 1.1748192933537724 -0.37217 -0.31147 -0.02558 0.17542 .28589
67.35 1.1762612865891637 -0.37349 -0.31133 -0.02507 0.17466 .28626
67.40 1.1777075470356930 -0.37481 -0.31119 -0.02454 0.17389 .28665
67.45 1.1791580991657851 -0.37614 -0.31106 -0.02400 0.17313 .28706
67.50 1.1806129676413906 -0.37747 -0.31092 -0.02345 0.17237 .28747
67.55 1.1820721773158904 -0.37881 -0.31078 -0.02288 0.17162 .28790
67.60 1.1835357532360211 -0.38015 -0.31065 -0.02231 0.17086 .28834
67.65 1.1850037206438264 -0.38150 -0.31051 -0.02172 0.17010 .28879
67.70 1.1864761049786312 -0.38285 -0.31037 -0.02113 0.16934 .28924
67.75 1.1879529318790409 -0.38421 -0.31024 -0.02052 0.16858 .28972
67.80 1.1894342271849665 -0.38557 -0.31010 -0.01991 0.16782 .29019
67.85 1.1909200169396705 -0.38693 -0.30996 -0.01928 0.16707 .29068
67.90 1.1924103273918456 -0.38830 -0.30982 -0.01865 0.16631 .29117
67.95 1.1939051849977087 -0.38968 -0.30968 -0.01800 0.16555 .29168
68.00 1.1954046164231349 -0.39105 -0.30954 -0.01735 0.16479 .29219
68.05 1.1969086485458049 -0.39244 -0.30940 -0.01669 0.16402 .29271
68.10 1.1984173084573870 -0.39382 -0.30926 -0.01602 0.16326 .29324
68.15 1.1999306234657463 -0.39521 -0.30912 -0.01534 0.16250 .29378
68.20 1.2014486210971758 -0.39660 -0.30897 -0.01465 0.16173 .29432
68.25 1.2029713290986654 -0.39800 -0.30882 -0.01396 0.16097 .29486
68.30 1.2044987754401906 -0.39940 -0.30868 -0.01326 0.16020 .29542
68.35 1.2060309883170346 -0.40081 -0.30853 -0.01255 0.15943 .29598
68.40 1.2075679961521408 -0.40221 -0.30838 -0.01183 0.15866 .29655
68.45 1.2091098275984908 -0.40362 -0.30822 -0.01110 0.15789 .29712
68.50 1.2106565115415191 -0.40504 -0.30807 -0.01037 0.15712 .29770
68.55 1.2122080771015531 -0.40645 -0.30792 -0.00963 0.15634 .29829
68.60 1.2137645536362878 -0.40788 -0.30776 -0.00888 0.15557 .29888
68.65 1.2153259707432924 -0.40930 -0.30760 -0.00813 0.15479 .29947
68.70 1.2168923582625433 -0.41073 -0.30744 -0.00737 0.15401 .30007
68.75 1.2184637462790018 -0.41216 -0.30728 -0.00660 0.15323 .30068
68.80 1.2200401651252133 -0.41359 -0.30711 -0.00583 0.15245 .30128
68.85 1.2216216453839461 -0.41502 -0.30695 -0.00505 0.15167 .30190
68.90 1.2232082178908650 -0.41646 -0.30678 -0.00426 0.15088 .30252
68.95 1.2247999137372361 -0.41790 -0.30661 -0.00347 0.15010 .30314
69.00 1.2263967642726714 -0.41935 -0.30644 -0.00267 0.14931 .30377
69.05 1.2279988011079066 -0.42080 -0.30627 -0.00186 0.14852 .30441
69.10 1.2296060561176163 -0.42225 -0.30609 -0.00105 0.14773 .30504
69.15 1.2312185614432660 -0.42370 -0.30592 -0.00023 0.14694 .30569
69.20 1.2328363494960013 -0.42515 -0.30574 0.00059 0.14615 .30633
69.25 1.2344594529595776 -0.42661 -0.30556 0.00142 0.14536 .30698
69.30 1.2360879047933260 -0.42807 -0.30538 0.00225 0.14456 .30763
69.35 1.2377217382351597 -0.42953 -0.30519 0.00309 0.14377 .30828
69.40 1.2393609868046243 -0.43100 -0.30501 0.00394 0.14297 .30895
69.45 1.2410056843059762 -0.43247 -0.30482 0.00479 0.14217 .30961
69.50 1.2426558648313226 -0.43394 -0.30463 0.00564 0.14137 .31027
69.55 1.2443115627637849 -0.43541 -0.30444 0.00651 0.14057 .31095
69.60 1.2459728127807141 -0.43689 -0.30424 0.00737 0.13977 .31161
69.65 1.2476396498569498 -0.43836 -0.30405 0.00825 0.13896 .31230
69.70 1.2493121092681172 -0.43984 -0.30385 0.00912 0.13816 .31297
69.75 1.2509902265939778 -0.44133 -0.30365 0.01001 0.13735 .31366
69.80 1.2526740377218175 -0.44281 -0.30345 0.01090 0.13654 .31435
69.85 1.2543635788498853 -0.44430 -0.30324 0.01179 0.13574 .31503
69.90 1.2560588864908790 -0.44579 -0.30304 0.01269 0.13493 .31573
69.95 1.2577599974754754 -0.44728 -0.30283 0.01359 0.13412 .31642
70.00 1.2594669489559134 -0.44877 -0.30262 0.01450 0.13331 .31712
70.05 1.2611797784096244 -0.45027 -0.30241 0.01541 0.13249 .31782
70.10 1.2628985236429111 -0.45176 -0.30219 0.01633 0.13168 .31852
70.15 1.2646232227946819 -0.45326 -0.30197 0.01725 0.13087 .31922
70.20 1.2663539143402289 -0.45477 -0.30176 0.01818 0.13005 .31994
70.25 1.2680906370950717 -0.45627 -0.30153 0.01912 0.12924 .32065
70.30 1.2698334302188394 -0.45778 -0.30131 0.02005 0.12842 .32136
70.35 1.2715823332192195 -0.45929 -0.30109 0.02100 0.12760 .32209
70.40 1.2733373859559551 -0.46080 -0.30086 0.02195 0.12678 .32281
70.45 1.2750986286448989 -0.46231 -0.30063 0.02290 0.12596 .32353
70.50 1.2768661018621295 -0.46382 -0.30040 0.02386 0.12514 .32426
70.55 1.2786398465481190 -0.46534 -0.30017 0.02482 0.12432 .32499
70.60 1.2804199040119650 -0.46686 -0.29993 0.02578 0.12350 .32571
70.65 1.2822063159356787 -0.46838 -0.29969 0.02676 0.12268 .32645
70.70 1.2839991243785358 -0.46990 -0.29945 0.02773 0.12186 .32718
70.75 1.2857983717814927 -0.47142 -0.29921 0.02872 0.12104 .32793
70.80 1.2876041009716590 -0.47295 -0.29897 0.02970 0.12021 .32867
70.85 1.2894163551668398 -0.47448 -0.29872 0.03069 0.11939 .32941
70.90 1.2912351779801445 -0.47601 -0.29847 0.03169 0.11856 .33016
70.95 1.2930606134246510 -0.47754 -0.29822 0.03269 0.11774 .33091
71.00 1.2948927059181552 -0.47907 -0.29797 0.03369 0.11691 .33166
71.05 1.2967315002879742 -0.48061 -0.29771 0.03470 0.11609 .33241
71.10 1.2985770417758264 -0.48215 -0.29745 0.03572 0.11526 .33317
71.15 1.3004293760427814 -0.48369 -0.29720 0.03674 0.11443 .33394
71.20 1.3022885491742811 -0.48523 -0.29693 0.03776 0.11361 .33469
71.25 1.3041546076852373 -0.48677 -0.29667 0.03879 0.11278 .33546
71.30 1.3060275985252012 -0.48832 -0.29640 0.03982 0.11195 .33622
71.35 1.3079075690836115 -0.48986 -0.29613 0.04086 0.11112 .33699
71.40 1.3097945671951174 -0.49141 -0.29586 0.04191 0.11029 .33777
71.45 1.3116886411449822 -0.49296 -0.29559 0.04295 0.10947 .33854
71.50 1.3135898396745678 -0.49452 -0.29532 0.04401 0.10864 .33933
71.55 1.3154982119869003 -0.49607 -0.29504 0.04506 0.10781 .34010
71.60 1.3174138077523165 -0.49763 -0.29476 0.04613 0.10698 .34089
71.65 1.3193366771142014 -0.49918 -0.29448 0.04719 0.10615 .34167
71.70 1.3212668706947988 -0.50074 -0.29419 0.04827 0.10532 .34246
71.75 1.3232044396011293 -0.50231 -0.29390 0.04934 0.10449 .34324
71.80 1.3251494354309783 -0.50387 -0.29362 0.05042 0.10366 .34404
71.85 1.3271019102789854 -0.50543 -0.29332 0.05151 0.10283 .34483
71.90 1.3290619167428244 -0.50700 -0.29303 0.05260 0.10200 .34563
71.95 1.3310295079294747 -0.50857 -0.29273 0.05370 0.10117 .34643
72.00 1.3330047374615932 -0.51014 -0.29244 0.05480 0.10034 .34724
72.05 1.3349876594839796 -0.51171 -0.29214 0.05590 0.09951 .34804
72.10 1.3369783286701415 -0.51328 -0.29183 0.05702 0.09868 .34885
72.15 1.3389768002289641 -0.51486 -0.29153 0.05813 0.09785 .34966
72.20 1.3409831299114769 -0.51644 -0.29122 0.05925 0.09702 .35047
72.25 1.3429973740177321 -0.51801 -0.29091 0.06038 0.09619 .35129
72.30 1.3450195894037844 -0.51960 -0.29060 0.06151 0.09537 .35211
72.35 1.3470498334887806 -0.52118 -0.29028 0.06264 0.09454 .35292
72.40 1.3490881642621655 -0.52276 -0.28997 0.06378 0.09371 .35375
72.45 1.3511346402909867 -0.52435 -0.28965 0.06493 0.09288 .35458
72.50 1.3531893207273342 -0.52593 -0.28932 0.06608 0.09205 .35540
72.55 1.3552522653158787 -0.52752 -0.28900 0.06724 0.09123 .35624
72.60 1.3573235344015393 -0.52911 -0.28867 0.06840 0.09040 .35707
72.65 1.3594031889372702 -0.53071 -0.28834 0.06956 0.08957 .35790
72.70 1.3614912904919696 -0.53230 -0.28801 0.07073 0.08875 .35874
72.75 1.3635879012585173 -0.53390 -0.28768 0.07191 0.08792 .35959
72.80 1.3656930840619386 -0.53549 -0.28734 0.07309 0.08709 .36043
72.85 1.3678069023677004 -0.53709 -0.28700 0.07428 0.08627 .36128
72.90 1.3699294202901398 -0.53869 -0.28666 0.07547 0.08544 .36213
72.95 1.3720607026010270 -0.54029 -0.28632 0.07666 0.08462 .36298
73.00 1.3742008147382716 -0.54190 -0.28597 0.07787 0.08380 .36384
73.05 1.3763498228147655 -0.54350 -0.28562 0.07907 0.08297 .36469
73.10 1.3785077936273700 -0.54511 -0.28527 0.08029 0.08215 .36556
73.15 1.3806747946660543 -0.54672 -0.28492 0.08133 0.08150 .36625
73.20 1.3828508941231716 -0.54833 -0.28456 0.08051 0.08273 .36507
73.25 1.3850361609029067 -0.54994 -0.28420 0.07969 0.08396 .36389
73.30 1.3872306646308596 -0.55156 -0.28384 0.07887 0.08519 .36271
73.35 1.3894344756637986 -0.55317 -0.28348 0.07805 0.08643 .36153
73.40 1.3916476650995724 -0.55479 -0.28311 0.07723 0.08768 .36034
73.45 1.3938703047871841 -0.55641 -0.28274 0.07641 0.08893 .35915
73.50 1.3961024673370386 -0.55803 -0.28237 0.07560 0.09018 .35797
73.55 1.3983442261313550 -0.55965 -0.28200 0.07478 0.09144 .35678
73.60 1.4005956553347587 -0.56127 -0.28162 0.07397 0.09271 .35559
73.65 1.4028568299050477 -0.56290 -0.28124 0.07315 0.09399 .35439
73.70 1.4051278256041408 -0.56452 -0.28086 0.07234 0.09526 .35320
73.75 1.4074087190092159 -0.56615 -0.28048 0.07153 0.09655 .35201
73.80 1.4096995875240308 -0.56778 -0.28009 0.07072 0.09784 .35081
73.85 1.4120005093904389 -0.56941 -0.27970 0.06991 0.09913 .34961
73.90 1.4143115637001062 -0.57105 -0.27931 0.06910 0.10044 .34841
73.95 1.4166328304064160 -0.57268 -0.27892 0.06829 0.10174 .34721
74.00 1.4189643903365978 -0.57432 -0.27852 0.06748 0.10306 .34600
74.05 1.4213063252040461 -0.57595 -0.27812 0.06668 0.10438 .34480
74.10 1.4236587176208633 -0.57759 -0.27772 0.06587 0.10570 .34359
74.15 1.4260216511106174 -0.57923 -0.27731 0.06507 0.10703 .34238
74.20 1.4283952101213191 -0.58088 -0.27690 0.06427 0.10837 .34117
74.25 1.4307794800386300 -0.58252 -0.27649 0.06346 0.10971 .33995
74.30 1.4331745471992983 -0.58416 -0.27608 0.06266 0.11106 .33874
74.35 1.4355804989048313 -0.58581 -0.27566 0.06187 0.11242 .33753
74.40 1.4379974234354114 -0.58746 -0.27525 0.06107 0.11378 .33632
74.45 1.4404254100640508 -0.58911 -0.27483 0.06027 0.11515 .33510
74.50 1.4428645490710084 -0.59076 -0.27440 0.05948 0.11652 .33388
74.55 1.4453149317584530 -0.59241 -0.27398 0.05869 0.11790 .33267
74.60 1.4477766504653917 -0.59407 -0.27355 0.05789 0.11929 .33144
74.65 1.4502497985828720 -0.59572 -0.27311 0.05710 0.12068 .33021
74.70 1.4527344705694387 -0.59738 -0.27268 0.05631 0.12208 .32899
74.75 1.4552307619668963 -0.59904 -0.27224 0.05553 0.12348 .32777
74.80 1.4577387694163313 -0.60070 -0.27180 0.05474 0.12489 .32654
74.85 1.4602585906744392 -0.60236 -0.27136 0.05396 0.12631 .32532
74.90 1.4627903246301464 -0.60403 -0.27091 0.05317 0.12774 .32408
74.95 1.4653340713215299 -0.60569 -0.27047 0.05239 0.12917 .32286
75.00 1.4678899319530556 -0.60736 -0.27001 0.05161 0.13061 .32162
75.05 1.4704580089131281 -0.60902 -0.26956 0.05084 0.13205 .32040
75.10 1.4730384057919645 -0.61069 -0.26910 0.05006 0.13351 .31916
75.15 1.4756312273998002 -0.61236 -0.26864 0.04929 0.13496 .31793
75.20 1.4782365797854315 -0.61404 -0.26818 0.04852 0.13643 .31670
75.25 1.4808545702551064 -0.61571 -0.26772 0.04775 0.13790 .31547
75.30 1.4834853073917655 -0.61738 -0.26725 0.04698 0.13938 .31423
75.35 1.4861289010746450 -0.61763 -0.26678 0.04621 0.14087 .31299
75.40 1.4887854624992518 -0.61718 -0.26630 0.04545 0.14236 .31175
75.45 1.4914551041977033 -0.61673 -0.26583 0.04468 0.14386 .31051
75.50 1.4941379400594756 -0.61628 -0.26535 0.04392 0.14537 .30927
75.55 1.4968340853525235 -0.61583 -0.26487 0.04316 0.14688 .30803
75.60 1.4995436567448153 -0.61537 -0.26438 0.04241 0.14840 .30679
75.65 1.5022667723262797 -0.61492 -0.26389 0.04165 0.14993 .30554
75.70 1.5050035516311675 -0.61446 -0.26340 0.04090 0.15147 .30430
75.75 1.5077541156608558 -0.61401 -0.26291 0.04015 0.15301 .30306
75.80 1.5105185869070827 -0.61355 -0.26241 0.03940 0.15456 .30181
75.85 1.5132970893756394 -0.61309 -0.26191 0.03866 0.15612 .30057
75.90 1.5160897486105220 -0.61263 -0.26141 0.03791 0.15768 .29932
75.95 1.5188966917185549 -0.61217 -0.26090 0.03717 0.15926 .29807
76.00 1.5217180473945009 -0.61171 -0.26039 0.03643 0.16084 .29682
76.05 1.5245539459466628 -0.61125 -0.25988 0.03570 0.16243 .29558
76.10 1.5274045193229899 -0.61078 -0.25937 0.03497 0.16402 .29434
76.15 1.5302699011377114 -0.61032 -0.25885 0.03423 0.16563 .29308
76.20 1.5331502266984804 -0.60985 -0.25833 0.03351 0.16724 .29184
76.25 1.5360456330340897 -0.60939 -0.25781 0.03278 0.16886 .29059
76.30 1.5389562589227139 -0.60892 -0.25728 0.03206 0.17049 .28934
76.35 1.5418822449207401 -0.60845 -0.25675 0.03134 0.17212 .28809
76.40 1.5448237333921728 -0.60798 -0.25622 0.03062 0.17377 .28684
76.45 1.5477808685386352 -0.60751 -0.25568 0.02990 0.17542 .28558
76.50 1.5507537964299845 -0.60704 -0.25514 0.02919 0.17708 .28433
76.55 1.5537426650355510 -0.60656 -0.25460 0.02848 0.17875 .28308
76.60 1.5567476242560161 -0.60609 -0.25406 0.02777 0.18042 .28183
76.65 1.5597688259559499 -0.60561 -0.25351 0.02707 0.18211 .28058
76.70 1.5628064239970156 -0.60514 -0.25296 0.02637 0.18380 .27933
76.75 1.5658605742718710 -0.60466 -0.25241 0.02567 0.18550 .27808
76.80 1.5689314347387666 -0.60418 -0.25185 0.02497 0.18721 .27682
76.85 1.5720191654568727 -0.60370 -0.25129 0.02428 0.18893 .27557
76.90 1.5751239286223491 -0.60322 -0.25072 0.02359 0.19066 .27431
76.95 1.5782458886051585 -0.60274 -0.25016 0.02291 0.19240 .27307
77.00 1.5813852119866876 -0.60226 -0.24959 0.02222 0.19414 .27181
77.05 1.5845420675981361 -0.60178 -0.24902 0.02154 0.19590 .27056
77.10 1.5877166265597418 -0.60129 -0.24844 0.02087 0.19766 .26931
77.15 1.5909090623208391 -0.60081 -0.24786 0.02020 0.19943 .26806
77.20 1.5941195507007735 -0.60032 -0.24728 0.01953 0.20121 .26681
77.25 1.5973482699307082 -0.59984 -0.24669 0.01886 0.20300 .26555
77.30 1.6005954006963241 -0.59935 -0.24611 0.01820 0.20480 .26431
77.35 1.6038611261814530 -0.59886 -0.24551 0.01754 0.20661 .26305
77.40 1.6071456321126634 -0.59837 -0.24492 0.01688 0.20843 .26180
77.45 1.6104491068048148 -0.59788 -0.24432 0.01623 0.21026 .26055
77.50 1.6137717412076256 -0.59739 -0.24372 0.01558 0.21209 .25930
77.55 1.6171137289532584 -0.59690 -0.24312 0.01494 0.21394 .25806
77.60 1.6204752664049629 -0.59641 -0.24251 0.01430 0.21579 .25681
77.65 1.6238565527068056 -0.59591 -0.24190 0.01366 0.21766 .25556
77.70 1.6272577898344955 -0.59542 -0.24128 0.01303 0.21953 .25431
77.75 1.6306791826473761 -0.59492 -0.24066 0.01240 0.22142 .25306
77.80 1.6341209389415596 -0.59443 -0.24004 0.01178 0.22331 .25182
77.85 1.6375832695042820 -0.59393 -0.23942 0.01116 0.22522 .25058
77.90 1.6410663881694845 -0.59344 -0.23879 0.01054 0.22713 .24933
77.95 1.6445705118746621 -0.59294 -0.23816 0.00993 0.22906 .24809
78.00 1.6480958607190197 -0.59244 -0.23753 0.00932 0.23099 .24685
78.05 1.6516426580229577 -0.59194 -0.23689 0.00872 0.23294 .24561
78.10 1.6552111303889363 -0.59144 -0.23625 0.00812 0.23489 .24437
78.15 1.6588015077637484 -0.59094 -0.23560 0.00752 0.23686 .24312
78.20 1.6624140235022404 -0.59044 -0.23496 0.00693 0.23883 .24189
78.25 1.6660489144325314 -0.58994 -0.23431 0.00635 0.24082 .24066
78.30 1.6697064209227548 -0.58944 -0.23365 0.00576 0.24282 .23941
78.35 1.6733867869493753 -0.58893 -0.23299 0.00519 0.24483 .23818
78.40 1.6770902601671336 -0.58843 -0.23233 0.00461 0.24685 .23694
78.45 1.6808170919806322 -0.58793 -0.23167 0.00405 0.24888 .23572
78.50 1.6845675376176648 -0.58742 -0.23100 0.00348 0.25092 .23448
78.55 1.6883418562042736 -0.58692 -0.23033 0.00293 0.25297 .23326
78.60 1.6921403108416329 -0.58642 -0.22965 0.00237 0.25503 .23202
78.65 1.6959631686847902 -0.58591 -0.22897 0.00183 0.25710 .23080
78.70 1.6998107010233166 -0.58540 -0.22829 0.00128 0.25919 .22957
78.75 1.7036831833639368 -0.58490 -0.22761 0.00075 0.26128 .22836
78.80 1.7075808955151763 -0.58439 -0.22692 0.00021 0.26339 .22713
78.85 1.7115041216740989 -0.58389 -0.22622 -0.00031 0.26551 .22591
78.90 1.7154531505151902 -0.58338 -0.22553 -0.00083 0.26764 .22470
78.95 1.7194282752814485 -0.58287 -0.22483 -0.00135 0.26978 .22348
79.00 1.7234297938777567 -0.58237 -0.22412 -0.00186 0.27194 .22226
79.05 1.7274580089665905 -0.58186 -0.22342 -0.00237 0.27410 .22105
79.10 1.7315132280661407 -0.58135 -0.22271 -0.00287 0.27628 .21984
79.15 1.7355957636509258 -0.58084 -0.22199 -0.00336 0.27847 .21863
79.20 1.7397059332549434 -0.58033 -0.22127 -0.00385 0.28067 .21742
79.25 1.7438440595774944 -0.57983 -0.22055 -0.00433 0.28289 .21622
79.30 1.7480104705916841 -0.57932 -0.21983 -0.00481 0.28511 .21502
79.35 1.7522054996557488 -0.57881 -0.21910 -0.00528 0.28735 .21382
79.40 1.7564294856272575 -0.57830 -0.21837 -0.00574 0.28960 .21263
79.45 1.7606827729802852 -0.57780 -0.21763 -0.00620 0.29187 .21143
79.50 1.7649657119256603 -0.57729 -0.21689 -0.00665 0.29414 .21024
79.55 1.7692786585343654 -0.57678 -0.21614 -0.00710 0.29643 .20904
79.60 1.7736219748641979 -0.57627 -0.21540 -0.00754 0.29873 .20786
79.65 1.7779960290897987 -0.57577 -0.21464 -0.00797 0.30104 .20667
79.70 1.7824011956361372 -0.57526 -0.21389 -0.00839 0.30337 .20550
79.75 1.7868378553155890 -0.57475 -0.21313 -0.00881 0.30571 .20432
79.80 1.7913063954686912 -0.57425 -0.21236 -0.00923 0.30806 .20313
79.85 1.7958072101087128 -0.57374 -0.21160 -0.00963 0.31043 .20197
79.90 1.8003407000701643 -0.57324 -0.21083 -0.01003 0.31281 .20080
79.95 1.8049072731613405 -0.57273 -0.21005 -0.01042 0.31520 .19963
80.00 1.8095073443210954 -0.57223 -0.20927 -0.01081 0.31761 .19846
80.05 1.8141413357799034 -0.57172 -0.20849 -0.01118 0.32003 .19731
80.10 1.8188096772254154 -0.57122 -0.20770 -0.01155 0.32246 .19615
80.15 1.8235128059726211 -0.57072 -0.20691 -0.01192 0.32491 .19499
80.20 1.8282511671387802 -0.57022 -0.20611 -0.01227 0.32737 .19384
80.25 1.8330252138232914 -0.56972 -0.20531 -0.01262 0.32985 .19269
80.30 1.8378354072926408 -0.56921 -0.20451 -0.01296 0.33233 .19155
80.35 1.8426822171706256 -0.56872 -0.20370 -0.01329 0.33484 .19041
80.40 1.8475661216340147 -0.56822 -0.20289 -0.01362 0.33736 .18927
80.45 1.8524876076138348 -0.56772 -0.20207 -0.01394 0.33989 .18813
80.50 1.8574471710024862 -0.56722 -0.20125 -0.01424 0.34243 .18701
80.55 1.8624453168668675 -0.56673 -0.20042 -0.01455 0.34499 .18587
80.60 1.8674825596677291 -0.56623 -0.19959 -0.01484 0.34757 .18475
80.65 1.8725594234854832 -0.56574 -0.19876 -0.01512 0.35016 .18364
80.70 1.8776764422526515 -0.56525 -0.19792 -0.01540 0.35277 .18252
80.75 1.8828341599932619 -0.56475 -0.19708 -0.01567 0.35539 .18141
80.80 1.8880331310693452 -0.56426 -0.19623 -0.01592 0.35802 .18031
80.85 1.8932739204348596 -0.56378 -0.19537 -0.01617 0.36067 .17920
80.90 1.8985571038972699 -0.56329 -0.19452 -0.01641 0.36334 .17811
80.95 1.9038832683870603 -0.56280 -0.19365 -0.01665 0.36602 .17700
81.00 1.9092530122354845 -0.56232 -0.19279 -0.01687 0.36872 .17592
81.05 1.9146669454608252 -0.56183 -0.19192 -0.01708 0.37143 .17484
81.10 1.9201256900634951 -0.56135 -0.19104 -0.01729 0.37416 .17375
81.15 1.9256298803302931 -0.56087 -0.19016 -0.01748 0.37690 .17268
81.20 1.9311801631481520 -0.56039 -0.18927 -0.01767 0.37966 .17160
81.25 1.9367771983277440 -0.55992 -0.18838 -0.01784 0.38244 .17054
81.30 1.9424216589372902 -0.55944 -0.18748 -0.01801 0.38524 .16947
81.35 1.9481142316469726 -0.55897 -0.18658 -0.01817 0.38805 .16841
81.40 1.9538556170843520 -0.55850 -0.18568 -0.01831 0.39087 .16737
81.45 1.9596465302011721 -0.55803 -0.18476 -0.01845 0.39372 .16631
81.50 1.9654877006520655 -0.55756 -0.18385 -0.01858 0.39658 .16527
81.55 1.9713798731855150 -0.55710 -0.18292 -0.01869 0.39946 .16423
81.60 1.9773238080476301 -0.55664 -0.18199 -0.01880 0.40235 .16319
81.65 1.9833202813991822 -0.55617 -0.18106 -0.01889 0.40526 .16217
81.70 1.9893700857464571 -0.55572 -0.18012 -0.01898 0.40819 .16114
81.75 1.9954740303864316 -0.55526 -0.17918 -0.01905 0.41114 .16013
81.80 2.0016329418668652 -0.55480 -0.17823 -0.01911 0.41411 .15912
81.85 2.0078476644618948 -0.55435 -0.17727 -0.01916 0.41709 .15811
81.90 2.0141190606637487 -0.55390 -0.17631 -0.01920 0.42010 .15711
81.95 2.0204480116912382 -0.55345 -0.17534 -0.01923 0.42312 .15611
82.00 2.0268354180156947 -0.55301 -0.17436 -0.01925 0.42616 .15511
82.05 2.0332821999050843 -0.55257 -0.17338 -0.01925 0.42922 .15413
82.10 2.0397892979870225 -0.55213 -0.17239 -0.01925 0.43230 .15314
82.15 2.0463576738314897 -0.55169 -0.17140 -0.01923 0.43539 .15217
82.20 2.0529883105540567 -0.55125 -0.17040 -0.01920 0.43851 .15120
82.25 2.0596822134404817 -0.55082 -0.16939 -0.01916 0.44165 .15023
82.30 2.0664404105935832 -0.55039 -0.16838 -0.01910 0.44481 .14928
82.35 2.0732639536033268 -0.54996 -0.16736 -0.01903 0.44799 .14833
82.40 2.0801539182411148 -0.54954 -0.16633 -0.01895 0.45119 .14738
82.45 2.0871114051793418 -0.54912 -0.16530 -0.01886 0.45441 .14644
82.50 2.0941375407372735 -0.54870 -0.16425 -0.01876 0.45765 .14549
82.55 2.1012334776544206 -0.54828 -0.16321 -0.01864 0.46091 .14457
82.60 2.1084003958926107 -0.54787 -0.16215 -0.01851 0.46420 .14364
82.65 2.1156395034680107 -0.54745 -0.16108 -0.01836 0.46751 .14272
82.70 2.1229520373144530 -0.54704 -0.16001 -0.01820 0.47084 .14181
82.75 2.1303392641794385 -0.54664 -0.15893 -0.01803 0.47419 .14090
82.80 2.1378024815543255 -0.54623 -0.15785 -0.01785 0.47757 .14000
82.85 2.1453430186402151 -0.54583 -0.15675 -0.01765 0.48097 .13910
82.90 2.1529622373511956 -0.54544 -0.15565 -0.01743 0.48439 .13822
82.95 2.1606615333566506 -0.54504 -0.15453 -0.01721 0.48784 .13732
83.00 2.1684423371644423 -0.54465 -0.15341 -0.01696 0.49131 .13645
83.05 2.1763061152468834 -0.54426 -0.15228 -0.01671 0.49481 .13557
83.10 2.1842543712115088 -0.54387 -0.15114 -0.01644 0.49834 .13470
83.15 2.1922886470187501 -0.54348 -0.15000 -0.01615 0.50189 .13385
83.20 2.2004105242487957 -0.54310 -0.14884 -0.01585 0.50547 .13299
83.25 2.2086216254199424 -0.54272 -0.14767 -0.01553 0.50907 .13214
83.30 2.2169236153609786 -0.54234 -0.14650 -0.01520 0.51271 .13130
83.35 2.2253182026402079 -0.54196 -0.14531 -0.01485 0.51637 .13046
83.40 2.2338071410539140 -0.54159 -0.14411 -0.01449 0.52006 .12962
83.45 2.2423922311771953 -0.54122 -0.14291 -0.01411 0.52378 .12880
83.50 2.2510753219802888 -0.54085 -0.14169 -0.01371 0.52753 .12798
83.55 2.2598583125136917 -0.54048 -0.14046 -0.01330 0.53131 .12716
83.60 2.2687431536655347 -0.54011 -0.13922 -0.01288 0.53512 .12634
83.65 2.2777318499949293 -0.53975 -0.13798 -0.01243 0.53897 .12555
83.70 2.2868264616451803 -0.53939 -0.13671 -0.01197 0.54285 .12474
83.75 2.2960291063410230 -0.53903 -0.13544 -0.01149 0.54676 .12395
83.80 2.3053419614742690 -0.53867 -0.13416 -0.01100 0.55070 .12316
83.85 2.3147672662825332 -0.53831 -0.13286 -0.01048 0.55468 .12238
83.90 2.3243073241259733 -0.53795 -0.13155 -0.00995 0.55870 .12160
83.95 2.3339645048673359 -0.53759 -0.13023 -0.00941 0.56275 .12082
84.00 2.3437412473608381 -0.53724 -0.12890 -0.00884 0.56684 .12006
84.05 2.3536400620558657 -0.53688 -0.12755 -0.00826 0.57097 .11929
84.10 2.3636635337217689 -0.53653 -0.12619 -0.00765 0.57514 .11854
84.15 2.3738143243004877 -0.53617 -0.12481 -0.00703 0.57934 .11778
84.20 2.3840951758941467 -0.53582 -0.12343 -0.00639 0.58359 .11704
84.25 2.3945089138952178 -0.53547 -0.12202 -0.00573 0.58788 .11629
84.30 2.4050584502674064 -0.53511 -0.12061 -0.00505 0.59222 .11556
84.35 2.4157467869858533 -0.53475 -0.11917 -0.00436 0.59660 .11481
84.40 2.4265770196459231 -0.53440 -0.11772 -0.00364 0.60102 .11408
84.45 2.4375523412504077 -0.53404 -0.11626 -0.00290 0.60550 .11336
84.50 2.4486760461856742 -0.53368 -0.11478 -0.00214 0.61002 .11264
84.55 2.4599515343979936 -0.53332 -0.11329 -0.00136 0.61459 .11193
84.60 2.4713823157820722 -0.53296 -0.11177 -0.00056 0.61921 .11121
84.65 2.4829720147946408 -0.53260 -0.11024 0.00026 0.62388 .11050
84.70 2.4947243753068959 -0.53223 -0.10870 0.00110 0.62860 .10980
84.75 2.5066432657105051 -0.53186 -0.10713 0.00197 0.63339 .10910
