45.0 0.75983570225832975 -4.85718400137
45.05 0.76049907376085979 -4.85812150629
45.10 0.76116302644066036 -4.85905579585
45.15 0.76182756283385522 -4.85998686571
45.20 0.76249268548415305 -4.86091471145
45.25 0.76315839694289456 -4.86183932855
45.30 0.76382469976910006 -4.86276071241
45.35 0.76449159652951659 -4.86367885837
45.40 0.76515908979866654 -4.86459376164
45.45 0.76582718215889523 -4.86550541737
45.50 0.76649587620041937 -4.86641382063
45.55 0.76716517452137623 -4.86731896639
45.60 0.76783507972787179 -4.86822084954
45.65 0.76850559443403055 -4.86911946489
45.70 0.76917672126204495 -4.87001480714
45.75 0.76984846284222430 -4.87090687094
45.80 0.77052082181304604 -4.87179565082
45.85 0.77119380082120481 -4.87268114125
45.90 0.77186740252166364 -4.87356333660
45.95 0.77254162957770478 -4.87444223115
46.00 0.77321648466098036 -4.87531781911
46.05 0.77389197045156433 -4.87619009457
46.10 0.77456808963800328 -4.87705905158
46.15 0.77524484491736945 -4.87792468406
46.20 0.77592223899531199 -4.87878698587
46.25 0.77660027458611014 -4.87964595076
46.30 0.77727895441272554 -4.88050157243
46.35 0.77795828120685584 -4.88135384445
46.40 0.77863825770898754 -4.88220276033
46.45 0.77931888666845017 -4.88304831348
46.50 0.78000017084346973 -4.88389049722
46.55 0.78068211300122392 -4.88472930479
46.60 0.78136471591789569 -4.88556472934
46.65 0.78204798237872875 -4.88639676394
46.70 0.78273191517808294 -4.88722540154
46.75 0.78341651711948912 -4.88805063504
46.80 0.78410179101570610 -4.88887245723
46.85 0.78478773968877535 -4.88969086082
46.90 0.78547436597007880 -4.89050583841
46.95 0.78616167270039528 -4.89131738255
47.00 0.78684966272995749 -4.89212548566
47.05 0.78753833891850933 -4.89293014009
47.10 0.78822770413536436 -4.89373133810
47.15 0.78891776125946356 -4.89452907187
47.20 0.78960851317943370 -4.89532333345
47.25 0.79029996279364645 -4.89611411486
47.30 0.79099211301027716 -4.89690140797
47.35 0.79168496674736522 -4.89768520461
47.40 0.79237852693287303 -4.89846549648
47.45 0.79307279650474649 -4.89924227520
47.50 0.79376777841097601 -4.90001553232
47.55 0.79446347560965724 -4.90078525927
47.60 0.79515989106905183 -4.90155144740
47.65 0.79585702776764977 -4.90231408798
47.70 0.79655488869423152 -4.90307317216
47.75 0.79725347684792980 -4.90382869103
47.80 0.79795279523829266 -4.90458063556
47.85 0.79865284688534688 -4.90532899664
47.90 0.79935363481966115 -4.90607376508
47.95 0.80005516208241045 -4.90681493157
48.00 0.80075743172543956 -4.90755248672
48.05 0.80146044681132877 -4.90828642105
48.10 0.80216421041345820 -4.90901672498
48.15 0.80286872561607381 -4.90974338884
48.20 0.80357399551435238 -4.91046640288
48.25 0.80428002321446923 -4.91118575721
48.30 0.80498681183366394 -4.91190144190
48.35 0.80569436450030729 -4.91261344690
48.40 0.80640268435396956 -4.91332176205
48.45 0.80711177454548755 -4.91402637712
48.50 0.80782163823703412 -4.91472728178
48.55 0.80853227860218546 -4.91542446560
48.60 0.80924369882599168 -4.91611791804
48.65 0.80995590210504553 -4.91680762849
48.70 0.81066889164755318 -4.91749358622
48.75 0.81138267067340353 -4.91817578042
48.80 0.81209724241424064 -4.91885420018
48.85 0.81281261011353434 -4.91952883448
48.90 0.81352877702665161 -4.92019967222
48.95 0.81424574642093006 -4.92086670219
49.00 0.81496352157574936 -4.92152991309
49.05 0.81568210578260558 -4.92218929351
49.10 0.81640150234518361 -4.92284483195
49.15 0.81712171457943295 -4.92349651682
49.20 0.81784274581364047 -4.92414433641
49.25 0.81856459938850701 -4.92478827892
49.30 0.81928727865722173 -4.92542833246
49.35 0.82001078698553909 -4.92606448503
49.40 0.82073512775185475 -4.92669672452
49.45 0.82146030434728290 -4.92732503874
49.50 0.82218632017573356 -4.92794941539
49.55 0.82291317865399061 -4.92856984207
49.60 0.82364088321179052 -4.92918630627
49.65 0.82436943729190104 -4.92979879539
49.70 0.82509884435020076 -4.93040729672
49.75 0.82582910785575958 -4.93101179744
49.80 0.82656023129091882 -4.93161228466
49.85 0.82729221815137199 -4.93220874535
49.90 0.82802507194624730 -4.93280116639
49.95 0.82875879619818926 -4.93338953457
50.00 0.82949339444344139 -4.93397383655
50.05 0.83022887023192915 -4.93455405890
50.10 0.83096522712734444 -4.93513018809
50.15 0.83170246870722930 -4.93570221048
50.20 0.83244059856306107 -4.93627011232
50.25 0.83317962030033754 -4.93683387975
50.30 0.83391953753866332 -4.93739349883
50.35 0.83466035391183646 -4.93794895549
50.40 0.83540207306793479 -4.93850023555
50.45 0.83614469866940455 -4.93904732474
50.50 0.83688823439314863 -4.93959020867
50.55 0.83763268393061485 -4.94012887286
50.60 0.83837805098788598 -4.94066330269
50.65 0.83912433928576935 -4.94119348346
50.70 0.83987155255988821 -4.94171940035
50.75 0.84061969456077290 -4.94224103844
50.80 0.84136876905395186 -4.94275838268
50.85 0.84211877982004546 -4.94327141792
50.90 0.84286973065485837 -4.94378012892
50.95 0.84362162536947360 -4.94428450030
51.00 0.84437446779034697 -4.94478451658
51.05 0.84512826175940192 -4.94528016218
51.10 0.84588301113412578 -4.94577142138
51.15 0.84663871978766536 -4.94625827837
51.20 0.84739539160892485 -4.94674071723
51.25 0.84815303050266300 -4.94721872192
51.30 0.84891164038959133 -4.94769227628
51.35 0.84967122520647376 -4.94816136404
51.40 0.85043178890622606 -4.94862596882
51.45 0.85119333545801568 -4.94908607413
51.50 0.85195586884736429 -4.94954166334
51.55 0.85271939307624789 -4.94999271975
51.60 0.85348391216320041 -4.95043922649
51.65 0.85424943014341670 -4.95088116662
51.70 0.85501595106885664 -4.95131852305
51.75 0.85578347900834917 -4.95175127860
51.80 0.85655201804769820 -4.95217941594
51.85 0.85732157228978900 -4.95260291766
51.90 0.85809214585469440 -4.95302176620
51.95 0.85886374287978262 -4.95343594391
52.00 0.85963636751982619 -4.95384543298
52.05 0.86041002394711030 -4.95425021552
52.10 0.86118471635154337 -4.95465027351
52.15 0.86196044894076718 -4.95504558879
52.20 0.86273722594026869 -4.95543614310
52.25 0.86351505159349251 -4.95582191804
52.30 0.86429393016195311 -4.95620289511
52.35 0.86507386592534963 -4.95657905568
52.40 0.86585486318168026 -4.95695038099
52.45 0.86663692624735733 -4.95731685215
52.50 0.86742005945732381 -4.95767845017
52.55 0.86820426716517096 -4.95803515591
52.60 0.86898955374325570 -4.95838695013
52.65 0.86977592358281952 -4.95873381343
52.70 0.87056338109410869 -4.95907572633
52.75 0.87135193070649397 -4.95941266919
52.80 0.87214157686859295 -4.95974462225
52.85 0.87293232404839116 -4.96007156563
52.90 0.87372417673336666 -4.96039347931
52.95 0.87451713943061304 -4.96071034315
53.00 0.87531121666696521 -4.96102213689
53.05 0.87610641298912395 -4.96132884012
53.10 0.87690273296378440 -4.96163043232
53.15 0.87770018117776261 -4.96192689282
53.20 0.87849876223812495 -4.96221820084
53.25 0.87929848077231665 -4.96250433546
53.30 0.88009934142829360 -4.96278527561
53.35 0.88090134887465321 -4.96306100013
53.40 0.88170450780076659 -4.96333148768
53.45 0.88250882291691279 -4.96359671681
53.50 0.88331429895441260 -4.96385666594
53.55 0.88412094066576463 -4.96411131336
53.60 0.88492875282478045 -4.96436063719
53.65 0.88573774022672380 -4.96460461545
53.70 0.88654790768844782 -4.96484322602
53.75 0.88735926004853483 -4.96507644662
53.80 0.88817180216743707 -4.96530425485
53.85 0.88898553892761789 -4.96552662819
53.90 0.88980047523369521 -4.96574354394
53.95 0.89061661601258424 -4.96595497929
54.00 0.89143396621364279 -4.96616091128
54.05 0.89225253080881717 -4.96636131681
54.10 0.89307231479278926 -4.96655617266
54.15 0.89389332318312398 -4.96674545543
54.20 0.89471556102041949 -4.96692914161
54.25 0.89553903336845653 -4.96710720753
54.30 0.89636374531435070 -4.96727962939
54.35 0.89718970196870451 -4.96744638323
54.40 0.89801690846576132 -4.96760744497
54.45 0.89884536996356046 -4.96776279035
54.50 0.89967509164409376 -4.96791239500
54.55 0.90050607871346144 -4.96805623439
54.60 0.90133833640203209 -4.96819428383
54.65 0.90217186996460219 -4.96832651851
54.70 0.90300668468055645 -4.96845291344
54.75 0.90384278585403033 -4.96857344352
54.80 0.90468017881407381 -4.96868808345
54.85 0.90551886891481559 -4.96879680783
54.90 0.90635886153562961 -4.96889959109
54.95 0.90720016208130172 -4.96899640750
55.00 0.90804277598219907 -4.96908723119
55.05 0.90888670869443910 -4.96917203613
55.10 0.90973196570006132 -4.96925079614
55.15 0.91057855250719977 -4.96932348489
55.20 0.91142647465025639 -4.96939007589
55.25 0.91227573769007742 -4.96945054251
55.30 0.91312634721412855 -4.96950485794
55.35 0.91397830883667408 -4.96955299523
55.40 0.91483162819895569 -4.96959492727
55.45 0.91568631096937336 -4.96963062680
55.50 0.91654236284366797 -4.96966006637
55.55 0.91739978954510426 -4.96968321842
55.60 0.91825859682465660 -4.96970005520
55.65 0.91911879046119527 -4.96971054879
55.70 0.91998037626167417 -4.96971467115
55.75 0.92084336006132139 -4.96971239403
55.80 0.92170774772382924 -4.96970368905
55.85 0.92257354514154721 -4.96968852766
55.90 0.92344075823567617 -4.96966688114
55.95 0.92430939295646408 -4.96963872062
56.00 0.92517945528340284 -4.96960401704
56.05 0.92605095122542769 -4.96956274120
56.10 0.92692388682111693 -4.96951486372
56.15 0.92779826813889443 -4.96946035506
56.20 0.92867410127723360 -4.96939918551
56.25 0.92955139236486140 -4.96933132518
56.30 0.93043014756096676 -4.96925674403
56.35 0.93131037305540842 -4.96917541184
56.40 0.93219207506892543 -4.96908729822
56.45 0.93307525985334883 -4.96899237262
56.50 0.93395993369181618 -4.96889060430
56.55 0.93484610289898640 -4.96878196235
56.60 0.93573377382125700 -4.96866641571
56.65 0.93662295283698360 -4.96854393311
56.70 0.93751364635670031 -4.96841448314
56.75 0.93840586082334254 -4.96827803419
56.80 0.93929960271247126 -4.96813455449
56.85 0.94019487853249961 -4.96798401209
56.90 0.94109169482492094 -4.96782637484
56.95 0.94199005816453896 -4.96766161046
57.00 0.94288997515969897 -4.96748968644
57.05 0.94379145245252305 -4.96731057012
57.10 0.94469449671914496 -4.96712422866
57.15 0.94559911466994739 -4.96693062903
57.20 0.94650531304980356 -4.96672973803
57.25 0.94741309863831702 -4.96652152225
57.30 0.94832247825006655 -4.96630594813
57.35 0.94923345873485143 -4.96608298192
57.40 0.95014604697793958 -4.96585258967
57.45 0.95106024990031746 -4.96561473726
57.50 0.95197607445894206 -4.96536939038
57.55 0.95289352764699498 -4.96511651453
57.60 0.95381261649413907 -4.96485607503
57.65 0.95473334806677612 -4.96458803701
57.70 0.95565572946830857 -4.96431236542
57.75 0.95657976783940157 -4.96402902501
57.80 0.95750547035824851 -4.96373798035
57.85 0.95843284424083808 -4.96343919581
57.90 0.95936189674122396 -4.96313263558
57.95 0.96029263515179708 -4.96281826366
58.00 0.96122506680355879 -4.96249604385
58.05 0.96215919906639924 -4.96216593976
58.10 0.96309503934937468 -4.96182791482
58.15 0.96403259510098971 -4.96148193226
58.20 0.96497187380948068 -4.96112795510
58.25 0.96591288300310196 -4.96076594620
58.30 0.96685563025041488 -4.96039586820
58.35 0.96780012316057895 -4.96001768355
58.40 0.96874636938364433 -4.95963135452
58.45 0.96969437661085001 -4.95923684316
58.50 0.97064415257492132 -4.95883411135
58.55 0.97159570505037196 -4.95842312076
58.60 0.97254904185380731 -4.95800383287
58.65 0.97350417084423224 -4.95757620895
58.70 0.97446109992335961 -4.95714021009
58.75 0.97541983703592194 -4.95669579717
58.80 0.97638039016998779 -4.95624293089
58.85 0.97734276735727810 -4.95578157174
58.90 0.97830697667348698 -4.95531168001
58.95 0.97927302623860457 -4.95483321581
59.00 0.98024092421724396 -4.95434613903
59.05 0.98121067881896906 -4.95385040938
59.10 0.98218229829862735 -4.95334598637
59.15 0.98315579095668360 -4.95283282930
59.20 0.98413116513955912 -4.95231089730
59.25 0.98510842923997155 -4.95178014928
59.30 0.98608759169727866 -4.95124054396
59.35 0.98706866099782586 -4.95069203988
59.40 0.98805164567529558 -4.95013459535
59.45 0.98903655431106108 -4.94956816853
59.50 0.99002339553454166 -4.94899271735
59.55 0.99101217802356323 -4.94840819956
59.60 0.99200291050472111 -4.94781457273
59.65 0.99299560175374524 -4.94721179423
59.70 0.99399026059587003 -4.94659982123
59.75 0.99498689590620693 -4.94597861071
59.80 0.99598551661012047 -4.94534811950
59.85 0.99698613168360850 -4.94470830419
59.90 0.99798875015368327 -4.94405912123
59.95 0.99899338109875979 -4.94340052686
60.00 1.0000000336490449 -4.94273247715
60.05 1.0010087169869311 -4.94205492800
60.10 1.0020194403473930 -4.94136783510
60.15 1.0030322130183893 -4.94067115402
60.20 1.0040470443412663 -4.93996484010
60.25 1.0050639437111659 -4.93924884857
60.30 1.0060829205774386 -4.93852313444
60.35 1.0071039844440590 -4.93778765259
60.40 1.0081271448700442 -4.93704235774
60.45 1.0091524114698791 -4.93628720444
60.50 1.0101797939139427 -4.93552214712
60.55 1.0112093019289397 -4.93474714003
60.60 1.0122409452983365 -4.93396213729
60.65 1.0132747338627996 -4.93316709290
60.70 1.0143106775206405 -4.93236196072
60.75 1.0153487862282633 -4.93154669448
60.80 1.0163890700006153 -4.93072124780
60.85 1.0174315389116453 -4.92988557420
60.90 1.0184762030947627 -4.92903962707
60.95 1.0195230727433033 -4.92818335974
61.00 1.0205721581109972 -4.92731672543
61.05 1.0216234695124444 -4.92643967729
61.10 1.0226770173235920 -4.92555216843
61.15 1.0237328119822167 -4.92465415186
61.20 1.0247908639884131 -4.92374558059
61.25 1.0258511839050852 -4.92282640759
61.30 1.0269137823584431 -4.92189658579
61.35 1.0279786700385047 -4.92095606815
61.40 1.0290458576996018 -4.92000480764
61.45 1.0301153561608911 -4.91904275725
61.50 1.0311871763068714 -4.91806987004
61.55 1.0322613290879032 -4.91708609913
61.60 1.0333378255207359 -4.91609139774
61.65 1.0344166766890379 -4.91508571920
61.70 1.0354978937439347 -4.91406901700
61.75 1.0365814879045478 -4.91304124478
61.80 1.0376674704585451 -4.91200235640
61.85 1.0387558527626892 -4.91095230596
61.90 1.0398466462433982 -4.90989104780
61.95 1.0409398623973067 -4.90881853658
62.00 1.0420355127918348 -4.90773472734
62.05 1.0431336090657632 -4.90663957547
62.10 1.0442341629298113 -4.90553303682
62.15 1.0453371861672238 -4.90441506776
62.20 1.0464426906343616 -4.90328562519
62.25 1.0475506882612993 -4.90214466663
62.30 1.0486611910524275 -4.90099215032
62.35 1.0497742110870625 -4.89982803523
62.40 1.0508897605200611 -4.89865228120
62.45 1.0520078515824418 -4.89746484902
62.50 1.0531284965820111 -4.89626570051
62.55 1.0542517079039999 -4.89505479866
62.60 1.0553774980117010 -4.89383210771
62.65 1.0565058794471158 -4.89259759336
62.70 1.0576368648316092 -4.89135122283
62.75 1.0587704668665670 -4.89009296509
62.80 1.0599066983340624 -4.88882279101
62.85 1.0610455720975307 -4.88754067359
62.90 1.0621871011024460 -4.88624658816
62.95 1.0633312983770105 -4.88494051264
63.00 1.0644781770328475 -4.88362242784
63.05 1.0656277502657008 -4.88229231775
63.10 1.0667800313561446 -4.88095016992
63.15 1.0679350336702964 -4.87959597584
63.20 1.0690927706605413 -4.87822973138
63.25 1.0702532558662603 -4.87685143734
63.30 1.0714165029145688 -4.87546109997
63.35 1.0725825255210610 -4.87405873168
63.40 1.0737513374905625 -4.87264435173
63.45 1.0749229527178907 -4.87121798714
63.50 1.0760973851886237 -4.86977967361
63.55 1.0772746489798752 -4.86832945670
63.60 1.0784547582610808 -4.86686739307
63.65 1.0796377272947879 -4.86539355206
63.70 1.0808235704374589 -4.86390801739
63.75 1.0820123021402799 -4.86241088922
63.80 1.0832039369499773 -4.86090228659
63.85 1.0843984895096448 -4.85938235025
63.90 1.0855959745595780 -4.85785124604
63.95 1.0867964069381189 -4.85630916894
64.00 1.0879998015825072 -4.85475634787
64.05 1.0892061735297434 -4.85319305160
64.10 1.0904155379174589 -4.85161959582
64.15 1.0916279099847972 -4.85003635189
64.20 1.0928433050732997 -4.84844375758
64.25 1.0940617386278098 -4.84684233051
64.30 1.0952832261973782 -4.84523268497
64.35 1.0965077834361816 -4.84361555337
64.40 1.0977354261044516 -4.84199181366
64.45 1.0989661700694118 -4.84036252504
64.50 1.1002000313062268 -4.83872897481
64.55 1.1014370258989608 -4.83709274089
64.60 1.1026771700415456 -4.83545577641
64.65 1.1039204800387612 -4.83382052586
64.70 1.1051669723072235 -4.83219008734
64.75 1.1064166633763877 -4.83056844268
64.80 1.1076695698895584 -4.82896078846
64.85 1.1089257086049120 -4.82737401646
64.90 1.1101850963965334 -4.82581740779
64.95 1.1114477502554549 -4.82430360187
65.00 1.1127136872907215 -4.82284980538
65.05 1.1139829247304520 -4.82147882736
65.10 1.1152554799229231 -4.82021863233
65.15 1.1165313703376598 -4.81909836155
65.20 1.1178106135665402 -4.81814095591
65.25 1.1190932273249123 -4.81735748294
65.30 1.1203792294527217 -4.81674754623
65.35 1.1216686379156546 -4.81630353772
65.40 1.1229614708062909 -4.81601466292
65.45 1.1242577463452708 -4.81586934472
65.50 1.1255574828824770 -4.81585635621
65.55 1.1268606988982264 -4.81596525979
65.60 1.1281674130044770 -4.81618652135
65.65 1.1294776439460517 -4.81651148670
65.70 1.1307914106018655 -4.81693230669
65.75 1.1321087319861824 -4.81744184925
65.80 1.1334296272498716 -4.81803361388
65.85 1.1347541156816874 -4.81870165478
65.90 1.1360822167095599 -4.81944051369
65.95 1.1374139499019000 -4.82024516236
66.00 1.1387493349689228 -4.82111095341
66.05 1.1400883917639824 -4.82203357866
66.10 1.1414311402849235 -4.82300903343
66.15 1.1427776006754504 -4.82403358619
66.20 1.1441277932265064 -4.82510375240
66.25 1.1454817383776770 -4.82621627198
66.30 1.1468394567186027 -4.82736808974
66.35 1.1482009689904107 -4.82855633837
66.40 1.1495662960871658 -4.82977832338
66.45 1.1509354590573304 -4.83103150998
66.50 1.1523084791052536 -4.83231351121
66.55 1.1536853775926659 -4.83362207751
66.60 1.1550661760401986 -4.83495508722
66.65 1.1564508961289190 -4.83631053803
66.70 1.1578395597018831 -4.83768653919
66.75 1.1592321887657087 -4.83908130440
66.80 1.1606288054921641 -4.84049314528
66.85 1.1620294322197784 -4.84192046529
66.90 1.1634340914554704 -4.84336175417
66.95 1.1648428058761942 -4.84481558276
67.00 1.1662555983306084 -4.84628059810
67.05 1.1676724918407646 -4.84775551897
67.10 1.1690935096038124 -4.84923913159
67.15 1.1705186749937306 -4.85073028567
67.20 1.1719480115630720 -4.85222789068
67.25 1.1733815430447392 -4.85373091231
67.30 1.1748192933537724 -4.85523836920
67.35 1.1762612865891637 -4.85674932978
67.40 1.1777075470356930 -4.85826290936
67.45 1.1791580991657851 -4.85977826736
67.50 1.1806129676413906 -4.86129460470
67.55 1.1820721773158904 -4.86281116133
67.60 1.1835357532360211 -4.86432721394
67.65 1.1850037206438264 -4.86584207374
67.70 1.1864761049786312 -4.86735508444
67.75 1.1879529318790409 -4.86886562027
67.80 1.1894342271849665 -4.87037308418
67.85 1.1909200169396705 -4.87187690614
67.90 1.1924103273918456 -4.87337654145
67.95 1.1939051849977087 -4.87487146931
68.00 1.1954046164231349 -4.87636119130
68.05 1.1969086485458049 -4.87784523009
68.10 1.1984173084573870 -4.87932312813
68.15 1.1999306234657463 -4.88079444651
68.20 1.2014486210971758 -4.88225876376
68.25 1.2029713290986654 -4.88371567486
68.30 1.2044987754401906 -4.88516479024
68.35 1.2060309883170346 -4.88660573478
68.40 1.2075679961521408 -4.88803814704
68.45 1.2091098275984908 -4.88946167836
68.50 1.2106565115415191 -4.89087599208
68.55 1.2122080771015531 -4.89228076286
68.60 1.2137645536362878 -4.89367567597
68.65 1.2153259707432924 -4.89506042663
68.70 1.2168923582625433 -4.89643471943
68.75 1.2184637462790018 -4.89779826774
68.80 1.2200401651252133 -4.89915079317
68.85 1.2216216453839461 -4.90049202510
68.90 1.2232082178908650 -4.90182170016
68.95 1.2247999137372361 -4.90313956182
69.00 1.2263967642726714 -4.90444535992
69.05 1.2279988011079066 -4.90573885033
69.10 1.2296060561176163 -4.90701979455
69.15 1.2312185614432660 -4.90828795932
69.20 1.2328363494960013 -4.90954311637
69.25 1.2344594529595776 -4.91078504203
69.30 1.2360879047933260 -4.91201351697
69.35 1.2377217382351597 -4.91322832592
69.40 1.2393609868046243 -4.91442925738
69.45 1.2410056843059762 -4.91561610341
69.50 1.2426558648313226 -4.91678865935
69.55 1.2443115627637849 -4.91794672366
69.60 1.2459728127807141 -4.91909009761
69.65 1.2476396498569498 -4.92021858520
69.70 1.2493121092681172 -4.92133199286
69.75 1.2509902265939778 -4.92243012934
69.80 1.2526740377218175 -4.92351280553
69.85 1.2543635788498853 -4.92457983427
69.90 1.2560588864908790 -4.92563103021
69.95 1.2577599974754754 -4.92666620969
70.00 1.2594669489559134 -4.92768519056
70.05 1.2611797784096244 -4.92868779208
70.10 1.2628985236429111 -4.92967383477
70.15 1.2646232227946819 -4.93064314032
70.20 1.2663539143402289 -4.93159553144
70.25 1.2680906370950717 -4.93253083179
70.30 1.2698334302188394 -4.93344886583
70.35 1.2715823332192195 -4.93434945878
70.40 1.2733373859559551 -4.93523243646
70.45 1.2750986286448989 -4.93609762526
70.50 1.2768661018621295 -4.93694485200
70.55 1.2786398465481190 -4.93777394390
70.60 1.2804199040119650 -4.93858472845
70.65 1.2822063159356787 -4.93937703335
70.70 1.2839991243785358 -4.94015068647
70.75 1.2857983717814927 -4.94090551573
70.80 1.2876041009716590 -4.94164134905
70.85 1.2894163551668398 -4.94235801431
70.90 1.2912351779801445 -4.94305533923
70.95 1.2930606134246510 -4.94373315139
71.00 1.2948927059181552 -4.94439127807
71.05 1.2967315002879742 -4.94502954628
71.10 1.2985770417758264 -4.94564778266
71.15 1.3004293760427814 -4.94624581346
71.20 1.3022885491742811 -4.94682346443
71.25 1.3041546076852373 -4.94738056082
71.30 1.3060275985252012 -4.94791692733
71.35 1.3079075690836115 -4.94843238804
71.40 1.3097945671951174 -4.94892676635
71.45 1.3116886411449822 -4.94939988499
71.50 1.3135898396745678 -4.94985156592
71.55 1.3154982119869003 -4.95028163031
71.60 1.3174138077523165 -4.95068989852
71.65 1.3193366771142014 -4.95107619000
71.70 1.3212668706947988 -4.95144032331
71.75 1.3232044396011293 -4.95178211603
71.80 1.3251494354309783 -4.95210138476
71.85 1.3271019102789854 -4.95239794508
71.90 1.3290619167428244 -4.95267161147
71.95 1.3310295079294747 -4.95292219732
72.00 1.3330047374615932 -4.95314951485
72.05 1.3349876594839796 -4.95335337512
72.10 1.3369783286701415 -4.95353358796
72.15 1.3389768002289641 -4.95368996195
72.20 1.3409831299114769 -4.95382230437
72.25 1.3429973740177321 -4.95393042118
72.30 1.3450195894037844 -4.95401411697
72.35 1.3470498334887806 -4.95407319495
72.40 1.3490881642621655 -4.95410745690
72.45 1.3511346402909867 -4.95411670310
72.50 1.3531893207273342 -4.95410073237
72.55 1.3552522653158787 -4.95405934198
72.60 1.3573235344015393 -4.95399232764
72.65 1.3594031889372702 -4.95389948344
72.70 1.3614912904919696 -4.95378060186
72.75 1.3635879012585173 -4.95363547368
72.80 1.3656930840619386 -4.95346388801
72.85 1.3678069023677004 -4.95326563219
72.90 1.3699294202901398 -4.95304049181
72.95 1.3720607026010270 -4.95278825064
73.00 1.3742008147382716 -4.95250869062
73.05 1.3763498228147655 -4.95220159179
73.10 1.3785077936273700 -4.95186673231
73.15 1.3806747946660543 -4.95150388836
73.20 1.3828508941231716 -4.95111283418
73.25 1.3850361609029067 -4.95069334196
73.30 1.3872306646308596 -4.95024518184
73.35 1.3894344756637986 -4.94976812188
73.40 1.3916476650995724 -4.94926192801
73.45 1.3938703047871841 -4.94872636401
73.50 1.3961024673370386 -4.94816119145
73.55 1.3983442261313550 -4.94756616964
73.60 1.4005956553347587 -4.94694105567
73.65 1.4028568299050477 -4.94628560426
73.70 1.4051278256041408 -4.94559956781
73.75 1.4074087190092159 -4.94488269634
73.80 1.4096995875240308 -4.94413473740
73.85 1.4120005093904389 -4.94335543610
73.90 1.4143115637001062 -4.94254453503
73.95 1.4166328304064160 -4.94170177423
74.00 1.4189643903365978 -4.94082689114
74.05 1.4213063252040461 -4.93991962058
74.10 1.4236587176208633 -4.93897969466
74.15 1.4260216511106174 -4.93800684281
74.20 1.4283952101213191 -4.93700079165
74.25 1.4307794800386300 -4.93596126502
74.30 1.4331745471992983 -4.93488798388
74.35 1.4355804989048313 -4.93378066632
74.40 1.4379974234354114 -4.93263902744
74.45 1.4404254100640508 -4.93146277938
74.50 1.4428645490710084 -4.93025163120
74.55 1.4453149317584530 -4.92900528889
74.60 1.4477766504653917 -4.92772345529
74.65 1.4502497985828720 -4.92640583004
74.70 1.4527344705694387 -4.92505210953
74.75 1.4552307619668963 -4.92366198687
74.80 1.4577387694163313 -4.92223515180
74.85 1.4602585906744392 -4.92077129066
74.90 1.4627903246301464 -4.91927008631
74.95 1.4653340713215299 -4.91773121812
75.00 1.4678899319530556 -4.91615436186
75.05 1.4704580089131281 -4.91453918969
75.10 1.4730384057919645 -4.91288537006
75.15 1.4756312273998002 -4.91119256766
75.20 1.4782365797854315 -4.90946044338
75.25 1.4808545702551064 -4.90768865422
75.30 1.4834853073917655 -4.90587685324
75.35 1.4861289010746450 -4.90402468951
75.40 1.4887854624992518 -4.90213180800
75.45 1.4914551041977033 -4.90019784955
75.50 1.4941379400594756 -4.89822245079
75.55 1.4968340853525235 -4.89620524408
75.60 1.4995436567448153 -4.89414585739
75.65 1.5022667723262797 -4.89204391431
75.70 1.5050035516311675 -4.88989903390
75.75 1.5077541156608558 -4.88771083066
75.80 1.5105185869070827 -4.88547891443
75.85 1.5132970893756394 -4.88320289029
75.90 1.5160897486105220 -4.88088235855
75.95 1.5188966917185549 -4.87851691460
76.00 1.5217180473945009 -4.87610614884
76.05 1.5245539459466628 -4.87364964662
76.10 1.5274045193229899 -4.87114698813
76.15 1.5302699011377114 -4.86859774829
76.20 1.5331502266984804 -4.86600149672
76.25 1.5360456330340897 -4.86335779760
76.30 1.5389562589227139 -4.86066620956
76.35 1.5418822449207401 -4.85792628562
76.40 1.5448237333921728 -4.85513757310
76.45 1.5477808685386352 -4.85229961346
76.50 1.5507537964299845 -4.84941194223
76.55 1.5537426650355510 -4.84647408895
76.60 1.5567476242560161 -4.84348557695
76.65 1.5597688259559499 -4.84044592335
76.70 1.5628064239970156 -4.83735463888
76.75 1.5658605742718710 -4.83421122779
76.80 1.5689314347387666 -4.83101518772
76.85 1.5720191654568727 -4.82776600959
76.90 1.5751239286223491 -4.82446317747
76.95 1.5782458886051585 -4.82110616844
77.00 1.5813852119866876 -4.81769445248
77.05 1.5845420675981361 -4.81422749232
77.10 1.5877166265597418 -4.81070474333
77.15 1.5909090623208391 -4.80712565334
77.20 1.5941195507007735 -4.80348966255
77.25 1.5973482699307082 -4.79979620332
77.30 1.6005954006963241 -4.79604470008
77.35 1.6038611261814530 -4.79223456914
77.40 1.6071456321126634 -4.78836521856
77.45 1.6104491068048148 -4.78443604796
77.50 1.6137717412076256 -4.78044644839
77.55 1.6171137289532584 -4.77639580212
77.60 1.6204752664049629 -4.77228348251
77.65 1.6238565527068056 -4.76810885381
77.70 1.6272577898344955 -4.76387127100
77.75 1.6306791826473761 -4.75957007956
77.80 1.6341209389415596 -4.75520461534
77.85 1.6375832695042820 -4.75077420433
77.90 1.6410663881694845 -4.74627816246
77.95 1.6445705118746621 -4.74171579542
78.00 1.6480958607190197 -4.73708639842
78.05 1.6516426580229577 -4.73238925602
78.10 1.6552111303889363 -4.72762364184
78.15 1.6588015077637484 -4.72278881843
78.20 1.6624140235022404 -4.71788403694
78.25 1.6660489144325314 -4.71290853698
78.30 1.6697064209227548 -4.70786154630
78.35 1.6733867869493753 -4.70274228057
78.40 1.6770902601671336 -4.69754994314
78.45 1.6808170919806322 -4.69228372478
78.50 1.6845675376176648 -4.68694280335
78.55 1.6883418562042736 -4.68152634363
78.60 1.6921403108416329 -4.67603349694
78.65 1.6959631686847902 -4.67046340092
78.70 1.6998107010233166 -4.66481517918
78.75 1.7036831833639368 -4.65908794104
78.80 1.7075808955151763 -4.65328078118
78.85 1.7115041216740989 -4.64739277935
78.90 1.7154531505151902 -4.64142300003
78.95 1.7194282752814485 -4.63537049208
79.00 1.7234297938777567 -4.62923428840
79.05 1.7274580089665905 -4.62301340557
79.10 1.7315132280661407 -4.61670684350
79.15 1.7355957636509258 -4.61031358504
79.20 1.7397059332549434 -4.60383259560
79.25 1.7438440595774944 -4.59726282273
79.30 1.7480104705916841 -4.59060319575
79.35 1.7522054996557488 -4.58385262530
79.40 1.7564294856272575 -4.57701000294
79.45 1.7606827729802852 -4.57007420066
79.50 1.7649657119256603 -4.56304407050
79.55 1.7692786585343654 -4.55591844398
79.60 1.7736219748641979 -4.54869613174
79.65 1.7779960290897987 -4.54137592293
79.70 1.7824011956361372 -4.53395658480
79.75 1.7868378553155890 -4.52643686210
79.80 1.7913063954686912 -4.51881547660
79.85 1.7958072101087128 -4.51109112651
79.90 1.8003407000701643 -4.50326248592
79.95 1.8049072731613405 -4.49532820423
80.00 1.8095073443210954 -4.48728690550
80.05 1.8141413357799034 -4.47913718790
80.10 1.8188096772254154 -4.47087762303
80.15 1.8235128059726211 -4.46250675526
80.20 1.8282511671387802 -4.45402310111
80.25 1.8330252138232914 -4.44542514847
80.30 1.8378354072926408 -4.43671135599
80.35 1.8426822171706256 -4.42788015225
80.40 1.8475661216340147 -4.41892993507
80.45 1.8524876076138348 -4.40985907069
80.50 1.8574471710024862 -4.40066589299
80.55 1.8624453168668675 -4.39134870268
80.60 1.8674825596677291 -4.38190576638
80.65 1.8725594234854832 -4.37233531582
80.70 1.8776764422526515 -4.36263554692
80.75 1.8828341599932619 -4.35280461880
80.80 1.8880331310693452 -4.34284065290
80.85 1.8932739204348596 -4.33274173194
80.90 1.8985571038972699 -4.32250589893
80.95 1.9038832683870603 -4.31213115609
81.00 1.9092530122354845 -4.30161546377
81.05 1.9146669454608252 -4.29095673935
81.10 1.9201256900634951 -4.28015285608
81.15 1.9256298803302931 -4.26920164188
81.20 1.9311801631481520 -4.25810087810
81.25 1.9367771983277440 -4.24684829831
81.30 1.9424216589372902 -4.23544158690
81.35 1.9481142316469726 -4.22387837781
81.40 1.9538556170843520 -4.21215625309
81.45 1.9596465302011721 -4.20027274148
81.50 1.9654877006520655 -4.18822531691
81.55 1.9713798731855150 -4.17601139698
81.60 1.9773238080476301 -4.16362834134
81.65 1.9833202813991822 -4.15107345009
81.70 1.9893700857464571 -4.13834396204
81.75 1.9954740303864316 -4.12543705300
81.80 2.0016329418668652 -4.11234983393
81.85 2.0078476644618948 -4.09907934910
81.90 2.0141190606637487 -4.08562257411
81.95 2.0204480116912382 -4.07197641392
82.00 2.0268354180156947 -4.05813770075
82.05 2.0332821999050843 -4.04410319194
82.10 2.0397892979870225 -4.02986956772
82.15 2.0463576738314897 -4.01543342891
82.20 2.0529883105540567 -4.00079129454
82.25 2.0596822134404817 -3.98593959936
82.30 2.0664404105935832 -3.97087469128
82.35 2.0732639536033268 -3.95559282875
82.40 2.0801539182411148 -3.94009017794
82.45 2.0871114051793418 -3.92436280996
82.50 2.0941375407372735 -3.90840669784
82.55 2.1012334776544206 -3.89221771349
82.60 2.1084003958926107 -3.87579162449
82.65 2.1156395034680107 -3.85912409082
82.70 2.1229520373144530 -3.84221066136
82.75 2.1303392641794385 -3.82504677038
82.80 2.1378024815543255 -3.80762773381
82.85 2.1453430186402151 -3.78994874538
82.90 2.1529622373511956 -3.77200487261
82.95 2.1606615333566506 -3.75379105268
83.00 2.1684423371644423 -3.73530208806
83.05 2.1763061152468834 -3.71653264200
83.10 2.1842543712115088 -3.69747723389
83.15 2.1922886470187501 -3.67813023432
83.20 2.2004105242487957 -3.65848586003
83.25 2.2086216254199424 -3.63853816858
83.30 2.2169236153609786 -3.61828105289
83.35 2.2253182026402079 -3.59770823542
83.40 2.2338071410539140 -3.57681326220
83.45 2.2423922311771953 -3.55558949657
83.50 2.2510753219802888 -3.53403011267
83.55 2.2598583125136917 -3.51212808861
83.60 2.2687431536655347 -3.48987619933
83.65 2.2777318499949293 -3.46726700922
83.70 2.2868264616451803 -3.44429286431
83.75 2.2960291063410230 -3.42094588418
83.80 2.3053419614742690 -3.39721795349
83.85 2.3147672662825332 -3.37310071305
83.90 2.3243073241259733 -3.34858555061
83.95 2.3339645048673359 -3.32366359107
84.00 2.3437412473608381 -3.29832568636
84.05 2.3536400620558657 -3.27256240474
84.10 2.3636635337217689 -3.24636401967
84.15 2.3738143243004877 -3.21972049806
84.20 2.3840951758941467 -3.19262148802
84.25 2.3945089138952178 -3.16505630596
84.30 2.4050584502674064 -3.13701392310
84.35 2.4157467869858533 -3.10848295124
84.40 2.4265770196459231 -3.07945162786
84.45 2.4375523412504077 -3.04990780047
84.50 2.4486760461856742 -3.01983891014
84.55 2.4599515343979936 -2.98923197414
84.60 2.4713823157820722 -2.95807356777
84.65 2.4829720147946408 -2.92634980512
84.70 2.4947243753068959 -2.89404631891
84.75 2.5066432657105051 -2.86114823917
