.26 -4.953199487524 -4.953199484870 -4.372379644452 -4.372379572626 -4.341253138851
.27 -5.028598998989 -5.028598990115 -4.450160499018 -4.450160197222 -4.431011605256
.28 -5.091861970375 -5.091861943549 -4.516538885069 -4.516537086538 -4.508463850301
.29 -5.143941325406 -5.143941250852 -4.575922490312 0.000123027727 0.000000000000
.31 -5.217809842434 -5.217809372818 -4.698415025010 -4.696208188035 -4.693224371956
.32 -5.241032804775 -5.241031721664 -4.757228640861 -4.754563535948 -4.750871400430
.33 -5.255978878907 -5.255976497744 -4.808349092463 -4.805165965845 -4.800661615153
.34 -5.263248661252 -5.263243649070 -4.852258675298 -4.848507570154 -4.843053222464
.35 -5.263417456898 -5.263407322779 -4.889453194932 -4.885092975734 -4.878524853260
.36 -5.257043188439 -5.257023466348 -4.920410002463 -4.915410454039 -4.907535367598
.37 -5.244673093080 -5.244636124051 -4.945587954830 -4.939932124582 -4.930524098215
.39 -5.204120859888 -5.204005681238 -4.980363362888 -4.973400455289 -4.960114103199
.40 -5.177045479799 -5.176857077875 -4.990803466231 -4.983206139371 -4.967522684830
.41 -5.146216111067 -5.145933314168 -4.997151279386 -4.988909306089 -4.970528948238
.42 -5.112288762989 -5.111939032683 -4.999795055201 -4.990792662733 -4.969516277760
.43 -5.076046913175 -5.075899520973 -4.999110575657 -4.988862014966 -4.964866155782
.44 -5.039979279475 -5.038531025221 -4.995462583472 -4.982091194911 -4.956964125390
.45 -5.010220554056 -5.001294877509 -4.989207846424 -4.965844383763 -4.946209084840
.46 -4.993153033412 -4.980700984405 -4.967117866816 -4.948723659400 -4.935848896654
.47 -4.983522229941 -4.970304989892 -4.964910063367 -4.935252433991 -4.917902128819
.48 -4.978371921451 -4.977335453433 -4.958410014811 -4.910955407817 -4.901994438998
.49 -4.990462295683 -4.974039573820 -4.945467067981 -4.906022445498 -4.896131179653
.50 -5.000770077523 -4.973155918217 -4.932047333609 -4.913327337691 -4.891169984568
.51 -5.009305527416 -4.973657194927 -4.922231611401 -4.918934907330 -4.890410056311
.52 -5.016184813072 -4.974607873764 -4.932109905028 -4.907524845729 -4.905329515994
.53 -5.021564288526 -4.975570511047 -4.942411181400 -4.920006817683 -4.897751065000
.54 -5.025618348795 -4.976749425621 -4.952067383889 -4.932729457446 -4.891292530259
.55 -5.028530842816 -4.979317331686 -4.959267186105 -4.943775554267 -4.887119007805
.56 -5.030492039052 -4.984704363266 -4.962223123851 -4.953115321792 -4.896728079377
.57 -5.031698600589 -4.991980017360 -4.961737965158 -4.960800658492 -4.910629896409
.58 -5.032355733805 -4.999519252228 -4.966921688094 -4.959461353467 -4.924508778946
.59 -5.032680981913 -5.006611593892 -4.971586967214 -4.956219814082 -4.937566918532
.60 -5.032908166721 -5.013034549578 -4.974913417903 -4.952403426778 -4.949342592711
.61 -5.033286914009 -5.018742351988 -4.977020994617 -4.959550009037 -4.948252448900
.62 -5.034067628555 -5.023756604267 -4.978029869901 -4.967994602116 -4.943951667701
.63 -5.035458764257 -5.028125705095 -4.978059094975 -4.974565493607 -4.939661693448
.64 -5.037559010461 -5.031907608049 -4.979278282293 -4.977226237421 -4.935529958824
.65 -5.040307284351 -5.035161698465 -4.982312225216 -4.975647775167 -4.931693424233
.66 -5.043504638880 -5.037944768407 -4.983981563534 -4.973440181337 -4.928275721312
.67 -5.046897214491 -5.040309049811 -4.984648941652 -4.970721729614 -4.925378545389
.68 -5.050253994083 -5.042301361676 -4.984645699492 -4.967615101485 -4.923067556729
.69 -5.053401458930 -5.043962883077 -4.984236177158 -4.964250862856 -4.921356908427
.70 -5.056224228331 -5.045329277380 -4.983616542888 -4.960771718439 -4.920201524806
.71 -5.058652403729 -5.046431004900 -4.982927212319 -4.957336972941 -4.919505661486
.72 -5.060647850397 -5.047293725666 -4.982266525939 -4.954125543574 -4.919146556653
.73 -5.062193453440 -5.047938733449 -4.981701610768 -4.951333966456 -4.919001848008
.74 -5.063285682992 -5.048383387180 -4.981276086123 -4.949163761517 -4.918969575324
.75 -5.063929762332 -5.048641521644 -4.981015325295 -4.947793219292 -4.918977430637
.76 -5.064136676617 -5.048723828955 -4.980930037780 -4.947336964216 -4.918984148109
.77 -5.063921447931 -5.048638208071 -4.981018737075 -4.947811384441 -4.918977203179
.78 -5.063302296378 -5.048390082735 -4.981269450610 -4.949129308874 -4.918969528550
.79 -5.062300455078 -5.047982689983 -4.981660867453 -4.951129185187 -4.918996135612
.80 -5.060940510805 -5.047417342268 -4.982163007775 -4.953619368115 -4.919110211251
.81 -5.059251211818 -5.046693666765 -4.982737426896 -4.956414277014 -4.919377561276
.82 -5.057266725061 -5.045809825916 -4.983336930882 -4.959353332556 -4.919868364448
.83 -5.055028329480 -5.044762723604 -4.983904785465 -4.962305975106 -4.920646373294
.84 -5.052586475408 -5.043548201799 -4.984373468517 -4.965169336722 -4.921757707362
.85 -5.050002970678 -5.042161232845 -4.984663197721 -4.967863381945 -4.923222838844
.86 -5.047352699354 -5.040596112932 -4.984680830632 -4.970325941499 -4.925034593941
.87 -5.044723698651 -5.038846662598 -4.984320323580 -4.972508526188 -4.927162158066
.88 -5.042213779593 -5.036906440496 -4.983466582545 -4.974373078645 -4.929558477997
.89 -5.039921833345 -5.034768977332 -4.982004587789 -4.975889549781 -4.932167935112
.90 -5.037933639792 -5.032428038130 -4.979834003347 -4.977034122649 -4.934932346019
.91 -5.036305746288 -5.029877923386 -4.977787919302 -4.976885735269 -4.937794790012
.92 -5.035054365436 -5.027113824168 -4.978136059736 -4.973133527227 -4.940701607886
.93 -5.034155003962 -5.024132254283 -4.978066975550 -4.968594928007 -4.943603143055
.94 -5.033552377263 -5.020931597088 -4.977571908359 -4.963322138094 -4.946453697693
.95 -5.033174724729 -5.017512830381 -4.976644543773 -4.957388706965 -4.949210986073
.96 -5.032946409533 -5.013880540096 -4.975280747032 -4.951835180156 -4.950878323258
.97 -5.032796009457 -5.010044422140 -4.973478377603 -4.954287462212 -4.943878675528
.98 -5.032660138499 -5.006021642533 -4.971237168424 -4.956527776841 -4.936480405085
.99 -5.032484441021 -5.001840761092 -4.968558662060 -4.958511114215 -4.928780042841
1.00 -5.032223125560 -4.997548572319 -4.965446201637 -4.960180997292 -4.920885863480
1.01 -5.031837930286 -4.993222334180 -4.961904979715 -4.961457724672 -4.912925611172
1.02 -5.031296988808 -4.988990850248 -4.962217922691 -4.957942154043 -4.905053836734
1.03 -5.030573798585 -4.985063241498 -4.962266580932 -4.953567046067 -4.897452930956
1.04 -5.029646355178 -4.981732888283 -4.961334079437 -4.948791447505 -4.890316913408
1.05 -5.028496453218 -4.979262298787 -4.959192394903 -4.943630074157 -4.887167017159
1.06 -5.027109132243 -4.977662622964 -4.955876628137 -4.938101229447 -4.889117938028
1.07 -5.025472241097 -4.976684161384 -4.951695235769 -4.932227789637 -4.891511481339
1.08 -5.023576097448 -4.976040722793 -4.947005680940 -4.926038775660 -4.894451859287
1.09 -5.021413224234 -4.975539420289 -4.942083350667 -4.919572563139 -4.898004760070
1.10 -5.018978150463 -4.975079395357 -4.937119752401 -4.912891101698 -4.902160634427
1.11 -5.016267269168 -4.974621163720 -4.932248291318 -4.907451304256 -4.905459552253
1.12 -5.013278750666 -4.974164677004 -4.927560569538 -4.912252660417 -4.898862660227
1.13 -5.010012515076 -4.973737433923 -4.923114161414 -4.917767908415 -4.891851161359
1.14 -5.006470275352 -4.973388102670 -4.923496376913 -4.918939335529 -4.885442106457
1.15 -5.002655672678 -4.973181915407 -4.929311863590 -4.915050996071 -4.889517289038
1.16 -4.998574543272 -4.973195097043 -4.935118341691 -4.911471053571 -4.892802462946
1.17 -4.994235386377 -4.973506515479 -4.940841167854 -4.908268251280 -4.895116162331
1.18 -4.989650163681 -4.974186391993 -4.946422832856 -4.905611306637 -4.896227030464
1.19 -4.984835693211 -4.975284573560 -4.951819265631 -4.903694189014 -4.900125849452
1.20 -4.979816237324 -4.976823250948 -4.956996735753 -4.908503161010 -4.902338055774
1.21 -4.978798754037 -4.974628921699 -4.961929406401 -4.917417737456 -4.906210302985
1.22 -4.981193676129 -4.969337810860 -4.966597467140 -4.926889705070 -4.912679376563
1.23 -4.983997122318 -4.970985732765 0.000000000000 0.000123027727 0.000000000000
1.24 -4.987230761350 -4.975082597717 -4.959527471571 -4.946800399447 -4.924755549448
1.25 -4.990981130922 -4.978879254921 -4.961905308853 -4.950515069805 -4.930316946448
1.27 -5.000923210199 -4.985547333108 -4.984888183044 -4.953383495249 -4.942325438420
1.28 -5.007827684388 -4.997474341830 -4.988410528531 -4.963267474287 -4.944925298608
1.29 -5.016383747901 -5.010246419128 -4.990956464917 -4.971123995634 -4.949075948216
1.30 -5.026428449179 -5.023056937026 -4.993183876115 -4.977012357287 -4.952859778414
1.31 -5.037501184694 -5.035797211195 -4.995092300325 -4.981323850070 -4.956275009700
1.32 -5.049126661617 -5.048384232963 -4.996681952964 -4.984485312227 -4.959321192667
1.33 -5.060955810157 -5.060754366628 -4.997953624610 -4.986811095544 -4.961998971607
1.34 -5.072858927405 -5.072763808626 -4.998908598233 -4.988500898372 -4.964309893833
1.35 -5.084660774150 -5.084410708231 -4.999548581373 -4.989676544952 -4.966256254699
1.36 -5.096131672868 -5.095808829066 -4.999875649987 -4.990412866509 -4.967840970718
1.37 -5.107250277319 -5.106902180147 -4.999892201476 -4.990757086020 -4.969067474959
1.38 -5.118000593595 -5.117654329659 -4.999600914960 -4.990740089543 -4.969939630269
1.39 -5.128370815343 -5.128041286259 -4.999004717350 -4.990382910838 -4.970461656820
1.40 -5.138352438352 -5.138047238197 -4.998106754057 -4.989700512831 -4.970638071267
1.41 -5.147939584108 -5.147661929458 -4.996910363451 -4.988704041644 -4.970473635388
1.44 -5.174304615322 -5.174108030646 -4.991566450607 -4.983909881379 -4.967985648611
1.45 -5.182291617698 -5.182118547928 -4.989212856090 -4.981730900847 -4.966508932886
1.48 -5.203866844255 -5.203751053563 -4.980491246456 -4.973521835772 -4.960212731258
1.55 -5.240733734177 -5.240690774056 -4.950997983826 -4.945178194175 -4.935350343218
1.56 -5.244526559449 -5.244489372844 -4.945803823196 -4.940141636559 -4.930717634172
1.57 -5.247966418556 -5.247934239522 -4.940377713292 -4.934871000875 -4.925831116576
1.58 -5.251058790491 -5.251030951342 -4.934724071081 -4.929370556426 -4.920696153387
1.59 -5.253809223341 -5.253785143062 -4.928847298947 -4.923644570046 -4.915318051176
1.60 -5.256223315363 -5.256202489087 -4.922751779476 -4.917697302123 -4.909702056121
1.61 -5.258306698370 -5.258288687910 -4.916441870634 -4.911533002366 -4.903853350500
1.62 -5.260065023118 -5.260049448525 -4.909921901333 -4.905155905468 -4.897777049615
1.63 -5.261503946423 -5.261490478503 -4.903196167363 -4.898570226800 -4.891478199138
1.64 -5.262629119783 -5.262617473498 -4.896268927698 -4.891780158217 -4.884961772837
1.65 -5.263446179323 -5.263436107995 -4.889144401158 -4.884789864068 -4.878232670670
1.66 -5.263960736901 -5.263952027137 -4.881826763430 -4.877603477439 -4.871295717222
1.67 -5.264178372236 -5.264170839500 -4.874320144454 -4.870225096692 -4.864155660496
1.68 -5.264104625954 -5.264098110701 -4.866628626178 -4.862658782338 -4.856817171044
1.69 -5.263744993432 -5.263739357753 -4.858756240704 -4.854908554264 -4.849284841461
1.70 -5.263104919373 -5.263100044075 -4.850706968847 -4.846978389387 -4.841563186264
1.71 -5.262189793022 -5.262185575099 -4.842484739162 -4.838872219759 -4.833656642201
1.72 -5.261004943961 -5.261001294400 -4.834093427483 -4.830593931200 -4.825569569071
1.73 -5.259555638430 -5.259552480311 -4.825536857097 -4.822147362560 -4.817306251152
1.74 -5.257847076115 -5.257844342969 -4.816818799679 -4.813536305736 -4.808870899413
1.75 -5.255884387361 -5.255882021745 -4.807942977204 -4.804764506650 -4.800267654774
1.76 -5.253672630767 -5.253670583040 -4.798913065168 -4.795835667478 -4.791500592791
1.77 -5.251216791137 -5.251215018394 -4.789732697597 -4.786753450613 -4.782573730402
1.78 -5.248521777734 -5.248520242889 -4.780405474619 -4.777521485041 -4.773491035704
1.79 -5.245592422836 -5.245591093830 -4.770934973812 -4.768143376322 -4.764256442414
1.80 -5.242433480538 -5.242432329655 -4.761324767317 -4.758622722034 -4.754873871721
1.81 -5.239049625804 -5.239048629078 -4.751578448057 -4.748963135890 -4.745347266389
1.82 -5.235445453725 -5.235444590432 -4.741699670900 -4.739168286183 -4.735680645924
1.83 -5.231625478978 -5.231624731194 -4.731692219348 -4.729241958891 -4.725878199788
1.84 -5.227594135469 -5.227593487690 -4.721560117937 -4.719188165414 -4.715944453294
1.85 -5.223355776127 -5.223355214940 -4.711307831001 -4.709011335784 -4.705884581869
1.86 -5.218914672860 -5.218914186659 -4.700940635326 -4.698716686924 -4.695705053896
1.87 -5.214275016635 -5.214274595379 -4.690465370949 -4.688310979964 -4.685415078457
1.88 -5.209440917691 -5.209440552686 -4.679892095310 -4.677804234105 -4.675030293852
1.89 -5.204416405854 -5.204416089577 -4.669238161131 -4.667214110138 -4.664583787406
1.90 -5.199205430959 -5.199205156896 -4.658539773290 -4.656579004731 -4.654165821825
1.91 -5.193811863367 -5.193811625879 -4.647890002539 -4.646004403763 -4.644072597151
1.92 -5.188239494559 -5.188239288761 -4.637561346670 -4.635819336201 0.000000000000
1.93 -5.182492037805 -5.182491859468 -4.628059886945 -4.626612662123 0.000000000000
1.94 -5.176573128910 -5.176572974371 -4.619326470841 -4.618515603390 -4.618131177675
1.95 -5.170486327010 -5.170486193096 -4.610848341486 -4.610299628566 -4.609807883030
1.96 -5.164235115433 -5.164234999393 -4.602387357195 -4.601971355159 -4.601387361911
1.97 -5.157822902596 -5.157822802048 -4.593873375101 -4.593538871348 -4.592849127046
1.98 -5.151253022960 -5.151252935840 -4.585294129248 -4.585019665218 -4.584185741054
1.99 -5.144528738015 -5.144528662533 -4.576667786358 0.000123027727 0.000000000000
2.00 -5.137653237297 -5.137653171902 -4.568043220269 0.000123027727 0.000000000000
2.01 -5.130629639442 -5.130629582792 -4.559500899999 0.000123027727 0.000000000000
2.02 -5.123460993263 -5.123460944192 -4.551110729289 0.000123027727 0.000000000000
2.03 -5.116150278842 -5.116150236340 -4.542857318976 0.000123027727 0.000000000000
2.04 -5.108700408650 -5.108700371842 -4.534659588559 0.000123027727 0.000000000000
2.05 -5.101114228679 -5.101114196806 -4.526445650394 0.000123027727 0.000000000000
2.06 -5.093394519584 -5.093394491988 -4.518173484255 0.000123027727 0.000000000000
2.07 -5.085543997837 -5.085543973947 -4.509821361044 -4.509820637360 -4.500610453410
2.08 -5.077565316887 -5.077565296209 -4.501378287141 -4.501378235568 -4.490735378363
2.09 -5.069461068328 -5.069461050433 -4.492838786300 0.000123027727 0.000000000000
2.10 -5.061233783064 -5.061233767580 -4.484200266146 0.000123027727 0.000000000000
2.11 -5.052885932481 -5.052885919086 -4.475461802421 0.000123027727 0.000000000000
2.12 -5.044419929611 -5.044419918025 -4.466623447456 -4.466623077024 -4.450159302641
2.13 -5.035838130300 -5.035838120281 -4.457685277640 -4.457684941928 -4.439757021507
2.14 -5.027142834370 -5.027142825708 -4.448648407632 0.000123027727 0.000000000000
2.15 -5.018336286768 -5.018336279281 -4.439513929597 -4.439513675548 -4.418656949980
2.16 -5.009420678719 -5.009420672250 -4.430282933322 0.000123027727 0.000000000000
2.17 -5.000398148865 -5.000398143277 -4.420956893844 0.000123027727 0.000000000000
2.18 -4.991270784391 -4.991270779565 -4.411537090174 0.000123027727 0.000000000000
2.19 -4.982040622149 -4.982040617982 -4.402024868291 0.000123027727 0.000000000000
2.20 -4.972709649764 -4.972709646167 -4.392421610638 0.000123027727 0.000000000000
2.21 -4.963279806731 -4.963279803628 -4.382728756354 -4.382728668573 -4.353130996547
2.22 -4.953752985498 -4.953752982821 -4.372947585193 -4.372947512572 -4.341904484147
2.23 -4.944131032535 -4.944131030227 -4.363079535335 -4.363079475360 -4.330595247560
2.24 -4.934415749391 -4.934415747402 -4.353125972754 -4.353125923296 -4.319204909602
2.25 -4.924608893736 -4.924608892022 -4.343088248261 -4.343088207528 -4.307735054568
2.26 -4.914712180383 -4.914712178907 -4.332967695396 -4.332967661886 -4.296187228910
2.27 -4.904727282302 -4.904727281031 -4.322765628892 -4.322765601355 -4.284562942229
2.28 -4.894655831612 -4.894655830518 -4.312483343560 -4.312483320954 -4.272863667451
2.29 -4.884499420561 -4.884499419621 -4.302122113486 -4.302122094946 -4.261090842442
2.31 -4.863937892766 -4.863937892071 -4.281167808707 -4.281167796275 -4.237330119245
2.32 -4.853535769732 -4.853535769136 -4.270577174470 -4.270577164305 -4.225344925863
2.33 -4.843054675598 -4.843054675086 -4.259912476101 -4.259912467800 -4.213291593665
2.35 -4.821861167602 -4.821861167225 -4.238365526469 -4.238365520952 -4.188985568091
2.36 -4.811151465501 -4.811151465179 -4.227485540273 -4.227485535785 -4.176735325696
2.37 -4.800368217527 -4.800368217251 -4.216536020372 -4.216536016726 -4.164421848283
2.39 -4.778586151575 -4.778586151373 -4.194432672548 -4.194432670154 -4.139609771364
2.40 -4.767589790656 -4.767589790483 -4.183280938457 -4.183280936523 -4.127113372570
2.41 -4.756524799549 -4.756524799401 -4.172063858865 -4.172063857306 -4.114558170907
2.42 -4.745392333528 -4.745392333402 -4.160782429222 -4.160782427967 -4.101945280934
2.43 -4.734193519919 -4.734193519812 -4.149437624937 -4.149437623931 -4.089275648013
2.45 -4.711601223813 -4.711601223735 -4.126561695825 -4.126561695183 -4.063770117349
2.46 -4.700209862652 -4.700209862586 -4.115032424551 -4.115032424041 -4.050936167286
2.47 -4.688756397943 -4.688756397887 -4.103443486422 -4.103443486019 -4.038049328439
2.48 -4.677241827804 -4.677241827757 -4.091795761608 -4.091795761291 -4.025110499367
2.49 -4.665667126509 -4.665667126469 -4.080090112255 -4.080090112007 -4.012120560524
