   6.6781629831175540       -4.9531994875240004       -4.9531994848699998       -4.3723796444519998       -4.3723795726260004       -4.3412531388510001     
   7.1964539130347625       -5.0285989989889996       -5.0285989901150003       -4.4501604990179997       -4.4501601972220000       -4.4310116052559998     
   7.7330529757339397       -5.0918619703749997       -5.0918619435489996       -4.5165388850690000       -4.5165370865380003       -4.5084638503010002     
   8.2877271035843449       -5.1439413254059998       -5.1439412508520004       -4.5759224903120002        0.0000000000000000       1.23027726999999995E-004
   9.4502475565517781       -5.2178098424339998       -5.2178093728180004       -4.6984150250100001       -4.6962081880350004       -4.6932243719560001     
   10.057503728278379       -5.2410328047750001       -5.2410317216640001       -4.7572286408610003       -4.7545635359479999       -4.7508714004300003     
   10.681652673381032       -5.2559788789070003       -5.2559764977440002       -4.8083490924629997       -4.8051659658450001       -4.8006616151530004     
   11.322331384882062       -5.2632486612519997       -5.2632436490699996       -4.8522586752979997       -4.8485075701540001       -4.8430532224640004     
   11.979148305068339       -5.2634174568979999       -5.2634073227789999       -4.8894531949319999       -4.8850929757339996       -4.8785248532600001     
   12.651682781777094       -5.2570431884389999       -5.2570234663480004       -4.9204100024630000       -4.9154104540389998       -4.9075353675980002     
   13.339484691248398       -5.2446730930800003       -5.2446361240510004       -4.9455879548299997       -4.9399321245819996       -4.9305240982149998     
   14.758941982320950       -5.2041208598880004       -5.2040056812379998       -4.9803633628880002       -4.9734004552890001       -4.9601141031990004     
   15.489548999777590       -5.1770454797990002       -5.1768570778749998       -4.9908034662310001       -4.9832061393710001       -4.9675226848299996     
   16.233327364500465       -5.1462161110669999       -5.1459333141680004       -4.9971512793860002       -4.9889093060890000       -4.9705289482380000     
   16.989680784114618       -5.1122887629890004       -5.1119390326829999       -4.9997950552010000       -4.9907926627329999       -4.9695162777600004     
   17.757985500849173       -5.0760469131750003       -5.0758995209729996       -4.9991105756570002       -4.9888620149660001       -4.9648661557820004     
   18.537591425781002       -5.0399792794750002       -5.0385310252210003       -4.9954625834720003       -4.9820911949109998       -4.9569641253899999     
   19.327823511299353       -5.0102205540559996       -5.0012948775090003       -4.9892078464239997       -4.9658443837629997       -4.9462090848400004     
   20.127983358310512       -4.9931530334119998       -4.9807009844049999       -4.9671178668160003       -4.9487236593999997       -4.9358488966540000     
   20.937351051160974       -4.9835222299410002       -4.9703049898920000       -4.9649100633670002       -4.9352524339909998       -4.9179021288189997     
   21.755187209656761       -4.9783719214510000       -4.9773354534329997       -4.9584100148110002       -4.9109554078170001       -4.9019944389979999     
   22.580735243979639       -4.9904622956829998       -4.9740395738199998       -4.9454670679810002       -4.9060224454980004       -4.8961311796529996     
   23.413223794838228       -5.0007700775229997       -4.9731559182170004       -4.9320473336089998       -4.9133273376910003       -4.8911699845680001     
   24.251869337934227       -5.0093055274160001       -4.9736571949270001       -4.9222316114010001       -4.9189349073299997       -4.8904100563109996     
   25.095878928860454       -5.0161848130719999       -4.9746078737639996       -4.9321099050279997       -4.9075248457290002       -4.9053295159939996     
   25.944453061962943       -5.0215642885260001       -4.9755705110469997       -4.9424111813999998       -4.9200068176830003       -4.8977510649999996     
   26.796788614568317       -5.0256183487949997       -4.9767494256209996       -4.9520673838890001       -4.9327294574460003       -4.8912925302590002     
   27.652081846364268       -5.0285308428160000       -4.9793173316860004       -4.9592671861050004       -4.9437755542669999       -4.8871190078050004     
   28.509531422673870       -5.0304920390519996       -4.9847043632660002       -4.9622231238510004       -4.9531153217919996       -4.8967280793769996     
   29.368341429915247       -5.0316986005890003       -4.9919800173600004       -4.9617379651580000       -4.9608006584920004       -4.9106298964089996     
   30.227724351701138       -5.0323557338049998       -4.9995192522279996       -4.9669216880939997       -4.9594613534669998       -4.9245087789459996     
   31.086903974802087       -5.0326809819129998       -5.0066115938919999       -4.9715869672139998       -4.9562198140820000       -4.9375669185320001     
   31.945118195549920       -5.0329081667209996       -5.0130345495780002       -4.9749134179030001       -4.9524034267779999       -4.9493425927110000     
   32.801621699151340       -5.0332869140090004       -5.0187423519880001       -4.9770209946169999       -4.9595500090369997       -4.9482524488999999     
   33.655688486760425       -5.0340676285550003       -5.0237566042669997       -4.9780298699010004       -4.9679946021159997       -4.9439516677009996     
   34.506614227950557       -5.0354587642570001       -5.0281257050950003       -4.9780590949750003       -4.9745654936069998       -4.9396616934480004     
   35.353718419351750       -5.0375590104610000       -5.0319076080489999       -4.9792782822930004       -4.9772262374210001       -4.9355299588239996     
   36.196346333591613       -5.0403072843510000       -5.0351616984650001       -4.9823122252159999       -4.9756477751670003       -4.9316934242329999     
   37.033870746203512       -5.0435046388800000       -5.0379447684069998       -4.9839815635339999       -4.9734401813369997       -4.9282757213119996     
   37.865693431757165       -5.0468972144909996       -5.0403090498110004       -4.9846489416519999       -4.9707217296139996       -4.9253785453890000     
   38.691246424033793       -5.0502539940829996       -5.0423013616760004       -4.9846456994919999       -4.9676151014850003       -4.9230675567290003     
   39.509993038530659       -5.0534014589299998       -5.0439628830769996       -4.9842361771580004       -4.9642508628559998       -4.9213569084269997     
   40.321428658865635       -5.0562242283309997       -5.0453292773799996       -4.9836165428879999       -4.9607717184390001       -4.9202015248060000     
   41.125081291697320       -5.0586524037289999       -5.0464310048999996       -4.9829272123189998       -4.9573369729410004       -4.9195056614860002     
   41.920511897532798       -5.0606478503970003       -5.0472937256660000       -4.9822665259390000       -4.9541255435740004       -4.9191465566529997     
   42.707314507220950       -5.0621934534399999       -5.0479387334489996       -4.9817016107679999       -4.9513339664559997       -4.9190018480080004     
   43.485116136002645       -5.0632856829920003       -5.0483833871800003       -4.9812760861229997       -4.9491637615170001       -4.9189695753239997     
   44.253576508693421       -5.0639297623320001       -5.0486415216439999       -4.9810153252950000       -4.9477932192920004       -4.9189774306369998     
   45.012387610908888       -5.0641366766170002       -5.0487238289549996       -4.9809300377800003       -4.9473369642160003       -4.9189841481089998     
   45.761273082213734       -5.0639214479310004       -5.0486382080709999       -4.9810187370749999       -4.9478113844409997       -4.9189772031789998     
   46.499987467700549       -5.0633022963779997       -5.0483900827349997       -4.9812694506100001       -4.9491293088740003       -4.9189695285499999     
   47.228315344805097       -5.0623004550779998       -5.0479826899829998       -4.9816608674529999       -4.9511291851869998       -4.9189961356119998     
   47.946070342171481       -5.0609405108049996       -5.0474173422680000       -4.9821630077750001       -4.9536193681149996       -4.9191102112509997     
   48.653094067124869       -5.0592512118180002       -5.0466936667650000       -4.9827374268959996       -4.9564142770139998       -4.9193775612759998     
   49.349254957826872       -5.0572667250609999       -5.0458098259159998       -4.9833369308820004       -4.9593533325559997       -4.9198683644479999     
   50.034447075514549       -5.0550283294799998       -5.0447627236040002       -4.9839047854649996       -4.9623059751060001       -4.9206463732939998     
   50.708588851396073       -5.0525864754079999       -5.0435482017990001       -4.9843734685170000       -4.9651693367220000       -4.9217577073619996     
   51.371621801825761       -5.0500029706780003       -5.0421612328450003       -4.9846631977209999       -4.9678633819450004       -4.9232228388439996     
   52.023509224345446       -5.0473526993539997       -5.0405961129319996       -4.9846808306319996       -4.9703259414990004       -4.9250345939409996     
   52.664234886083399       -5.0447236986509996       -5.0388466625980000       -4.9843203235800004       -4.9725085261880002       -4.9271621580660003     
   53.293801714877873       -5.0422137795930002       -5.0369064404959998       -4.9834665825449997       -4.9743730786449998       -4.9295584779970003     
   53.912230502360096       -5.0399218333449998       -5.0347689773319999       -4.9820045877889996       -4.9758895497809998       -4.9321679351120000     
   54.519558627113938       -5.0379336397919996       -5.0324280381299999       -4.9798340033470003       -4.9770341226490000       -4.9349323460190000     
   55.115838804941909       -5.0363057462879999       -5.0298779233859996       -4.9777879193020000       -4.9768857352689997       -4.9377947900120001     
   55.701137872225459       -5.0350543654360003       -5.0271138241679996       -4.9781360597360003       -4.9731335272269996       -4.9407016078860000     
   56.275535607380384       -5.0341550039619998       -5.0241322542829998       -4.9780669755500000       -4.9685949280069996       -4.9436031430550003     
   56.839123594484931       -5.0335523772629998       -5.0209315970880004       -4.9775719083589998       -4.9633221380940000       -4.9464536976930003     
   57.392004132304486       -5.0331747247290002       -5.0175128303810004       -4.9766445437730003       -4.9573887069650002       -4.9492109860730000     
   57.934289191154349       -5.0329464095330003       -5.0138805400960003       -4.9752807470320004       -4.9518351801560003       -4.9508783232580003     
   58.466099419334483       -5.0327960094569999       -5.0100444221400000       -4.9734783776029996       -4.9542874622120001       -4.9438786755280004     
   58.987563200235513       -5.0326601384989997       -5.0060216425329997       -4.9712371684240004       -4.9565277768409999       -4.9364804050849997     
   59.498815760652228       -5.0324844410210003       -5.0018407610919997       -4.9685586620600004       -4.9585111142149998       -4.9287800428409998     
   59.999998330347928       -5.0322231255599998       -4.9975485723190003       -4.9654462016369996       -4.9601809972920003       -4.9208858634799997     
   60.491257352485647       -5.0318379302859997       -4.9932223341800004       -4.9619049797150003       -4.9614577246720000       -4.9129256111719997     
   60.972743744176348       -5.0312969888080001       -4.9889908502480003       -4.9622179226909999       -4.9579421540429998       -4.9050538367340000     
   61.444612206087328       -5.0305737985850003       -4.9850632414979996       -4.9622665809319999       -4.9535670460669996       -4.8974529309559998     
   61.907020579798356       -5.0296463551780004       -4.9817328882830001       -4.9613340794370000       -4.9487914475050001       -4.8903169134080002     
   62.360129251387221       -5.0284964532179997       -4.9792622987869999       -4.9591923949029999       -4.9436300741570003       -4.8871670171590003     
   62.804100599563114       -5.0271091322429999       -4.9776626229640000       -4.9558766281370001       -4.9381012294469997       -4.8891179380279999     
   63.239098486542204       -5.0254722410969999       -4.9766841613840000       -4.9516952357689998       -4.9322277896370004       -4.8915114813390002     
   63.665287789770453       -5.0235760974480002       -4.9760407227929999       -4.9470056809400003       -4.9260387756600004       -4.8944518592869999     
   64.082833972539717       -5.0214132242340002       -4.9755394202890004       -4.9420833506669997       -4.9195725631389999       -4.8980047600700001     
   64.491902691509893       -5.0189781504630000       -4.9750793953569996       -4.9371197524010002       -4.9128911016980004       -4.9021606344270001     
   64.892659439140218       -5.0162672691679999       -4.9746211637200002       -4.9322482913180004       -4.9074513042560000       -4.9054595522530002     
   65.285269219042235       -5.0132787506660001       -4.9741646770039996       -4.9275605695379996       -4.9122526604169998       -4.8988626602269996     
   65.669896252291508       -5.0100125150760002       -4.9737374339229996       -4.9231141614140004       -4.9177679084149997       -4.8918511613589999     
   66.046703712775340       -5.0064702753520001       -4.9733881026700004       -4.9234963769129996       -4.9189393355290001       -4.8854421064569999     
   66.415853489702528       -5.0026556726780003       -4.9731819154070003       -4.9293118635899997       -4.9150509960709998       -4.8895172890380003     
   66.777505975460500       -4.9985745432720003       -4.9731950970429999       -4.9351183416910001       -4.9114710535709998       -4.8928024629460003     
   67.131819877070370       -4.9942353863770004       -4.9735065154790004       -4.9408411678539998       -4.9082682512800000       -4.8951161623310000     
   67.478952049560888       -4.9896501636809996       -4.9741863919930003       -4.9464228328560003       -4.9056113066369997       -4.8962270304639999     
   67.819057349656234       -4.9848356932110001       -4.9752845735599998       -4.9518192656310003       -4.9036941890139998       -4.9001258494520004     
   68.152288508249114       -4.9798162373240000       -4.9768232509479997       -4.9569967357530000       -4.9085031610099996       -4.9023380557739999     
   68.478796020208165       -4.9787987540370002       -4.9746289216989998       -4.9619294064010004       -4.9174177374559997       -4.9062103029850004     
   68.798728050146167       -4.9811936761290001       -4.9693378108599999       -4.9665974671399997       -4.9268897050699998       -4.9126793765630001     
   69.112230352853146       -4.9839971223179997       -4.9709857327650004
   69.419446207174488       -4.9872307613500002       -4.9750825977169999       -4.9595274715709996       -4.9468003994469996       -4.9247555494480002     
   69.720516362188619       -4.9909811309220000       -4.9788792549209999       -4.9619053088529999       -4.9505150698050002       -4.9303169464480003     
   70.304769676421856       -5.0009232101989998       -4.9855473331080002       -4.9848881830440002       -4.9533834952489997       -4.9423254384200002     
   70.588221351781414       -5.0078276843880003       -4.9974743418300003       -4.9884105285310003       -4.9632674742870000       -4.9449252986080001     
   70.866064322361410       -5.0163837479010001       -5.0102464191280003       -4.9909564649169997       -4.9711239956339996       -4.9490759482159996     
   71.138426240283621       -5.0264284491789999       -5.0230569370260003       -4.9931838761150003       -4.9770123572870002       -4.9528597784140000     
   71.405432107913711       -5.0375011846940003       -5.0357972111949998       -4.9950923003250001       -4.9813238500699999       -4.9562750096999997     
   71.667204283815039       -5.0491266616169996       -5.0483842329630004       -4.9966819529639999       -4.9844853122270001       -4.9593211926669998     
   71.923862494219179       -5.0609558101570000       -5.0607543666280002       -4.9979536246100000       -4.9868110955439997       -4.9619989716069997     
   72.175523849419505       -5.0728589274050000       -5.0727638086260001       -4.9989085982330002       -4.9885008983720001       -4.9643098938329997     
   72.422302864540399       -5.0846607741499996       -5.0844107082310002       -4.9995485813730003       -4.9896765449520002       -4.9662562546990001     
   72.664311484179066       -5.0961316728680002       -5.0958088290659997       -4.9998756499869996       -4.9904128665089997       -4.9678409707180000     
   72.901659110456833       -5.1072502773190003       -5.1069021801470003       -4.9998922014760003       -4.9907570860200003       -4.9690674749590000     
   73.134452634056260       -5.1180005935950001       -5.1176543296589996       -4.9996009149600003       -4.9907400895430003       -4.9699396302689998     
   73.362796467854608       -5.1283708153429997       -5.1280412862590001       -4.9990047173500001       -4.9903829108380000       -4.9704616568200004     
   73.586792582799191       -5.1383524383520003       -5.1380472381970002       -4.9981067540569999       -4.9897005128309999       -4.9706380712670004     
   73.806540545699434       -5.1479395841080002       -5.1476619294579997       -4.9969103634509997       -4.9887040416439996       -4.9704736353880001     
   74.441255965061416       -5.1743046153219998       -5.1741080306459999       -4.9915664506070003       -4.9839098813789997       -4.9679856486110001     
   74.644960311295634       -5.1822916176979996       -5.1821185479279999       -4.9892128560900000       -4.9817309008470003       -4.9665089328859997     
   75.233705528468491       -5.2038668442549998       -5.2037510535629998       -4.9804912464560003       -4.9735218357719999       -4.9602127312580002     
   76.487347560827672       -5.2407337341769997       -5.2406907740559996       -4.9509979838260003       -4.9451781941749999       -4.9353503432180004     
   76.653814753601736       -5.2445265594489996       -5.2444893728439999       -4.9458038231960000       -4.9401416365589998       -4.9307176341719998     
   76.817334477657340       -5.2479664185560004       -5.2479342395220003       -4.9403777132920004       -4.9348710008749999       -4.9258311165760000     
   76.977971981473118       -5.2510587904910002       -5.2510309513419999       -4.9347240710809999       -4.9293705564260000       -4.9206961533870004     
   77.135790883015687       -5.2538092233410003       -5.2537851430620002       -4.9288472989469998       -4.9236445700460001       -4.9153180511760004     
   77.290853210231532       -5.2562233153630000       -5.2562024890870003       -4.9227517794760001       -4.9176973021229999       -4.9097020561209996     
   77.443219440856538       -5.2583066983700002       -5.2582886879100004       -4.9164418706340003       -4.9115330023660002       -4.9038533505000004     
   77.592948541518254       -5.2600650231179999       -5.2600494485249998       -4.9099219013330000       -4.9051559054679998       -4.8977770496149997     
   77.740098006110870       -5.2615039464229998       -5.2614904785030001       -4.9031961673630002       -4.8985702268000004       -4.8914781991379996     
   77.884723893426639       -5.2626291197830000       -5.2626174734979996       -4.8962689276980003       -4.8917801582170002       -4.8849617728370003     
   78.026880864031455       -5.2634461793230001       -5.2634361079950001       -4.8891444011580001       -4.8847898640679999       -4.8782326706700001     
   78.166622216375444       -5.2639607369009997       -5.2639520271369999       -4.8818267634300003       -4.8776034774390000       -4.8712957172219999     
   78.303999922132647       -5.2641783722359996       -5.2641708395000002       -4.8743201444539999       -4.8702250966919998       -4.8641556604960003     
   78.439064660766178       -5.2641046259540003       -5.2640981107010001       -4.8666286261779996       -4.8626587823380003       -4.8568171710439998     
   78.571865853318045       -5.2637449934319998       -5.2637393577529998       -4.8587562407040004       -4.8549085542640000       -4.8492848414610004     
   78.702451695424742       -5.2631049193730002       -5.2631000440750002       -4.8507069688469997       -4.8469783893870000       -4.8415631862639996     
   78.830869189561582       -5.2621897930220003       -5.2621855750990001       -4.8424847391619998       -4.8388722197589997       -4.8336566422010003     
   78.957164176520521       -5.2610049439609998       -5.2610012943999998       -4.8340934274830003       -4.8305939312000001       -4.8255695690709999     
   79.081381366127701       -5.2595556384300002       -5.2595524803110001       -4.8255368570970001       -4.8221473625600000       -4.8173062511520000     
   79.203564367208131       -5.2578470761149996       -5.2578443429690003       -4.8168187996790000       -4.8135363057360001       -4.8088708994129998     
   79.323755716806161       -5.2558843873610002       -5.2558820217450002       -4.8079429772040001       -4.8047645066499998       -4.8002676547740002     
   79.441996908671399       -5.2536726307670003       -5.2536705830399999       -4.7989130651679996       -4.7958356674780003       -4.7915005927910004     
   79.558328421020590       -5.2512167911369998       -5.2512150183940003       -4.7897326975969996       -4.7867534506130003       -4.7825737304020004     
   79.672789743586307       -5.2485217777340001       -5.2485202428889997       -4.7804054746190001       -4.7775214850410004       -4.7734910357039997     
   79.785419403964809       -5.2455924228360002       -5.2455910938299999       -4.7709349738120004       -4.7681433763219996       -4.7642564424140001     
   79.896254993274965       -5.2424334805379997       -5.2424323296550002       -4.7613247673170003       -4.7586227220339996       -4.7548738717210002     
   80.005333191141119       -5.2390496258040002       -5.2390486290779998       -4.7515784480569998       -4.7489631358900004       -4.7453472663890004     
   80.112689790013050       -5.2354454537250001       -5.2354445904320004       -4.7416996709000001       -4.7391682861830002       -4.7356806459240000     
   80.218359718836311       -5.2316254789779997       -5.2316247311939996       -4.7316922193480000       -4.7292419588910004       -4.7258781997880002     
   80.322377066086617       -5.2275941354690003       -5.2275934876900001       -4.7215601179369999       -4.7191881654139998       -4.7159444532940000     
   80.424775102181869       -5.2233557761269997       -5.2233552149399998       -4.7113078310010001       -4.7090113357840000       -4.7058845818690003     
   80.525586301285671       -5.2189146728600004       -5.2189141866590001       -4.7009406353259999       -4.6987166869239996       -4.6957050538959999     
   80.624842362516219       -5.2142750166349998       -5.2142745953790000       -4.6904653709490001       -4.6883109799640001       -4.6854150784569999     
   80.722574230574494       -5.2094409176910004       -5.2094405526859999       -4.6798920953099996       -4.6778042341050003       -4.6750302938520001     
   80.818812115805301       -5.2044164058540003       -5.2044160895770002       -4.6692381611310001       -4.6672141101379996       -4.6645837874060003     
   80.913585513705115       -5.1992054309590001       -5.1992051568960003       -4.6585397732900002       -4.6565790047310003       -4.6541658218249999     
   81.006923223890453       -5.1938118633670003       -5.1938116258790004       -4.6478900025390004       -4.6460044037630004       -4.6440725971510002     
   81.098853368540105       -5.1882394945590002       -5.1882392887610003       -4.6375613466700001       -4.6358193362010001        0.0000000000000000     
   81.189403410324616       -5.1824920378049999       -5.1824918594679996       -4.6280598869449996       -4.6266126621229997        0.0000000000000000     
   81.278600169836352       -5.1765731289100003       -5.1765729743710001       -4.6193264708410000       -4.6185156033899997       -4.6181311776750000     
   81.366469842533178       -5.1704863270099999       -5.1704861930960000       -4.6108483414860002       -4.6102996285659996       -4.6098078830300002     
   81.453038015208321       -5.1642351154329997       -5.1642349993929999       -4.6023873571950000       -4.6019713551589998       -4.6013873619109997     
   81.538329681999514       -5.1578229025960001       -5.1578228020479999       -4.5938733751010004       -4.5935388713479997       -4.5928491270459997     
   81.622369259949210       -5.1512530229599998       -5.1512529358399997       -4.5852941292480001       -4.5850196652179998       -4.5841857410540001     
   81.705180604128643       -5.1445287380150004       -5.1445286625330002       -4.5766677863579996        0.0000000000000000       1.23027726999999995E-004
   81.786787022337123       -5.1376532372970001       -5.1376531719020004       -4.5680432202689998        0.0000000000000000       1.23027726999999995E-004
   81.867211289388791       -5.1306296394419997       -5.1306295827920003       -4.5595008999989997        0.0000000000000000       1.23027726999999995E-004
   81.946475660997805       -5.1234609932630004       -5.1234609441919998       -4.5511107292890003        0.0000000000000000       1.23027726999999995E-004
   82.024601887273349       -5.1161502788420004       -5.1161502363400002       -4.5428573189760000        0.0000000000000000       1.23027726999999995E-004
   82.101611225835597       -5.1087004086499999       -5.1087003718419997       -4.5346595885590002        0.0000000000000000       1.23027726999999995E-004
   82.177524454562914       -5.1011142286790001       -5.1011141968059999       -4.5264456503939998        0.0000000000000000       1.23027726999999995E-004
   82.252361883981067       -5.0933945195839998       -5.0933944919879997       -4.5181734842549997        0.0000000000000000       1.23027726999999995E-004
   82.326143369304617       -5.0855439978370001       -5.0855439739469999       -4.5098213610439997       -4.5098206373599998       -4.5006104534100002     
   82.398888322140081       -5.0775653168870001       -5.0775652962090003       -4.5013782871409997       -4.5013782355679997       -4.4907353783630004     
   82.470615721861108       -5.0694610683279997       -5.0694610504330004       -4.4928387863000001        0.0000000000000000       1.23027726999999995E-004
   82.541344126664526       -5.0612337830640000       -5.0612337675800001       -4.4842002661459999        0.0000000000000000       1.23027726999999995E-004
   82.611091684316889       -5.0528859324809998       -5.0528859190860000       -4.4754618024210000        0.0000000000000000       1.23027726999999995E-004
   82.679876142600435       -5.0444199296110002       -5.0444199180249996       -4.4666234474559996       -4.4666230770239999       -4.4501593026409996     
   82.747714859466711       -5.0358381303000002       -5.0358381202810003       -4.4576852776400004       -4.4576849419280000       -4.4397570215069999     
   82.814624812906942       -5.0271428343700002       -5.0271428257080002       -4.4486484076319996        0.0000000000000000       1.23027726999999995E-004
   82.880622610547178       -5.0183362867680001       -5.0183362792809998       -4.4395139295970001       -4.4395136755479996       -4.4186569499799999     
   82.945724498975977       -5.0094206787189997       -5.0094206722500001       -4.4302829333220002        0.0000000000000000       1.23027726999999995E-004
   83.009946372812877       -5.0003981488650000       -5.0003981432769997       -4.4209568938440000        0.0000000000000000       1.23027726999999995E-004
   83.073303783524793       -4.9912707843910002       -4.9912707795650002       -4.4115370901739999        0.0000000000000000       1.23027726999999995E-004
   83.135811947998050       -4.9820406221490003       -4.9820406179820003       -4.4020248682909999        0.0000000000000000       1.23027726999999995E-004
   83.197485756873121       -4.9727096497640000       -4.9727096461670000       -4.3924216106380003        0.0000000000000000       1.23027726999999995E-004
   83.258339782648704       -4.9632798067310002       -4.9632798036279997       -4.3827287563540001       -4.3827286685729998       -4.3531309965469998     
   83.318388287562584       -4.9537529854980002       -4.9537529828210003       -4.3729475851929998       -4.3729475125719999       -4.3419044841470003     
   83.377645231254931       -4.9441310325350001       -4.9441310302270001       -4.3630795353350003       -4.3630794753600002       -4.3305952475599998     
   83.436124278221300       -4.9344157493910004       -4.9344157474020003       -4.3531259727540004       -4.3531259232960000       -4.3192049096020000     
   83.493838805060733       -4.9246088937360000       -4.9246088920220004       -4.3430882482610000       -4.3430882075280000       -4.3077350545680000     
   83.550801907525653       -4.9147121803829998       -4.9147121789070001       -4.3329676953960004       -4.3329676618860002       -4.2961872289100000     
   83.607026407378726       -4.9047272823019998       -4.9047272810309996       -4.3227656288920002       -4.3227656013550000       -4.2845629422289999     
   83.662524859062799       -4.8946558316119999       -4.8946558305180004       -4.3124833435600003       -4.3124833209539997       -4.2728636674510003     
   83.717309556189278       -4.8844994205610002       -4.8844994196210001       -4.3021221134859999       -4.3021220949460002       -4.2610908424420000     
   83.824785594758666       -4.8639378927659997       -4.8639378920710001       -4.2811678087070000       -4.2811677962749997       -4.2373301192449997     
   83.877500275224563       -4.8535357697319998       -4.8535357691360002       -4.2705771744699996       -4.2705771643050001       -4.2253449258630003     
   83.929547890967186       -4.8430546755980002       -4.8430546750860000       -4.2599124761010003       -4.2599124678000004       -4.2132915936649997     
   84.031686025998340       -4.8218611676020000       -4.8218611672250002       -4.2383655264689999       -4.2383655209519997       -4.1889855680909998     
   84.081798035931300       -4.8111514655010001       -4.8111514651789999       -4.2274855402730003       -4.2274855357850001       -4.1767353256959998     
   84.131285973001226       -4.8003682175269997       -4.8003682172510000       -4.2165360203719997       -4.2165360167259998       -4.1644218482830002     
   84.228430266301757       -4.7785861515750003       -4.7785861513730001       -4.1944326725480003       -4.1944326701539998       -4.1396097713640003     
   84.276106434111014       -4.7675897906560003       -4.7675897904830000       -4.1832809384570000       -4.1832809365230004       -4.1271133725700002     
   84.323198161704710       -4.7565247995490001       -4.7565247994010003       -4.1720638588650001       -4.1720638573060000       -4.1145581709070003     
   84.369714868709551       -4.7453923335279997       -4.7453923334020001       -4.1607824292220004       -4.1607824279669998       -4.1019452809340002     
   84.415665788395728       -4.7341935199189997       -4.7341935198120000       -4.1494376249369997       -4.1494376239310000       -4.0892756480130004     
   84.505906292922177       -4.7116012238130001       -4.7116012237350002       -4.1265616958250000       -4.1265616951829998       -4.0637701173489997     
   84.550213450845163       -4.7002098626519997       -4.7002098625860000       -4.1150324245509999       -4.1150324240409999       -4.0509361672860003     
   84.593989975703138       -4.6887563979430000       -4.6887563978870004       -4.1034434864220000       -4.1034434860189997       -4.0380493284390004     
   84.637244231579800       -4.6772418278040000       -4.6772418277570003       -4.0917957616080001       -4.0917957612910003       -4.0251104993669999     
   84.679984420491891       -4.6656671265089997       -4.6656671264689997       -4.0800901122550002       -4.0800901120070003       -4.0121205605240000     
