   84.750000000000000        2.5066432657105051      -0.70962999999999998      -0.20183999999999999      -0.16672000000000001       0.58160999999999996       3.51199999999999984E-002
   84.500000000000000        2.4486760461856742      -0.70226999999999995      -0.20165000000000000      -0.16571000000000000       0.56462000000000001       3.59399999999999997E-002
   84.250000000000000        2.3945089138952178      -0.69484999999999997      -0.20140000000000000      -0.16464000000000001       0.54829000000000006       3.67600000000000010E-002
   84.000000000000000        2.3437412473608381      -0.68738999999999995      -0.20105999999999999      -0.16350999999999999       0.53256000000000003       3.75500000000000000E-002
   83.750000000000000        2.2960291063410230      -0.67986999999999997      -0.20064000000000001      -0.16231000000000001       0.51739999999999997       3.83300000000000030E-002
   83.500000000000000        2.2510753219802888      -0.67232000000000003      -0.20014000000000001      -0.16103999999999999       0.50278000000000000       3.91000000000000028E-002
   83.250000000000000        2.2086216254199424      -0.66473000000000004      -0.19955000000000001      -0.15970000000000001       0.48866999999999999       3.98499999999999965E-002
   83.000000000000000        2.1684423371644423      -0.65710999999999997      -0.19886999999999999      -0.15828000000000000       0.47503000000000001       4.05900000000000011E-002
   82.750000000000000        2.1303392641794385      -0.64946999999999999      -0.19811000000000001      -0.15678000000000000       0.46184999999999998       4.13299999999999987E-002
   82.500000000000000        2.0941375407372735      -0.64181999999999995      -0.19725999999999999      -0.15518999999999999       0.44907999999999998       4.20700000000000032E-002
   82.250000000000000        2.0596822134404817      -0.63414999999999999      -0.19631000000000001      -0.15351999999999999       0.43672000000000000       4.27900000000000016E-002
   82.000000000000000        2.0268354180156947      -0.62648000000000004      -0.19527000000000000      -0.15176000000000001       0.42471999999999999       4.35100000000000001E-002
   81.750000000000000        1.9954740303864316      -0.61880999999999997      -0.19413000000000000      -0.14990999999999999       0.41308000000000000       4.42200000000000024E-002
   81.500000000000000        1.9654877006520655      -0.61116000000000004      -0.19289999999999999      -0.14796000000000001       0.40177000000000002       4.49400000000000008E-002
   81.250000000000000        1.9367771983277440      -0.60351999999999995      -0.19156999999999999      -0.14591999999999999       0.39077000000000001       4.56500000000000031E-002
   81.000000000000000        1.9092530122354845      -0.59589999999999999      -0.19014000000000000      -0.14377000000000001       0.38005000000000000       4.63700000000000015E-002
   80.750000000000000        1.8828341599932619      -0.58831000000000000      -0.18861000000000000      -0.14152000000000001       0.36960999999999999       4.70899999999999999E-002
   80.500000000000000        1.8574471710024862      -0.58076000000000005      -0.18697000000000000      -0.13916000000000001       0.35941000000000001       4.78099999999999983E-002
   80.250000000000000        1.8330252138232914      -0.57325000000000004      -0.18523999999999999      -0.13669000000000001       0.34944999999999998       4.85500000000000029E-002
   80.000000000000000        1.8095073443210954      -0.56579999999999997      -0.18340999999999999      -0.13411000000000001       0.33970000000000000       4.92999999999999966E-002
   79.750000000000000        1.7868378553155890      -0.55840000000000001      -0.18146999999999999      -0.13141000000000000       0.33015000000000000       5.00600000000000003E-002
   79.500000000000000        1.7649657119256603      -0.55106999999999995      -0.17943000000000001      -0.12859000000000001       0.32079000000000002       5.08400000000000032E-002
   79.250000000000000        1.7438440595774944      -0.54379999999999995      -0.17730000000000001      -0.12565000000000001       0.31159999999999999       5.16500000000000015E-002
   79.000000000000000        1.7234297938777567      -0.53661999999999999      -0.17505999999999999      -0.12257999999999999       0.30256000000000000       5.24799999999999989E-002
   78.750000000000000        1.7036831833639368      -0.52951999999999999      -0.17271000000000000      -0.11939000000000000       0.29365999999999998       5.33199999999999993E-002
   78.500000000000000        1.6845675376176648      -0.52251000000000003      -0.17027999999999999      -0.11606000000000000       0.28488999999999998       5.42199999999999974E-002
   78.250000000000000        1.6660489144325314      -0.51558999999999999      -0.16774000000000000      -0.11261000000000000       0.27623999999999999       5.51299999999999985E-002
   78.000000000000000        1.6480958607190197      -0.50876999999999994      -0.16511000000000001      -0.10902000000000001       0.26768999999999998       5.60900000000000010E-002
   77.750000000000000        1.6306791826473761      -0.50205999999999995      -0.16239000000000001      -0.10530000000000000       0.25923000000000002       5.70900000000000019E-002
   77.500000000000000        1.6137717412076256      -0.49546000000000001      -0.15958000000000000      -0.10145000000000000       0.25086999999999998       5.81300000000000011E-002
   77.250000000000000        1.5973482699307082      -0.48896000000000001      -0.15669000000000000      -9.74600000000000050E-002  0.24257000000000001       5.92299999999999979E-002
   77.000000000000000        1.5813852119866876      -0.48259000000000002      -0.15372000000000000      -9.33299999999999963E-002  0.23435000000000000       6.03899999999999992E-002
   76.750000000000000        1.5658605742718710      -0.47632999999999998      -0.15068000000000001      -8.90800000000000064E-002  0.22619000000000000       6.16000000000000020E-002
   76.500000000000000        1.5507537964299845      -0.47017999999999999      -0.14757000000000001      -8.46900000000000014E-002  0.21809000000000001       6.28800000000000053E-002
   76.250000000000000        1.5360456330340897      -0.46415000000000001      -0.14440000000000000      -8.01800000000000013E-002  0.21004999999999999       6.42199999999999993E-002
   76.000000000000000        1.5217180473945009      -0.45823000000000003      -0.14118000000000000      -7.55399999999999960E-002  0.20205999999999999       6.56400000000000039E-002
   75.750000000000000        1.5077541156608558      -0.45241999999999999      -0.13791999999999999      -7.07900000000000057E-002  0.19411000000000000       6.71299999999999952E-002
   75.500000000000000        1.4941379400594756      -0.44672000000000001      -0.13464000000000001      -6.59200000000000064E-002  0.18623000000000001       6.87200000000000033E-002
   75.250000000000000        1.4808545702551064      -0.44112000000000001      -0.13134000000000001      -6.09499999999999972E-002  0.17838999999999999       7.03899999999999942E-002
   75.000000000000000        1.4678899319530556      -0.43559999999999999      -0.12803999999999999      -5.58900000000000022E-002  0.17061999999999999       7.21500000000000058E-002
   74.750000000000000        1.4552307619668963      -0.43015999999999999      -0.12477000000000001      -5.07400000000000004E-002  0.16291000000000000       7.40299999999999986E-002
   74.500000000000000        1.4428645490710084      -0.42477999999999999      -0.12156000000000000      -4.55199999999999980E-002  0.15528000000000000       7.60399999999999965E-002
   74.250000000000000        1.4307794800386300      -0.41943000000000003      -0.11842999999999999      -4.02399999999999980E-002  0.14773000000000000       7.81899999999999956E-002
   74.000000000000000        1.4189643903365978      -0.41408000000000000      -0.11545000000000000      -3.49199999999999997E-002  0.14029000000000000       8.05300000000000044E-002
   73.750000000000000        1.4074087190092159      -0.40866999999999998      -0.11267000000000001      -2.95799999999999987E-002  0.13297999999999999       8.30899999999999972E-002
   73.500000000000000        1.3961024673370386      -0.40312999999999999      -0.11022000000000000      -2.42500000000000007E-002  0.12583000000000000       8.59700000000000047E-002
   73.250000000000000        1.3850361609029067      -0.39734000000000003      -0.10823000000000001      -1.89399999999999985E-002  0.11888000000000000       8.92899999999999944E-002
   73.000000000000000        1.3742008147382716      -0.39113999999999999      -0.10691000000000001      -1.36600000000000003E-002  0.11218000000000000       9.32499999999999996E-002
   72.750000000000000        1.3635879012585173      -0.38435000000000002      -0.10652000000000000      -8.38999999999999989E-003  0.10576000000000001       9.81299999999999950E-002
   72.500000000000000        1.3531893207273342      -0.37678000000000000      -0.10732999999999999      -3.04000000000000017E-003  9.96299999999999963E-002  0.10428999999999999     
   72.250000000000000        1.3429973740177321      -0.36836000000000002      -0.10958000000000000       2.56999999999999980E-003  9.37299999999999939E-002  0.11215000000000000     
   72.000000000000000        1.3330047374615932      -0.35916999999999999      -0.11337999999999999       8.64999999999999970E-003  8.79999999999999949E-002  0.12203000000000000     
   71.750000000000000        1.3232044396011293      -0.34948000000000001      -0.11872000000000001       1.53899999999999992E-002  8.23699999999999988E-002  0.13411000000000001     
   71.500000000000000        1.3135898396745678      -0.33971000000000001      -0.12540000000000001       2.28100000000000004E-002  7.69299999999999984E-002  0.14821000000000001     
   71.250000000000000        1.3041546076852373      -0.33034000000000002      -0.13306000000000001       3.06200000000000014E-002  7.19100000000000017E-002  0.16367999999999999     
   71.000000000000000        1.2948927059181552      -0.32178000000000001      -0.14119999999999999       3.81799999999999987E-002  6.76400000000000057E-002  0.17938000000000001     
   70.750000000000000        1.2857983717814927      -0.31426999999999999      -0.14935999999999999       4.47499999999999981E-002  6.43800000000000067E-002  0.19411000000000000     
   70.500000000000000        1.2768661018621295      -0.30784000000000000      -0.15726000000000001       4.97000000000000011E-002  6.22699999999999990E-002  0.20696000000000001     
   70.250000000000000        1.2680906370950717      -0.30237999999999998      -0.16477000000000000       5.27600000000000013E-002  6.12699999999999981E-002  0.21753000000000000     
   70.000000000000000        1.2594669489559134      -0.29774000000000000      -0.17190000000000000       5.40700000000000000E-002  6.12600000000000020E-002  0.22597000000000000     
   69.750000000000000        1.2509902265939778      -0.29376999999999998      -0.17871999999999999       5.39600000000000010E-002  6.20700000000000002E-002  0.23268000000000000     
   69.500000000000000        1.2426558648313226      -0.29033999999999999      -0.18529000000000001       5.28399999999999981E-002  6.35199999999999931E-002  0.23813000000000001     
   69.250000000000000        1.2344594529595776      -0.28732999999999997      -0.19169000000000000       5.10400000000000020E-002  6.54499999999999943E-002  0.24273000000000000     
   69.000000000000000        1.2263967642726714      -0.28466999999999998      -0.19796000000000000       4.88099999999999992E-002  6.77399999999999947E-002  0.24676999999999999     
   68.750000000000000        1.2184637462790018      -0.28228999999999999      -0.20413999999999999       4.63000000000000009E-002  7.02699999999999991E-002  0.25044000000000000     
   68.500000000000000        1.2106565115415191      -0.28014000000000000      -0.21026000000000000       4.36500000000000013E-002  7.29500000000000010E-002  0.25391000000000002     
   68.250000000000000        1.2029713290986654      -0.27817999999999998      -0.21632000000000001       4.09199999999999980E-002  7.57199999999999956E-002  0.25724000000000002     
   68.000000000000000        1.1954046164231349      -0.27639000000000002      -0.22234999999999999       3.81700000000000025E-002  7.85000000000000003E-002  0.26051999999999997     
   67.750000000000000        1.1879529318790409      -0.27473999999999998      -0.22836999999999999       3.54300000000000032E-002  8.12599999999999989E-002  0.26379999999999998     
   67.500000000000000        1.1806129676413906      -0.27323999999999998      -0.23436999999999999       3.27399999999999983E-002  8.39400000000000007E-002  0.26711000000000001     
   67.250000000000000        1.1733815430447392      -0.27185999999999999      -0.24037000000000000       3.01100000000000013E-002  8.65100000000000036E-002  0.27048000000000000     
   67.000000000000000        1.1662555983306084      -0.27061000000000002      -0.24637999999999999       2.75500000000000016E-002  8.89199999999999990E-002  0.27393000000000001     
   66.750000000000000        1.1592321887657087      -0.26948000000000000      -0.25241000000000002       2.51000000000000008E-002  9.11399999999999988E-002  0.27750999999999998     
   66.500000000000000        1.1523084791052536      -0.26848000000000000      -0.25847999999999999       2.27499999999999994E-002  9.31499999999999967E-002  0.28122999999999998     
   66.250000000000000        1.1454817383776770      -0.26761000000000001      -0.26457000000000003       2.05200000000000000E-002  9.49099999999999944E-002  0.28509000000000001     
   66.000000000000000        1.1387493349689228      -0.27071000000000001      -0.26688000000000001       1.84299999999999985E-002  9.63799999999999935E-002  0.28531000000000001     
   65.750000000000000        1.1321087319861824      -0.27688000000000001      -0.26629000000000003       1.64800000000000016E-002  9.75700000000000039E-002  0.28277000000000002     
   65.500000000000000        1.1255574828824770      -0.28306999999999999      -0.26585999999999999       1.46800000000000003E-002  9.84399999999999997E-002  0.28054000000000001     
   65.250000000000000        1.1190932273249123      -0.28928999999999999      -0.26560000000000000       1.30399999999999995E-002  9.90000000000000047E-002  0.27864000000000000     
   65.000000000000000        1.1127136872907215      -0.29548999999999997      -0.26549000000000000       1.15700000000000004E-002  9.92600000000000010E-002  0.27705999999999997     
   64.750000000000000        1.1064166633763877      -0.30164999999999997      -0.26555000000000001       1.02600000000000000E-002  9.92200000000000026E-002  0.27581000000000000     
   64.500000000000000        1.1002000313062268      -0.30775000000000002      -0.26578000000000002       9.11999999999999963E-003  9.89300000000000040E-002  0.27489999999999998     
   64.250000000000000        1.0940617386278098      -0.31373000000000001      -0.26617000000000002       8.14999999999999926E-003  9.84000000000000014E-002  0.27432000000000001     
   64.000000000000000        1.0879998015825072      -0.31957999999999998      -0.26671000000000000       7.32999999999999971E-003  9.76899999999999991E-002  0.27404000000000001     
   63.750000000000000        1.0820123021402799      -0.32527000000000000      -0.26739000000000002       6.66999999999999971E-003  9.68200000000000033E-002  0.27406000000000003     
   63.500000000000000        1.0760973851886237      -0.33076000000000000      -0.26818999999999998       6.15000000000000008E-003  9.58399999999999946E-002  0.27433999999999997     
   63.250000000000000        1.0702532558662603      -0.33606000000000003      -0.26912000000000003       5.76999999999999996E-003  9.47800000000000031E-002  0.27489000000000002     
   63.000000000000000        1.0644781770328475      -0.34112999999999999      -0.27013999999999999       5.53000000000000019E-003  9.36599999999999933E-002  0.27567000000000003     
   62.750000000000000        1.0587704668665670      -0.34599999999999997      -0.27126000000000000       5.42000000000000034E-003  9.25099999999999950E-002  0.27667999999999998     
   62.500000000000000        1.0531284965820111      -0.35064000000000001      -0.27246999999999999       5.42999999999999993E-003  9.13400000000000045E-002  0.27789999999999998     
   62.250000000000000        1.0475506882612993      -0.35508000000000001      -0.27374999999999999       5.55999999999999984E-003  9.01700000000000002E-002  0.27931000000000000     
   62.000000000000000        1.0420355127918348      -0.35931000000000002      -0.27509000000000000       5.79999999999999960E-003  8.90100000000000058E-002  0.28088999999999997     
   61.750000000000000        1.0365814879045478      -0.36334000000000000      -0.27649000000000001       6.15999999999999968E-003  8.78599999999999937E-002  0.28265000000000001     
   61.500000000000000        1.0311871763068714      -0.36719000000000002      -0.27794000000000002       6.62000000000000002E-003  8.67399999999999977E-002  0.28455999999999998     
   61.250000000000000        1.0258511839050852      -0.37085000000000001      -0.27944000000000002       7.17999999999999975E-003  8.56399999999999939E-002  0.28661999999999999     
   61.000000000000000        1.0205721581109972      -0.37435000000000002      -0.28098000000000001       7.84999999999999934E-003  8.45599999999999963E-002  0.28882999999999998     
   60.750000000000000        1.0153487862282633      -0.37769999999999998      -0.28255999999999998       8.60000000000000001E-003  8.35100000000000009E-002  0.29115999999999997     
   60.500000000000000        1.0101797939139427      -0.38089000000000001      -0.28416000000000002       9.44000000000000047E-003  8.24799999999999978E-002  0.29360000000000003     
   60.250000000000000        1.0050639437111659      -0.38394000000000000      -0.28580000000000000       1.03700000000000007E-002  8.14799999999999969E-002  0.29616999999999999     
   60.000000000000000        1.0000000336490449      -0.38685999999999998      -0.28744999999999998       1.13699999999999999E-002  8.05000000000000021E-002  0.29881999999999997     
   59.750000000000000       0.99498689590620693      -0.38966000000000001      -0.28910999999999998       1.24399999999999997E-002  7.95399999999999996E-002  0.30154999999999998     
   59.500000000000000       0.99002339553454166      -0.39234000000000002      -0.29078999999999999       1.35700000000000005E-002  7.86000000000000032E-002  0.30436000000000002     
   59.250000000000000       0.98510842923997155      -0.39490999999999998      -0.29247000000000001       1.47600000000000006E-002  7.76700000000000029E-002  0.30723000000000000     
   59.000000000000000       0.98024092421724396      -0.39737000000000000      -0.29415999999999998       1.60000000000000003E-002  7.67599999999999949E-002  0.31015999999999999     
   58.750000000000000       0.97541983703592194      -0.39972999999999997      -0.29585000000000000       1.72800000000000002E-002  7.58700000000000069E-002  0.31313000000000002     
   58.500000000000000       0.97064415257492132      -0.40199000000000001      -0.29753000000000002       1.85999999999999985E-002  7.49900000000000011E-002  0.31613000000000002     
   58.250000000000000       0.96591288300310196      -0.40415000000000001      -0.29920999999999998       1.99599999999999986E-002  7.41200000000000053E-002  0.31917000000000001     
   58.000000000000000       0.96122506680355879      -0.40622000000000003      -0.30087000000000003       2.13400000000000013E-002  7.32700000000000018E-002  0.32221000000000000     
   57.750000000000000       0.95657976783940157      -0.40819000000000000      -0.30253000000000002       2.27499999999999994E-002  7.24299999999999944E-002  0.32528000000000001     
   57.500000000000000       0.95197607445894206      -0.41006999999999999      -0.30417000000000000       2.41700000000000005E-002  7.15999999999999970E-002  0.32834000000000002     
   57.250000000000000       0.94741309863831702      -0.41184999999999999      -0.30579000000000001       2.56200000000000004E-002  7.07799999999999957E-002  0.33140999999999998     
   57.000000000000000       0.94288997515969897      -0.41354000000000002      -0.30739000000000000       2.70700000000000003E-002  6.99800000000000005E-002  0.33445999999999998     
   56.750000000000000       0.93840586082334254      -0.41513000000000000      -0.30897000000000002       2.85299999999999998E-002  6.91900000000000015E-002  0.33750000000000002     
   56.500000000000000       0.93395993369181618      -0.41661999999999999      -0.31052999999999997       2.99999999999999989E-002  6.84099999999999986E-002  0.34053000000000000     
   56.250000000000000       0.92955139236486140      -0.41800999999999999      -0.31206000000000000       3.14699999999999980E-002  6.76400000000000057E-002  0.34353000000000000     
   56.000000000000000       0.92517945528340284      -0.41930000000000001      -0.31357000000000002       3.29300000000000009E-002  6.68799999999999950E-002  0.34649999999999997     
   55.750000000000000       0.92084336006132139      -0.42048000000000002      -0.31505000000000000       3.44000000000000000E-002  6.61400000000000043E-002  0.34944999999999998     
   55.500000000000000       0.91654236284366797      -0.42155999999999999      -0.31651000000000001       3.58600000000000030E-002  6.54099999999999959E-002  0.35237000000000002     
   55.250000000000000       0.91227573769007742      -0.42254000000000003      -0.31794000000000000       3.73100000000000029E-002  6.46899999999999975E-002  0.35525000000000001     
   55.000000000000000       0.90804277598219907      -0.42342000000000002      -0.31934000000000001       3.87499999999999997E-002  6.39900000000000052E-002  0.35809000000000002     
   54.750000000000000       0.90384278585403033      -0.42420000000000002      -0.32069999999999999       4.01800000000000004E-002  6.32999999999999952E-002  0.36087999999999998     
   54.500000000000000       0.89967509164409376      -0.42488999999999999      -0.32203999999999999       4.15900000000000020E-002  6.26300000000000051E-002  0.36363000000000001     
   54.250000000000000       0.89553903336845653      -0.42548999999999998      -0.32335000000000003       4.29900000000000004E-002  6.19699999999999973E-002  0.36634000000000000     
   54.000000000000000       0.89143396621364279      -0.42601000000000000      -0.32462000000000002       4.43699999999999997E-002  6.13199999999999995E-002  0.36898999999999998     
   53.750000000000000       0.88735926004853483      -0.42645000000000000      -0.32586999999999999       4.57400000000000029E-002  6.06900000000000009E-002  0.37161000000000000     
   53.500000000000000       0.88331429895441260      -0.42682999999999999      -0.32707999999999998       4.70799999999999969E-002  6.00800000000000015E-002  0.37415999999999999     
   53.250000000000000       0.87929848077231665      -0.42714000000000002      -0.32826000000000000       4.83999999999999986E-002  5.94799999999999982E-002  0.37665999999999999     
   53.000000000000000       0.87531121666696521      -0.42740000000000000      -0.32940000000000003       4.97000000000000011E-002  5.89000000000000010E-002  0.37909999999999999     
   52.750000000000000       0.87135193070649397      -0.42762000000000000      -0.33051000000000003       5.09700000000000014E-002  5.83400000000000030E-002  0.38147999999999999     
   52.500000000000000       0.86742005945732381      -0.42779000000000000      -0.33159000000000000       5.22200000000000025E-002  5.77900000000000011E-002  0.38380999999999998     
   52.250000000000000       0.86351505159349251      -0.42792999999999998      -0.33263999999999999       5.34400000000000014E-002  5.72599999999999984E-002  0.38607999999999998     
   52.000000000000000       0.85963636751982619      -0.42803999999999998      -0.33365000000000000       5.46299999999999980E-002  5.67399999999999988E-002  0.38828000000000001     
   51.750000000000000       0.85578347900834917      -0.42813000000000001      -0.33461999999999997       5.57899999999999993E-002  5.62399999999999983E-002  0.39040999999999998     
   51.500000000000000       0.85195586884736429      -0.42819000000000002      -0.33556000000000002       5.57599999999999971E-002  5.69300000000000014E-002  0.39132000000000000     
   51.250000000000000       0.84815303050266300      -0.42823000000000000      -0.33646999999999999       5.53000000000000019E-002  5.80299999999999983E-002  0.39177000000000001     
   51.000000000000000       0.84437446779034697      -0.42825000000000002      -0.33733999999999997       5.48599999999999990E-002  5.90899999999999967E-002  0.39219999999999999     
   50.750000000000000       0.84061969456077290      -0.42826999999999998      -0.33817999999999998       5.44299999999999992E-002  6.01199999999999998E-002  0.39261000000000001     
   50.500000000000000       0.83688823439314863      -0.42826999999999998      -0.33898000000000000       5.40199999999999986E-002  6.11200000000000007E-002  0.39300000000000002     
   50.250000000000000       0.83317962030033754      -0.42825999999999997      -0.33975000000000000       5.36200000000000010E-002  6.20800000000000032E-002  0.39337000000000000     
   50.000000000000000       0.82949339444344139      -0.42825000000000002      -0.34048000000000000       5.32499999999999987E-002  6.30099999999999966E-002  0.39373000000000002     
   49.750000000000000       0.82582910785575958      -0.42823000000000000      -0.34117999999999998       5.28899999999999995E-002  6.38900000000000023E-002  0.39406999999999998     
   49.500000000000000       0.82218632017573356      -0.42820000000000003      -0.34183999999999998       5.25499999999999995E-002  6.47400000000000059E-002  0.39439000000000002     
   49.250000000000000       0.81856459938850701      -0.42817000000000000      -0.34247000000000000       5.22299999999999986E-002  6.55499999999999972E-002  0.39470000000000000     
   49.000000000000000       0.81496352157574936      -0.42814000000000002      -0.34305999999999998       5.19299999999999970E-002  6.63099999999999939E-002  0.39499000000000001     
   48.750000000000000       0.81138267067340353      -0.42810999999999999      -0.34361000000000003       5.16399999999999984E-002  6.70300000000000062E-002  0.39524999999999999     
   48.500000000000000       0.80782163823703412      -0.42808000000000002      -0.34412999999999999       5.13800000000000021E-002  6.77200000000000024E-002  0.39550999999999997     
   48.250000000000000       0.80428002321446923      -0.42803999999999998      -0.34461000000000003       5.11300000000000018E-002  6.83499999999999941E-002  0.39573999999999998     
   48.000000000000000       0.80075743172543956      -0.42801000000000000      -0.34505999999999998       5.09000000000000008E-002  6.89499999999999974E-002  0.39595999999999998     
   47.750000000000000       0.79725347684792980      -0.42798000000000003      -0.34547000000000000       5.06899999999999989E-002  6.94899999999999962E-002  0.39616000000000001     
   47.500000000000000       0.79376777841097601      -0.42795000000000000      -0.34584999999999999       5.04900000000000002E-002  7.00000000000000067E-002  0.39634000000000003     
   47.250000000000000       0.79029996279364645      -0.42792000000000002      -0.34619000000000000       5.03199999999999967E-002  7.04599999999999949E-002  0.39650999999999997     
   47.000000000000000       0.78684966272995749      -0.42788999999999999      -0.34649999999999997       5.01600000000000032E-002  7.08700000000000024E-002  0.39666000000000001     
   46.750000000000000       0.78341651711948912      -0.42786999999999997      -0.34677000000000002       5.00200000000000020E-002  7.12300000000000016E-002  0.39678999999999998     
   46.500000000000000       0.78000017084346973      -0.42785000000000001      -0.34699999999999998       4.98999999999999999E-002  7.15400000000000064E-002  0.39689999999999998     
   46.250000000000000       0.77660027458611014      -0.42782999999999999      -0.34720000000000001       4.97999999999999970E-002  7.18099999999999988E-002  0.39700000000000002     
   46.000000000000000       0.77321648466098036      -0.42781000000000002      -0.34736000000000000       4.97200000000000003E-002  7.20299999999999968E-002  0.39707999999999999     
   45.750000000000000       0.76984846284222430      -0.42780000000000001      -0.34748000000000001       4.96600000000000028E-002  7.22000000000000003E-002  0.39713999999999999     
   45.500000000000000       0.76649587620041937      -0.42779000000000000      -0.34756999999999999       4.96100000000000013E-002  7.23300000000000054E-002  0.39717999999999998     
   45.250000000000000       0.76315839694289456      -0.42779000000000000      -0.34762999999999999       4.95799999999999991E-002  7.24000000000000060E-002  0.39721000000000001     
   45.000000000000000       0.75983570225832975      -0.42779000000000000      -0.34764000000000000       4.95700000000000029E-002  7.24199999999999983E-002  0.39721000000000001     
   45.000000000000000       0.75983570225832975      -0.42779000000000000      -0.34764000000000000       4.95700000000000029E-002  7.24199999999999983E-002  0.39721000000000001     
   44.750000000000000       0.75652747416546084      -0.42779000000000000      -0.34762999999999999       4.95799999999999991E-002  7.24000000000000060E-002  0.39721000000000001     
   44.500000000000000       0.75323339936572720      -0.42779000000000000      -0.34756999999999999       4.96100000000000013E-002  7.23300000000000054E-002  0.39717999999999998     
   44.250000000000000       0.74995316909970178      -0.42780000000000001      -0.34748000000000001       4.96600000000000028E-002  7.22000000000000003E-002  0.39713999999999999     
   44.000000000000000       0.74668647900714824      -0.42781000000000002      -0.34736000000000000       4.97200000000000003E-002  7.20299999999999968E-002  0.39707999999999999     
   43.750000000000000       0.74343302899055930      -0.42782999999999999      -0.34720000000000001       4.97999999999999970E-002  7.18099999999999988E-002  0.39700000000000002     
   43.500000000000000       0.74019252308203054      -0.42785000000000001      -0.34699999999999998       4.98999999999999999E-002  7.15400000000000064E-002  0.39689999999999998     
   43.250000000000000       0.73696466931333482      -0.42786999999999997      -0.34677000000000002       5.00200000000000020E-002  7.12300000000000016E-002  0.39678999999999998     
   43.000000000000000       0.73374917958905994      -0.42788999999999999      -0.34649999999999997       5.01600000000000032E-002  7.08700000000000024E-002  0.39666000000000001     
   42.750000000000000       0.73054576956268569      -0.42792000000000002      -0.34619000000000000       5.03199999999999967E-002  7.04599999999999949E-002  0.39650999999999997     
   42.500000000000000       0.72735415851547003      -0.42795000000000000      -0.34584999999999999       5.04900000000000002E-002  7.00000000000000067E-002  0.39634000000000003     
   42.250000000000000       0.72417406923802852      -0.42798000000000003      -0.34547000000000000       5.06899999999999989E-002  6.94899999999999962E-002  0.39616000000000001     
   42.000000000000000       0.72100522791448773      -0.42801000000000000      -0.34505999999999998       5.09000000000000008E-002  6.89499999999999974E-002  0.39595999999999998     
   41.750000000000000       0.71784736400909988      -0.42803999999999998      -0.34461000000000003       5.11300000000000018E-002  6.83499999999999941E-002  0.39573999999999998     
   41.500000000000000       0.71470021015520846      -0.42808000000000002      -0.34412999999999999       5.13800000000000021E-002  6.77200000000000024E-002  0.39550999999999997     
   41.250000000000000       0.71156350204645979      -0.42810999999999999      -0.34361000000000003       5.16399999999999984E-002  6.70300000000000062E-002  0.39524999999999999     
   41.000000000000000       0.70843697833015451      -0.42814000000000002      -0.34305999999999998       5.19299999999999970E-002  6.63099999999999939E-002  0.39499000000000001     
   40.750000000000000       0.70532038050263912      -0.42817000000000000      -0.34247000000000000       5.22299999999999986E-002  6.55499999999999972E-002  0.39470000000000000     
   40.500000000000000       0.70221345280664171      -0.42820000000000003      -0.34183999999999998       5.25499999999999995E-002  6.47400000000000059E-002  0.39439000000000002     
   40.250000000000000       0.69911594213045092      -0.42823000000000000      -0.34117999999999998       5.28899999999999995E-002  6.38900000000000023E-002  0.39406999999999998     
   40.000000000000000       0.69602759790885060      -0.42825000000000002      -0.34048000000000000       5.32499999999999987E-002  6.30099999999999966E-002  0.39373000000000002     
   39.750000000000000       0.69294817202571524      -0.42825999999999997      -0.33975000000000000       5.36200000000000010E-002  6.20800000000000032E-002  0.39337000000000000     
   39.500000000000000       0.68987741871817743      -0.42826999999999998      -0.33898000000000000       5.40199999999999986E-002  6.11200000000000007E-002  0.39300000000000002     
   39.250000000000000       0.68681509448228206      -0.42826999999999998      -0.33817999999999998       5.44299999999999992E-002  6.01199999999999998E-002  0.39261000000000001     
   39.000000000000000       0.68376095798003989      -0.42825000000000002      -0.33733999999999997       5.48599999999999990E-002  5.90899999999999967E-002  0.39219999999999999     
   38.750000000000000       0.68071476994779589      -0.42823000000000000      -0.33646999999999999       5.53000000000000019E-002  5.80299999999999983E-002  0.39177000000000001     
   38.500000000000000       0.67767629310583211      -0.42819000000000002      -0.33556000000000002       5.57599999999999971E-002  5.69300000000000014E-002  0.39132000000000000     
   38.250000000000000       0.67464529206912238      -0.42813000000000001      -0.33461999999999997       5.57899999999999993E-002  5.62399999999999983E-002  0.39040999999999998     
   38.000000000000000       0.67162153325915808      -0.42803999999999998      -0.33365000000000000       5.46299999999999980E-002  5.67399999999999988E-002  0.38828000000000001     
   37.750000000000000       0.66860478481676788      -0.42792999999999998      -0.33263999999999999       5.34400000000000014E-002  5.72599999999999984E-002  0.38607999999999998     
   37.500000000000000       0.66559481651585173      -0.42779000000000000      -0.33159000000000000       5.22200000000000025E-002  5.77900000000000011E-002  0.38380999999999998     
   37.250000000000000       0.66259139967795155      -0.42762000000000000      -0.33051000000000003       5.09700000000000014E-002  5.83400000000000030E-002  0.38147999999999999     
   37.000000000000000       0.65959430708758449      -0.42740000000000000      -0.32940000000000003       4.97000000000000011E-002  5.89000000000000010E-002  0.37909999999999999     
   36.750000000000000       0.65660331290825846      -0.42714000000000002      -0.32826000000000000       4.83999999999999986E-002  5.94799999999999982E-002  0.37665999999999999     
   36.500000000000000       0.65361819259909770      -0.42682999999999999      -0.32707999999999998       4.70799999999999969E-002  6.00800000000000015E-002  0.37415999999999999     
   36.250000000000000       0.65063872283200119      -0.42645000000000000      -0.32586999999999999       4.57400000000000029E-002  6.06900000000000009E-002  0.37161000000000000     
   36.000000000000000       0.64766468140925815      -0.42601000000000000      -0.32462000000000002       4.43699999999999997E-002  6.13199999999999995E-002  0.36898999999999998     
   35.750000000000000       0.64469584718154593      -0.42548999999999998      -0.32335000000000003       4.29900000000000004E-002  6.19699999999999973E-002  0.36634000000000000     
   35.500000000000000       0.64173199996623487      -0.42488999999999999      -0.32203999999999999       4.15900000000000020E-002  6.26300000000000051E-002  0.36363000000000001     
   35.250000000000000       0.63877292046592293      -0.42420000000000002      -0.32069999999999999       4.01800000000000004E-002  6.32999999999999952E-002  0.36087999999999998     
   35.000000000000000       0.63581839018712483      -0.42342000000000002      -0.31934000000000001       3.87499999999999997E-002  6.39900000000000052E-002  0.35809000000000002     
   34.750000000000000       0.63286819135903882      -0.42254000000000003      -0.31794000000000000       3.73100000000000029E-002  6.46899999999999975E-002  0.35525000000000001     
   34.500000000000000       0.62992210685231265      -0.42155999999999999      -0.31651000000000001       3.58600000000000030E-002  6.54099999999999959E-002  0.35237000000000002     
   34.250000000000000       0.62697992009773107      -0.42048000000000002      -0.31505000000000000       3.44000000000000000E-002  6.61400000000000043E-002  0.34944999999999998     
   34.000000000000000       0.62404141500474464      -0.41930000000000001      -0.31357000000000002       3.29300000000000009E-002  6.68799999999999950E-002  0.34649999999999997     
   33.750000000000000       0.62110637587975959      -0.41800999999999999      -0.31206000000000000       3.14699999999999980E-002  6.76400000000000057E-002  0.34353000000000000     
   33.500000000000000       0.61817458734410646      -0.41661999999999999      -0.31052999999999997       2.99999999999999989E-002  6.84099999999999986E-002  0.34053000000000000     
   33.250000000000000       0.61524583425160395      -0.41513000000000000      -0.30897000000000002       2.85299999999999998E-002  6.91900000000000015E-002  0.33750000000000002     
   33.000000000000000       0.61231990160563299      -0.41354000000000002      -0.30739000000000000       2.70700000000000003E-002  6.99800000000000005E-002  0.33445999999999998     
   32.750000000000000       0.60939657447563289      -0.41184999999999999      -0.30579000000000001       2.56200000000000004E-002  7.07799999999999957E-002  0.33140999999999998     
   32.500000000000000       0.60647563791293169      -0.41006999999999999      -0.30417000000000000       2.41700000000000005E-002  7.15999999999999970E-002  0.32834000000000002     
   32.250000000000000       0.60355687686581816      -0.40819000000000000      -0.30253000000000002       2.27499999999999994E-002  7.24299999999999944E-002  0.32528000000000001     
   32.000000000000000       0.60064007609376124      -0.40622000000000003      -0.30087000000000003       2.13400000000000013E-002  7.32700000000000018E-002  0.32221000000000000     
   31.750000000000000       0.59772502008068074      -0.40415000000000001      -0.29920999999999998       1.99599999999999986E-002  7.41200000000000053E-002  0.31917000000000001     
   31.500000000000000       0.59481149294717062      -0.40199000000000001      -0.29753000000000002       1.85999999999999985E-002  7.49900000000000011E-002  0.31613000000000002     
   31.250000000000000       0.59189927836156764      -0.39972999999999997      -0.29585000000000000       1.72800000000000002E-002  7.58700000000000069E-002  0.31313000000000002     
   31.000000000000000       0.58898815944976501      -0.39737000000000000      -0.29415999999999998       1.60000000000000003E-002  7.67599999999999949E-002  0.31015999999999999     
   30.750000000000000       0.58607791870365555      -0.39490999999999998      -0.29247000000000001       1.47600000000000006E-002  7.76700000000000029E-002  0.30723000000000000     
   30.500000000000000       0.58316833788809341      -0.39234000000000002      -0.29078999999999999       1.35700000000000005E-002  7.86000000000000032E-002  0.30436000000000002     
   30.250000000000000       0.58025919794625369      -0.38966000000000001      -0.28910999999999998       1.24399999999999997E-002  7.95399999999999996E-002  0.30154999999999998     
   30.000000000000000       0.57735027890326807      -0.38685999999999998      -0.28744999999999998       1.13699999999999999E-002  8.05000000000000021E-002  0.29881999999999997     
   29.750000000000000       0.57444135976800692      -0.38394000000000000      -0.28580000000000000       1.03700000000000007E-002  8.14799999999999969E-002  0.29616999999999999     
   29.500000000000000       0.57153221843287527      -0.38089000000000001      -0.28416000000000002       9.44000000000000047E-003  8.24799999999999978E-002  0.29360000000000003     
   29.250000000000000       0.56862263157148163      -0.37769999999999998      -0.28255999999999998       8.60000000000000001E-003  8.35100000000000009E-002  0.29115999999999997     
   29.000000000000000       0.56571237453403433      -0.37435000000000002      -0.28098000000000001       7.84999999999999934E-003  8.45599999999999963E-002  0.28882999999999998     
   28.750000000000000       0.56280122124031395      -0.37085000000000001      -0.27944000000000002       7.17999999999999975E-003  8.56399999999999939E-002  0.28661999999999999     
   28.500000000000000       0.55988894407005929      -0.36719000000000002      -0.27794000000000002       6.62000000000000002E-003  8.67399999999999977E-002  0.28455999999999998     
   28.250000000000000       0.55697531375060216      -0.36334000000000000      -0.27649000000000001       6.15999999999999968E-003  8.78599999999999937E-002  0.28265000000000001     
   28.000000000000000       0.55406009924157285      -0.35931000000000002      -0.27509000000000000       5.79999999999999960E-003  8.90100000000000058E-002  0.28088999999999997     
   27.750000000000000       0.55114306761649301      -0.35508000000000001      -0.27374999999999999       5.55999999999999984E-003  9.01700000000000002E-002  0.27931000000000000     
   27.500000000000000       0.54822398394106098      -0.35064000000000001      -0.27246999999999999       5.42999999999999993E-003  9.13400000000000045E-002  0.27789999999999998     
   27.250000000000000       0.54530261114792489      -0.34599999999999997      -0.27126000000000000       5.42000000000000034E-003  9.25099999999999950E-002  0.27667999999999998     
   27.000000000000000       0.54237870990772830      -0.34112999999999999      -0.27013999999999999       5.53000000000000019E-003  9.36599999999999933E-002  0.27567000000000003     
   26.750000000000000       0.53945203849620049      -0.33606000000000003      -0.26912000000000003       5.76999999999999996E-003  9.47800000000000031E-002  0.27489000000000002     
   26.500000000000000       0.53652235265705239      -0.33076000000000000      -0.26818999999999998       6.15000000000000008E-003  9.58399999999999946E-002  0.27433999999999997     
   26.250000000000000       0.53358940546042311      -0.32527000000000000      -0.26739000000000002       6.66999999999999971E-003  9.68200000000000033E-002  0.27406000000000003     
   26.000000000000000       0.53065294715660993      -0.31957999999999998      -0.26671000000000000       7.32999999999999971E-003  9.76899999999999991E-002  0.27404000000000001     
   25.750000000000000       0.52771272502479782      -0.31373000000000001      -0.26617000000000002       8.14999999999999926E-003  9.84000000000000014E-002  0.27432000000000001     
   25.500000000000000       0.52476848321648584      -0.30775000000000002      -0.26578000000000002       9.11999999999999963E-003  9.89300000000000040E-002  0.27489999999999998     
   25.250000000000000       0.52181996259329522      -0.30164999999999997      -0.26555000000000001       1.02600000000000000E-002  9.92200000000000026E-002  0.27581000000000000     
   25.000000000000000       0.51886690055881535      -0.29548999999999997      -0.26549000000000000       1.15700000000000004E-002  9.92600000000000010E-002  0.27705999999999997     
   24.750000000000000       0.51590903088413309      -0.28928999999999999      -0.26560000000000000       1.30399999999999995E-002  9.90000000000000047E-002  0.27864000000000000     
   24.500000000000000       0.51294608352666027      -0.28306999999999999      -0.26585999999999999       1.46800000000000003E-002  9.84399999999999997E-002  0.28054000000000001     
   24.250000000000000       0.50997778444185260      -0.27688000000000001      -0.26629000000000003       1.64800000000000016E-002  9.75700000000000039E-002  0.28277000000000002     
   24.000000000000000       0.50700385538738835      -0.27071000000000001      -0.26688000000000001       1.84299999999999985E-002  9.63799999999999935E-002  0.28531000000000001     
   23.750000000000000       0.50402401371934424      -0.26761000000000001      -0.26457000000000003       2.05200000000000000E-002  9.49099999999999944E-002  0.28509000000000001     
   23.500000000000000       0.50103797217987622      -0.26848000000000000      -0.25847999999999999       2.27499999999999994E-002  9.31499999999999967E-002  0.28122999999999998     
   23.250000000000000       0.49804543867587991      -0.26948000000000000      -0.25241000000000002       2.51000000000000008E-002  9.11399999999999988E-002  0.27750999999999998     
   23.000000000000000       0.49504611604806875      -0.27061000000000002      -0.24637999999999999       2.75500000000000016E-002  8.89199999999999990E-002  0.27393000000000001     
   22.750000000000000       0.49203970182987000      -0.27185999999999999      -0.24037000000000000       3.01100000000000013E-002  8.65100000000000036E-002  0.27048000000000000     
   22.500000000000000       0.48902588799549546      -0.27323999999999998      -0.23436999999999999       3.27399999999999983E-002  8.39400000000000007E-002  0.26711000000000001     
   22.250000000000000       0.48600436069649899      -0.27473999999999998      -0.22836999999999999       3.54300000000000032E-002  8.12599999999999989E-002  0.26379999999999998     
   22.000000000000000       0.48297479998608267      -0.27639000000000002      -0.22234999999999999       3.81700000000000025E-002  7.85000000000000003E-002  0.26051999999999997     
   21.750000000000000       0.47993687953036013      -0.27817999999999998      -0.21632000000000001       4.09199999999999980E-002  7.57199999999999956E-002  0.25724000000000002     
   21.500000000000000       0.47689026630572684      -0.28014000000000000      -0.21026000000000000       4.36500000000000013E-002  7.29500000000000010E-002  0.25391000000000002     
   21.250000000000000       0.47383462028142359      -0.28228999999999999      -0.20413999999999999       4.63000000000000009E-002  7.02699999999999991E-002  0.25044000000000000     
   21.000000000000000       0.47076959408630886      -0.28466999999999998      -0.19796000000000000       4.88099999999999992E-002  6.77399999999999947E-002  0.24676999999999999     
   20.750000000000000       0.46769483265878409      -0.28732999999999997      -0.19169000000000000       5.10400000000000020E-002  6.54499999999999943E-002  0.24273000000000000     
   20.500000000000000       0.46460997287872730      -0.29033999999999999      -0.18529000000000001       5.28399999999999981E-002  6.35199999999999931E-002  0.23813000000000001     
   20.250000000000000       0.46151464318020630      -0.29376999999999998      -0.17871999999999999       5.39600000000000010E-002  6.20700000000000002E-002  0.23268000000000000     
   20.000000000000000       0.45840846314364242      -0.29774000000000000      -0.17190000000000000       5.40700000000000000E-002  6.12600000000000020E-002  0.22597000000000000     
   19.750000000000000       0.45529104306598517      -0.30237999999999998      -0.16477000000000000       5.27600000000000013E-002  6.12699999999999981E-002  0.21753000000000000     
   19.500000000000000       0.45216198350734593      -0.30784000000000000      -0.15726000000000001       4.97000000000000011E-002  6.22699999999999990E-002  0.20696000000000001     
   19.250000000000000       0.44902087481240505      -0.31426999999999999      -0.14935999999999999       4.47499999999999981E-002  6.43800000000000067E-002  0.19411000000000000     
   19.000000000000000       0.44586729660476643      -0.32178000000000001      -0.14119999999999999       3.81799999999999987E-002  6.76400000000000057E-002  0.17938000000000001     
   18.750000000000000       0.44270081725227745      -0.33034000000000002      -0.13306000000000001       3.06200000000000014E-002  7.19100000000000017E-002  0.16367999999999999     
   18.500000000000000       0.43952099330116196      -0.33971000000000001      -0.12540000000000001       2.28100000000000004E-002  7.69299999999999984E-002  0.14821000000000001     
   18.250000000000000       0.43632736887662232      -0.34948000000000001      -0.11872000000000001       1.53899999999999992E-002  8.23699999999999988E-002  0.13411000000000001     
   18.000000000000000       0.43311947504735931      -0.35916999999999999      -0.11337999999999999       8.64999999999999970E-003  8.79999999999999949E-002  0.12203000000000000     
   17.750000000000000       0.42989682915123001      -0.36836000000000002      -0.10958000000000000       2.56999999999999980E-003  9.37299999999999939E-002  0.11215000000000000     
   17.500000000000000       0.42665893407900496      -0.37678000000000000      -0.10732999999999999      -3.04000000000000017E-003  9.96299999999999963E-002  0.10428999999999999     
   17.250000000000000       0.42340527751290741      -0.38435000000000002      -0.10652000000000000      -8.38999999999999989E-003  0.10576000000000001       9.81299999999999950E-002
   17.000000000000000       0.42013533111630319      -0.39113999999999999      -0.10691000000000001      -1.36600000000000003E-002  0.11218000000000000       9.32499999999999996E-002
   16.750000000000000       0.41684854967056112      -0.39734000000000003      -0.10823000000000001      -1.89399999999999985E-002  0.11888000000000000       8.92899999999999944E-002
   16.500000000000000       0.41354437015471773      -0.40312999999999999      -0.11022000000000000      -2.42500000000000007E-002  0.12583000000000000       8.59700000000000047E-002
   16.250000000000000       0.41022221076315113      -0.40866999999999998      -0.11267000000000001      -2.95799999999999987E-002  0.13297999999999999       8.30899999999999972E-002
   16.000000000000000       0.40688146985598445      -0.41408000000000000      -0.11545000000000000      -3.49199999999999997E-002  0.14029000000000000       8.05300000000000044E-002
   15.750000000000000       0.40352152483640419      -0.41943000000000003      -0.11842999999999999      -4.02399999999999980E-002  0.14773000000000000       7.81899999999999956E-002
   15.500000000000000       0.40014173094847860      -0.42477999999999999      -0.12156000000000000      -4.55199999999999980E-002  0.15528000000000000       7.60399999999999965E-002
   15.250000000000000       0.39674141998838264      -0.43015999999999999      -0.12477000000000001      -5.07400000000000004E-002  0.16291000000000000       7.40299999999999986E-002
   15.000000000000000       0.39331989892118169      -0.43559999999999999      -0.12803999999999999      -5.58900000000000022E-002  0.17061999999999999       7.21500000000000058E-002
   14.750000000000000       0.38987644839447261      -0.44112000000000001      -0.13134000000000001      -6.09499999999999972E-002  0.17838999999999999       7.03899999999999942E-002
   14.500000000000000       0.38641032113921558      -0.44672000000000001      -0.13464000000000001      -6.59200000000000064E-002  0.18623000000000001       6.87200000000000033E-002
   14.250000000000000       0.38292074024700901      -0.45241999999999999      -0.13791999999999999      -7.07900000000000057E-002  0.19411000000000000       6.71299999999999952E-002
   14.000000000000000       0.37940689731182314      -0.45823000000000003      -0.14118000000000000      -7.55399999999999960E-002  0.20205999999999999       6.56400000000000039E-002
   13.750000000000000       0.37586795042281695      -0.46415000000000001      -0.14440000000000000      -8.01800000000000013E-002  0.21004999999999999       6.42199999999999993E-002
   13.500000000000000       0.37230302199327187      -0.47017999999999999      -0.14757000000000001      -8.46900000000000014E-002  0.21809000000000001       6.28800000000000053E-002
   13.250000000000000       0.36871119640886968      -0.47632999999999998      -0.15068000000000001      -8.90800000000000064E-002  0.22619000000000000       6.16000000000000020E-002
   13.000000000000000       0.36509151747647400      -0.48259000000000002      -0.15372000000000000      -9.33299999999999963E-002  0.23435000000000000       6.03899999999999992E-002
   12.750000000000000       0.36144298565221100      -0.48896000000000001      -0.15669000000000000      -9.74499999999999950E-002  0.24257000000000001       5.92400000000000010E-002
   12.500000000000000       0.35776455502492738      -0.49546000000000001      -0.15958000000000000      -0.10145000000000000       0.25086999999999998       5.81300000000000011E-002
   12.250000000000000       0.35405513002798283      -0.50205999999999995      -0.16239000000000001      -0.10530000000000000       0.25923000000000002       5.70900000000000019E-002
   12.000000000000000       0.35031356184872481      -0.50876999999999994      -0.16511000000000001      -0.10902000000000001       0.26768999999999998       5.60900000000000010E-002
   11.750000000000000       0.34653864450082428      -0.51558999999999999      -0.16774000000000000      -0.11261000000000000       0.27623999999999999       5.51299999999999985E-002
   11.500000000000000       0.34272911051981081      -0.52251000000000003      -0.17027999999999999      -0.11606000000000000       0.28488999999999998       5.42199999999999974E-002
   11.250000000000000       0.33888362623650670      -0.52951999999999999      -0.17271000000000000      -0.11939000000000000       0.29365999999999998       5.33199999999999993E-002
   11.000000000000000       0.33500078657648524      -0.53661999999999999      -0.17505999999999999      -0.12257999999999999       0.30256000000000000       5.24799999999999989E-002
   10.750000000000000       0.33107910932596624      -0.54379999999999995      -0.17730000000000001      -0.12565000000000001       0.31159999999999999       5.16500000000000015E-002
   10.500000000000000       0.32711702879550453      -0.55106999999999995      -0.17943000000000001      -0.12859000000000001       0.32079000000000002       5.08400000000000032E-002
   10.250000000000000       0.32311288880213562      -0.55840000000000001      -0.18146999999999999      -0.13141000000000000       0.33015000000000000       5.00600000000000003E-002
   10.000000000000000       0.31906493487798943      -0.56579999999999997      -0.18340999999999999      -0.13411000000000001       0.33970000000000000       4.92999999999999966E-002
   9.7500000000000000       0.31497130559833353      -0.57325000000000004      -0.18523999999999999      -0.13669000000000001       0.34944999999999998       4.85500000000000029E-002
   9.5000000000000000       0.31083002290405076      -0.58076000000000005      -0.18697000000000000      -0.13916000000000001       0.35941000000000001       4.78099999999999983E-002
   9.2500000000000000       0.30663898127202549      -0.58831000000000000      -0.18861000000000000      -0.14152000000000001       0.36960999999999999       4.70899999999999999E-002
   9.0000000000000000       0.30239593556098865      -0.59589999999999999      -0.19014000000000000      -0.14377000000000001       0.38005000000000000       4.63700000000000015E-002
   8.7500000000000000       0.29809848732900202      -0.60351999999999995      -0.19156999999999999      -0.14591999999999999       0.39077000000000001       4.56500000000000031E-002
   8.5000000000000000       0.29374406938062309      -0.61116000000000004      -0.19289999999999999      -0.14796000000000001       0.40177000000000002       4.49400000000000008E-002
   8.2500000000000000       0.28932992825516618      -0.61880999999999997      -0.19413000000000000      -0.14990999999999999       0.41308000000000000       4.42200000000000024E-002
   8.0000000000000000       0.28485310431016619      -0.62648000000000004      -0.19527000000000000      -0.15176000000000001       0.42471999999999999       4.35100000000000001E-002
   7.7500000000000000       0.28031040898329512      -0.63414999999999999      -0.19631000000000001      -0.15351999999999999       0.43672000000000000       4.27900000000000016E-002
   7.5000000000000000       0.27569839872782342      -0.64181999999999995      -0.19725999999999999      -0.15518999999999999       0.44907999999999998       4.20700000000000032E-002
   7.2500000000000000       0.27101334500631991      -0.64946999999999999      -0.19811000000000001      -0.15678000000000000       0.46184999999999998       4.13299999999999987E-002
   7.0000000000000000       0.26625119958804888      -0.65710999999999997      -0.19886999999999999      -0.15828000000000000       0.47503000000000001       4.05900000000000011E-002
   6.7500000000000000       0.26140755421862366      -0.66473000000000004      -0.19955000000000001      -0.15970000000000001       0.48866999999999999       3.98499999999999965E-002
   6.5000000000000000       0.25647759350390792      -0.67232000000000003      -0.20014000000000001      -0.16103999999999999       0.50278000000000000       3.91000000000000028E-002
   6.2500000000000000       0.25145603955751983      -0.67986999999999997      -0.20064000000000001      -0.16231000000000001       0.51739999999999997       3.83300000000000030E-002
   6.0000000000000000       0.24633708657984518      -0.68738999999999995      -0.20105999999999999      -0.16350999999999999       0.53256000000000003       3.75500000000000000E-002
