5.0 0.22474786951272291 -1.04116 -1.04007 -0.74226 -0.74225 -0.21172 -0.17320 -0.12349 0.00657 0.65848 0.65919 1.53047 1.62057 .04971
5.25 0.23032811073355966 -1.02373 -1.02146 -0.73756 -0.73756 -0.21744 -0.17710 -0.12712 0.01031 0.64678 0.64771 1.48572 1.58217 .04998
5.50 0.23578063841929153 -1.00838 -1.00245 -0.73302 -0.73298 -0.22289 -0.18072 -0.13050 0.01419 0.63570 0.63689 1.44405 1.54682 .05022
5.75 0.24111432303437602 -0.99392 -0.98408 -0.72860 -0.72851 -0.22808 -0.18408 -0.13364 0.01817 0.62518 0.62668 1.40512 1.51415 .05044
6.00 0.24633708657984518 -0.98030 -0.96631 -0.72429 -0.72413 -0.23305 -0.18720 -0.13656 0.02222 0.61518 0.61705 1.36864 1.48387 .05064
6.25 0.25145603955751983 -0.96745 -0.94912 -0.72010 -0.71982 -0.23780 -0.19008 -0.13926 0.02630 0.60566 0.60795 1.33435 1.45571 .05082
6.50 0.25647759350390792 -0.95532 -0.93250 -0.71601 -0.71556 -0.24237 -0.19273 -0.14176 0.03039 0.59657 0.59935 1.30202 1.42944 .05097
6.75 0.26140755421862366 -0.94389 -0.91644 -0.71201 -0.71133 -0.24678 -0.19515 -0.14404 0.03445 0.58787 0.59121 1.27146 1.40484 .05111
7.00 0.26625119958804888 -0.93316 -0.90099 -0.70810 -0.70710 -0.25107 -0.19733 -0.14611 0.03843 0.57953 0.58350 1.24245 1.38169 .05122
7.25 0.27101334500631991 -0.92319 -0.88625 -0.70429 -0.70287 -0.25531 -0.19924 -0.14789 0.04221 0.57150 0.57618 1.21473 1.35973 .05135
7.50 0.27569839872782342 -0.91429 -0.87258 -0.70061 -0.69863 -0.25971 -0.20075 -0.14923 0.04549 0.56373 0.56920 1.18782 1.33844 .05152
7.75 0.28031040898329512 -0.90759 -0.86117 -0.69716 -0.69449 -0.26493 -0.20143 -0.14951 0.04731 0.55609 0.56241 1.16036 1.31640 .05192
8.00 0.28485310431016619 -0.90373 -0.85269 -0.69401 -0.69052 -0.27138 -0.20102 -0.14837 0.04708 0.54848 0.55569 1.13152 1.29276 .05265
8.25 0.28932992825516618 -0.90048 -0.84491 -0.69066 -0.68662 -0.27778 -0.20014 -0.14714 0.04660 0.54125 0.54941 1.10357 1.26984 .05300
8.50 0.29374406938062309 -0.89881 -0.83869 -0.68809 -0.68248 -0.28485 -0.19917 -0.14476 0.04506 0.53381 0.54300 1.07542 1.24654 .05441
8.75 0.29809848732900202 -0.89687 -0.83235 -0.68524 -0.67830 -0.29143 -0.19805 -0.14273 0.04392 0.52680 0.53708 1.04887 1.22470 .05532
9.00 0.30239593556098865 -0.89519 -0.82639 -0.68244 -0.67397 -0.29787 -0.19683 -0.14059 0.04274 0.51999 0.53143 1.02330 1.20368 .05624
9.25 0.30663898127202549 -0.89375 -0.82080 -0.67971 -0.66950 -0.30418 -0.19552 -0.13835 0.04152 0.51337 0.52604 0.99865 1.18343 .05717
9.50 0.31083002290405076 -0.89252 -0.81557 -0.67703 -0.66487 -0.31037 -0.19411 -0.13599 0.04026 0.50692 0.52090 0.97488 1.16390 .05812
9.75 0.31497130559833353 -0.89150 -0.81070 -0.67441 -0.66008 -0.31645 -0.19262 -0.13352 0.03894 0.50063 0.51600 0.95193 1.14502 .05910
10.00 0.31906493487798943 -0.89067 -0.80620 -0.67184 -0.65513 -0.32243 -0.19103 -0.13094 0.03756 0.49450 0.51131 0.92974 1.12674 .06009
10.25 0.32311288880213562 -0.89003 -0.80206 -0.66934 -0.65003 -0.32831 -0.18936 -0.12825 0.03611 0.48850 0.50683 0.90827 1.10901 .06111
10.50 0.32711702879550453 -0.88956 -0.79827 -0.66689 -0.64478 -0.33410 -0.18759 -0.12544 0.03459 0.48264 0.50254 0.88749 1.09180 .06215
10.75 0.33107910932596624 -0.88926 -0.79482 -0.66450 -0.63939 -0.33981 -0.18575 -0.12251 0.03299 0.47690 0.49844 0.86734 1.07506 .06324
11.00 0.33500078657648524 -0.88912 -0.79169 -0.66216 -0.63387 -0.34545 -0.18382 -0.11946 0.03131 0.47128 0.49451 0.84780 1.05876 .06436
11.25 0.33888362623650670 -0.88914 -0.78887 -0.65988 -0.62824 -0.35101 -0.18181 -0.11628 0.02955 0.46576 0.49074 0.82885 1.04286 .06553
11.50 0.34272911051981081 -0.88929 -0.78634 -0.65766 -0.62252 -0.35650 -0.17973 -0.11299 0.02770 0.46034 0.48712 0.81045 1.02734 .06674
11.75 0.34653864450082428 -0.88957 -0.78407 -0.65550 -0.61671 -0.36192 -0.17758 -0.10957 0.02576 0.45502 0.48363 0.79259 1.01218 .06801
12.00 0.35031356184872481 -0.88996 -0.78206 -0.65338 -0.61082 -0.36725 -0.17538 -0.10603 0.02375 0.44978 0.48027 0.77527 0.99737 .06935
12.25 0.35405513002798283 -0.89042 -0.78025 -0.65132 -0.60486 -0.37247 -0.17314 -0.10237 0.02168 0.44463 0.47702 0.75850 0.98292 .07077
12.50 0.35776455502492738 -0.89090 -0.77860 -0.64930 -0.59882 -0.37755 -0.17090 -0.09862 0.01956 0.43956 0.47388 0.74232 0.96886 .07228
12.75 0.36144298565221100 -0.89131 -0.77704 -0.64732 -0.59269 -0.38241 -0.16872 -0.09478 0.01745 0.43457 0.47085 0.72682 0.95527 .07394
13.00 0.36509151747647400 -0.89147 -0.77546 -0.64534 -0.58638 -0.38688 -0.16670 -0.09090 0.01544 0.42967 0.46793 0.71218 0.94231 .07580
13.25 0.36871119640886968 -0.89109 -0.77368 -0.64333 -0.57978 -0.39074 -0.16504 -0.08703 0.01365 0.42485 0.46517 0.69872 0.93028 .07801
13.50 0.37230302199327187 -0.88981 -0.77151 -0.64125 -0.57273 -0.39365 -0.16397 -0.08323 0.01226 0.42013 0.46262 0.68685 0.91954 .08074
13.75 0.37586795042281695 -0.88744 -0.76885 -0.63904 -0.56510 -0.39545 -0.16365 -0.07949 0.01132 0.41551 0.46030 0.67678 0.91032 .08416
14.00 0.37940689731182314 -0.88411 -0.76586 -0.63673 -0.55693 -0.39621 -0.16408 -0.07571 0.01076 0.41095 0.45823 0.66839 0.90247 .08837
14.25 0.38292074024700901 -0.88009 -0.76274 -0.63433 -0.54834 -0.39620 -0.16512 -0.07174 0.01039 0.40641 0.45634 0.66134 0.89567 .09338
14.50 0.38641032113921558 -0.87567 -0.75968 -0.63189 -0.53946 -0.39563 -0.16668 -0.06745 0.01007 0.40186 0.45460 0.65533 0.88963 .09923
14.75 0.38987644839447261
15.00 0.39331989892118169 -0.88592 -0.76261 -0.62778 -0.53493 -0.41030 -0.15693 -0.05226 -0.00171 0.39420 0.44895 0.62149 0.85721 .10467
15.25 0.39674141998838264 -0.86172 -0.75188 -0.62438 -0.51233 -0.39203 -0.17394 -0.05161 0.00847 0.38781 0.44994 0.64161 0.87411 .12233
15.50 0.40014173094847860 -0.87199 -0.75437 -0.62136 -0.51660 -0.40328 -0.16514 -0.03930 -0.00232 0.38564 0.44751 0.61829 0.85262 .12584
15.75 0.40352152483640419 -0.86597 -0.75126 -0.61829 -0.50794 -0.40040 -0.16921 -0.03149 -0.00343 0.38108 0.44672 0.61649 0.84976 .13772
16.00 0.40688146985598445 -0.86025 -0.74861 -0.61525 -0.49951 -0.39769 -0.17342 -0.02274 -0.00495 0.37633 0.44600 0.61492 0.84689 .15068
16.25 0.41022221076315113 -0.85470 -0.74634 -0.61221 -0.49130 -0.39505 -0.17781 -0.01302 -0.00689 0.37137 0.44539 0.61374 0.84418 .16479
16.50 0.41354437015471773 -0.84914 -0.74439 -0.60915 -0.48322 -0.39236 -0.18239 -0.00929 -0.00224 0.36617 0.44497 0.61319 0.84184 .17310
16.75 0.41684854967056112 -0.84325 -0.74269 -0.60599 -0.47510 -0.38937 -0.18723 -0.01232 0.00981 0.36059 0.44485 0.61371 0.84030 .17491
17.00 0.42013533111630319 -0.83605 -0.74109 -0.60250 -0.46628 -0.38524 -0.19251 -0.01670 0.02383 0.35422 0.44542 0.61668 0.84092 .17581
17.25 0.42340527751290741
17.50 0.42665893407900496 -0.83708 -0.74621 -0.60245 -0.45506 -0.38453 -0.21344 -0.00245 0.03622 0.34237 0.43808 0.60922 0.82344 .21099
17.75 0.42989682915123001 -0.83763 -0.74698 -0.60067 -0.45319 -0.38575 -0.21833 -0.00202 0.04832 0.33778 0.43617 0.60380 0.81498 .21631
18.00 0.43311947504735931 -0.83912 -0.74797 -0.59922 -0.45236 -0.38751 -0.22315 -0.00051 0.05990 0.33352 0.43366 0.59767 0.80543 .22264
18.25 0.43632736887662232 -0.84147 -0.74916 -0.59809 -0.45249 -0.38957 -0.22793 0.00207 0.07077 0.32963 0.43042 0.59104 0.79486 .23000
18.50 0.43952099330116196 -0.84447 -0.75049 -0.59722 -0.45351 -0.39159 -0.23270 0.00553 0.08094 0.32605 0.42642 0.58429 0.78355 .23823
18.75 0.44270081725227745 -0.84786 -0.75192 -0.59651 -0.45528 -0.39328 -0.23745 0.00958 0.09059 0.32271 0.42171 0.57778 0.77181 .24703
19.00 0.44586729660476643 -0.85148 -0.75339 -0.59589 -0.45771 -0.39450 -0.24217 0.01400 0.09989 0.31954 0.41636 0.57175 0.75991 .25617
19.25 0.44902087481240505 -0.85521 -0.75488 -0.59532 -0.46070 -0.39521 -0.24685 0.01865 0.10896 0.31652 0.41045 0.56632 0.74798 .26550
19.50 0.45216198350734593 -0.85897 -0.75636 -0.59477 -0.46415 -0.39543 -0.25148 0.02344 0.11788 0.31361 0.40403 0.56153 0.73613 .27492
19.75 0.45529104306598517 -0.86274 -0.75784 -0.59423 -0.46797 -0.39522 -0.25605 0.02830 0.12670 0.31080 0.39717 0.55739 0.72440 .28435
20.00 0.45840846314364242 -0.86648 -0.75929 -0.59368 -0.47206 -0.39464 -0.26055 0.03322 0.13544 0.30811 0.38992 0.55387 0.71281 .29377
20.25 0.46151464318020630 -0.87019 -0.76071 -0.59312 -0.47635 -0.39377 -0.26498 0.03816 0.14412 0.30551 0.38235 0.55092 0.70138 .30314
20.50 0.46460997287872730 -0.87385 -0.76210 -0.59255 -0.48079 -0.39265 -0.26934 0.04312 0.15273 0.30303 0.37452 0.54848 0.69013 .31246
20.75 0.46769483265878409 -0.87746 -0.76346 -0.59197 -0.48532 -0.39133 -0.27362 0.04808 0.16127 0.30067 0.36649 0.54651 0.67905 .32170
21.00 0.47076959408630886 -0.88102 -0.76479 -0.59137 -0.48992 -0.38985 -0.27783 0.05305 0.16973 0.29845 0.35830 0.54495 0.66816 .33088
21.25 0.47383462028142359 -0.88452 -0.76608 -0.59076 -0.49454 -0.38824 -0.28197 0.05801 0.17809 0.29638 0.35000 0.54375 0.65744 .33998
21.50 0.47689026630572684 -0.88796 -0.76734 -0.59013 -0.49918 -0.38651 -0.28604 0.06296 0.18633 0.29449 0.34163 0.54288 0.64690 .34900
21.75 0.47993687953036013 -0.89135 -0.76857 -0.58948 -0.50381 -0.38469 -0.29004 0.06790 0.19440 0.29282 0.33322 0.54229 0.63654 .35794
22.00 0.48297479998608267 -0.89467 -0.76975 -0.58882 -0.50841 -0.38279 -0.29396 0.07283 0.20225 0.29143 0.32481 0.54194 0.62636 .36679
22.25 0.48600436069649899 -0.89793 -0.77091 -0.58814 -0.51299 -0.38083 -0.29782 0.07775 0.20979 0.29041 0.31642 0.54181 0.61635 .37557
22.50 0.48902588799549546 -0.90114 -0.77203 -0.58744 -0.51752 -0.37881 -0.30160 0.08265 0.21691 0.28984 0.30807 0.54187 0.60653 .38425
22.75 0.49203970182987000 -0.90428 -0.77311 -0.58673 -0.52201 -0.37674 -0.30532 0.08753 0.22347 0.28989 0.29977 0.54210 0.59688 .39285
23.00 0.49504611604806875 -0.90737 -0.77416 -0.58600 -0.52645 -0.37463 -0.30898 0.09239 0.22928 0.29073 0.29156 0.54247 0.58741 .40137
23.25 0.49804543867587991 -0.91040 -0.77517 -0.58525 -0.53084 -0.37248 -0.31256 0.09723 0.23415 0.28343 0.29254 0.54297 0.57813 .40979
23.50 0.50103797217987622 -0.91336 -0.77615 -0.58449 -0.53517 -0.37029 -0.31609 0.10205 0.23794 0.27541 0.29547 0.54359 0.56902 .41814
23.75 0.50402401371934424 -0.91627 -0.77710 -0.58372 -0.53945 -0.36808 -0.31955 0.10684 0.24060 0.26751 0.29954 0.54430 0.56010 .42639
24.00 0.50700385538738835 -0.91913 -0.77801 -0.58293 -0.54366 -0.36584 -0.32295 0.11159 0.24223 0.25973 0.30467 0.54510 0.55137 .43454
24.25 0.50997778444185260 -0.92193 -0.77889 -0.58213 -0.54781 -0.36358 -0.32629 0.11629 0.24298 0.25209 0.31068 0.54284 0.54598 .44258
24.50 0.51294608352666027 -0.92467 -0.77974 -0.58131 -0.55190 -0.36130 -0.32957 0.12095 0.24306 0.24460 0.31734 0.53451 0.54692 .45052
24.75 0.51590903088413309 -0.92736 -0.78056 -0.58048 -0.55593 -0.35900 -0.33280 0.12553 0.23728 0.24263 0.32449 0.52640 0.54791 .45833
25.00 0.51886690055881535 -0.92999 -0.78134 -0.57963 -0.55990 -0.35668 -0.33597 0.13003 0.23017 0.24184 0.33196 0.51854 0.54896 .46600
25.25 0.52181996259329522 -0.93257 -0.78209 -0.57877 -0.56380 -0.35434 -0.33908 0.13441 0.22327 0.24077 0.33961 0.51093 0.55004 .47349
25.50 0.52476848321648584 -0.93510 -0.78282 -0.57790 -0.56765 -0.35199 -0.34214 0.13862 0.21666 0.23951 0.34734 0.50363 0.55116 .48076
25.75 0.52771272502479782 -0.93757 -0.78351 -0.57702 -0.57143 -0.34962 -0.34515 0.14260 0.21039 0.23811 0.35505 0.49668 0.55231 .48775
26.00 0.53065294715660993 -0.94000 -0.78418 -0.57612 -0.57515 -0.34811 -0.34724 0.14623 0.20459 0.23659 0.36261 0.49016 0.55347 .49347
26.25 0.53358940546042311 -0.94237 -0.78481 -0.57880 -0.57521 -0.35101 -0.34485 0.14931 0.19944 0.23499 0.36990 0.48416 0.55465 .49416
26.50 0.53652235265705239 -0.94469 -0.78542 -0.58240 -0.57429 -0.35387 -0.34245 0.15156 0.19524 0.23333 0.37673 0.47885 0.55585 .49401
26.75 0.53945203849620049 -0.94697 -0.78600 -0.58594 -0.57336 -0.35668 -0.34003 0.15260 0.19236 0.23162 0.38288 0.47444 0.55704 .49263
27.00 0.54237870990772830 -0.94919 -0.78655 -0.58941 -0.57242 -0.35944 -0.33761 0.15209 0.19114 0.22988 0.38803 0.47122 0.55824 .48970
27.25 0.54530261114792489 -0.95137 -0.78708 -0.59283 -0.57146 -0.36216 -0.33517 0.15002 0.19160 0.22810 0.39185 0.46951 0.55943 .48519
27.50 0.54822398394106098 -0.95350 -0.78758 -0.59618 -0.57050 -0.36483 -0.33273 0.14668 0.19344 0.22630 0.39404 0.46961 0.56062 .47941
27.75 0.55114306761649301 -0.95559 -0.78805 -0.59948 -0.56953 -0.36745 -0.33028 0.14249 0.19624 0.22447 0.39448 0.47164 0.56180 .47277
28.00 0.55406009924157285 -0.95763 -0.78850 -0.60272 -0.56854 -0.37004 -0.32782 0.13779 0.19966 0.22263 0.39330 0.47545 0.56296 .46561
28.25 0.55697531375060216 -0.95962 -0.78892 -0.60590 -0.56755 -0.37258 -0.32536 0.13280 0.20348 0.22078 0.39079 0.48074 0.56410 .45816
28.50 0.55988894407005929 -0.96157 -0.78932 -0.60902 -0.56655 -0.37508 -0.32289 0.12767 0.20756 0.21891 0.38731 0.48716 0.56521 .45056
28.75 0.56280122124031395 -0.96348 -0.78970 -0.61209 -0.56553 -0.37755 -0.32041 0.12246 0.21182 0.21703 0.38315 0.49440 0.56631 .44287
29.00 0.56571237453403433 -0.96534 -0.79005 -0.61510 -0.56451 -0.37997 -0.31792 0.11724 0.21513 0.21619 0.37854 0.50223 0.56737 .43516
29.25 0.56862263157148163 -0.96715 -0.79038 -0.61805 -0.56348 -0.38236 -0.31543 0.11205 0.21323 0.22065 0.37364 0.51049 0.56840 .42748
29.50 0.57153221843287527 -0.96893 -0.79069 -0.62094 -0.56244 -0.38470 -0.31294 0.10690 0.21132 0.22517 0.36855 0.51907 0.56940 .41984
29.75 0.57444135976800692 -0.97066 -0.79098 -0.62378 -0.56140 -0.38702 -0.31044 0.10182 0.20939 0.22973 0.36336 0.52789 0.57036 .41226
30.00 0.57735027890326807 -0.97235 -0.79124 -0.62656 -0.56034 -0.38930 -0.30793 0.09680 0.20745 0.23433 0.35812 0.53688 0.57128 .40473
30.25 0.58025919794625369 -0.97400 -0.79149 -0.62929 -0.55928 -0.39154 -0.30543 0.09187 0.20550 0.23895 0.35287 0.54601 0.57216 .39730
30.50 0.58316833788809341 -0.97560 -0.79171 -0.63196 -0.55821 -0.39375 -0.30292 0.08702 0.20354 0.24358 0.34764 0.55525 0.57300 .38994
30.75 0.58607791870365555 -0.97717 -0.79192 -0.63457 -0.55713 -0.39593 -0.30040 0.08226 0.20156 0.24823 0.34245 0.56456 0.57378 .38266
31.00 0.58898815944976501 -0.97869 -0.79210 -0.63713 -0.55605 -0.39808 -0.29788 0.07759 0.19957 0.25289 0.33731 0.57393 0.57452 .37547
31.25 0.59189927836156764 -0.98017 -0.79227 -0.63963 -0.55495 -0.40020 -0.29537 0.07303 0.19757 0.25754 0.33224 0.57521 0.58335 .36840
31.50 0.59481149294717062 -0.98161 -0.79241 -0.64208 -0.55385 -0.40228 -0.29284 0.06856 0.19554 0.26220 0.32724 0.57585 0.59281 .36140
31.75 0.59772502008068074 -0.98301 -0.79254 -0.64447 -0.55275 -0.40434 -0.29032 0.06419 0.19351 0.26686 0.32234 0.57643 0.60228 .35451
32.00 0.60064007609376124 -0.98437 -0.79265 -0.64680 -0.55164 -0.40637 -0.28780 0.05992 0.19145 0.27152 0.31753 0.57696 0.61176 .34772
32.25 0.60355687686581816 -0.98569 -0.79275 -0.64908 -0.55052 -0.40837 -0.28528 0.05575 0.18938 0.27617 0.31281 0.57743 0.62125 .34103
32.50 0.60647563791293169 -0.98696 -0.79282 -0.65130 -0.54939 -0.41035 -0.28276 0.05169 0.18728 0.28082 0.30820 0.57785 0.63073 .33445
32.75 0.60939657447563289 -0.98820 -0.79288 -0.65346 -0.54826 -0.41230 -0.28024 0.04773 0.18517 0.28545 0.30369 0.57820 0.64020 .32797
33.00 0.61231990160563299 -0.98939 -0.79292 -0.65556 -0.54712 -0.41422 -0.27772 0.04387 0.18304 0.29008 0.29930 0.57849 0.64965 .32159
33.25 0.61524583425160395 -0.99054 -0.79295 -0.65761 -0.54598 -0.41612 -0.27520 0.04012 0.18088 0.29470 0.29502 0.57873 0.65907 .31532
33.50 0.61817458734410646 -0.99165 -0.79296 -0.65959 -0.54484 -0.41800 -0.27268 0.03648 0.17871 0.29086 0.29931 0.57890 0.66846 .30916
33.75 0.62110637587975959 -0.99272 -0.79296 -0.66152 -0.54368 -0.41985 -0.27017 0.03294 0.17651 0.28681 0.30390 0.57901 0.67781 .30311
34.00 0.62404141500474464 -0.99374 -0.79294 -0.66338 -0.54252 -0.42168 -0.26767 0.02951 0.17430 0.28289 0.30848 0.57905 0.68712 .29718
34.25 0.62697992009773107 -0.99473 -0.79291 -0.66519 -0.54136 -0.42349 -0.26516 0.02619 0.17206 0.27909 0.31305 0.57904 0.69637 .29135
34.50 0.62992210685231265 -0.99566 -0.79286 -0.66693 -0.54020 -0.42528 -0.26267 0.02297 0.16980 0.27541 0.31760 0.57895 0.70557 .28564
34.75 0.63286819135903882 -0.99656 -0.79280 -0.66861 -0.53902 -0.42704 -0.26017 0.01987 0.16752 0.27185 0.32213 0.57881 0.71470 .28004
35.00 0.63581839018712483 -0.99742 -0.79273 -0.67022 -0.53785 -0.42878 -0.25769 0.01687 0.16522 0.26843 0.32665 0.57860 0.72377 .27456
35.25 0.63877292046592293 -0.99823 -0.79264 -0.67177 -0.53667 -0.43050 -0.25521 0.01398 0.16291 0.26513 0.33114 0.57833 0.73275 .26919
35.50 0.64173199996623487 -0.99899 -0.79254 -0.67326 -0.53549 -0.43221 -0.25275 0.01120 0.16058 0.26195 0.33562 0.57800 0.74166 .26395
35.75 0.64469584718154593 -0.99972 -0.79243 -0.67468 -0.53431 -0.43389 -0.25029 0.00854 0.15823 0.25890 0.34007 0.57760 0.75047 .25883
36.00 0.64766468140925815 -1.00040 -0.79231 -0.67603 -0.53312 -0.43555 -0.24784 0.00598 0.15587 0.25598 0.34450 0.57715 0.75919 .25382
36.25 0.65063872283200119 -1.00103 -0.79218 -0.67731 -0.53194 -0.43719 -0.24540 0.00353 0.15349 0.25319 0.34891 0.57663 0.76780 .24893
36.50 0.65361819259909770 -1.00163 -0.79203 -0.67853 -0.53075 -0.43881 -0.24298 0.00119 0.15111 0.25052 0.35329 0.57605 0.77631 .24417
36.75 0.65660331290825846 -1.00218 -0.79188 -0.67967 -0.52956 -0.44041 -0.24056 -0.00104 0.14871 0.24797 0.35764 0.57541 0.78469 .23952
37.00 0.65959430708758449 -1.00269 -0.79172 -0.68075 -0.52838 -0.44199 -0.23817 -0.00316 0.14631 0.24555 0.36196 0.57471 0.79295 .23501
37.25 0.66259139967795155 -0.96047 -0.76929 -0.65662 -0.51509 -0.41903 -0.23721 -0.00186 0.18448 0.25075 0.38130 0.60869 0.84000 .23535
37.50 0.66559481651585173 -0.93440 -0.75888 -0.64414 -0.50678 -0.40235 -0.23669 -0.00065 0.19395 0.26543 0.39468 0.63171 0.87153 .23604
37.75 0.66860478481676788 -0.92806 -0.75665 -0.64223 -0.50355 -0.39907 -0.23832 0.00172 0.19355 0.26842 0.40186 0.63685 0.88520 .24004
38.00 0.67162153325915808 -0.92873 -0.75659 -0.64372 -0.50212 -0.40112 -0.24056 0.00464 0.19301 0.26400 0.40729 0.63517 0.89286 .24520
38.25 0.67464529206912238 -0.92937 -0.75652 -0.64518 -0.50068 -0.40317 -0.24272 0.00755 0.19249 0.25963 0.41270 0.63339 0.90033 .25027
38.50 0.67767629310583211 -0.92999 -0.75644 -0.64659 -0.49922 -0.40520 -0.24479 0.01045 0.19199 0.25532 0.41808 0.63150 0.90762 .25524
38.75 0.68071476994779589 -0.93059 -0.75636 -0.64795 -0.49774 -0.40723 -0.24679 0.01334 0.19150 0.25107 0.42345 0.62952 0.91471 .26013
39.00 0.68376095798003989 -0.93116 -0.75628 -0.64926 -0.49625 -0.40925 -0.24871 0.01622 0.19104 0.24689 0.42878 0.62744 0.92160 .26493
39.25 0.68681509448228206 -0.93171 -0.75619 -0.65053 -0.49475 -0.41126 -0.25055 0.01908 0.19059 0.24278 0.43409 0.62526 0.92828 .26963
39.50 0.68987741871817743 -0.93223 -0.75610 -0.65175 -0.49323 -0.41327 -0.25230 0.02193 0.19016 0.23875 0.43937 0.62298 0.93474 .27423
39.75 0.69294817202571524 -0.93273 -0.75601 -0.65292 -0.49170 -0.41526 -0.25398 0.02475 0.18975 0.23479 0.44461 0.62061 0.94098 .27873
40.00 0.69602759790885060 -0.93321 -0.75591 -0.65405 -0.49015 -0.41725 -0.25558 0.02754 0.18936 0.23092 0.44982 0.61814 0.94698 .28312
40.25 0.69911594213045092 -0.93367 -0.75582 -0.65512 -0.48859 -0.41922 -0.25710 0.03030 0.18898 0.22713 0.45500 0.61559 0.95275 .28740
40.50 0.70221345280664171 -0.93410 -0.75572 -0.65614 -0.48701 -0.42119 -0.25854 0.03302 0.18862 0.22344 0.46013 0.61294 0.95826 .29156
40.75 0.70532038050263912 -0.93451 -0.75563 -0.65712 -0.48543 -0.42315 -0.25990 0.03569 0.18828 0.21985 0.46522 0.61021 0.96352 .29559
41.00 0.70843697833015451 -0.93489 -0.75553 -0.65804 -0.48383 -0.42510 -0.26119 0.03831 0.18795 0.21637 0.47027 0.60739 0.96852 .29950
41.25 0.71156350204645979 -0.93525 -0.75544 -0.65891 -0.48222 -0.42704 -0.26239 0.04086 0.18764 0.21301 0.47526 0.60448 0.97325 .30325
41.50 0.71470021015520846 -0.93559 -0.75534 -0.65973 -0.48060 -0.42897 -0.26352 0.04335 0.18734 0.20978 0.48021 0.60150 0.97771 .30687
41.75 0.71784736400909988 -0.93590 -0.75526 -0.66049 -0.47896 -0.43089 -0.26456 0.04576 0.18705 0.20669 0.48509 0.59845 0.98189 .31032
42.00 0.72100522791448773 -0.93619 -0.75517 -0.66120 -0.47732 -0.43279 -0.26553 0.04807 0.18677 0.20376 0.48991 0.59532 0.98579 .31360
42.25 0.72417406923802852 -0.93646 -0.75509 -0.66185 -0.47568 -0.43468 -0.26642 0.05028 0.18650 0.20099 0.49466 0.59213 0.98939 .31670
42.50 0.72735415851547003 -0.93671 -0.75501 -0.66246 -0.47402 -0.43656 -0.26724 0.05238 0.18623 0.19842 0.49933 0.58889 0.99270 .31962
42.75 0.73054576956268569 -0.93693 -0.75494 -0.66300 -0.47237 -0.43841 -0.26797 0.05434 0.18594 0.19606 0.50391 0.58561 0.99570 .32231
43.00 0.73374917958905994 -0.93713 -0.75488 -0.66349 -0.47071 -0.44025 -0.26863 0.05615 0.18564 0.19394 0.50838 0.58229 0.99840 .32478
43.25 0.73696466931333482 -0.93730 -0.75482 -0.66392 -0.46906 -0.44206 -0.26921 0.05781 0.18529 0.19209 0.51272 0.57897 1.00080 .32702
43.50 0.74019252308203054 -0.93745 -0.75477 -0.66430 -0.46742 -0.44383 -0.26971 0.05928 0.18487 0.19057 0.51690 0.57568 1.00288 .32899
43.75 0.74343302899055930 -0.93758 -0.75473 -0.66462 -0.46582 -0.44555 -0.27013 0.06056 0.18438 0.18938 0.52087 0.57246 1.00464 .33069
44.00 0.74668647900714824 -0.93768 -0.75469 -0.66488 -0.46426 -0.44720 -0.27048 0.06164 0.18382 0.18854 0.52455 0.56939 1.00609 .33212
44.25 0.74995316909970178 -0.93777 -0.75466 -0.66508 -0.46280 -0.44874 -0.27075 0.06248 0.18328 0.18798 0.52783 0.56660 1.00722 .33323
44.50 0.75323339936572720 -0.93782 -0.75464 -0.66523 -0.46152 -0.45007 -0.27095 0.06310 0.18282 0.18764 0.53050 0.56426 1.00803 .33405
44.75 0.75652747416546084 -0.93786 -0.75463 -0.66531 -0.46059 -0.45103 -0.27106 0.06347 0.18252 0.18746 0.53230 0.56267 1.00851 .33453
45.00 0.75983570225832975 -0.93787 -0.75462 -0.66534 -0.46023 -0.45140 -0.27110 0.06360 0.18242 0.18741 0.53295 0.56209 1.00868 .33470
45.25 0.76315839694289456 -0.93786 -0.75463 -0.66531 -0.46059 -0.45103 -0.27106 0.06347 0.18252 0.18746 0.53230 0.56267 1.00851 .33453
45.50 0.76649587620041937 -0.93782 -0.75464 -0.66523 -0.46152 -0.45007 -0.27095 0.06310 0.18282 0.18764 0.53050 0.56426 1.00803 .33405
45.75 0.76984846284222430 -0.93777 -0.75466 -0.66508 -0.46280 -0.44874 -0.27075 0.06248 0.18328 0.18798 0.52783 0.56660 1.00722 .33323
46.00 0.77321648466098036 -0.93768 -0.75469 -0.66488 -0.46426 -0.44720 -0.27048 0.06164 0.18382 0.18854 0.52455 0.56939 1.00609 .33212
46.25 0.77660027458611014 -0.93758 -0.75473 -0.66462 -0.46582 -0.44555 -0.27013 0.06056 0.18438 0.18938 0.52087 0.57246 1.00464 .33069
46.50 0.78000017084346973 -0.93745 -0.75477 -0.66430 -0.46742 -0.44383 -0.26971 0.05928 0.18487 0.19057 0.51690 0.57568 1.00288 .32899
46.75 0.78341651711948912 -0.93730 -0.75482 -0.66392 -0.46906 -0.44206 -0.26921 0.05781 0.18529 0.19209 0.51272 0.57897 1.00080 .32702
47.00 0.78684966272995749 -0.93713 -0.75488 -0.66349 -0.47071 -0.44025 -0.26863 0.05615 0.18564 0.19394 0.50838 0.58229 0.99840 .32478
47.25 0.79029996279364645 -0.93693 -0.75494 -0.66300 -0.47237 -0.43841 -0.26797 0.05434 0.18594 0.19606 0.50391 0.58561 0.99570 .32231
47.50 0.79376777841097601 -0.93671 -0.75501 -0.66246 -0.47402 -0.43656 -0.26724 0.05238 0.18623 0.19842 0.49933 0.58889 0.99270 .31962
47.75 0.79725347684792980 -0.93646 -0.75509 -0.66185 -0.47568 -0.43468 -0.26642 0.05028 0.18650 0.20099 0.49466 0.59213 0.98939 .31670
48.00 0.80075743172543956 -0.93619 -0.75517 -0.66120 -0.47732 -0.43279 -0.26553 0.04807 0.18677 0.20376 0.48991 0.59532 0.98579 .31360
48.25 0.80428002321446923 -0.93590 -0.75526 -0.66049 -0.47896 -0.43089 -0.26456 0.04576 0.18705 0.20669 0.48509 0.59845 0.98189 .31032
48.50 0.80782163823703412 -0.93559 -0.75534 -0.65973 -0.48060 -0.42897 -0.26352 0.04335 0.18734 0.20978 0.48021 0.60150 0.97771 .30687
48.75 0.81138267067340353 -0.93525 -0.75544 -0.65891 -0.48222 -0.42704 -0.26239 0.04086 0.18764 0.21301 0.47526 0.60448 0.97325 .30325
49.00 0.81496352157574936 -0.93489 -0.75553 -0.65804 -0.48383 -0.42510 -0.26119 0.03831 0.18795 0.21637 0.47027 0.60739 0.96852 .29950
49.25 0.81856459938850701 -0.93451 -0.75563 -0.65712 -0.48543 -0.42315 -0.25990 0.03569 0.18828 0.21985 0.46522 0.61021 0.96352 .29559
49.50 0.82218632017573356 -0.93410 -0.75572 -0.65614 -0.48701 -0.42119 -0.25854 0.03302 0.18862 0.22344 0.46013 0.61294 0.95826 .29156
49.75 0.82582910785575958 -0.93367 -0.75582 -0.65512 -0.48859 -0.41922 -0.25710 0.03030 0.18898 0.22713 0.45500 0.61559 0.95275 .28740
50.00 0.82949339444344139 -0.93321 -0.75591 -0.65405 -0.49015 -0.41725 -0.25558 0.02754 0.18936 0.23092 0.44982 0.61814 0.94698 .28312
50.25 0.83317962030033754 -0.93273 -0.75601 -0.65292 -0.49170 -0.41526 -0.25398 0.02475 0.18975 0.23479 0.44461 0.62061 0.94098 .27873
50.50 0.83688823439314863 -0.93223 -0.75610 -0.65175 -0.49323 -0.41327 -0.25230 0.02193 0.19016 0.23875 0.43937 0.62298 0.93474 .27423
50.75 0.84061969456077290 -0.93171 -0.75619 -0.65053 -0.49475 -0.41126 -0.25055 0.01908 0.19059 0.24278 0.43409 0.62526 0.92828 .26963
51.00 0.84437446779034697 -0.93116 -0.75628 -0.64926 -0.49625 -0.40925 -0.24871 0.01622 0.19104 0.24689 0.42878 0.62744 0.92160 .26493
51.25 0.84815303050266300 -0.93059 -0.75636 -0.64795 -0.49774 -0.40723 -0.24679 0.01334 0.19150 0.25107 0.42345 0.62952 0.91471 .26013
51.50 0.85195586884736429 -0.92999 -0.75644 -0.64659 -0.49922 -0.40520 -0.24479 0.01045 0.19199 0.25532 0.41808 0.63150 0.90762 .25524
51.75 0.85578347900834917 -0.92937 -0.75652 -0.64518 -0.50068 -0.40317 -0.24272 0.00755 0.19249 0.25963 0.41270 0.63339 0.90033 .25027
52.00 0.85963636751982619 -0.92873 -0.75659 -0.64372 -0.50212 -0.40112 -0.24056 0.00464 0.19301 0.26400 0.40729 0.63517 0.89286 .24520
52.25 0.86351505159349251 -0.92806 -0.75665 -0.64223 -0.50355 -0.39907 -0.23832 0.00172 0.19355 0.26842 0.40186 0.63685 0.88520 .24004
52.50 0.86742005945732381 -0.93440 -0.75888 -0.64414 -0.50678 -0.40235 -0.23669 -0.00065 0.19395 0.26543 0.39468 0.63171 0.87153 .23604
52.75 0.87135193070649397 -0.96047 -0.76929 -0.65662 -0.51509 -0.41903 -0.23721 -0.00186 0.18448 0.25075 0.38130 0.60869 0.84000 .23535
53.00 0.87531121666696521 -1.00269 -0.79172 -0.68075 -0.52838 -0.44199 -0.23817 -0.00316 0.14631 0.24555 0.36196 0.57471 0.79295 .23501
53.25 0.87929848077231665 -1.00218 -0.79188 -0.67967 -0.52956 -0.44041 -0.24056 -0.00104 0.14871 0.24797 0.35764 0.57541 0.78469 .23952
53.50 0.88331429895441260 -1.00163 -0.79203 -0.67853 -0.53075 -0.43881 -0.24298 0.00119 0.15111 0.25052 0.35329 0.57605 0.77631 .24417
53.75 0.88735926004853483 -1.00103 -0.79218 -0.67731 -0.53194 -0.43719 -0.24540 0.00353 0.15349 0.25319 0.34891 0.57663 0.76780 .24893
54.00 0.89143396621364279 -1.00040 -0.79231 -0.67603 -0.53312 -0.43555 -0.24784 0.00598 0.15587 0.25598 0.34450 0.57715 0.75919 .25382
54.25 0.89553903336845653 -0.99972 -0.79243 -0.67468 -0.53431 -0.43389 -0.25029 0.00854 0.15823 0.25890 0.34007 0.57760 0.75047 .25883
54.50 0.89967509164409376 -0.99899 -0.79254 -0.67326 -0.53549 -0.43221 -0.25275 0.01120 0.16058 0.26195 0.33562 0.57800 0.74166 .26395
54.75 0.90384278585403033 -0.99823 -0.79264 -0.67177 -0.53667 -0.43050 -0.25521 0.01398 0.16291 0.26513 0.33114 0.57833 0.73275 .26919
55.00 0.90804277598219907 -0.99742 -0.79273 -0.67022 -0.53785 -0.42878 -0.25769 0.01687 0.16522 0.26843 0.32665 0.57860 0.72377 .27456
55.25 0.91227573769007742 -0.99656 -0.79280 -0.66861 -0.53902 -0.42704 -0.26017 0.01987 0.16752 0.27185 0.32213 0.57881 0.71470 .28004
55.50 0.91654236284366797 -0.99566 -0.79286 -0.66693 -0.54020 -0.42528 -0.26267 0.02297 0.16980 0.27541 0.31760 0.57895 0.70557 .28564
55.75 0.92084336006132139 -0.99472 -0.79291 -0.66519 -0.54136 -0.42349 -0.26516 0.02619 0.17206 0.27909 0.31305 0.57904 0.69637 .29135
56.00 0.92517945528340284 -0.99374 -0.79294 -0.66338 -0.54252 -0.42168 -0.26767 0.02951 0.17430 0.28289 0.30848 0.57905 0.68712 .29718
56.25 0.92955139236486140 -0.99272 -0.79296 -0.66152 -0.54368 -0.41985 -0.27017 0.03294 0.17651 0.28681 0.30390 0.57901 0.67781 .30311
56.50 0.93395993369181618 -0.99165 -0.79296 -0.65959 -0.54484 -0.41800 -0.27268 0.03648 0.17871 0.29086 0.29931 0.57890 0.66846 .30916
56.75 0.93840586082334254 -0.99054 -0.79295 -0.65761 -0.54598 -0.41612 -0.27520 0.04012 0.18088 0.29470 0.29502 0.57873 0.65907 .31532
57.00 0.94288997515969897 -0.98939 -0.79292 -0.65556 -0.54712 -0.41422 -0.27772 0.04387 0.18304 0.29008 0.29930 0.57849 0.64965 .32159
57.25 0.94741309863831702 -0.98820 -0.79288 -0.65346 -0.54826 -0.41230 -0.28024 0.04773 0.18517 0.28545 0.30369 0.57820 0.64020 .32797
57.50 0.95197607445894206 -0.98696 -0.79282 -0.65130 -0.54939 -0.41035 -0.28276 0.05169 0.18728 0.28082 0.30820 0.57785 0.63073 .33445
57.75 0.95657976783940157 -0.98569 -0.79275 -0.64908 -0.55052 -0.40837 -0.28528 0.05575 0.18938 0.27617 0.31281 0.57743 0.62125 .34103
58.00 0.96122506680355879 -0.98437 -0.79265 -0.64680 -0.55164 -0.40637 -0.28780 0.05992 0.19145 0.27152 0.31753 0.57696 0.61176 .34772
58.25 0.96591288300310196 -0.98301 -0.79254 -0.64447 -0.55275 -0.40434 -0.29032 0.06419 0.19351 0.26686 0.32234 0.57643 0.60228 .35451
58.50 0.97064415257492132 -0.98161 -0.79241 -0.64208 -0.55385 -0.40228 -0.29284 0.06856 0.19554 0.26220 0.32724 0.57585 0.59281 .36140
58.75 0.97541983703592194 -0.98017 -0.79227 -0.63963 -0.55495 -0.40020 -0.29537 0.07303 0.19757 0.25754 0.33224 0.57521 0.58335 .36840
59.00 0.98024092421724396 -0.97869 -0.79210 -0.63713 -0.55605 -0.39808 -0.29788 0.07759 0.19957 0.25289 0.33731 0.57393 0.57452 .37547
59.25 0.98510842923997155 -0.97717 -0.79192 -0.63457 -0.55713 -0.39593 -0.30040 0.08226 0.20156 0.24823 0.34245 0.56456 0.57378 .38266
59.50 0.99002339553454166 -0.97560 -0.79171 -0.63196 -0.55821 -0.39375 -0.30292 0.08702 0.20354 0.24358 0.34764 0.55525 0.57300 .38994
59.75 0.99498689590620693 -0.97400 -0.79149 -0.62929 -0.55928 -0.39154 -0.30543 0.09187 0.20550 0.23895 0.35287 0.54601 0.57216 .39730
60.00 1.0000000336490449 -0.97235 -0.79124 -0.62656 -0.56034 -0.38930 -0.30793 0.09680 0.20745 0.23433 0.35812 0.53688 0.57128 .40473
60.25 1.0050639437111659 -0.97066 -0.79098 -0.62378 -0.56140 -0.38702 -0.31044 0.10182 0.20939 0.22973 0.36336 0.52789 0.57036 .41226
60.50 1.0101797939139427 -0.96893 -0.79069 -0.62094 -0.56244 -0.38470 -0.31294 0.10690 0.21132 0.22517 0.36855 0.51907 0.56940 .41984
60.75 1.0153487862282633 -0.96715 -0.79038 -0.61805 -0.56348 -0.38236 -0.31543 0.11205 0.21323 0.22065 0.37364 0.51049 0.56840 .42748
61.00 1.0205721581109972 -0.96534 -0.79005 -0.61510 -0.56451 -0.37997 -0.31792 0.11724 0.21513 0.21619 0.37854 0.50223 0.56737 .43516
61.25 1.0258511839050852 -0.96348 -0.78970 -0.61209 -0.56553 -0.37755 -0.32041 0.12246 0.21182 0.21703 0.38315 0.49440 0.56631 .44287
61.50 1.0311871763068714 -0.96157 -0.78932 -0.60902 -0.56655 -0.37508 -0.32289 0.12766 0.20756 0.21891 0.38731 0.48716 0.56521 .45055
61.75 1.0365814879045478 -0.95962 -0.78892 -0.60590 -0.56755 -0.37258 -0.32536 0.13280 0.20348 0.22078 0.39079 0.48074 0.56410 .45816
62.00 1.0420355127918348 -0.95763 -0.78850 -0.60272 -0.56854 -0.37004 -0.32782 0.13779 0.19966 0.22263 0.39330 0.47545 0.56296 .46561
62.25 1.0475506882612993 -0.95559 -0.78805 -0.59948 -0.56953 -0.36745 -0.33028 0.14249 0.19624 0.22447 0.39448 0.47164 0.56180 .47277
62.50 1.0531284965820111 -0.95350 -0.78758 -0.59618 -0.57050 -0.36483 -0.33273 0.14668 0.19344 0.22630 0.39404 0.46961 0.56062 .47941
62.75 1.0587704668665670 -0.95137 -0.78708 -0.59283 -0.57146 -0.36216 -0.33517 0.15002 0.19160 0.22810 0.39185 0.46951 0.55943 .48519
63.00 1.0644781770328475 -0.94919 -0.78655 -0.58941 -0.57242 -0.35944 -0.33761 0.15209 0.19114 0.22988 0.38803 0.47122 0.55824 .48970
63.25 1.0702532558662603 -0.94697 -0.78600 -0.58594 -0.57336 -0.35668 -0.34003 0.15260 0.19236 0.23162 0.38288 0.47444 0.55704 .49263
63.50 1.0760973851886237 -0.94469 -0.78542 -0.58240 -0.57429 -0.35387 -0.34245 0.15156 0.19524 0.23333 0.37673 0.47885 0.55585 .49401
63.75 1.0820123021402799 -0.94237 -0.78481 -0.57880 -0.57521 -0.35101 -0.34485 0.14931 0.19944 0.23499 0.36990 0.48416 0.55465 .49416
64.00 1.0879998015825072 -0.94000 -0.78418 -0.57612 -0.57515 -0.34811 -0.34724 0.14623 0.20459 0.23659 0.36261 0.49016 0.55347 .49347
64.25 1.0940617386278098 -0.93757 -0.78351 -0.57702 -0.57143 -0.34962 -0.34515 0.14260 0.21039 0.23811 0.35505 0.49668 0.55231 .48775
64.50 1.1002000313062268 -0.93510 -0.78282 -0.57790 -0.56765 -0.35199 -0.34214 0.13862 0.21666 0.23951 0.34734 0.50363 0.55116 .48076
64.75 1.1064166633763877 -0.93257 -0.78209 -0.57877 -0.56380 -0.35434 -0.33908 0.13441 0.22327 0.24077 0.33961 0.51093 0.55004 .47349
65.00 1.1127136872907215 -0.92999 -0.78134 -0.57963 -0.55990 -0.35668 -0.33597 0.13003 0.23017 0.24184 0.33196 0.51854 0.54896 .46600
65.25 1.1190932273249123 -0.92736 -0.78055 -0.58048 -0.55593 -0.35900 -0.33280 0.12553 0.23728 0.24263 0.32449 0.52640 0.54791 .45833
65.50 1.1255574828824770 -0.92467 -0.77974 -0.58131 -0.55190 -0.36130 -0.32957 0.12095 0.24306 0.24460 0.31734 0.53451 0.54692 .45052
65.75 1.1321087319861824 -0.92193 -0.77889 -0.58213 -0.54781 -0.36358 -0.32629 0.11629 0.24298 0.25209 0.31068 0.54284 0.54598 .44258
66.00 1.1387493349689228 -0.91913 -0.77801 -0.58293 -0.54366 -0.36584 -0.32295 0.11159 0.24223 0.25973 0.30467 0.54510 0.55137 .43454
66.25 1.1454817383776770 -0.91627 -0.77710 -0.58372 -0.53945 -0.36808 -0.31955 0.10684 0.24060 0.26751 0.29954 0.54430 0.56010 .42639
66.50 1.1523084791052536 -0.91336 -0.77615 -0.58449 -0.53517 -0.37029 -0.31609 0.10205 0.23794 0.27541 0.29547 0.54359 0.56902 .41814
66.75 1.1592321887657087 -0.91040 -0.77517 -0.58525 -0.53084 -0.37248 -0.31256 0.09723 0.23415 0.28343 0.29254 0.54297 0.57813 .40979
67.00 1.1662555983306084 -0.90737 -0.77416 -0.58600 -0.52645 -0.37463 -0.30898 0.09239 0.22928 0.29073 0.29156 0.54247 0.58741 .40137
67.25 1.1733815430447392 -0.90428 -0.77311 -0.58673 -0.52201 -0.37674 -0.30532 0.08753 0.22347 0.28989 0.29977 0.54210 0.59688 .39285
67.50 1.1806129676413906 -0.90114 -0.77203 -0.58744 -0.51752 -0.37881 -0.30160 0.08265 0.21691 0.28984 0.30807 0.54187 0.60653 .38425
67.75 1.1879529318790409 -0.89793 -0.77091 -0.58814 -0.51299 -0.38083 -0.29782 0.07775 0.20979 0.29041 0.31642 0.54181 0.61635 .37557
68.00 1.1954046164231349 -0.89467 -0.76975 -0.58882 -0.50841 -0.38279 -0.29396 0.07283 0.20225 0.29143 0.32481 0.54194 0.62636 .36679
68.25 1.2029713290986654 -0.89135 -0.76857 -0.58948 -0.50381 -0.38469 -0.29004 0.06790 0.19440 0.29282 0.33322 0.54228 0.63654 .35794
68.50 1.2106565115415191 -0.88796 -0.76734 -0.59013 -0.49918 -0.38651 -0.28604 0.06296 0.18633 0.29449 0.34163 0.54288 0.64690 .34900
68.75 1.2184637462790018 -0.88452 -0.76608 -0.59076 -0.49454 -0.38824 -0.28197 0.05801 0.17809 0.29638 0.35000 0.54375 0.65744 .33998
69.00 1.2263967642726714 -0.88102 -0.76479 -0.59137 -0.48992 -0.38985 -0.27783 0.05305 0.16973 0.29845 0.35830 0.54495 0.66816 .33088
69.25 1.2344594529595776 -0.87746 -0.76346 -0.59197 -0.48532 -0.39133 -0.27362 0.04808 0.16127 0.30067 0.36649 0.54651 0.67905 .32170
69.50 1.2426558648313226 -0.87385 -0.76210 -0.59255 -0.48079 -0.39265 -0.26934 0.04312 0.15273 0.30303 0.37452 0.54848 0.69013 .31246
69.75 1.2509902265939778 -0.87019 -0.76071 -0.59312 -0.47635 -0.39377 -0.26498 0.03816 0.14412 0.30551 0.38235 0.55092 0.70138 .30314
70.00 1.2594669489559134 -0.86648 -0.75929 -0.59368 -0.47206 -0.39464 -0.26055 0.03322 0.13544 0.30811 0.38992 0.55387 0.71281 .29377
70.25 1.2680906370950717 -0.86274 -0.75784 -0.59423 -0.46797 -0.39522 -0.25605 0.02830 0.12670 0.31080 0.39717 0.55739 0.72440 .28435
70.50 1.2768661018621295 -0.85897 -0.75636 -0.59477 -0.46415 -0.39543 -0.25148 0.02344 0.11788 0.31361 0.40403 0.56153 0.73613 .27492
70.75 1.2857983717814927 -0.85521 -0.75488 -0.59532 -0.46070 -0.39521 -0.24685 0.01865 0.10896 0.31652 0.41045 0.56632 0.74798 .26550
71.00 1.2948927059181552 -0.85148 -0.75339 -0.59589 -0.45771 -0.39450 -0.24217 0.01400 0.09989 0.31954 0.41636 0.57175 0.75991 .25617
71.25 1.3041546076852373 -0.84786 -0.75192 -0.59651 -0.45528 -0.39328 -0.23745 0.00958 0.09059 0.32271 0.42171 0.57778 0.77181 .24703
71.50 1.3135898396745678 -0.84447 -0.75049 -0.59722 -0.45351 -0.39159 -0.23270 0.00553 0.08094 0.32605 0.42642 0.58429 0.78355 .23823
71.75 1.3232044396011293 -0.84147 -0.74916 -0.59809 -0.45249 -0.38957 -0.22793 0.00207 0.07077 0.32963 0.43042 0.59104 0.79486 .23000
72.00 1.3330047374615932 -0.83912 -0.74797 -0.59922 -0.45236 -0.38751 -0.22315 -0.00051 0.05990 0.33352 0.43366 0.59767 0.80543 .22264
72.25 1.3429973740177321 -0.83763 -0.74698 -0.60067 -0.45319 -0.38575 -0.21833 -0.00202 0.04832 0.33778 0.43617 0.60380 0.81498 .21631
72.50 1.3531893207273342 -0.83708 -0.74621 -0.60245 -0.45506 -0.38453 -0.21344 -0.00245 0.03622 0.34237 0.43808 0.60922 0.82344 .21099
72.75 1.3635879012585173
73.00 1.3742008147382716 -0.83605 -0.74109 -0.60250 -0.46628 -0.38524 -0.19251 -0.01670 0.02383 0.35422 0.44542 0.61668 0.84092 .17581
73.25 1.3850361609029067 -0.84325 -0.74269 -0.60599 -0.47510 -0.38937 -0.18723 -0.01232 0.00981 0.36059 0.44485 0.61371 0.84030 .17491
73.50 1.3961024673370386 -0.84914 -0.74439 -0.60915 -0.48322 -0.39236 -0.18239 -0.00929 -0.00224 0.36617 0.44497 0.61319 0.84184 .17310
73.75 1.4074087190092159 -0.85470 -0.74634 -0.61221 -0.49129 -0.39505 -0.17781 -0.01302 -0.00689 0.37137 0.44539 0.61374 0.84418 .16479
74.00 1.4189643903365978 -0.86025 -0.74861 -0.61525 -0.49951 -0.39769 -0.17342 -0.02274 -0.00495 0.37633 0.44600 0.61492 0.84689 .15068
74.25 1.4307794800386300 -0.86597 -0.75126 -0.61829 -0.50794 -0.40040 -0.16921 -0.03149 -0.00343 0.38108 0.44672 0.61649 0.84976 .13772
74.50 1.4428645490710084 -0.87199 -0.75437 -0.62136 -0.51660 -0.40328 -0.16514 -0.03930 -0.00232 0.38564 0.44751 0.61829 0.85262 .12584
74.75 1.4552307619668963 -0.86172 -0.75187 -0.62438 -0.51233 -0.39203 -0.17394 -0.05161 0.00847 0.38781 0.44994 0.64161 0.87411 .12233
75.00 1.4678899319530556 -0.88592 -0.76260 -0.62778 -0.53493 -0.41030 -0.15693 -0.05226 -0.00171 0.39420 0.44895 0.62149 0.85721 .10467
75.25 1.4808545702551064
75.50 1.4941379400594756 -0.87567 -0.75968 -0.63189 -0.53946 -0.39563 -0.16668 -0.06745 0.01007 0.40186 0.45460 0.65533 0.88963 .09923
75.75 1.5077541156608558 -0.88009 -0.76274 -0.63433 -0.54834 -0.39620 -0.16512 -0.07174 0.01039 0.40641 0.45634 0.66134 0.89567 .09338
76.00 1.5217180473945009 -0.88411 -0.76586 -0.63673 -0.55693 -0.39621 -0.16408 -0.07571 0.01076 0.41095 0.45823 0.66839 0.90247 .08837
76.25 1.5360456330340897 -0.88744 -0.76885 -0.63904 -0.56510 -0.39545 -0.16365 -0.07949 0.01132 0.41551 0.46030 0.67678 0.91032 .08416
76.50 1.5507537964299845 -0.88981 -0.77151 -0.64125 -0.57273 -0.39365 -0.16397 -0.08323 0.01226 0.42013 0.46262 0.68685 0.91954 .08074
76.75 1.5658605742718710 -0.89109 -0.77368 -0.64333 -0.57978 -0.39074 -0.16504 -0.08703 0.01365 0.42485 0.46517 0.69872 0.93028 .07801
77.00 1.5813852119866876 -0.89147 -0.77546 -0.64534 -0.58638 -0.38688 -0.16670 -0.09090 0.01544 0.42967 0.46793 0.71218 0.94231 .07580
77.25 1.5973482699307082 -0.89131 -0.77704 -0.64732 -0.59269 -0.38241 -0.16872 -0.09478 0.01745 0.43457 0.47085 0.72682 0.95527 .07394
77.50 1.6137717412076256 -0.89090 -0.77860 -0.64930 -0.59882 -0.37755 -0.17090 -0.09862 0.01956 0.43956 0.47388 0.74232 0.96886 .07228
77.75 1.6306791826473761 -0.89042 -0.78025 -0.65132 -0.60486 -0.37247 -0.17314 -0.10237 0.02168 0.44463 0.47702 0.75850 0.98292 .07077
78.00 1.6480958607190197 -0.88996 -0.78206 -0.65338 -0.61082 -0.36725 -0.17538 -0.10603 0.02375 0.44978 0.48027 0.77527 0.99737 .06935
78.25 1.6660489144325314 -0.88957 -0.78407 -0.65550 -0.61671 -0.36192 -0.17758 -0.10957 0.02576 0.45502 0.48363 0.79259 1.01218 .06801
78.50 1.6845675376176648 -0.88929 -0.78634 -0.65766 -0.62252 -0.35650 -0.17973 -0.11299 0.02770 0.46034 0.48712 0.81045 1.02734 .06674
78.75 1.7036831833639368 -0.88914 -0.78887 -0.65988 -0.62824 -0.35101 -0.18181 -0.11628 0.02955 0.46576 0.49074 0.82885 1.04286 .06553
79.00 1.7234297938777567 -0.88912 -0.79169 -0.66216 -0.63387 -0.34545 -0.18382 -0.11946 0.03131 0.47128 0.49451 0.84780 1.05876 .06436
79.25 1.7438440595774944 -0.88926 -0.79482 -0.66450 -0.63939 -0.33981 -0.18575 -0.12251 0.03299 0.47690 0.49844 0.86734 1.07506 .06324
79.50 1.7649657119256603 -0.88956 -0.79827 -0.66689 -0.64478 -0.33410 -0.18759 -0.12544 0.03459 0.48264 0.50254 0.88749 1.09180 .06215
79.75 1.7868378553155890 -0.89003 -0.80206 -0.66934 -0.65003 -0.32831 -0.18936 -0.12825 0.03611 0.48850 0.50683 0.90827 1.10901 .06111
80.00 1.8095073443210954 -0.89067 -0.80620 -0.67184 -0.65513 -0.32243 -0.19103 -0.13094 0.03756 0.49450 0.51131 0.92974 1.12674 .06009
80.25 1.8330252138232914 -0.89150 -0.81070 -0.67441 -0.66008 -0.31645 -0.19262 -0.13352 0.03894 0.50063 0.51600 0.95193 1.14502 .05910
80.50 1.8574471710024862 -0.89252 -0.81557 -0.67703 -0.66487 -0.31037 -0.19411 -0.13599 0.04026 0.50692 0.52090 0.97488 1.16390 .05812
80.75 1.8828341599932619 -0.89375 -0.82080 -0.67971 -0.66950 -0.30418 -0.19552 -0.13835 0.04152 0.51337 0.52604 0.99865 1.18343 .05717
81.00 1.9092530122354845 -0.89519 -0.82639 -0.68244 -0.67397 -0.29787 -0.19683 -0.14059 0.04274 0.51999 0.53143 1.02330 1.20368 .05624
81.25 1.9367771983277440 -0.89687 -0.83235 -0.68524 -0.67830 -0.29143 -0.19805 -0.14273 0.04392 0.52680 0.53708 1.04886 1.22470 .05532
81.50 1.9654877006520655 -0.89881 -0.83869 -0.68809 -0.68248 -0.28485 -0.19917 -0.14476 0.04506 0.53381 0.54300 1.07542 1.24654 .05441
81.75 1.9954740303864316 -0.90047 -0.84491 -0.69066 -0.68662 -0.27778 -0.20014 -0.14714 0.04660 0.54125 0.54940 1.10357 1.26984 .05300
82.00 2.0268354180156947 -0.90373 -0.85269 -0.69401 -0.69052 -0.27138 -0.20102 -0.14837 0.04708 0.54848 0.55569 1.13152 1.29276 .05265
82.25 2.0596822134404817 -0.90759 -0.86117 -0.69716 -0.69449 -0.26493 -0.20143 -0.14951 0.04731 0.55609 0.56241 1.16036 1.31640 .05192
82.50 2.0941375407372735 -0.91429 -0.87258 -0.70061 -0.69863 -0.25971 -0.20075 -0.14923 0.04549 0.56373 0.56920 1.18782 1.33844 .05152
82.75 2.1303392641794385 -0.92319 -0.88625 -0.70429 -0.70287 -0.25531 -0.19924 -0.14789 0.04221 0.57150 0.57618 1.21473 1.35973 .05135
83.00 2.1684423371644423 -0.93316 -0.90099 -0.70810 -0.70710 -0.25107 -0.19733 -0.14611 0.03843 0.57953 0.58350 1.24245 1.38169 .05122
83.25 2.2086216254199424 -0.94389 -0.91644 -0.71201 -0.71133 -0.24678 -0.19515 -0.14404 0.03445 0.58787 0.59121 1.27146 1.40484 .05111
83.50 2.2510753219802888 -0.95532 -0.93250 -0.71601 -0.71556 -0.24237 -0.19273 -0.14176 0.03039 0.59657 0.59935 1.30202 1.42944 .05097
83.75 2.2960291063410230 -0.96745 -0.94912 -0.72010 -0.71982 -0.23780 -0.19008 -0.13926 0.02630 0.60566 0.60795 1.33435 1.45571 .05082
84.00 2.3437412473608381 -0.98030 -0.96631 -0.72429 -0.72413 -0.23305 -0.18720 -0.13656 0.02222 0.61518 0.61705 1.36864 1.48387 .05064
84.25 2.3945089138952178 -0.99392 -0.98408 -0.72860 -0.72851 -0.22808 -0.18408 -0.13364 0.01817 0.62518 0.62668 1.40512 1.51415 .05044
84.50 2.4486760461856742 -1.00838 -1.00245 -0.73302 -0.73298 -0.22289 -0.18072 -0.13050 0.01419 0.63570 0.63689 1.44405 1.54682 .05022
84.75 2.5066432657105051 -1.02373 -1.02146 -0.73756 -0.73756 -0.21744 -0.17710 -0.12712 0.01031 0.64678 0.64771 1.48572 1.58217 .04998
