5.0 0.22474786951272291 -4.10558674911
5.25 0.23032811073355966 -4.24446589662
5.50 0.23578063841929153 -4.37144800212
5.75 0.24111432303437602 -4.48786419939
6.00 0.24633708657984518 -4.59484187128
6.25 0.25145603955751983 -4.69334320240
6.50 0.25647759350390792 -4.78419520286
6.75 0.26140755421862366 -4.86811321527
7.00 0.26625119958804888 -4.94571924253
7.25 0.27101334500631991 -5.01755566426
7.50 0.27569839872782342 -5.08409304193
7.75 0.28031040898329512 -5.14572458914
8.00 0.28485310431016619 -5.20276149898
8.25 0.28932992825516618 -5.25503131269
8.50 0.29374406938062309 -5.30424583462
8.75 0.29809848732900202 -5.34927440063
9.00 0.30239593556098865 -5.39084199411
9.25 0.30663898127202549 -5.42918052910
9.50 0.31083002290405076 -5.46450160055
9.75 0.31497130559833353 -5.49699885224
10.00 0.31906493487798943 -5.52685004872
10.25 0.32311288880213562 -5.55421887291
10.50 0.32711702879550453 -5.57925648617
10.75 0.33107910932596624 -5.60210288952
11.00 0.33500078657648524 -5.62288812134
11.25 0.33888362623650670 -5.64173332652
11.50 0.34272911051981081 -5.65875173441
11.75 0.34653864450082428 -5.67404959272
12.00 0.35031356184872481 -5.68772712788
12.25 0.35405513002798283 -5.69987965444
12.50 0.35776455502492738 -5.71059906860
12.75 0.36144298565221100 -5.71997619425
13.00 0.36509151747647400 -5.72810484582
13.25 0.36871119640886968 -5.73508865821
13.50 0.37230302199327187 -5.74104966048
13.75 0.37586795042281695 -5.74613130221
14.00 0.37940689731182314 -5.75048908992
14.25 0.38292074024700901 -5.75427811704
14.50 0.38641032113921558 -5.75764898896
14.75 0.38987644839447261 -5.75156551388
15.00 0.39331989892118169 -5.75244709507
15.25 0.39674141998838264 -5.76673548416
15.50 0.40014173094847860 -5.75491766879
15.75 0.40352152483640419 -5.75662595640
16.00 0.40688146985598445 -5.75884414797
16.25 0.41022221076315113 -5.76173856545
16.50 0.41354437015471773 -5.76550002740
16.75 0.41684854967056112 -5.77037373231
17.00 0.42013533111630319 -5.77676308936
17.25 0.42340527751290741 -5.78548324599
17.50 0.42665893407900496 -5.81610389104
17.75 0.42989682915123001 -5.82503826192
18.00 0.43311947504735931 -5.83433855556
18.25 0.43632736887662232 -5.84376051938
18.50 0.43952099330116196 -5.85308519650
18.75 0.44270081725227745 -5.86215688348
19.00 0.44586729660476643 -5.87088214936
19.25 0.44902087481240505 -5.87921094633
19.50 0.45216198350734593 -5.88711922420
19.75 0.45529104306598517 -5.89459773971
20.00 0.45840846314364242 -5.90164563886
20.25 0.46151464318020630 -5.90826687025
20.50 0.46460997287872730 -5.91446815946
20.75 0.46769483265878409 -5.92025783807
21.00 0.47076959408630886 -5.92564514832
21.25 0.47383462028142359 -5.93063981991
21.50 0.47689026630572684 -5.93525180695
21.75 0.47993687953036013 -5.93949112182
22.00 0.48297479998608267 -5.94336772926
22.25 0.48600436069649899 -5.94689147880
22.50 0.48902588799549546 -5.95007206200
22.75 0.49203970182987000 -5.95291898607
23.00 0.49504611604806875 -5.95544155856
23.25 0.49804543867587991 -5.95764887940
23.50 0.50103797217987622 -5.95954983808
23.75 0.50402401371934424 -5.96115311424
24.00 0.50700385538738835 -5.96246718068
24.25 0.50997778444185260 -5.96350030793
24.50 0.51294608352666027 -5.96426056992
24.75 0.51590903088413309 -5.96475585037
25.00 0.51886690055881535 -5.96499384950
25.25 0.52181996259329522 -5.96498209107
25.50 0.52476848321648584 -5.96472792950
25.75 0.52771272502479782 -5.96423855691
26.00 0.53065294715660993 -5.96352101017
26.25 0.53358940546042311 -5.96258217777
26.50 0.53652235265705239 -5.96142880653
26.75 0.53945203849620049 -5.96006750818
27.00 0.54237870990772830 -5.95850476566
27.25 0.54530261114792489 -5.95674693925
27.50 0.54822398394106098 -5.95480027249
27.75 0.55114306761649301 -5.95267089788
28.00 0.55406009924157285 -5.95036484232
28.25 0.55697531375060216 -5.94788803236
28.50 0.55988894407005929 -5.94524629925
28.75 0.56280122124031395 -5.94244538370
29.00 0.56571237453403433 -5.93949094053
29.25 0.56862263157148163 -5.93638854295
29.50 0.57153221843287527 -5.93314368678
29.75 0.57444135976800692 -5.92976179437
30.00 0.57735027890326807 -5.92624821827
30.25 0.58025919794625369 -5.92260824477
30.50 0.58316833788809341 -5.91884709719
30.75 0.58607791870365555 -5.91496993889
31.00 0.58898815944976501 -5.91098187612
31.25 0.59189927836156764 -5.90688796066
31.50 0.59481149294717062 -5.90269319219
31.75 0.59772502008068074 -5.89840252041
32.00 0.60064007609376124 -5.89402084705
32.25 0.60355687686581816 -5.88955302750
32.50 0.60647563791293169 -5.88500387232
32.75 0.60939657447563289 -5.88037814851
33.00 0.61231990160563299 -5.87568058048
33.25 0.61524583425160395 -5.87091585094
33.50 0.61817458734410646 -5.86608860145
33.75 0.62110637587975959 -5.86120343287
34.00 0.62404141500474464 -5.85626490559
34.25 0.62697992009773107 -5.85127753959
34.50 0.62992210685231265 -5.84624581438
34.75 0.63286819135903882 -5.84117416885
35.00 0.63581839018712483 -5.83606700102
35.25 0.63877292046592293 -5.83092866774
35.50 0.64173199996623487 -5.82576348446
35.75 0.64469584718154593 -5.82057572501
36.00 0.64766468140925815 -5.81536962158
36.25 0.65063872283200119 -5.81014936492
36.50 0.65361819259909770 -5.80491910477
36.75 0.65660331290825846 -5.79968295086
37.00 0.65959430708758449 -5.79444497439
37.25 0.66259139967795155 -5.79247199037
37.50 0.66559481651585173 -5.79435057792
37.75 0.66860478481676788 -5.79857169598
38.00 0.67162153325915808 -5.80275227920
38.25 0.67464529206912238 -5.80676523644
38.50 0.67767629310583211 -5.81061285634
38.75 0.68071476994779589 -5.81429733638
39.00 0.68376095798003989 -5.81782078368
39.25 0.68681509448228206 -5.82118521573
39.50 0.68987741871817743 -5.82439256125
39.75 0.69294817202571524 -5.82744466088
40.00 0.69602759790885060 -5.83034326795
40.25 0.69911594213045092 -5.83309004922
40.50 0.70221345280664171 -5.83568658556
40.75 0.70532038050263912 -5.83813437260
41.00 0.70843697833015451 -5.84043482141
41.25 0.71156350204645979 -5.84258925907
41.50 0.71470021015520846 -5.84459892932
41.75 0.71784736400909988 -5.84646499302
42.00 0.72100522791448773 -5.84818852872
42.25 0.72417406923802852 -5.84977053311
42.50 0.72735415851547003 -5.85121192153
42.75 0.73054576956268569 -5.85251352829
43.00 0.73374917958905994 -5.85367610714
43.25 0.73696466931333482 -5.85470033153
43.50 0.74019252308203054 -5.85558679498
43.75 0.74343302899055930 -5.85633601131
44.00 0.74668647900714824 -5.85694841491
44.25 0.74995316909970178 -5.85742436091
44.50 0.75323339936572720 -5.85776412535
44.75 0.75652747416546084 -5.85796790530
45.00 0.75983570225832975 -5.85803581899
45.25 0.76315839694289456 -5.85796790581
45.50 0.76649587620041937 -5.85776412637
45.75 0.76984846284222430 -5.85742436244
46.00 0.77321648466098036 -5.85694841695
46.25 0.77660027458611014 -5.85633601387
46.50 0.78000017084346973 -5.85558679804
46.75 0.78341651711948912 -5.85470033510
47.00 0.78684966272995749 -5.85367611123
47.25 0.79029996279364645 -5.85251353289
47.50 0.79376777841097601 -5.85121192664
47.75 0.79725347684792980 -5.84977053874
48.00 0.80075743172543956 -5.84818853486
48.25 0.80428002321446923 -5.84646499969
48.50 0.80782163823703412 -5.84459893651
48.75 0.81138267067340353 -5.84258926678
49.00 0.81496352157574936 -5.84043482963
49.25 0.81856459938850701 -5.83813438135
49.50 0.82218632017573356 -5.83568659484
49.75 0.82582910785575958 -5.83309005903
50.00 0.82949339444344139 -5.83034327828
50.25 0.83317962030033754 -5.82744467174
50.50 0.83688823439314863 -5.82439257265
50.75 0.84061969456077290 -5.82118522767
51.00 0.84437446779034697 -5.81782079616
51.25 0.84815303050266300 -5.81429734941
51.50 0.85195586884736429 -5.81061286991
51.75 0.85578347900834917 -5.80676525055
52.00 0.85963636751982619 -5.80275229387
52.25 0.86351505159349251 -5.79857171121
52.50 0.86742005945732381 -5.79435059379
52.75 0.87135193070649397 -5.79247200709
53.00 0.87531121666696521 -5.79444499230
53.25 0.87929848077231665 -5.79968296920
53.50 0.88331429895441260 -5.80491912354
53.75 0.88735926004853483 -5.81014938411
54.00 0.89143396621364279 -5.81536964118
54.25 0.89553903336845653 -5.82057574501
54.50 0.89967509164409376 -5.82576350486
54.75 0.90384278585403033 -5.83092868853
55.00 0.90804277598219907 -5.83606702219
55.25 0.91227573769007742 -5.84117419040
55.50 0.91654236284366797 -5.84624583630
55.75 0.92084336006132139 -5.85127756187
56.00 0.92517945528340284 -5.85626492823
56.25 0.92955139236486140 -5.86120345586
56.50 0.93395993369181618 -5.86608862478
56.75 0.93840586082334254 -5.87091587460
57.00 0.94288997515969897 -5.87568060448
57.25 0.94741309863831702 -5.88037817283
57.50 0.95197607445894206 -5.88500389696
57.75 0.95657976783940157 -5.88955305245
58.00 0.96122506680355879 -5.89402087231
58.25 0.96591288300310196 -5.89840254598
58.50 0.97064415257492132 -5.90269321805
58.75 0.97541983703592194 -5.90688798682
59.00 0.98024092421724396 -5.91098190257
59.25 0.98510842923997155 -5.91496996562
59.50 0.99002339553454166 -5.91884712420
59.75 0.99498689590620693 -5.92260827206
60.00 1.0000000336490449 -5.92624824582
60.25 1.0050639437111659 -5.92976182219
60.50 1.0101797939139427 -5.93314371487
60.75 1.0153487862282633 -5.93638857130
61.00 1.0205721581109972 -5.93949096914
61.25 1.0258511839050852 -5.94244541258
61.50 1.0311871763068714 -5.94524632838
61.75 1.0365814879045478 -5.94788806175
62.00 1.0420355127918348 -5.95036487197
62.25 1.0475506882612993 -5.95267092779
62.50 1.0531284965820111 -5.95480030266
62.75 1.0587704668665670 -5.95674696968
63.00 1.0644781770328475 -5.95850479636
63.25 1.0702532558662603 -5.96006753915
63.50 1.0760973851886237 -5.96142883777
63.75 1.0820123021402799 -5.96258220928
64.00 1.0879998015825072 -5.96352104197
64.25 1.0940617386278098 -5.96423858900
64.50 1.1002000313062268 -5.96472796189
64.75 1.1064166633763877 -5.96498212377
65.00 1.1127136872907215 -5.96499388251
65.25 1.1190932273249123 -5.96475588372
65.50 1.1255574828824770 -5.96426060361
65.75 1.1321087319861824 -5.96350034196
66.00 1.1387493349689228 -5.96246721508
66.25 1.1454817383776770 -5.96115314903
66.50 1.1523084791052536 -5.95954987328
66.75 1.1592321887657087 -5.95764891503
67.00 1.1662555983306084 -5.95544159464
67.25 1.1733815430447392 -5.95291902262
67.50 1.1806129676413906 -5.95007209906
67.75 1.1879529318790409 -5.94689151639
68.00 1.1954046164231349 -5.94336776741
68.25 1.2029713290986654 -5.93949116056
68.50 1.2106565115415191 -5.93525184633
68.75 1.2184637462790018 -5.93063985997
69.00 1.2263967642726714 -5.92564518909
69.25 1.2344594529595776 -5.92025787961
69.50 1.2426558648313226 -5.91446820181
69.75 1.2509902265939778 -5.90826691347
70.00 1.2594669489559134 -5.90164568303
70.25 1.2680906370950717 -5.89459778488
70.50 1.2768661018621295 -5.88711927046
70.75 1.2857983717814927 -5.87921099376
71.00 1.2948927059181552 -5.87088219808
71.25 1.3041546076852373 -5.86215693362
71.50 1.3135898396745678 -5.85308524826
71.75 1.3232044396011293 -5.84376057303
72.00 1.3330047374615932 -5.83433861148
72.25 1.3429973740177321 -5.82503832058
72.50 1.3531893207273342 -5.81610395296
72.75 1.3635879012585173 -5.78537844414
73.00 1.3742008147382716 -5.77676316264
73.25 1.3850361609029067 -5.77037381191
73.50 1.3961024673370386 -5.76550011243
73.75 1.4074087190092159 -5.76173865554
74.00 1.4189643903365978 -5.75884424289
74.25 1.4307794800386300 -5.75662605601
74.50 1.4428645490710084 -5.75491777294
74.75 1.4552307619668963 -5.76673558674
75.00 1.4678899319530556 -5.75244720807
75.25 1.4808545702551064 -5.75151087617
75.50 1.4941379400594756 -5.75764910583
75.75 1.5077541156608558 -5.75427823872
76.00 1.5217180473945009 -5.75048921646
76.25 1.5360456330340897 -5.74613143374
76.50 1.5507537964299845 -5.74104979713
76.75 1.5658605742718710 -5.73508880020
77.00 1.5813852119866876 -5.72810499342
77.25 1.5973482699307082 -5.71997634780
77.50 1.6137717412076256 -5.71059922855
77.75 1.6306791826473761 -5.69987982126
78.00 1.6480958607190197 -5.68772730214
78.25 1.6660489144325314 -5.67404977502
78.50 1.6845675376176648 -5.65875192544
78.75 1.7036831833639368 -5.64173352702
79.00 1.7234297938777567 -5.62288833214
79.25 1.7438440595774944 -5.60210311153
79.50 1.7649657119256603 -5.57925672042
79.75 1.7868378553155890 -5.55421912051
80.00 1.8095073443210954 -5.52685031091
80.25 1.8330252138232914 -5.49699913040
80.50 1.8574471710024862 -5.46450189623
80.75 1.8828341599932619 -5.42918084398
81.00 1.9092530122354845 -5.39084233011
81.25 1.9367771983277440 -5.34927475987
81.50 1.9654877006520655 -5.30424621949
81.75 1.9954740303864316 -5.25503172651
82.00 2.0268354180156947 -5.20276194339
82.25 2.0596822134404817 -5.14572506818
82.50 2.0941375407372735 -5.08409355933
82.75 2.1303392641794385 -5.01755622425
83.00 2.1684423371644423 -4.94571984990
83.25 2.2086216254199424 -4.86811387548
83.50 2.2510753219802888 -4.78419592213
83.75 2.2960291063410230 -4.69334398790
84.00 2.3437412473608381 -4.59484273127
84.25 2.3945089138952178 -4.48786514346
84.50 2.4486760461856742 -4.37144904145
84.75 2.5066432657105051 -4.24446704433
