# h4 energies for multiplicity =  1
# atoms arranged in rhombic structure of 2 isosceles triangles, definied by single parameter y = the height of the triangles 
# y, E(n=1), E(n=2), E(n=3), E(n=4), E(n=5)
0.25 -1.9621872904  -1.4538012821  -1.4535359394  -1.3248857080  -1.3135414197 
.275 -2.0098827647  -1.5213852664  -1.5199192910  -1.3910896132  -1.3733479441 
.300 -2.0399836172  -1.5760974838  -1.5722551141  -1.4668125180  
.325 -2.0567025650  -1.6179549263  -1.6114778641  -1.5575941702  -1.4408953254 
.350 -2.0637358686  -1.6457447579  -1.6377800104  -1.6353713286  -1.4364569667 
.375 -2.0643723089  -1.7017965157  -1.6587610854  -1.6517462618  -1.4394965904 
.400 -2.0612747905  -1.7582074919  -1.6572058091  -1.6543794840  -1.4698112198 
.425 -2.0561850286  -1.8057562880  -1.6469454974  -1.6424572418  -1.4897517403 
.450 -2.0498683977  -1.8454768741  -1.6308724556  -1.6173439991  -1.5010300086 
.475 -2.0423948573  -1.8783213342  -1.6077106673  -1.5868322679  -1.5053881576 
.500 -2.0335436399  -1.9051778682  -1.5791297257  -1.5615252489  -1.5046219239 
.525 -2.0230983946  -1.9268755496  -1.5634831377  -1.5469505397  -1.5005098930 
.550 -2.0109713687  -1.9441819505  -1.5949528272  -1.5132134746  -1.4946099259 
.575 -1.9972146335  -1.9577967538  -1.6344510054  -1.4880087282  -1.4803104290 
.600 -1.9819850153  -1.9683446464  -1.6731380201  -1.4812315438  -1.4511961960 
.625 -1.9763700243  -1.9655041619  -1.7089693337  -1.4743971435  -1.4294243492 
.650 -1.9823343811  -1.9480328248  -1.7415830122  -1.4674562618  -1.4178136237 
.675 -1.9866169569  -1.9298779455  -1.7710154726  -1.4603501388  -1.4156501997 
.700 -1.9895199689  -1.9114872994  -1.7972538448  -1.4530736801  -1.4192825720 
.725 -1.9912742425  -1.8938784795  -1.8196898944  -1.4456831303  -1.4255152650 
.750 -1.9920499103  -1.8808869314  -1.8348372512  -1.4383065855  -1.4326150326 
.775 -1.9919661320  -1.8826842463  -1.8328063524  -1.4397814465  -1.4311637512 
.800 -1.9911009282  -1.8960881804  -1.8170005910  -1.4466647217  -1.4246136539 
.825 -1.9895030970  -1.9116200317  -1.7970751693  -1.4531268188  -1.4192435567 
.850 -1.9871985845  -1.9267627059  -1.7756895219  -1.4591286878  -1.4159644312 
.875 -1.9842000067  -1.9409572016  -1.7535290529  -1.4646835985  -1.4160132508 
.900 -1.9805124920  -1.9540664813  -1.7308554725  -1.4698324441  -1.4205718273 
.925 -1.9761367075  -1.9660741012  -1.7078201753  -1.4746274045  -1.4299981866 
.950 -1.9770068064  -1.9710747457  -1.6845640563  -1.4791236150  -1.4435032624 
.975 -1.9869108443  -1.9653299600  -1.6612620432  -1.4833649831  -1.4597179640 
1.000 -1.9958426793  -1.9589097858  -1.6381777843  -1.4873750528  -1.4773607049 
1.025 -2.0038651972  -1.9518257563  -1.6157465552  -1.4954751989  -1.4911480201 
1.050 -2.0110454776  -1.9440940881  -1.5947352318  -1.5134065814  -1.4946464288 
1.075 -2.0174533531  -1.9357345156  -1.5765218538  -1.5307200713  -1.4978045469 
1.100 -2.0231600105  -1.9267692665  -1.5633711327  -1.5471324541  -1.5005380990 
1.125 -2.0282362760  -1.9172268608  -1.5624643832  -1.5578158059  -1.5027605396 
1.150 -2.0327518557  -1.9071337853  -1.5766085523  -1.5603232713  -1.5043878025 
1.175 -2.0367734100  -1.8965215151  -1.5895082080  -1.5685128270  -1.5053525248 
1.200 -2.0403635457  -1.8854221907  -1.6011424322  -1.5795046067  -1.5056046438 
1.225 -2.0435795486  -1.8738660220  -1.6115156961  -1.5913798248  -1.5051103666 
1.250 -2.0464722477  -1.8618861169  -1.6206504577  -1.6030807266  -1.5038547813 
1.275 -2.0490852215  -1.8495131367  -1.6285816556  -1.6140444722  -1.5018354170 
1.300 -2.0514543170  -1.8367797095  -1.6353529675  -1.6239738015  -1.4990631191 
1.325 -2.0536073371  -1.8237157397  -1.6410136500  -1.6327169903  -1.4955559296 
1.350 -2.0555640208  -1.8103478870  -1.6456161388  -1.6402068971  -1.4913364823 
1.375 -2.0573370896  -1.7967080245  -1.6492155481  -1.6464300095  -1.4864368416 
1.400 -2.0589320900  -1.7828193821  -1.6518667488  -1.6514049616  -1.4808861415 
1.425 -2.0603491605  -1.7687078535  -1.6551733183  -1.6536249671  -1.4747183327 
1.450 -2.0615837408  -1.7543963463  -1.6577908086  -1.6545443647  -1.4679668270 
1.475 -2.0626281109  -1.7399081267  -1.6593228312  -1.6546782074  -1.4606664895 
1.500 -2.0634724717  -1.7252655298  -1.6598403664  -1.6540783863  -1.4528521088 
1.525 -2.0641051359  -1.7104843532  -1.6594154755  -1.6527937807  -1.4445534183 
1.550 -2.0645150317  -1.6955850810  -1.6581223075  -1.6508727854  -1.4358039457 
1.575 -2.0646907488  -1.6805817152  -1.6560323087  -1.6483604668  -1.4266316756 
1.600 -2.0646227349  -1.6654918269  -1.6532161345  -1.6453011670  -1.4302173982 
1.625 -2.0643027794  -1.6503308815  -1.6497411909  -1.6417370310  -1.4337004499 
1.650 -2.0637236292  -1.6456702048  -1.6377071489  -1.6351097985  -1.4364990869 
1.675 -2.0628799020  -1.6410623768  -1.6332488495  -1.6198393603  -1.4386336302 
1.700 -2.0617688601  -1.6359744034  -1.6283987890  -1.6045331332  -1.4401250099 
1.725 -2.0603887253  -1.6304579278  -1.6231906612  -1.5892003908  -1.4409925746 
1.750 -2.0587396892  -1.6245613975  -1.6176568573  -1.5738510782  -1.4412555752 
1.775 -2.0568223601  -1.6183281616  -1.6118266107  -1.5584905726  -1.4409313149 
1.800 -2.0546406529  -1.6118009839  -1.6057301011  -1.5431308561  -1.4400392083 
1.825 -2.0521969177  -1.6050155837  -1.5993922819  -1.5277737920  -1.4385946281 
1.850 -2.0494966756  -1.5980076250  -1.5928393150  -1.5124283402  -1.4366154363 
1.875 -2.0465451336  -1.5908082594  -1.5860942616  -1.4970991213  -1.4341176894 
1.900 -2.0433477647  -1.5834453119  -1.5791780801  -1.4817892106  -1.4311167034 
1.925 -2.0399124726  -1.5759462616  -1.5721123921  -1.4665069331  -1.4276301864 
1.950 -2.0362450778  -1.5683327632  -1.5649141540  -1.4512527827  -1.4236725951 
1.975 -2.0323524360  -1.5606248389  -1.5575995965  -1.4360292383  -1.4192594921 
2.000 -2.0282426400  -1.5528411987  -1.5501844946  -1.4208412481  -1.4144080415 
2.025 -2.0239223073  -1.5449961646  -1.5426811296  -1.4091336590  -1.4056890763 
2.050 -2.0193991923  -1.5371029506  -1.5351014140  -1.4034535923  -1.3905756261 
2.075 -2.0146808329  -1.5291722125  -1.5274554275  -1.3973852618  -1.3787459770 
2.100 -2.0097727560  -1.5212102528  -1.5197495772  -1.3909439887  -1.3732219010 
2.125 -2.0046851425  -1.5132266768  -1.5119940471  -1.3841516877  -1.3673093550 
2.150 -1.9994227573  -1.5052233617  -1.5041918692  -1.3770237186  -1.3610261011 
2.175 -1.9939914715  -1.4972020331  -1.4963462718  -1.3695773171  -1.3543912535 
2.200 -1.9883986094  -1.4891647996  -1.4884611331  -1.3618319189  -1.3474256878 
2.225 -1.9826533185  -1.4811147196  -1.4805414651  -1.3538094803  -1.3401524476 
2.250 -1.9767581481  -1.4730471105  -1.4725846973  -1.3455234993  -1.3325858587 
2.275 -1.9707191739  -1.4649606067  -1.4645915654  -1.3369919426  -1.3247445395 
2.300 -1.9645420694  -1.4568531430  -1.4565620689  -1.3282320382  -1.3166462595 
2.325 -1.9582345481  -1.4487246722  -1.4484981274  -1.3192632615  -1.3083109781 
2.350 -1.9517991107  -1.4405697946  -1.4403961990  -1.3100980194  -1.2997515860 
2.375 -1.9452427230  -1.4323879322  -1.4322573921  -1.3007538782  -1.2909861462 
2.400 -1.9385694767  -1.4241758206  -1.4240799701  -1.2912441942  -1.2820285586 
2.425 -1.9317829487  -1.4159300371  -1.4158618656  -1.2815810920  -1.2728915445 
2.450 -1.9248891161  -1.4076500166  -1.4076036959  -1.2717790832  -1.2635902617 
2.475 -1.9178877246  -1.3993292835  -1.3993000151  -1.2618443091  -1.2541315634 
2.500 -1.9107900814  -1.3909735595  -1.3909574150  -1.2517966519  -1.2445360680 
2.525 -1.9035919469  -1.3825732291  -1.3825670293  -1.2416361611  -1.2348046300 
2.550 -1.8963010073  -1.3741323978  -1.3741312116  -1.2313770751  -1.2249523007 
2.575 -1.8889217086  -1.3656540833  -1.3656475504  -1.2210290746  -1.2149896013 
2.600 -1.8814547509  -1.3571291781  -1.3571189080  -1.2105967812  -1.2049220121 
2.625 -1.8739038355  -1.3485581015  -1.3485453522  -1.2000880364  -1.1947582322 
2.650 -1.8662761699  -1.3399450766  -1.3399308208  -1.1895144704  -1.1845107425 
2.675 -1.8585637641  -1.3312793089  -1.3312642858  -1.1788690222  -1.1741733425 
2.700 -1.8507808192  -1.3225725650  -1.3225573303  -1.1681709923  -1.1637661519 
2.725 -1.8429222670  -1.3138174734  -1.3138024340  -1.1574162159  -1.1532858293 
2.750 -1.8349944209  -1.3050183099  -1.3050037564  -1.1466138755  -1.1427423463 
2.775 -1.8269994840  -1.2961754163  -1.2961615480  -1.1357679688  -1.1321404706 
2.800 -1.8189349982  -1.2872846413  -1.2872715864  -1.1248767716  -1.1214792255 
2.825 -1.8108067800  -1.2783502948  -1.2783381274  -1.1139481403  -1.1107671813 
2.850 -1.8026208057  -1.2693769897  -1.2693657434  -1.1029898718  -1.1000128221 
2.875 -1.7943690295  -1.2603554252  -1.2603451027  -1.0919931795  -1.0892080291 
2.900 -1.7860615635  -1.2512946141  -1.2512851964  -1.0809703906  -1.0783657583 
2.925 -1.7776942550  -1.2421893899  -1.2421808423  -1.0699170414  -1.0674821554 
2.950 -1.7692723269  -1.2330440741  -1.2330363516  -1.0588394696  -1.0565641355 
2.975 -1.7608011510  -1.2238632241  -1.2238562754  -1.0477440314  -1.0456186060 
3.000 -1.7522756204  -1.2146409883  -1.2146347583  -1.0366248970  -1.0346402669 
3.025 -1.7436952539  -1.2053762183  -1.2053706509  -1.0254815423  -1.0236290962 
3.050 -1.7350703429  -1.1960786101  -1.1960736495  -1.0143257087  -1.0125973100 
3.075 -1.7263947677  -1.1867414942  -1.1867370861  -1.0031502533  -1.0015382224 
3.100 -1.7176731749  -1.1773690261  -1.1773651187  -0.9919603106  -0.9904573988 
3.125 -1.7089044191  -1.1679596121  -1.1679561563  -0.9807543552  -0.9793537248 
3.150 -1.7000869899  -1.1585113348  -1.1585082849  -0.9695304321  -0.9682256356 
3.175 -1.6912313670  -1.1490343082  -1.1490316218  -0.9583001152  -0.9570850733 
3.200 -1.6823297412  -1.1395203833  -1.1395180214  -0.9470542434  -0.9459232296 
3.225 -1.6733927249  -1.1299798678  -1.1299777948  -0.9358044262  -0.9347520456 
3.250 -1.6644118687  -1.1204040285  -1.1204022120  -0.9245407733  -0.9235619482 
3.275 -1.6553912073  -1.1107966430  -1.1107950537  -0.9132674393  -0.9123573906 
3.300 -1.6463280644  -1.1011547973  -1.1011534088  -0.9019810348  -0.9011352673 
3.325 -1.6372332842  -1.0914891182  -1.0914879068  -0.8906932602  -0.8899075462 
3.350 -1.6280970651  -1.0817896002  -1.0817885448  -0.8793927451  -0.8786631120 
3.375 -1.6189231172  -1.0720597663  -1.0720588479  -0.8680832061  -0.8674059214 
3.400 -1.6097152629  -1.0623032645  -1.0623024663  -0.8567684507  -0.8561400091 
3.425 -1.6004774375  -1.0525238672  -1.0525231742  -0.8454523797  -0.8448694908 
3.450 -1.5911983944  -1.0427101742  -1.0427095733  -0.8341220986  -0.8335816758 
3.475 -1.5818892464  -1.0328731556  -1.0328726350  -0.8227894530  -0.8222886012 
