#HF isntabilities: hessian eigenvalues
#y,rrhf,crhf,ruhf
0.25 0.3917789 0.0122099 -0.4999885
.275 0.3918556 0.0221634 -0.4759567
.300 0.4071445 0.0363692 -0.4446822
.325 0.4347234 0.0550525 -0.4063512
.350 0.3847443 0.0780501 -0.3623017
.375 0.334743 0.1049228 -0.3142791
.400 0.2898727 0.1350689 -0.2639109
.425 0.2496303 0.167801 -0.2125183
.450 0.2133453 0.2014066 -0.1611223
.475 0.1803302 0.1667625 -0.1105199
.500 0.149961 0.1348517 -0.0613695
.525 0.1217086 0.1051722 -0.0142733
.550 0.0951415 0.0773125 0.0301609
.575 0.0699152 0.0509413 0.0319675
.600 0.0457565 0.0257936 0.0058307
.625 0.0224497 0.0016565 -0.0191367
.650 -0.0001764 -0.0216422 -0.0431081
.675 -0.0222578 -0.0442429 -0.066228
.700 -0.0439011 -0.0662586 -0.0886161
.725 -0.0651897 -0.0877814 -0.1103732
.750 -0.0861849 -0.1088827 -0.1315804
.775 -0.0819802 -0.1046664 -0.1273526
.800 -0.0623867 -0.0849551 -0.1075234
.825 -0.0437451 -0.0661004 -0.0884557
.850 -0.0259525 -0.0480108 -0.070069
.875 -0.0089157 -0.0306037 -0.0522917
.900 0.0074492 -0.0138055 -0.0350602
.925 0.023219 0.0024511 -0.0183169
.950 0.0384613 0.0182245 -0.0020124
.975 0.0532376 0.0335681 0.0138986
1.000 0.0676025 0.048529 0.0294555
1.025 0.0816052 0.0631495 0.0446939
1.050 0.0952894 0.0774673 0.0299156
1.075 0.1086949 0.0915166 0.0075503
1.100 0.1218584 0.1053294 -0.0145239
1.125 0.1348096 0.118931 -0.036209
1.150 0.1475792 0.1323485 -0.057435
1.175 0.1601911 0.1456027 -0.0781506
1.200 0.172667 0.1587123 -0.0983201
1.225 0.1850278 0.171696 -0.11792
1.250 0.1972891 0.1845674 -0.1369344
1.275 0.2094656 0.1973396 -0.1553545
1.300 0.2215676 0.1941206 -0.1731755
1.325 0.2336042 0.1824709 -0.1903967
1.350 0.2455845 0.1714151 -0.2070207
1.375 0.2575097 0.1609367 -0.2230506
1.400 0.2693853 0.1510163 -0.2384928
1.425 0.2812118 0.1416339 -0.2533539
1.450 0.2929891 0.1327688 -0.2676419
1.475 0.3047142 0.1243999 -0.2813653
1.500 0.3163827 0.1165061 -0.294533
1.525 0.3279928 0.1090661 -0.3071557
1.550 0.3395371 0.1020593 -0.3192433
1.575 0.3510116 0.0954648 -0.3308072
1.600 0.3624079 0.0892629 -0.3418583
1.625 0.3737179 0.083434 -0.3524084
1.650 0.3849359 0.0779592 -0.36247
1.675 0.3960551 0.07282 -0.3720559
1.700 0.4070663 0.0679989 -0.3811788
1.725 0.4179628 0.0634788 -0.3898523
1.750 0.4287372 0.0592432 -0.3980902
1.775 0.4350696 0.0552764 -0.405907
1.800 0.4293549 0.0515633 -0.4133167
1.825 0.4240672 0.0480894 -0.4203347
1.850 0.4192017 0.0448408 -0.4269758
1.875 0.414753 0.0418044 -0.4332552
1.900 0.410714 0.0389674 -0.4391886
1.925 0.4070756 0.036318 -0.4447911
1.950 0.4038281 0.0338446 -0.4500785
1.975 0.40096 0.0315363 -0.4550662
2.000 0.3984586 0.0293829 -0.4597695
2.025 0.3963102 0.0273745 -0.4642033
2.050 0.3945002 0.0255018 -0.4683827
2.075 0.393013 0.0237561 -0.472322
2.100 0.3918333 0.0221291 -0.4760354
2.125 0.3909438 0.0206131 -0.4795365
2.150 0.3903285 0.0192005 -0.4828384
2.175 0.3899711 0.0178846 -0.4859539
2.200 0.3898547 0.0166587 -0.488895
2.225 0.3899624 0.0155169 -0.491673
2.250 0.3902791 0.0144534 -0.4942991
2.275 0.3907891 0.0134628 -0.4967836
2.300 0.3914776 0.0125402 -0.4991361
2.325 0.3923293 0.0116809 -0.5013659
2.350 0.3933313 0.0108804 -0.5034814
2.375 0.3944698 0.0101349 -0.5054907
2.400 0.3957326 0.0094404 -0.5074014
2.425 0.3971082 0.0087934 -0.5092203
2.450 0.3985851 0.0081907 -0.5109541
2.475 0.4001539 0.0076292 -0.5126086
2.500 0.4018033 0.007106 -0.5141895
2.525 0.4035261 0.0066185 -0.515702
2.550 0.4053129 0.0061643 -0.5171508
2.575 0.4071558 0.005741 -0.5185403
2.600 0.4090481 0.0053465 -0.5198747
2.625 0.410983 0.0049789 -0.5211576
2.650 0.4129536 0.0046363 -0.5223925
2.675 0.4149564 0.004317 -0.5235828
2.700 0.4169839 0.0040194 -0.5247312
2.725 0.4190329 0.003742 -0.5258405
2.750 0.4210984 0.0034834 -0.5269132
2.775 0.4231763 0.0032425 -0.5279517
2.800 0.425264 0.0030179 -0.528958
2.825 0.4273574 0.0028086 -0.5299341
2.850 0.4294529 0.0026135 -0.5308818
2.875 0.4315496 0.0024317 -0.5318027
2.900 0.4336435 0.0022623 -0.5326985
2.925 0.4357334 0.0021044 -0.5335706
2.950 0.4378167 0.0019573 -0.5344202
2.975 0.4398911 0.0018202 -0.5352485
3.000 0.441956 0.0016925 -0.5360567
3.025 0.4440103 0.0015735 -0.5368459
3.050 0.4460512 0.0014627 -0.5376169
3.075 0.4480787 0.0013595 -0.5383707
3.100 0.4500914 0.0012633 -0.539108
3.125 0.4520887 0.0011738 -0.5398298
3.150 0.4540701 0.0010904 -0.5405366
3.175 0.4560337 0.0010128 -0.5412291
3.200 0.4579801 0.0009405 -0.5419079
3.225 0.4599075 0.0008733 -0.5425737
3.250 0.4618168 0.0008107 -0.5432268
3.275 0.463707 0.0007525 -0.543868
3.300 0.4655784 0.0006983 -0.5444975
3.325 0.4674296 0.0006479 -0.5451159
3.350 0.4692615 0.000601 -0.5457235
3.375 0.4710737 0.0005574 -0.5463208
3.400 0.4728657 0.0005168 -0.546908
3.425 0.4746372 0.0004791 -0.5474856
3.450 0.4763893 0.0004441 -0.5480538
3.475 0.478121 0.0004115 -0.5486129
