# h4 energies for multiplicity =  3
# atoms arranged in rhombic structure of 2 isosceles triangles, definied by single parameter y = the height of the triangles 
# y, E(n=1), E(n=2), E(n=3), E(n=4), E(n=5)
0.25 -1.9619986129  -1.3397249950  -1.3261430050  -1.2323940434  -1.2275813593 
.275 -2.0092002116  -1.4225191986  -1.3997421043  -1.3540165485  -1.3438561830 
.300 -2.0380034042  -1.4833704730  -1.4568756637  -1.4482199134  -1.4384835430 
.325 -2.0518435086  -1.5449093926  -1.5252646459  -1.5151939639  -1.4898967600 
.350 -2.0533279344  -1.6206914067  -1.5766954165  -1.5505187576  -1.5402766171 
.375 -2.0445299343  -1.6859610047  -1.6251418222  -1.5757193830  -1.5610952692 
.400 -2.0271553575  -1.7419754714  -1.6623857598  -1.5982047203  -1.5587695917 
.425 -2.0026649045  -1.7897294320  -1.6900975766  -1.6095036074  -1.5452197459 
.450 -1.9723836057  -1.8300822469  -1.7098106856  -1.6112521110  -1.5220757338 
.475 -1.9376024011  -1.8638258650  -1.7229291802  -1.6050037719  -1.4909509129 
.500 -1.8996638374  -1.8917162798  -1.7307156029  -1.5922646035  -1.4647417115 
.525 -1.9144811988  -1.8600411079  -1.7342772113  -1.5745232412  -1.4647564315 
.550 -1.9328155503  -1.8204041578  -1.7345579626  -1.5532673551  -1.4608759392 
.575 -1.9473707687  -1.7826664359  -1.7323441344  -1.5299867410  -1.4541313167 
.600 -1.9587427761  -1.7489615944  -1.7282827584  -1.5061560224  -1.4457498892 
.625 -1.9674618598  -1.7229097710  -1.7214260503  -1.4831955597  -1.4514855687 
.650 -1.9739858517  -1.7166801037  -1.7016311590  -1.4624060110  -1.4545975184 
.675 -1.9786972354  -1.7099979819  -1.6898457724  -1.4514265657  -1.4448878566 
.700 -1.9819053775  -1.7032510850  -1.6848694699  -1.4443198417  -1.4314689222 
.725 -1.9838503335  -1.6968387996  -1.6847520932  -1.4359675239  -1.4226395591 
.750 -1.9847119262  -1.6912121361  -1.6876629906  -1.4285199190  -1.4241312706 
.775 -1.9846188007  -1.6922573887  -1.6869061208  -1.4298725413  -1.4232477085 
.800 -1.9836580099  -1.6976533208  -1.6845578002  -1.4370597347  -1.4235363014 
.825 -1.9818867282  -1.7032991343  -1.6848853339  -1.4443787890  -1.4315497940 
.850 -1.9793390190  -1.7088489495  -1.6885733587  -1.4504242144  -1.4423083307 
.875 -1.9760353527  -1.7140851562  -1.6960802611  -1.4550753680  -1.4539899614 
.900 -1.9719886432  -1.7188683944  -1.7074427445  -1.4691572851  -1.4543319317 
.925 -1.9672074726  -1.7231059749  -1.7222293673  -1.4839365588  -1.4512545754 
.950 -1.9617018291  -1.7396894643  -1.7267376916  -1.4988938176  -1.4449919070 
.975 -1.9554830614  -1.7589717976  -1.7297221030  -1.5136068732  -1.4484775842 
1.000 -1.9485665352  -1.7792920858  -1.7320319587  -1.5277473985  -1.4533929923 
1.025 -1.9409715927  -1.8000075079  -1.7336494201  -1.5410691899  -1.4575782762 
1.050 -1.9327220212  -1.8206274261  -1.7345641297  -1.5533961159  -1.4609073758 
1.075 -1.9238448301  -1.8407946682  -1.7347706526  -1.5646083926  -1.4633117069 
1.100 -1.9143691532  -1.8602591508  -1.7342670211  -1.5746305683  -1.4647673725 
1.125 -1.9043298477  -1.8788523372  -1.7330589132  -1.5834262892  -1.4652881564 
1.150 -1.8964672299  -1.8937593494  -1.7311509918  -1.5909816255  -1.4649088065 
1.175 -1.9130414743  -1.8826944322  -1.7285548479  -1.5973065602  -1.4670321008 
1.200 -1.9285455055  -1.8711719748  -1.7252847120  -1.6024255636  -1.4822918650 
1.225 -1.9429735978  -1.8592263858  -1.7213551002  -1.6063713349  -1.4959894393 
1.250 -1.9563364538  -1.8468943170  -1.7167859604  -1.6091869039  -1.5081815478 
1.275 -1.9686566276  -1.8342094272  -1.7115972317  -1.6109180675  -1.5189301632 
1.300 -1.9799643951  -1.8212067219  -1.7058133013  -1.6116162256  -1.5283012140 
1.325 -1.9902953156  -1.8079179591  -1.6994581340  -1.6113324739  -1.5363619412 
1.350 -1.9996880213  -1.7943711443  -1.6925546189  -1.6101162064  -1.5431793366 
1.375 -2.0081826554  -1.7805988996  -1.6851328383  -1.6080228652  -1.5488215436 
1.400 -2.0158199240  -1.7666248227  -1.6772159658  -1.6050996516  -1.5533533702 
1.425 -2.0226402461  -1.7524746716  -1.6688313687  -1.6013964201  -1.5568389170 
1.450 -2.0286831910  -1.7381708199  -1.6600047338  -1.5969597901  -1.5593396039 
1.475 -2.0339872781  -1.7237355979  -1.6507631966  -1.5918362863  -1.5609150202 
1.500 -2.0385897621  -1.7091900541  -1.6411338599  -1.5860709234  -1.5616224172 
1.525 -2.0425258115  -1.6945484305  -1.6311380350  -1.5797015240  -1.5615144484 
1.550 -2.0458296127  -1.6798293208  -1.6208022640  -1.5727698442  -1.5606433183 
1.575 -2.0485330560  -1.6650446323  -1.6101470531  -1.5653104009  -1.5590565175 
1.600 -2.0506670965  -1.6502095921  -1.5991967649  -1.5573604822  -1.5568008336 
1.625 -2.0522610743  -1.6353371528  -1.5879738619  -1.5539201811  -1.5489544820 
1.650 -2.0533421692  -1.6204355953  -1.5764963820  -1.5504544905  -1.5401214613 
1.675 -2.0539361777  -1.6055129400  -1.5647822580  -1.5464416287  -1.5308895654 
1.700 -2.0540683342  -1.5905798886  -1.5528521725  -1.5419189084  -1.5212889700 
1.725 -2.0537618602  -1.5756428139  -1.5407224489  -1.5369199391  -1.5113448239 
1.750 -2.0530390950  -1.5607087286  -1.5314769812  -1.5284099646  -1.5010822429 
1.775 -2.0519202052  -1.5457800927  -1.5256184776  -1.5159268879  -1.4905210894 
1.800 -2.0504262249  -1.5308659738  -1.5193746524  -1.5032918164  -1.4796871962 
1.825 -2.0485745312  -1.5159654034  -1.5127692633  -1.4905130530  -1.4685956397 
1.850 -2.0463837010  -1.5058283194  -1.5010845607  -1.4776057976  -1.4634773685 
1.875 -2.0438703088  -1.4985743840  -1.4862253925  -1.4645807137  -1.4587950646 
1.900 -2.0410496871  -1.4910280094  -1.4713884157  -1.4536600354  -1.4514467180 
1.925 -2.0379382581  -1.4832114759  -1.4565795179  -1.4481046541  -1.4382177789 
1.950 -2.0345492230  -1.4751418405  -1.4421556060  -1.4417969144  -1.4248998372 
1.975 -2.0308958003  -1.4668362303  -1.4358390438  -1.4270409573  -1.4115006288 
2.000 -2.0269915630  -1.4583122538  -1.4291810255  -1.4123146324  -1.3980301785 
2.025 -2.0228478558  -1.4495840710  -1.4222036854  -1.3976164206  -1.3844936493 
2.050 -2.0184764973  -1.4406665272  -1.4149293082  -1.3829476180  -1.3708986779 
2.075 -2.0138885228  -1.4315732389  -1.4073784778  -1.3683088135  -1.3572518515 
2.100 -2.0090924699  -1.4223141878  -1.3995677247  -1.3536957290  -1.3435545505 
2.125 -2.0041010985  -1.4129053573  -1.3915190599  -1.3391156792  -1.3298194362 
2.150 -1.9989213987  -1.4033544444  -1.3832458992  -1.3245630040  -1.3160458648 
2.175 -1.9935611508  -1.3936703228  -1.3747624210  -1.3100353084  -1.3022361580 
2.200 -1.9880293172  -1.3838634827  -1.3660840368  -1.2955339920  -1.2883961424 
2.225 -1.9823364521  -1.3739464833  -1.3572278728  -1.2810647898  -1.2745357020 
2.250 -1.9764863173  -1.3639226112  -1.3482015413  -1.2666190700  -1.2606500753 
2.275 -1.9704860278  -1.3537997501  -1.3390169105  -1.2521967527  -1.2467428046 
2.300 -1.9643421498  -1.3435850231  -1.3296848162  -1.2377973407  -1.2328167721 
2.325 -1.9580631631  -1.3332880284  -1.3202182991  -1.2234250617  -1.2188793573 
2.350 -1.9516522290  -1.3229113515  -1.3106231892  -1.2090736047  -1.2049271790 
2.375 -1.9451168790  -1.3124632966  -1.3009107806  -1.1947465082  -1.1909665056 
2.400 -1.9384616923  -1.3019483024  -1.2910883170  -1.1804417795  -1.1769978790 
2.425 -1.9316906645  -1.2913700788  -1.2811621241  -1.1661569175  -1.1630211523 
2.450 -1.9248101324  -1.2807353148  -1.2711413187  -1.1518946446  -1.1490412336 
2.475 -1.9178201514  -1.2700427534  -1.2610269362  -1.1376458686  -1.1350510548 
2.500 -1.9107322941  -1.2593056383  -1.2508343140  -1.1234244277  -1.1210663346 
2.525 -1.9035425503  -1.2485176541  -1.2405591520  -1.1092144434  -1.1070729302 
2.550 -1.8962588025  -1.2376873864  -1.2302118766  -1.0950234193  -1.0930799556 
2.575 -1.8888856660  -1.2268192946  -1.2197986825  -1.0808528548  -1.0790903989 
2.600 -1.8814239863  -1.2159132061  -1.2093210321  -1.0666976122  -1.0651004976 
2.625 -1.8738775898  -1.2049726362  -1.1987839642  -1.0525585116  -1.0511123437 
2.650 -1.8662537914  -1.1940053106  -1.1881966266  -1.0384429451  -1.0371345038 
2.675 -1.8585446939  -1.1830005303  -1.1775496858  -1.0243311249  -1.0231482733 
2.700 -1.8507645777  -1.1719744438  -1.1668605294  -1.0102435467  -1.0091751492 
2.725 -1.8429084430  -1.1609199245  -1.1561232311  -0.9961663648  -0.9952022080 
2.750 -1.8349826618  -1.1498435383  -1.1453454661  -0.9821062601  -0.9812369813 
2.775 -1.8269894878  -1.1387468990  -1.1345298996  -0.9680627951  -0.9672798159 
2.800 -1.8189265062  -1.1276261167  -1.1236736368  -0.9540277477  -0.9533232117 
2.825 -1.8107995707  -1.1164871202  -1.1127835342  -0.9400074203  -0.9393741362 
2.850 -1.8026146896  -1.1053359621  -1.1018665204  -0.9260083669  -0.9254397557 
2.875 -1.7943638445  -1.0941622488  -1.0909130411  -0.9120135906  -0.9115036365 
2.900 -1.7860571710  -1.0829768973  -1.0799347889  -0.8980369812  -0.8975801865 
2.925 -1.7776905368  -1.0717741408  -1.0689267413  -0.8840685838  -0.8836599272 
2.950 -1.7692691817  -1.0605591566  -1.0578947715  -0.8701142550  -0.8697491528 
2.975 -1.7607984926  -1.0493372496  -1.0468448425  -0.8561800644  -0.8558543352 
3.000 -1.7522733753  -1.0381016259  -1.0357707887  -0.8422550485  -0.8419648799 
3.025 -1.7436933593  -1.0268508961  -1.0246718115  -0.8283360898  -0.8280780085 
3.050 -1.7350687454  -1.0155960276  -1.0135594318  -0.8144375069  -0.8142083502 
3.075 -1.7263934218  -1.0043291611  -1.0024263215  -0.8005472366  -0.8003441268 
3.100 -1.7176720421  -0.9930547904  -0.9912774723  -0.7866706377  -0.7864909584 
3.125 -1.7089034664  -0.9817708048  -0.9801112465  -0.7728039129  -0.7726452871 
3.150 -1.7000861895  -0.9704747176  -0.9689256050  -0.7589428599  -0.7588031295 
3.175 -1.6912306951  -0.9591776259  -0.9577320645  -0.7451021076  -0.7449793148 
3.200 -1.6823291777  -0.9478699257  -0.9465214235  -0.7312677206  -0.7311600911 
3.225 -1.6733922528  -0.9365628315  -0.9353052722  -0.7174545005  -0.7173604271 
3.250 -1.6644114735  -0.9252460857  -0.9240737134  -0.7036477944  -0.7035658234 
3.275 -1.6553908769  -0.9139235126  -0.9128309088  -0.6898523415  -0.6897811585 
3.300 -1.6463277884  -0.9025914199  -0.9015734865  -0.6760626574  -0.6760010756 
3.325 -1.6372330539  -0.8912612342  -0.8903131741  -0.6622938289  -0.6622407773 
3.350 -1.6280968732  -0.8799213303  -0.8790386342  -0.6485296784  -0.6484841920 
3.375 -1.6189229574  -0.8685751947  -0.8677536228  -0.6347745875  -0.6347357976 
3.400 -1.6097151301  -0.8572264240  -0.8564619917  -0.6210330647  -0.6210001900 
3.425 -1.6004773272  -0.8458787260  -0.8451676894  -0.6073097443  -0.6072820831 
3.450 -1.5911983029  -0.8345190265  -0.8338578712  -0.5935868134  -0.5935637363 
3.475 -1.5818891706  -0.8231590097  -0.8225444350  -0.5798796579  -0.5798606012 
