# h6 energies for multiplicity =  1
# atoms arranged in pyramid structure of four isosceles triangles, definied by single parameter y = the height of the triangles 
# y, E(n=1), E(n=2), E(n=3), E(n=4), E(n=5)
0.25 -2.9765230579  -2.9520880294  -2.5572791115  -2.5555296909  -2.5364872862 
.275 -3.0355380229  -2.9915301640  -2.6243533549  -2.6201911374  -2.5886515632 
.300 -3.0803267950  -3.0099872279  -2.6749402594  -2.6656529637  -2.6226015908 
.325 -3.1139264171  -3.0114991016  -2.7140106440  -2.6953399832  -2.6555128757 
.350 -3.1382462843  -2.9998954160  -2.7442977710  -2.7117308017  -2.6780599370 
.375 -3.1545456199  -2.9789819745  -2.7664700086  -2.7199616670  -2.7081810010 
.400 -3.1637188744  -2.9523062095  -2.7807877411  -2.7738521912  -2.7526200969 
.425 -3.1664720719  -2.9226435084  -2.8256479961  -2.7984524402  -2.7846759405 
.450 -3.1634432464  -2.8921576272  -2.8684732641  -2.8318542003  -2.7846037587 
.475 -3.1552915394  -2.9059941818  -2.8582433233  -2.8580504028  -2.7772293304 
.500 -3.1427690126  -2.9345921014  -2.8772267820  -2.8253878079  -2.7644382292 
.525 -3.1267929365  -2.9570569388  -2.8903448736  -2.7919096136  -2.7474630661 
.550 -3.1085599150  -2.9737759312  -2.8983941039  -2.7592469980  -2.7276462319 
.575 -3.0897709020  -2.9849478090  -2.9023234122  -2.7322621241  -2.7066921138 
.600 -3.0730142190  -2.9901023663  -2.9030088607  -2.7302842396  -2.6871770775 
.625 -3.0617069416  -2.9881690420  -2.9012315542  -2.7465676684  -2.6723404310 
.650 -3.0578093154  -2.9796542560  -2.8976607034  -2.7584414903  -2.6629176137 
.675 -3.0599617350  -2.9680609740  -2.8928456768  -2.7607887407  -2.6569564977 
.700 -3.0660111629  -2.9565624549  -2.8872084317  -2.7527359385  -2.6531055146 
.725 -3.0745769202  -2.9459805858  -2.8810501012  -2.7354716638  -2.6508020138 
.750 -3.0847173477  -2.9356476899  -2.8745536044  -2.7114373438  -2.6495791722 
.775 -3.0956359166  -2.9246465731  -2.8678020088  -2.6837585794  -2.6488835422 
.800 -3.1066467828  -2.9123488604  -2.8607963096  -2.6576871680  -2.6481918371 
.825 -3.1171993947  -2.8984373445  -2.8534744634  -2.6471649317  -2.6439578150 
.850 -3.1268805324  -2.8827987503  -2.8457367528  -2.6458461846  -2.6434967836 
.875 -3.1353950785  -2.8654418565  -2.8374691061  -2.6480914668  -2.6454601889 
.900 -3.1425408735  -2.8464661793  -2.8285657993  -2.6546274549  -2.6524953097 
.925 -3.1481860027  -2.8260740510  -2.8189535390  -2.6753322758  -2.6619321738 
.950 -3.1522509536  -2.8086565927  -2.8046574788  -2.7054143429  -2.6691167386 
.975 -3.1546955694  -2.7980725246  -2.7830225667  -2.7364419932  -2.6750435523 
1.000 -3.1555090446  -2.7908029564  -2.7629397173  -2.7629397173  -2.6777225853 
1.025 -3.1547023660  -2.8064926669  -2.7644188076  -2.7478608543  -2.6736219360 
1.050 -3.1523031829  -2.8338080219  -2.7517588664  -2.7409400826  -2.6598921420 
1.075 -3.1483506833  -2.8609777803  -2.7405397184  -2.7364744129  -2.6409567691 
1.100 -3.1428934817  -2.8866691968  -2.7430723491  -2.7197688376  -2.6353882241 
1.125 -3.1359853610  -2.9105731578  -2.7464142786  -2.7019005053  -2.6389323023 
1.150 -3.1276825855  -2.9325830981  -2.7495922556  -2.6829775475  -2.6426322189 
1.175 -3.1180449060  -2.9526660392  -2.7521462937  -2.6630788415  -2.6454895671 
1.200 -3.1071324078  -2.9708259347  -2.7538376211  -2.6473680362  -2.6422751039 
1.225 -3.0950024527  -2.9870877251  -2.7545302027  -2.6482612585  -2.6206362159 
1.250 -3.0817134824  -3.0014891518  -2.7541465397  -2.6481913125  -2.5982559603 
1.275 -3.0673201825  -3.0140757951  -2.7526394180  -2.6471787457  -2.5752655915 
1.300 -3.0518777523  -3.0248986532  -2.7499854900  -2.6452413984  -2.5519326719 
1.325 -3.0354358756  -3.0340110314  -2.7461725044  -2.6423896523  -2.5534764376 
1.350 -3.0414687543  -3.0180454350  -2.7412028523  -2.6386395522  -2.5674890650 
1.375 -3.0473280201  -2.9997533623  -2.7350855090  -2.6340218599  -2.5795753434 
1.400 -3.0516433419  -2.9806000781  -2.7278316123  -2.6286184385  -2.5896284493 
1.425 -3.0544722382  -2.9606328343  -2.7194667833  -2.6227201081  -2.5973829654 
1.450 -3.0558697094  -2.9398917734  -2.7100154208  -2.6175111476  -2.6016965977 
1.475 -3.0558885529  -2.9184127830  -2.6995027687  -2.6161058799  -2.5995083109 
1.500 -3.0545839821  -2.8962374354  -2.6879644016  -2.6175352128  -2.5918596244 
1.525 -3.0520054407  -2.8733965922  -2.6754293269  -2.6186919190  -2.5819237130 
1.550 -3.0482036722  -2.8499251440  -2.6619362214  -2.6187163574  -2.5706347413 
1.575 -3.0432307014  -2.8258611989  -2.6475384879  -2.6174295791  -2.5582458885 
1.600 -3.0371310638  -2.8012309921  -2.6323219238  -2.6147584109  -2.5448477212 
1.625 -3.0299539931  -2.7760704299  -2.6168307704  -2.6102309650  -2.5304974143 
1.650 -3.0217423783  -2.7504063233  -2.6070347494  -2.5979520364  -2.5152288373 
1.675 -3.0125381949  -2.7242659534  -2.6004510866  -2.5804849842  -2.4990707864 
1.700 -3.0023857766  -2.6976819998  -2.5930567235  -2.5619430793  -2.4820550687 
1.725 -2.9913246141  -2.6706814440  -2.5846620418  -2.5425962467  -2.4642067880 
1.750 -2.9793943500  -2.6432937474  -2.5752793339  -2.5225134488  -2.4455524861 
1.775 -2.9666288054  -2.6155430376  -2.5649407669  -2.5017291684  -2.4261116404 
1.800 -2.9530689036  -2.5874703862  -2.5536856543  -2.4802825907  -2.4059152314 
1.825 -2.9387429456  -2.5591278480  -2.5415165525  -2.4581928636  -2.3849775897 
1.850 -2.9236871371  -2.5313238881  -2.5276993826  -2.4354904649  -2.3633254413 
1.875 -2.9079317742  -2.5152531260  -2.5011016199  -2.4121974824  -2.3409783801 
1.900 -2.8915043934  -2.5007091091  -2.4719865894  -2.3883324805  -2.3179534113 
1.925 -2.8744389880  -2.4855276272  -2.4425903595  -2.3639232699  -2.2963726575 
1.950 -2.8567534912  -2.4696826305  -2.4129759404  -2.3389757462  -2.2747924508 
1.975 -2.8384875466  -2.4532087832  -2.3831936525  -2.3135258109  -2.2526560803 
2.000 -2.8196540759  -2.4361230572  -2.3532531853  -2.2875731734  -2.2299761527 
2.025 -2.8002785107  -2.4184546931  -2.3231792915  -2.2611350281  -2.2067796584 
2.050 -2.7803845756  -2.4002315093  -2.2929939112  -2.2342267271  -2.1830915940 
2.075 -2.7599941945  -2.3814794675  -2.2627160355  -2.2068619402  -2.1589349020 
2.100 -2.7391208942  -2.3622166318  -2.2323533198  -2.1790443280  -2.1343231453 
2.125 -2.7177954507  -2.3424761327  -2.2019331399  -2.1508017334  -2.1092891997 
2.150 -2.6960205390  -2.3222654759  -2.1714465897  -2.1221268623  -2.0838346335 
2.175 -2.6738311225  -2.3016208139  -2.1409215756  -2.0930568329  -2.0579969377 
2.200 -2.6512251891  -2.2805446476  -2.1103389657  -2.0635827895  -2.0317726744 
2.225 -2.6282356831  -2.2590706575  -2.0797189056  -2.0337436249  -2.0051970474 
2.250 -2.6048637925  -2.2372035452  -2.0490416162  -2.0035390996  -1.9782703186 
2.275 -2.5811240694  -2.2149597749  -2.0183015664  -1.9729880005  -1.9510075307 
2.300 -2.5570296988  -2.1923543076  -1.9874905749  -1.9421084875  -1.9234222537 
2.325 -2.5326015750  -2.1694088635  -1.9566090072  -1.9109291236  -1.8955364450 
2.350 -2.5078414874  -2.1461275925  -1.9256354544  -1.8794541850  -1.8673513121 
2.375 -2.4827679719  -2.1225296442  -1.8945687247  -1.8477090102  -1.8388862725 
2.400 -2.4573891856  -2.0986245446  -1.8633969385  -1.8157051924  -1.8101495032 
2.425 -2.4317116698  -2.0744201598  -1.8321079370  -1.7834516675  -1.7811474818 
2.450 -2.4057510281  -2.0499324563  -1.8007015148  -1.7518964531  -1.7509680598 
2.475 -2.3795003260  -2.0251566750  -1.7691535554  -1.7223884789  -1.7182451347 
2.500 -2.3529951410  -2.0001267534  -1.7374896794  -1.6926612058  -1.6853261480 
2.525 -2.3262145497  -1.9748248655  -1.7056731116  -1.6626917743  -1.6521834823 
2.550 -2.2991814017  -1.9492730856  -1.6737179187  -1.6325041819  -1.6188436393 
2.575 -2.2719069463  -1.9234827918  -1.6416262609  -1.6021099758  -1.5853183399 
2.600 -2.2443890775  -1.8974530222  -1.6093864255  -1.5715064931  -1.5516026887 
2.625 -2.2166368364  -1.8711929375  -1.5770002220  -1.5407029495  -1.5177054519 
2.650 -2.1886586359  -1.8447110466  -1.5444696137  -1.5097078752  -1.4836345471 
2.675 -2.1604622335  -1.8180151876  -1.5117965907  -1.4785290902  -1.4493970654 
2.700 -2.1320547039  -1.7911125072  -1.4789830522  -1.4471736783  -1.4149992808 
2.725 -2.1034277739  -1.7639959615  -1.4460144254  -1.4156325253  -1.3804289473 
2.750 -2.0746009446  -1.7366840075  -1.4129075847  -1.3839258375  -1.3457075692 
2.775 -2.0455790560  -1.7091815679  -1.3796635295  -1.3520583155  -1.3108389149 
2.800 -2.0163503605  -1.6814782154  -1.3462652988  -1.3200172259  -1.2758069346 
2.825 -1.9869330671  -1.6535910955  -1.3127295268  -1.2878213479  -1.2406317318 
2.850 -1.9573295044  -1.6255226772  -1.2790555493  -1.2554727391  -1.2053143695 
2.875 -1.9275580751  -1.5972902460  -1.2452607473  -1.2229902932  -1.1698751813 
2.900 -1.8976031136  -1.5688795808  -1.2113251171  -1.1903571931  -1.1342939132 
2.925 -1.8674641671  -1.5402904648  -1.1772457355  -1.1575725994  -1.0985686516 
2.950 -1.8371579778  -1.5115385656  -1.1430388293  -1.1246536364  -1.0627179629 
2.975 -1.8067019161  -1.4826401353  -1.1087214422  -1.0916180246  -1.0267610942 
3.000 -1.7760759278  -1.4535767462  -1.0742696076  -1.0584444203  -0.9906730800 
3.025 -1.7452766613  -1.4243453923  -1.0396779373  -1.0251289561  -0.9544488997 
3.050 -1.7143394082  -1.3949788901  -1.0049835825  -0.9917079886  -0.9181290531 
3.075 -1.6832408270  -1.3654556743  -0.9701594401  -0.9581568006  -0.8816850325 
3.100 -1.6519754408  -1.3357707059  -0.9351981748  -0.9244693185  -0.8451095222 
3.125 -1.6206001269  -1.3059768599  -0.9001607934  -0.8907042140  -0.8084681895 
3.150 -1.5890460749  -1.2760102470  -0.8649708081  -0.8567896175  -0.7716796582 
3.175 -1.5573703566  -1.2459239271  -0.8296895569  -0.8227843512  -0.7348097798 
3.200 -1.5255440405  -1.2156910137  -0.7942843990  -0.7886579927  -0.6978240049 
3.225 -1.4936040405  -1.1853458618  -0.7587946749  -0.7544483613  -0.6607644943 
3.250 -1.4615192832  -1.1548595489  -0.7231855828  -0.7201228554  -0.6235943791 
3.275 -1.4293033200  -1.1242446753  -0.6874710788  -0.6856950917  -0.5863287021 
3.300 -1.3969458092  -1.0934915776  -0.6516391331  -0.6511539728  -0.5489548399 
3.325 -1.3644846838  -1.0626355971  -0.6165382702  -0.6157302936  -0.5115159687 
3.350 -1.3318842873  -1.0316434554  -0.5818107382  -0.5797050756  -0.4739702658 
3.375 -1.2991572010  -1.0005268439  -0.5469839651  -0.5435765274  -0.4363316690 
3.400 -1.2663164397  -0.9692978735  -0.5120709597  -0.5073581704  -0.3986145578 
3.425 -1.2333754527  -0.9379690768  -0.4770851533  -0.4710639971  -0.3608337525 
3.450 -1.2002936229  -0.9065024571  -0.4419842945  -0.4346494029  -0.3229420852 
3.475 -1.1671100516  -0.8749345061  -0.4068082492  -0.3981562680  -0.2849838561 
