5 0.22474786951272291 0.6550885 0.9190317 0.6551136 0.
5.25 0.23032811073355966 0.6461381 0.8995109 0.6463611 0.
5.50 0.23578063841929153 0.6287277 0.8802954 0.6378857 0.
5.75 0.24111432303437602 0.6117464 0.8613529 0.6296657 0.
6.00 0.24633708657984518 0.5951673 0.8426557 0.6216816 0.
6.25 0.25145603955751983 0.5789478 0.8241789 0.6139155 0.
6.50 0.25647759350390792 0.5630509 0.8059001 0.6063509 0.
6.75 0.26140755421862366 0.5474444 0.7877993 0.598973 0.
7.00 0.26625119958804888 0.5321004 0.7698593 0.5917681 0.
7.25 0.27101334500631991 0.516995 0.7520659 0.5847241 0.
7.50 0.27569839872782342 0.5021072 0.7344077 0.5778295 0.
7.75 0.28031040898329512 0.487419 0.7168761 0.5710741 0.
8.00 0.28485310431016619 0.4729146 0.6994648 0.5644487 0.
8.25 0.28932992825516618 0.4585807 0.6821697 0.5579449 0.
8.50 0.29374406938062309 0.4444055 0.6649881 0.5515552 -0.0000001
8.75 0.29809848732900202 0.430379 0.6479186 0.5452725 -0.0000002
9.00 0.30239593556098865 0.4164927 0.6309607 0.5390909 -0.0000003
9.25 0.30663898127202549 0.4027392 0.6141147 0.5330046 -0.0000004
9.50 0.31083002290405076 0.3891122 0.5973808 0.5270088 -0.0000006
9.75 0.31497130559833353 0.3756064 0.5807597 0.5210987 -0.0000008
10.00 0.31906493487798943 0.3622174 0.5642522 0.5152702 -0.0000012
10.25 0.32311288880213562 0.3489413 0.5478589 0.5095194 -0.0000016
10.50 0.32711702879550453 0.3357751 0.5315804 0.5038425 -0.0000022
10.75 0.33107910932596624 0.3227163 0.5154171 0.4982357 -0.000003
11.00 0.33500078657648524 0.3097629 0.4993694 0.4926951 -0.0000041
11.25 0.33888362623650670 0.2969132 0.4834373 0.4869503 -0.0000054
11.50 0.34272911051981081 0.2841662 0.467621 0.4806819 -0.0000072
11.75 0.34653864450082428 0.271521 0.4519204 0.4726389 -0.0000094
12.00 0.35031356184872481 0.2589772 0.4363353 0.4613955 -0.0000123
12.25 0.35405513002798283 0.2465347 0.4208657 0.4483893 -0.0000158
12.50 0.35776455502492738 0.2341938 0.4055113 0.4349371 -0.0000203
12.75 0.36144298565221100 0.2219551 0.3902721 0.4214354 -0.0000258
13.00 0.36509151747647400 0.2098197 0.3751482 0.4080089 -0.0000325
13.25 0.36871119640886968 0.1977891 0.36014 0.3947067 -0.0000406
13.50 0.37230302199327187 0.1858657 0.3452481 0.381552 -0.0000503
13.75 0.37586795042281695 0.1740528 0.330474 0.3685579 -0.0000618
14.00 0.37940689731182314 0.1623548 0.3158196 0.3557327 -0.000075
14.25 0.38292074024700901 0.1507785 0.3012883 0.3430828 -0.0000899
14.50 0.38641032113921558 0.1393334 0.286885 0.330614 -0.0001062
14.75 0.38987644839447261 0.1280337 0.2726174 0.3183331 -0.000123
15.00 0.39331989892118169 0.1169014 0.2584972 0.3062485 -0.0001387
15.25 0.39674141998838264 0.1059709 0.2445422 0.2943728 -0.0001503
15.50 0.40014173094847860 0.095298 0.2307812 0.2827257 -0.0001524
15.75 0.40352152483640419 0.084977 0.2172608 0.2713398 -0.0001354
16.00 0.40688146985598445 0.0751722 0.2040596 0.2602716 -0.0000824
16.25 0.41022221076315113 0.0661781 0.191314 0.2496218 0.0000358
16.50 0.41354437015471773 0.0585255 0.1792631 0.2395708 0.000269
16.75 0.41684854967056112 0.0531148 0.1683049 0.2304196 0.
17.00 0.42013533111630319 0.0511862 0.1589906 0.2225727 0.
17.25 0.42340527751290741 0.0537216 0.1517971 0.2163259 0.
17.50 0.42665893407900496 0.0605539 0.1467772 0.2115732 0.
17.75 0.42989682915123001 0.0704631 0.1435714 0.2078584 0.
18.00 0.43311947504735931 0.0820815 0.1417328 0.2046894 0.
18.25 0.43632736887662232 0.0944039 0.1409179 0.2017057 0.
18.50 0.43952099330116196 0.1068029 0.1409019 0.1986808 0.
18.75 0.44270081725227745 0.1189064 0.1415416 0.1954823 0.
19.00 0.44586729660476643 0.1304838 0.1427417 0.192039 0.
19.25 0.44902087481240505 0.1413016 0.1444328 0.1883192 0.
19.50 0.45216198350734593 0.1491432 0.1465571 0.1843191 0.
19.75 0.45529104306598517 0.1441906 0.149059 0.1800542 0.
20.00 0.45840846314364242 0.1374458 0.1518777 0.1755539 0.
20.25 0.46151464318020630 0.1310244 0.1549418 0.1708575 0.
20.50 0.46460997287872730 0.1250204 0.1581642 0.1660097 0.
20.75 0.46769483265878409 0.1194162 0.1614393 0.1610582 0.
21.00 0.47076959408630886 0.1141627 0.1646423 0.1560504 0.
21.25 0.47383462028142359 0.1091948 0.1676328 0.1510309 0.
21.50 0.47689026630572684 0.1044379 0.1702658 0.1460399 0.
21.75 0.47993687953036013 0.0998144 0.17241 0.1411118 0.
22.00 0.48297479998608267 0.0952511 0.1739713 0.1362743 0.
22.25 0.48600436069649899 0.0906853 0.174913 0.1315485 0.
22.50 0.48902588799549546 0.0860704 0.175262 0.1269494 0.
22.75 0.49203970182987000 0.0813786 0.1750969 0.1224859 0.
23.00 0.49504611604806875 0.0766008 0.174526 0.1181623 0.
23.25 0.49804543867587991 0.0717448 0.1736648 0.1139794 0.0033872
23.50 0.50103797217987622 0.0668317 0.1726203 0.1099347 -0.000797
23.75 0.50402401371934424 0.0618927 0.1714838 0.1060243 -0.0048393
24.00 0.50700385538738835 0.0569669 0.1703304 0.1022433 -0.0087087
24.25 0.50997778444185260 0.0520992 0.1692206 0.098587 -0.0123815
24.50 0.51294608352666027 0.0473403 0.168204 0.0950516 -0.0158391
24.75 0.51590903088413309 0.0427469 0.1673231 0.0916353 -0.0190665
25.00 0.51886690055881535 0.0383836 0.1666162 0.0883391 -0.0220511
25.25 0.52181996259329522 0.0343243 0.1661207 0.0851682 -0.0247816
25.50 0.52476848321648584 0.0306538 0.1658752 0.0821329 -0.027247
25.75 0.52771272502479782 0.0274681 0.1659198 0.0792497 -0.0294368
26.00 0.53065294715660993 0.0248692 0.1662944 0.0765417 -0.0313402
26.25 0.53358940546042311 0.0229539 0.1670327 0.0740369 -0.0329488
26.50 0.53652235265705239 0.0217923 0.168152 0.0717636 -0.0342586
26.75 0.53945203849620049 0.0214037 0.169643 0.0697436 -0.0352747
27.00 0.54237870990772830 0.0217419 0.1714666 0.0679854 -0.0360129
27.25 0.54530261114792489 0.0227006 0.173562 0.0664825 -0.0364989
27.50 0.54822398394106098 0.0241339 0.1758609 0.0652167 -0.0367649
27.75 0.55114306761649301 0.0258765 0.1783003 0.0641649 -0.0368456
28.00 0.55406009924157285 0.0277555 0.1808284 0.0633046 -0.0367766
28.25 0.55697531375060216 0.0295924 0.1834051 0.0626176 -0.0365931
28.50 0.55988894407005929 0.0312057 0.1859999 0.0620921 -0.0363305
28.75 0.56280122124031395 0.0324195 0.1885897 0.061724 -0.0360245
29.00 0.56571237453403433 0.0330901 0.1911561 0.0615177 -0.0357108
29.25 0.56862263157148163 0.0331487 0.1936845 0.0614876 -0.0354237
29.50 0.57153221843287527 0.0326467 0.1961639 0.0616594 -0.0351934
29.75 0.57444135976800692 0.0317734 0.1985889 0.0620697 -0.0350407
30.00 0.57735027890326807 0.0308257 0.2009632 0.0627635 -0.0349708
30.25 0.58025919794625369 0.0301341 0.2033022 0.0637845 -0.0349692
30.50 0.58316833788809341 0.0299698 0.2056318 0.0651599 -0.0350051
30.75 0.58607791870365555 0.030473 0.2079784 0.0668864 -0.0350433
31.00 0.58898815944976501 0.0316402 0.2103559 0.0689273 -0.0350595
31.25 0.59189927836156764 0.0333699 0.2127579 0.0712245 -0.0350467
31.50 0.59481149294717062 0.0355242 0.2151592 0.0737145 -0.0350124
31.75 0.59772502008068074 0.0379729 0.2175236 0.0763405 -0.0349713
32.00 0.60064007609376124 0.0406104 0.2198115 0.0790565 -0.0349394
32.25 0.60355687686581816 0.0433579 0.2219853 0.0818276 -0.0349308
32.50 0.60647563791293169 0.0461581 0.2240115 0.0846277 -0.0349567
32.75 0.60939657447563289 0.04897 0.2258635 0.0874374 -0.0350252
33.00 0.61231990160563299 0.0517638 0.2275215 0.0902423 -0.0351417
33.25 0.61524583425160395 0.0545173 0.2289729 0.0930317 -0.0353096
33.50 0.61817458734410646 0.0572138 0.2302126 0.0957973 -0.0355306
33.75 0.62110637587975959 0.0598402 0.2312418 0.0985326 -0.0358047
34.00 0.62404141500474464 0.0623856 0.2320673 0.1012327 -0.0361313
34.25 0.62697992009773107 0.0648412 0.2327 0.1038936 -0.0365087
34.50 0.62992210685231265 0.0671991 0.2331541 0.1065119 -0.0369346
34.75 0.63286819135903882 0.0694525 0.233445 0.109085 -0.0374063
35.00 0.63581839018712483 0.071595 0.2335892 0.1116107 -0.0379207
35.25 0.63877292046592293 0.0736213 0.233603 0.114087 -0.0384744
35.50 0.64173199996623487 0.0755264 0.2335021 0.1165123 -0.0390641
35.75 0.64469584718154593 0.077306 0.2333009 0.1188851 -0.039686
36.00 0.64766468140925815 0.0789566 0.2330132 0.1212043 -0.0403366
36.25 0.65063872283200119 0.0804757 0.232651 0.1234687 -0.0410121
36.50 0.65361819259909770 0.0818617 0.2322254 0.1256774 -0.0417089
36.75 0.65660331290825846 0.0831141 0.2317464 0.1278293 -0.0424235
37.00 0.65959430708758449 0.0842338 0.2312227 0.1299238 -0.0431524
37.25 0.66259139967795155 0.0852228 0.2306623 0.1319601 -0.0438921
37.50 0.66559481651585173 0.0860845 0.2300722 0.1339375 -0.0446394
37.75 0.66860478481676788 0.0868236 0.2294587 0.1358553 -0.0453911
38.00 0.67162153325915808 0.0874457 0.2288275 0.1377129 -0.0461441
38.25 0.67464529206912238 0.0879575 0.2281836 0.1395099 -0.0468955
38.50 0.67767629310583211 0.0883667 0.2275317 0.1412457 -0.0476425
38.75 0.68071476994779589 0.0886813 0.226876 0.1429198 -0.0483825
39.00 0.68376095798003989 0.0889096 0.2262203 0.1445317 -0.0491128
39.25 0.68681509448228206 0.0890604 0.2255681 0.1460811 -0.049831
39.50 0.68987741871817743 0.0891422 0.2249225 0.1475675 -0.0505349
39.75 0.69294817202571524 0.0891635 0.2242865 0.1489905 -0.0512222
40.00 0.69602759790885060 0.0891324 0.2236629 0.1503497 -0.0518909
40.25 0.69911594213045092 0.0890569 0.2230543 0.1516449 -0.052539
40.50 0.70221345280664171 0.0889442 0.2224629 0.1528757 -0.0531647
40.75 0.70532038050263912 0.0888014 0.2218911 0.1540417 -0.0537662
41.00 0.70843697833015451 0.088635 0.2213409 0.1551428 -0.0543419
41.25 0.71156350204645979 0.0884509 0.2208142 0.1561785 -0.0548903
41.50 0.71470021015520846 0.0882547 0.2203129 0.1571487 -0.05541
41.75 0.71784736400909988 0.0880515 0.2198387 0.1580531 -0.0558995
42.00 0.72100522791448773 0.0878458 0.2193931 0.1588914 -0.0563577
42.25 0.72417406923802852 0.087642 0.2189776 0.1596635 -0.0567835
42.50 0.72735415851547003 0.0874437 0.2185935 0.1603692 -0.0571757
42.75 0.73054576956268569 0.0872545 0.2182423 0.1610082 -0.0575335
43.00 0.73374917958905994 0.0870772 0.2179248 0.1615804 -0.0578559
43.25 0.73696466931333482 0.0869147 0.2176423 0.1620857 -0.0581422
43.50 0.74019252308203054 0.0867692 0.2173956 0.1625239 -0.0583917
43.75 0.74343302899055930 0.0866428 0.2171854 0.1628948 -0.0586038
44.00 0.74668647900714824 0.0865371 0.2170126 0.1631985 -0.058778
44.25 0.74995316909970178 0.0864535 0.2168776 0.1634347 -0.0589139
44.50 0.75323339936572720 0.086393 0.2167808 0.1636035 -0.0590113
44.75 0.75652747416546084 0.0863564 0.2167226 0.1637048 -0.0590698
45.00 0.75983570225832975 0.0863442 0.2167032 0.1637386 -0.0590893
45.25 0.76315839694289456 0.0863564 0.2167226 0.1637048 -0.0590698
45.50 0.76649587620041937 0.086393 0.2167808 0.1636035 -0.0590113
45.75 0.76984846284222430 0.0864535 0.2168776 0.1634347 -0.0589139
46.00 0.77321648466098036 0.0865371 0.2170126 0.1631985 -0.058778
46.25 0.77660027458611014 0.0866428 0.2171854 0.1628948 -0.0586038
46.50 0.78000017084346973 0.0867692 0.2173956 0.1625239 -0.0583917
46.75 0.78341651711948912 0.0869147 0.2176423 0.1620857 -0.0581422
47.00 0.78684966272995749 0.0870772 0.2179248 0.1615804 -0.0578559
47.25 0.79029996279364645 0.0872545 0.2182423 0.1610082 -0.0575335
47.50 0.79376777841097601 0.0874437 0.2185935 0.1603692 -0.0571757
47.75 0.79725347684792980 0.087642 0.2189776 0.1596635 -0.0567835
48.00 0.80075743172543956 0.0878458 0.219393 0.1588914 -0.0563577
48.25 0.80428002321446923 0.0880515 0.2198387 0.1580531 -0.0558995
48.50 0.80782163823703412 0.0882547 0.2203129 0.1571487 -0.05541
48.75 0.81138267067340353 0.0884509 0.2208142 0.1561785 -0.0548903
49.00 0.81496352157574936 0.088635 0.2213409 0.1551428 -0.0543419
49.25 0.81856459938850701 0.0888015 0.2218911 0.1540418 -0.0537662
49.50 0.82218632017573356 0.0889442 0.2224629 0.1528757 -0.0531647
49.75 0.82582910785575958 0.0890569 0.2230543 0.1516449 -0.052539
50.00 0.82949339444344139 0.0891324 0.2236629 0.1503497 -0.0518909
50.25 0.83317962030033754 0.0891635 0.2242865 0.1489905 -0.0512222
50.50 0.83688823439314863 0.0891422 0.2249225 0.1475675 -0.0505349
50.75 0.84061969456077290 0.0890604 0.2255681 0.1460811 -0.049831
51.00 0.84437446779034697 0.0889096 0.2262203 0.1445317 -0.0491128
51.25 0.84815303050266300 0.0886813 0.226876 0.1429198 -0.0483824
51.50 0.85195586884736429 0.0883667 0.2275317 0.1412457 -0.0476425
51.75 0.85578347900834917 0.0879576 0.2281836 0.1395099 -0.0468955
52.00 0.85963636751982619 0.0874457 0.2288275 0.1377129 -0.0461441
52.25 0.86351505159349251 0.0868236 0.2294587 0.1358553 -0.0453911
52.50 0.86742005945732381 0.0860845 0.2300722 0.1339374 -0.0446394
52.75 0.87135193070649397 0.0852228 0.2306623 0.1319601 -0.0438921
53.00 0.87531121666696521 0.0842338 0.2312227 0.1299238 -0.0431524
53.25 0.87929848077231665 0.0831141 0.2317464 0.1278293 -0.0424235
53.50 0.88331429895441260 0.0818617 0.2322254 0.1256774 -0.0417089
53.75 0.88735926004853483 0.0804757 0.232651 0.1234687 -0.0410121
54.00 0.89143396621364279 0.0789566 0.2330132 0.1212043 -0.0403366
54.25 0.89553903336845653 0.077306 0.2333009 0.1188851 -0.039686
54.50 0.89967509164409376 0.0755264 0.233502 0.1165123 -0.0390641
54.75 0.90384278585403033 0.0736213 0.233603 0.114087 -0.0384744
55.00 0.90804277598219907 0.071595 0.2335892 0.1116107 -0.0379207
55.25 0.91227573769007742 0.0694524 0.233445 0.109085 -0.0374063
55.50 0.91654236284366797 0.0671991 0.2331541 0.1065119 -0.0369346
55.75 0.92084336006132139 0.0648412 0.2327 0.1038936 -0.0365087
56.00 0.92517945528340284 0.0623856 0.2320673 0.1012327 -0.0361313
56.25 0.92955139236486140 0.0598402 0.2312418 0.0985326 -0.0358047
56.50 0.93395993369181618 0.0572138 0.2302126 0.0957973 -0.0355306
56.75 0.93840586082334254 0.0545173 0.2289729 0.0930317 -0.0353096
57.00 0.94288997515969897 0.0517638 0.2275214 0.0902423 -0.0351417
57.25 0.94741309863831702 0.04897 0.2258635 0.0874374 -0.0350252
57.50 0.95197607445894206 0.0461581 0.2240115 0.0846277 -0.0349567
57.75 0.95657976783940157 0.0433579 0.2219853 0.0818276 -0.0349308
58.00 0.96122506680355879 0.0406104 0.2198115 0.0790565 -0.0349394
58.25 0.96591288300310196 0.0379729 0.2175236 0.0763405 -0.0349713
58.50 0.97064415257492132 0.0355242 0.2151591 0.0737145 -0.0350124
58.75 0.97541983703592194 0.0333699 0.2127579 0.0712245 -0.0350467
59.00 0.98024092421724396 0.0316402 0.2103559 0.0689273 -0.0350595
59.25 0.98510842923997155 0.030473 0.2079784 0.0668864 -0.0350433
59.50 0.99002339553454166 0.0299698 0.2056318 0.0651599 -0.0350051
59.75 0.99498689590620693 0.0301341 0.2033022 0.0637845 -0.0349692
60.00 1.0000000336490449 0.0308257 0.2009632 0.0627635 -0.0349708
60.25 1.0050639437111659 0.0317734 0.1985889 0.0620697 -0.0350407
60.50 1.0101797939139427 0.0326467 0.1961639 0.0616594 -0.0351934
60.75 1.0153487862282633 0.0331487 0.1936845 0.0614876 -0.0354237
61.00 1.0205721581109972 0.0330901 0.1911561 0.0615177 -0.0357108
61.25 1.0258511839050852 0.0324195 0.1885897 0.061724 -0.0360245
61.50 1.0311871763068714 0.0312057 0.1859999 0.0620921 -0.0363305
61.75 1.0365814879045478 0.0295924 0.1834051 0.0626176 -0.0365931
62.00 1.0420355127918348 0.0277555 0.1808284 0.0633046 -0.0367766
62.25 1.0475506882612993 0.0258766 0.1783003 0.0641649 -0.0368456
62.50 1.0531284965820111 0.0241339 0.1758609 0.0652167 -0.0367649
62.75 1.0587704668665670 0.0227006 0.173562 0.0664825 -0.0364989
63.00 1.0644781770328475 0.0217419 0.1714666 0.0679854 -0.0360129
63.25 1.0702532558662603 0.0214037 0.169643 0.0697436 -0.0352747
63.50 1.0760973851886237 0.0217923 0.168152 0.0717636 -0.0342586
63.75 1.0820123021402799 0.0229539 0.1670327 0.0740369 -0.0329488
64.00 1.0879998015825072 0.0248692 0.1662944 0.0765417 -0.0313402
64.25 1.0940617386278098 0.0274681 0.1659198 0.0792497 -0.0294368
64.50 1.1002000313062268 0.0306539 0.1658752 0.0821329 -0.027247
64.75 1.1064166633763877 0.0343243 0.1661207 0.0851682 -0.0247816
65.00 1.1127136872907215 0.0383836 0.1666162 0.0883391 -0.0220511
65.25 1.1190932273249123 0.0427469 0.1673231 0.0916353 -0.0190665
65.50 1.1255574828824770 0.0473403 0.168204 0.0950516 -0.0158391
65.75 1.1321087319861824 0.0520992 0.1692206 0.098587 -0.0123815
66.00 1.1387493349689228 0.0569669 0.1703304 0.1022433 -0.0087087
66.25 1.1454817383776770 0.0618928 0.1714838 0.1060243 -0.0048393
66.50 1.1523084791052536 0.0668317 0.1726203 0.1099347 -0.000797
66.75 1.1592321887657087 0.0717448 0.1736648 0.1139794 0.0033873
67.00 1.1662555983306084 0.0766009 0.174526 0.1181624 0.
67.25 1.1733815430447392 0.0813786 0.1750969 0.1224859 0.
67.50 1.1806129676413906 0.0860704 0.175262 0.1269494 0.
67.75 1.1879529318790409 0.0906853 0.1749131 0.1315486 0.
68.00 1.1954046164231349 0.0952511 0.1739713 0.1362743 0.
68.25 1.2029713290986654 0.0998144 0.17241 0.1411118 0.
68.50 1.2106565115415191 0.1044379 0.1702658 0.1460399 0.
68.75 1.2184637462790018 0.1091948 0.1676328 0.1510309 0.
69.00 1.2263967642726714 0.1141627 0.1646423 0.1560504 0.
69.25 1.2344594529595776 0.1194162 0.1614393 0.1610582 0.
69.50 1.2426558648313226 0.1250204 0.1581642 0.1660097 0.
69.75 1.2509902265939778 0.1310244 0.1549418 0.1708575 0.
70.00 1.2594669489559134 0.1374459 0.1518777 0.175554 0.
70.25 1.2680906370950717 0.1441906 0.149059 0.1800542 0.
70.50 1.2768661018621295 0.1491432 0.1465571 0.1843191 0.
70.75 1.2857983717814927 0.1413016 0.1444328 0.1883192 0.
71.00 1.2948927059181552 0.1304838 0.1427417 0.192039 0.
71.25 1.3041546076852373 0.1189064 0.1415416 0.1954823 0.
71.50 1.3135898396745678 0.1068029 0.1409019 0.1986808 0.
71.75 1.3232044396011293 0.0944039 0.1409179 0.2017057 0.
72.00 1.3330047374615932 0.0820815 0.1417328 0.2046894 0.
72.25 1.3429973740177321 0.0704631 0.1435715 0.2078584 0.
72.50 1.3531893207273342 0.0605539 0.1467772 0.2115732 0.
72.75 1.3635879012585173 0.0537216 0.1517972 0.216326 0.
73.00 1.3742008147382716 0.0511862 0.1589906 0.2225727 0.
73.25 1.3850361609029067 0.0531148 0.1683049 0.2304196 0.
73.50 1.3961024673370386 0.0585255 0.1792631 0.2395708 0.000269
73.75 1.4074087190092159 0.0661781 0.191314 0.2496219 0.0000358
74.00 1.4189643903365978 0.0751722 0.2040596 0.2602716 -0.0000824
74.25 1.4307794800386300 0.084977 0.2172608 0.2713398 -0.0001354
74.50 1.4428645490710084 0.095298 0.2307812 0.2827257 -0.0001524
74.75 1.4552307619668963 0.1059709 0.2445423 0.2943728 -0.0001503
75.00 1.4678899319530556 0.1169014 0.2584972 0.3062485 -0.0001387
75.25 1.4808545702551064 0.1280337 0.2726175 0.3183331 -0.000123
75.50 1.4941379400594756 0.1393333 0.286885 0.330614 -0.0001062
75.75 1.5077541156608558 0.1507785 0.3012883 0.3430828 -0.0000899
76.00 1.5217180473945009 0.1623548 0.3158196 0.3557327 -0.000075
76.25 1.5360456330340897 0.1740528 0.330474 0.3685579 -0.0000618
76.50 1.5507537964299845 0.1858657 0.3452481 0.381552 -0.0000503
76.75 1.5658605742718710 0.1977891 0.36014 0.3947067 -0.0000406
77.00 1.5813852119866876 0.2098197 0.3751482 0.4080089 -0.0000325
77.25 1.5973482699307082 0.2219551 0.3902721 0.4214354 -0.0000258
77.50 1.6137717412076256 0.2341938 0.4055113 0.4349371 -0.0000203
77.75 1.6306791826473761 0.2465347 0.4208657 0.4483892 -0.0000158
78.00 1.6480958607190197 0.2589772 0.4363353 0.4613955 -0.0000123
78.25 1.6660489144325314 0.2715209 0.4519204 0.4726389 -0.0000094
78.50 1.6845675376176648 0.2841661 0.467621 0.4806819 -0.0000072
78.75 1.7036831833639368 0.2969132 0.4834373 0.4869503 -0.0000054
79.00 1.7234297938777567 0.3097628 0.4993694 0.4926951 -0.0000041
79.25 1.7438440595774944 0.3227163 0.5154171 0.4982357 -0.000003
79.50 1.7649657119256603 0.3357751 0.5315804 0.5038425 -0.0000022
79.75 1.7868378553155890 0.3489413 0.5478589 0.5095194 -0.0000016
80.00 1.8095073443210954 0.3622173 0.5642522 0.5152702 -0.0000012
80.25 1.8330252138232914 0.3756064 0.5807597 0.5210987 -0.0000008
80.50 1.8574471710024862 0.3891122 0.5973808 0.5270088 -0.0000006
80.75 1.8828341599932619 0.4027391 0.6141146 0.5330046 -0.0000004
81.00 1.9092530122354845 0.4164927 0.6309607 0.5390909 -0.0000003
81.25 1.9367771983277440 0.430379 0.6479186 0.5452725 -0.0000002
81.50 1.9654877006520655 0.4444054 0.664988 0.5515552 -0.0000001
81.75 1.9954740303864316 0.4585806 0.6821697 0.5579449 0.
82.00 2.0268354180156947 0.4729145 0.6994648 0.5644487 0.
82.25 2.0596822134404817 0.4874189 0.7168761 0.5710741 0.
82.50 2.0941375407372735 0.5021071 0.7344077 0.5778294 0.
82.75 2.1303392641794385 0.5169949 0.7520658 0.5847241 0.
83.00 2.1684423371644423 0.5321003 0.7698592 0.5917681 0.
83.25 2.2086216254199424 0.5474442 0.7877992 0.598973 0.
83.50 2.2510753219802888 0.5630508 0.8059 0.6063509 0.
83.75 2.2960291063410230 0.5789477 0.8241789 0.6139155 0.
84.00 2.3437412473608381 0.5951672 0.8426556 0.6216816 0.
84.25 2.3945089138952178 0.6117463 0.8613528 0.6296657 0.
84.50 2.4486760461856742 0.6287275 0.8802953 0.6378857 0.
84.75 2.5066432657105051 0.6461379 0.8995108 0.6463611 0.
