45.0 0.75983570225832975 0.0747955 0.010976 -0.1344245
45.05 0.76049907376085979 0.0747931 0.0109747 -0.134425
45.10 0.76116302644066036 0.0747862 0.0109707 -0.1344265
45.15 0.76182756283385522 0.0747747 0.0109641 -0.1344289
45.20 0.76249268548415305 0.0747585 0.0109548 -0.1344323
45.25 0.76315839694289456 0.0747377 0.0109429 -0.1344366
45.30 0.76382469976910006 0.0747123 0.0109284 -0.1344419
45.35 0.76449159652951659 0.0746823 0.0109112 -0.1344481
45.40 0.76515908979866654 0.0746476 0.0108914 -0.1344554
45.45 0.76582718215889523 0.0746084 0.0108689 -0.1344636
45.50 0.76649587620041937 0.0745646 0.0108438 -0.1344727
45.55 0.76716517452137623 0.0745162 0.0108161 -0.1344828
45.60 0.76783507972787179 0.0744633 0.0107857 -0.1344939
45.65 0.76850559443403055 0.0744058 0.0107527 -0.1345059
45.70 0.76917672126204495 0.0743437 0.010717 -0.1345189
45.75 0.76984846284222430 0.0742771 0.0106787 -0.1345329
45.80 0.77052082181304604 0.0742059 0.0106378 -0.1345479
45.85 0.77119380082120481 0.0741303 0.0105942 -0.1345638
45.90 0.77186740252166364 0.0740501 0.010548 -0.1345806
45.95 0.77254162957770478 0.0739655 0.0104992 -0.1345985
46.00 0.77321648466098036 0.0738764 0.0104477 -0.1346173
46.05 0.77389197045156433 0.0737828 0.0103936 -0.134637
46.10 0.77456808963800328 0.0736848 0.0103369 -0.1346578
46.15 0.77524484491736945 0.0735824 0.0102776 -0.1346795
46.20 0.77592223899531199 0.0734756 0.0102156 -0.1347021
46.25 0.77660027458611014 0.0733644 0.010151 -0.1347258
46.30 0.77727895441272554 0.0732488 0.0100838 -0.1347504
46.35 0.77795828120685584 0.0731288 0.0100139 -0.1347759
46.40 0.77863825770898754 0.0730046 0.0099415 -0.1348025
46.45 0.77931888666845017 0.072876 0.0098664 -0.13483
46.50 0.78000017084346973 0.0727432 0.0097887 -0.1348585
46.55 0.78068211300122392 0.0726061 0.0097084 -0.1348879
46.60 0.78136471591789569 0.0724647 0.0096255 -0.1349184
46.65 0.78204798237872875 0.0723192 0.00954 -0.1349498
46.70 0.78273191517808294 0.0721694 0.0094519 -0.1349821
46.75 0.78341651711948912 0.0720155 0.0093612 -0.1350155
46.80 0.78410179101570610 0.0718574 0.0092679 -0.1350498
46.85 0.78478773968877535 0.0716952 0.0091719 -0.1350851
46.90 0.78547436597007880 0.071529 0.0090734 -0.1351214
46.95 0.78616167270039528 0.0713586 0.0089723 -0.1351586
47.00 0.78684966272995749 0.0711842 0.0088686 -0.1351968
47.05 0.78753833891850933 0.0710058 0.0087623 -0.135236
47.10 0.78822770413536436 0.0708234 0.0086535 -0.1352762
47.15 0.78891776125946356 0.070637 0.008542 -0.1353174
47.20 0.78960851317943370 0.0704467 0.008428 -0.1353595
47.25 0.79029996279364645 0.0702525 0.0083114 -0.1354026
47.30 0.79099211301027716 0.0700544 0.0081922 -0.1354467
47.35 0.79168496674736522 0.0698525 0.0080704 -0.1354918
47.40 0.79237852693287303 0.0696467 0.0079461 -0.1355379
47.45 0.79307279650474649 0.0694371 0.0078193 -0.1355849
47.50 0.79376777841097601 0.0692238 0.0076898 -0.135633
47.55 0.79446347560965724 0.0690067 0.0075578 -0.135682
47.60 0.79515989106905183 0.0687859 0.0074233 -0.135732
47.65 0.79585702776764977 0.0685614 0.0072862 -0.135783
47.70 0.79655488869423152 0.0683332 0.0071465 -0.135835
47.75 0.79725347684792980 0.0681015 0.0070043 -0.1358879
47.80 0.79795279523829266 0.0678661 0.0068596 -0.1359419
47.85 0.79865284688534688 0.0676271 0.0067124 -0.1359968
47.90 0.79935363481966115 0.0673847 0.0065626 -0.1360528
47.95 0.80005516208241045 0.0671387 0.0064102 -0.1361097
48.00 0.80075743172543956 0.0668892 0.0062554 -0.1361676
48.05 0.80146044681132877 0.0666362 0.006098 -0.1362266
48.10 0.80216421041345820 0.0663799 0.0059382 -0.1362865
48.15 0.80286872561607381 0.0661201 0.0057758 -0.1363474
48.20 0.80357399551435238 0.065857 0.0056109 -0.1364093
48.25 0.80428002321446923 0.0655905 0.0054435 -0.1364723
48.30 0.80498681183366394 0.0653208 0.0052736 -0.1365362
48.35 0.80569436450030729 0.0650477 0.0051012 -0.1366011
48.40 0.80640268435396956 0.0647714 0.0049263 -0.136667
48.45 0.80711177454548755 0.0644919 0.0047489 -0.136734
48.50 0.80782163823703412 0.0642091 0.004569 -0.1368019
48.55 0.80853227860218546 0.0639232 0.0043867 -0.1368709
48.60 0.80924369882599168 0.0636342 0.0042019 -0.1369408
48.65 0.80995590210504553 0.0633421 0.0040146 -0.1370118
48.70 0.81066889164755318 0.0630468 0.0038249 -0.1370838
48.75 0.81138267067340353 0.0627485 0.0036327 -0.1371568
48.80 0.81209724241424064 0.0624472 0.0034381 -0.1372308
48.85 0.81281261011353434 0.0621429 0.003241 -0.1373058
48.90 0.81352877702665161 0.0618356 0.0030414 -0.1373818
48.95 0.81424574642093006 0.0615253 0.0028394 -0.1374589
49.00 0.81496352157574936 0.0612122 0.002635 -0.137537
49.05 0.81568210578260558 0.0608961 0.0024282 -0.1376161
49.10 0.81640150234518361 0.0605772 0.0022189 -0.1376962
49.15 0.81712171457943295 0.0602554 0.0020072 -0.1377773
49.20 0.81784274581364047 0.0599308 0.0017931 -0.1378595
49.25 0.81856459938850701 0.0596035 0.0015766 -0.1379427
49.30 0.81928727865722173 0.0592733 0.0013577 -0.1380269
49.35 0.82001078698553909 0.0589405 0.0011364 -0.1381122
49.40 0.82073512775185475 0.0586049 0.0009127 -0.1381985
49.45 0.82146030434728290 0.0582666 0.0006866 -0.1382858
49.50 0.82218632017573356 0.0579257 0.0004581 -0.1383742
49.55 0.82291317865399061 0.0575821 0.0002272 -0.1384636
49.60 0.82364088321179052 0.0572359 -0.000006 -0.138554
49.65 0.82436943729190104 0.0568872 -0.0002416 -0.1386455
49.70 0.82509884435020076 0.0565358 -0.0004795 -0.138738
49.75 0.82582910785575958 0.056182 -0.0007198 -0.1388315
49.80 0.82656023129091882 0.0558256 -0.0009625 -0.1389262
49.85 0.82729221815137199 0.0554667 -0.0012075 -0.1390218
49.90 0.82802507194624730 0.0551054 -0.0014548 -0.1391185
49.95 0.82875879619818926 0.0547416 -0.0017045 -0.1392163
50.00 0.82949339444344139 0.0543753 -0.0019565 -0.1393151
50.05 0.83022887023192915 0.0540067 -0.0022108 -0.1394149
50.10 0.83096522712734444 0.0536357 -0.0024674 -0.1395158
50.15 0.83170246870722930 0.0349145 -0.0262571 -0.1592125
50.20 0.83244059856306107 0.0350155 -0.0260897 -0.1589274
50.25 0.83317962030033754 0.0351177 -0.0259206 -0.1586398
50.30 0.83391953753866332 0.035221 -0.02575 -0.1583497
50.35 0.83466035391183646 0.0353254 -0.0255777 -0.1580572
50.40 0.83540207306793479 0.0354309 -0.0254038 -0.1577622
50.45 0.83614469866940455 0.0355376 -0.0252283 -0.1574647
50.50 0.83688823439314863 0.0356454 -0.0250511 -0.1571649
50.55 0.83763268393061485 0.0357543 -0.0248723 -0.1568626
50.60 0.83837805098788598 0.0358643 -0.0246919 -0.1565578
50.65 0.83912433928576935 0.0359755 -0.0245099 -0.1562507
50.70 0.83987155255988821 0.0360878 -0.0243263 -0.1559412
50.75 0.84061969456077290 0.0362013 -0.024141 -0.1556292
50.80 0.84136876905395186 0.0363159 -0.0239541 -0.1553149
50.85 0.84211877982004546 0.0364317 -0.0237656 -0.1549982
50.90 0.84286973065485837 0.0365487 -0.0235755 -0.1546791
50.95 0.84362162536947360 0.0366668 -0.0233837 -0.1543577
51.00 0.84437446779034697 0.036786 -0.0231903 -0.1540339
51.05 0.84512826175940192 0.0369065 -0.0229953 -0.1537077
51.10 0.84588301113412578 0.0370281 -0.0227987 -0.1533792
51.15 0.84663871978766536 0.0371509 -0.0226004 -0.1530484
51.20 0.84739539160892485 0.0372748 -0.0224005 -0.1527153
51.25 0.84815303050266300 0.0374 -0.0221991 -0.1523799
51.30 0.84891164038959133 0.0375263 -0.0219959 -0.1520422
51.35 0.84967122520647376 0.0376539 -0.0217912 -0.1517021
51.40 0.85043178890622606 0.0377826 -0.0215848 -0.1513598
51.45 0.85119333545801568 0.0379125 -0.0213768 -0.1510152
51.50 0.85195586884736429 0.0380436 -0.0211672 -0.1506684
51.55 0.85271939307624789 0.038176 -0.020956 -0.1503193
51.60 0.85348391216320041 0.0383095 -0.0207431 -0.149968
51.65 0.85424943014341670 0.0384443 -0.0205287 -0.1496144
51.70 0.85501595106885664 0.0385803 -0.0203126 -0.1492586
51.75 0.85578347900834917 0.0387175 -0.0200949 -0.1489005
51.80 0.85655201804769820 0.038856 -0.0198755 -0.1485403
51.85 0.85732157228978900 0.0389956 -0.0196546 -0.1481779
51.90 0.85809214585469440 0.0391366 -0.019432 -0.1478133
51.95 0.85886374287978262 0.0392787 -0.0192078 -0.1474465
52.00 0.85963636751982619 0.0394221 -0.018982 -0.1470775
52.05 0.86041002394711030 0.0395667 -0.0187545 -0.1467064
52.10 0.86118471635154337 0.0397126 -0.0185255 -0.1463331
52.15 0.86196044894076718 0.0398598 -0.0182948 -0.1459577
52.20 0.86273722594026869 0.0400082 -0.0180625 -0.1455802
52.25 0.86351505159349251 0.0401579 -0.0178286 -0.1452005
52.30 0.86429393016195311 0.0403088 -0.0175931 -0.1448188
52.35 0.86507386592534963 0.040461 -0.0173559 -0.1444349
52.40 0.86585486318168026 0.0406145 -0.0171172 -0.144049
52.45 0.86663692624735733 0.0407693 -0.0168768 -0.1436609
52.50 0.86742005945732381 0.0409254 -0.0166348 -0.1432709
52.55 0.86820426716517096 0.0410827 -0.0163912 -0.1428787
52.60 0.86898955374325570 0.0412414 -0.0161459 -0.1424846
52.65 0.86977592358281952 0.0414013 -0.0158991 -0.1420883
52.70 0.87056338109410869 0.0415625 -0.0156506 -0.1416901
52.75 0.87135193070649397 0.0417251 -0.0154006 -0.1412899
52.80 0.87214157686859295 0.0418889 -0.0151489 -0.1408876
52.85 0.87293232404839116 0.0420541 -0.0148956 -0.1404834
52.90 0.87372417673336666 0.0422206 -0.0146407 -0.1400772
52.95 0.87451713943061304 0.0423884 -0.0143842 -0.139669
53.00 0.87531121666696521 0.0425575 -0.014126 -0.1392589
53.05 0.87610641298912395 0.0427279 -0.0138663 -0.1388468
53.10 0.87690273296378440 0.0428997 -0.013605 -0.1384328
53.15 0.87770018117776261 0.0430729 -0.013342 -0.1380169
53.20 0.87849876223812495 0.0432473 -0.0130774 -0.137599
53.25 0.87929848077231665 0.0434231 -0.0128113 -0.1371793
53.30 0.88009934142829360 0.0436003 -0.0125435 -0.1367577
53.35 0.88090134887465321 0.0437788 -0.0122741 -0.1363342
53.40 0.88170450780076659 0.0439587 -0.0120031 -0.1359089
53.45 0.88250882291691279 0.0441399 -0.0117305 -0.1354817
53.50 0.88331429895441260 0.0443225 -0.0114563 -0.1350526
53.55 0.88412094066576463 0.0445065 -0.0111805 -0.1346218
53.60 0.88492875282478045 0.0446918 -0.0109031 -0.1341891
53.65 0.88573774022672380 0.0448785 -0.0106241 -0.1337547
53.70 0.88654790768844782 0.0450666 -0.0103435 -0.1333184
53.75 0.88735926004853483 0.0452561 -0.0100614 -0.1328804
53.80 0.88817180216743707 0.0454469 -0.0097776 -0.1324406
53.85 0.88898553892761789 0.0456392 -0.0094922 -0.1319991
53.90 0.88980047523369521 0.0458328 -0.0092052 -0.1315558
53.95 0.89061661601258424 0.0460279 -0.0089166 -0.1311108
54.00 0.89143396621364279 0.0462243 -0.0086265 -0.1306641
54.05 0.89225253080881717 0.0464222 -0.0083347 -0.1302157
54.10 0.89307231479278926 0.0466215 -0.0080414 -0.1297657
54.15 0.89389332318312398 0.0468222 -0.0077465 -0.1293139
54.20 0.89471556102041949 0.0470243 -0.00745 -0.1288605
54.25 0.89553903336845653 0.0472278 -0.0071519 -0.1284055
54.30 0.89636374531435070 0.0474327 -0.0068522 -0.1279488
54.35 0.89718970196870451 0.0476391 -0.0065509 -0.1274906
54.40 0.89801690846576132 0.0478469 -0.0062481 -0.1270307
54.45 0.89884536996356046 0.0480562 -0.0059437 -0.1265693
54.50 0.89967509164409376 0.0482669 -0.0056377 -0.1261062
54.55 0.90050607871346144 0.048479 -0.0053301 -0.1256417
54.60 0.90133833640203209 0.0486926 -0.005021 -0.1251756
54.65 0.90217186996460219 0.0489076 -0.0047102 -0.1247079
54.70 0.90300668468055645 0.0491241 -0.004398 -0.1242388
54.75 0.90384278585403033 0.049342 -0.0040841 -0.1237681
54.80 0.90468017881407381 0.0495614 -0.0037687 -0.123296
54.85 0.90551886891481559 0.0497823 -0.0034517 -0.1228224
54.90 0.90635886153562961 0.0500046 -0.0031332 -0.1223474
54.95 0.90720016208130172 0.0502285 -0.0028131 -0.121871
55.00 0.90804277598219907 0.0504537 -0.0024914 -0.1213931
55.05 0.90888670869443910 0.0506805 -0.0021682 -0.1209138
55.10 0.90973196570006132 0.0509087 -0.0018435 -0.1204332
55.15 0.91057855250719977 0.0511385 -0.0015172 -0.1199512
55.20 0.91142647465025639 0.0513697 -0.0011893 -0.1194678
55.25 0.91227573769007742 0.0516024 -0.0008599 -0.1189831
55.30 0.91312634721412855 0.0518366 -0.000529 -0.1184971
55.35 0.91397830883667408 0.0520723 -0.0001965 -0.1180098
55.40 0.91483162819895569 0.0523095 0.0001375 -0.1175212
55.45 0.91568631096937336 0.0525481 0.0004731 -0.1170313
55.50 0.91654236284366797 0.0527883 0.0008101 -0.1165403
55.55 0.91739978954510426 0.05303 0.0011487 -0.1160479
55.60 0.91825859682465660 0.0532733 0.0014888 -0.1155544
55.65 0.91911879046119527 0.053518 0.0018305 -0.1150597
55.70 0.91998037626167417 0.0537642 0.0021737 -0.1145638
55.75 0.92084336006132139 0.054012 0.0025183 -0.1140668
55.80 0.92170774772382924 0.0542613 0.0028645 -0.1135687
55.85 0.92257354514154721 0.0545121 0.0032122 -0.1130694
55.90 0.92344075823567617 0.0547644 0.0035614 -0.1125691
55.95 0.92430939295646408 0.0550183 0.0039121 -0.1120677
56.00 0.92517945528340284 0.0552737 0.0042643 -0.1115652
56.05 0.92605095122542769 0.0555306 0.004618 -0.1110617
56.10 0.92692388682111693 0.0557891 0.0049731 -0.1105573
56.15 0.92779826813889443 0.0560491 0.0053298 -0.1100518
56.20 0.92867410127723360 0.0563107 0.0056879 -0.1095454
56.25 0.92955139236486140 0.0565738 0.0060475 -0.109038
56.30 0.93043014756096676 0.0568384 0.0064086 -0.1085298
56.35 0.93131037305540842 0.0571046 0.0067711 -0.1080206
56.40 0.93219207506892543 0.0573723 0.0071351 -0.1075106
56.45 0.93307525985334883 0.0576416 0.0075005 -0.1069998
56.50 0.93395993369181618 0.0579124 0.0078674 -0.1064881
56.55 0.93484610289898640 0.0581848 0.0082358 -0.1059756
56.60 0.93573377382125700 0.0584587 0.0086055 -0.1054624
56.65 0.93662295283698360 0.0587342 0.0089768 -0.1049485
56.70 0.93751364635670031 0.0590113 0.0093494 -0.1044338
56.75 0.93840586082334254 0.0592899 0.0097235 -0.1039185
56.80 0.93929960271247126 0.0595701 0.0100989 -0.1034025
56.85 0.94019487853249961 0.0598518 0.0104758 -0.1028859
56.90 0.94109169482492094 0.0601351 0.0108541 -0.1023687
56.95 0.94199005816453896 0.06042 0.0112338 -0.1018509
57.00 0.94288997515969897 0.0607065 0.0116149 -0.1013326
57.05 0.94379145245252305 0.0609945 0.0119974 -0.1008139
57.10 0.94469449671914496 0.061284 0.0123812 -0.1002946
57.15 0.94559911466994739 0.0615752 0.0127664 -0.099775
57.20 0.94650531304980356 0.0618679 0.013153 -0.0992549
57.25 0.94741309863831702 0.0621621 0.0135409 -0.0987345
57.30 0.94832247825006655 0.062458 0.0139302 -0.0982137
57.35 0.94923345873485143 0.0627554 0.0143208 -0.0976927
57.40 0.95014604697793958 0.0630544 0.0147127 -0.0971715
57.45 0.95106024990031746 0.0633549 0.015106 -0.09665
57.50 0.95197607445894206 0.0636571 0.0155006 -0.0961284
57.55 0.95289352764699498 0.0639607 0.0158964 -0.0956067
57.60 0.95381261649413907 0.064266 0.0162936 -0.0950849
57.65 0.95473334806677612 0.0645728 0.0166921 -0.0945631
57.70 0.95565572946830857 0.0648812 0.0170918 -0.0940414
57.75 0.95657976783940157 0.0651912 0.0174928 -0.0935197
57.80 0.95750547035824851 0.0655027 0.017895 -0.0929982
57.85 0.95843284424083808 0.0658158 0.0182985 -0.0924768
57.90 0.95936189674122396 0.0661305 0.0187033 -0.0919558
57.95 0.96029263515179708 0.0664467 0.0191092 -0.091435
58.00 0.96122506680355879 0.0667645 0.0195164 -0.0909147
58.05 0.96215919906639924 0.0670838 0.0199248 -0.0903948
58.10 0.96309503934937468 0.0674047 0.0203343 -0.0898754
58.15 0.96403259510098971 0.0677272 0.020745 -0.0893566
58.20 0.96497187380948068 0.0680512 0.0211569 -0.0888386
58.25 0.96591288300310196 0.0683768 0.02157 -0.0883213
58.30 0.96685563025041488 0.0687039 0.0219841 -0.0878049
58.35 0.96780012316057895 0.0690325 0.0223994 -0.0872895
58.40 0.96874636938364433 0.0693627 0.0228158 -0.0867752
58.45 0.96969437661085001 0.0696945 0.0232333 -0.0862621
58.50 0.97064415257492132 0.0700278 0.0236519 -0.0857504
58.55 0.97159570505037196 0.0703626 0.0240715 -0.0852401
58.60 0.97254904185380731 0.0706989 0.0244922 -0.0847314
58.65 0.97350417084423224 0.0710368 0.0249139 -0.0842245
58.70 0.97446109992335961 0.0713762 0.0253366 -0.0837196
58.75 0.97541983703592194 0.0717171 0.0257603 -0.0832168
58.80 0.97638039016998779 0.0720595 0.026185 -0.0827165
58.85 0.97734276735727810 0.0724034 0.0266106 -0.0822187
58.90 0.97830697667348698 0.0727489 0.0270372 -0.0817239
58.95 0.97927302623860457 0.0730958 0.0274647 -0.0812322
59.00 0.98024092421724396 0.0734442 0.0278931 -0.080744
59.05 0.98121067881896906 0.0737941 0.0283223 -0.0802597
59.10 0.98218229829862735 0.0741455 0.0287525 -0.0797798
59.15 0.98315579095668360 0.0744984 0.0291834 -0.0793046
59.20 0.98413116513955912 0.0748527 0.0296152 -0.0788348
59.25 0.98510842923997155 0.0752085 0.0300477 -0.0783709
59.30 0.98608759169727866 0.0755657 0.0304811 -0.0779137
59.35 0.98706866099782586 0.0759244 0.0309151 -0.0774639
59.40 0.98805164567529558 0.0762845 0.0313499 -0.0770226
59.45 0.98903655431106108 0.076646 0.0317853 -0.0765906
59.50 0.99002339553454166 0.0770089 0.0322214 -0.0761693
59.55 0.99101217802356323 0.0773733 0.0326581 -0.0757601
59.60 0.99200291050472111 0.077739 0.0330955 -0.0753644
59.65 0.99299560175374524 0.0781062 0.0335334 -0.074984
59.70 0.99399026059587003 0.0784747 0.0339718 -0.0746209
59.75 0.99498689590620693 0.0788445 0.0344107 -0.0742772
59.80 0.99598551661012047 0.0792158 0.0348501 -0.0739551
59.85 0.99698613168360850 0.0795883 0.03529 -0.0736571
59.90 0.99798875015368327 0.0799622 0.0357302 -0.0733852
59.95 0.99899338109875979 0.0803374 0.0361709 -0.0731419
60.00 1.0000000336490449 0.0807139 0.0366118 -0.0729288
60.05 1.0010087169869311 0.0810917 0.0370531 -0.0727473
60.10 1.0020194403473930 0.0814707 0.0374946 -0.0725982
60.15 1.0030322130183893 0.081851 0.0379363 -0.0724817
60.20 1.0040470443412663 0.0822326 0.0383781 -0.0723971
60.25 1.0050639437111659 0.0826153 0.0388201 -0.0723431
60.30 1.0060829205774386 0.0829992 0.0392622 -0.0723181
60.35 1.0071039844440590 0.0833844 0.0397043 -0.07232
60.40 1.0081271448700442 0.0837707 0.0401464 -0.0723465
60.45 1.0091524114698791 0.0841581 0.0405884 -0.0723952
60.50 1.0101797939139427 0.0845466 0.0410303 -0.0724639
60.55 1.0112093019289397 0.0849362 0.041472 -0.0725504
60.60 1.0122409452983365 0.0853269 0.0419135 -0.0726528
60.65 1.0132747338627996 0.0857187 0.0423547 -0.0727692
60.70 1.0143106775206405 0.0861115 0.0427956 -0.0728981
60.75 1.0153487862282633 0.0865052 0.043236 -0.073038
60.80 1.0163890700006153 0.0868999 0.043676 -0.0731878
60.85 1.0174315389116453 0.0872956 0.0441155 -0.0733465
60.90 1.0184762030947627 0.0876922 0.0445544 -0.073513
60.95 1.0195230727433033 0.0880896 0.0449925 -0.0736865
61.00 1.0205721581109972 0.0884879 0.04543 -0.0738665
61.05 1.0216234695124444 0.0888869 0.0458666 -0.0740523
61.10 1.0226770173235920 0.0892868 0.0463024 -0.0742433
61.15 1.0237328119822167 0.0896874 0.0467371 -0.0744392
61.20 1.0247908639884131 0.0900886 0.0471708 -0.0746395
61.25 1.0258511839050852 0.0904905 0.0476034 -0.0748439
61.30 1.0269137823584431 0.090893 0.0480347 -0.0750521
61.35 1.0279786700385047 0.0912961 0.0484648 -0.0752638
61.40 1.0290458576996018 0.0916996 0.0488934 -0.0754788
61.45 1.0301153561608911 0.0921037 0.0493205 -0.0756968
61.50 1.0311871763068714 0.0925081 0.0497459 -0.0759178
61.55 1.0322613290879032 0.0929129 0.0501697 -0.0761416
61.60 1.0333378255207359 0.0933179 0.0505917 -0.0763679
61.65 1.0344166766890379 0.0937232 0.0510117 -0.0765967
61.70 1.0354978937439347 0.0941286 0.0514297 -0.0768279
61.75 1.0365814879045478 0.0945342 0.0518455 -0.0770614
61.80 1.0376674704585451 0.0949397 0.052259 -0.0772971
61.85 1.0387558527626892 0.0953452 0.0526701 -0.0775348
61.90 1.0398466462433982 0.0957506 0.0530786 -0.0777746
61.95 1.0409398623973067 0.0961557 0.0534845 -0.0780163
62.00 1.0420355127918348 0.0965606 0.0538876 -0.07826
62.05 1.0431336090657632 0.096965 0.0542876 -0.0785055
62.10 1.0442341629298113 0.097369 0.0546846 -0.0787528
62.15 1.0453371861672238 0.0977723 0.0550783 -0.0790019
62.20 1.0464426906343616 0.0981749 0.0554686 -0.0792527
62.25 1.0475506882612993 0.0985767 0.0558553 -0.0795052
62.30 1.0486611910524275 0.0989776 0.0562382 -0.0797593
62.35 1.0497742110870625 0.0993773 0.0566172 -0.0800151
62.40 1.0508897605200611 0.0997759 0.0569921 -0.0802725
62.45 1.0520078515824418 0.1001731 0.0573627 -0.0805315
62.50 1.0531284965820111 0.1005687 0.0577288 -0.080792
62.55 1.0542517079039999 0.1009627 0.0580903 -0.0810541
62.60 1.0553774980117010 0.1013549 0.0584468 -0.0813177
62.65 1.0565058794471158 0.101745 0.0587983 -0.0815828
62.70 1.0576368648316092 0.1021328 0.0591444 -0.0818495
62.75 1.0587704668665670 0.1025182 0.0594851 -0.0821176
62.80 1.0599066983340624 0.102901 0.05982 -0.0823872
62.85 1.0610455720975307 0.1032808 0.060149 -0.0826583
62.90 1.0621871011024460 0.1036575 0.0604718 -0.0829308
62.95 1.0633312983770105 0.1040308 0.0607881 -0.0832048
63.00 1.0644781770328475 0.1044004 0.0610977 -0.0834802
63.05 1.0656277502657008 0.104766 0.0614005 -0.0837571
63.10 1.0667800313561446 0.1051272 0.061696 -0.0840354
63.15 1.0679350336702964 0.1054838 0.0619841 -0.0843151
63.20 1.0690927706605413 0.1058353 0.0622645 -0.0845963
63.25 1.0702532558662603 0.1061815 0.0625369 -0.0848789
63.30 1.0714165029145688 0.1065217 0.0628011 -0.0851629
63.35 1.0725825255210610 0.1068557 0.0630568 -0.0854484
63.40 1.0737513374905625 0.1071829 0.0633037 -0.0857353
63.45 1.0749229527178907 0.1075029 0.0635415 -0.0860236
63.50 1.0760973851886237 0.107815 0.0637699 -0.0863133
63.55 1.0772746489798752 0.1081189 0.0639887 -0.0866045
63.60 1.0784547582610808 0.1084137 0.0641976 -0.0868971
63.65 1.0796377272947879 0.108699 0.0643962 -0.0871911
63.70 1.0808235704374589 0.108974 0.0645843 -0.0874866
63.75 1.0820123021402799 0.109238 0.0647617 -0.0877835
63.80 1.0832039369499773 0.1094904 0.0649279 -0.0880819
63.85 1.0843984895096448 0.1097302 0.0650828 -0.0883817
63.90 1.0855959745595780 0.1099568 0.065226 -0.0886829
63.95 1.0867964069381189 0.1101693 0.0653573 -0.0889857
64.00 1.0879998015825072 0.1103667 0.0654764 -0.0892899
64.05 1.0892061735297434 0.1105483 0.065583 -0.0895955
64.10 1.0904155379174589 0.1107131 0.0656768 -0.0899027
64.15 1.0916279099847972 0.1108602 0.0657576 -0.0902113
64.20 1.0928433050732997 0.1109886 0.0658251 -0.0905214
64.25 1.0940617386278098 0.1110974 0.0658791 -0.090833
64.30 1.0952832261973782 0.1111857 0.0659193 -0.0911461
64.35 1.0965077834361816 0.1112525 0.0659454 -0.0914607
64.40 1.0977354261044516 0.1112972 0.0659573 -0.0917769
64.45 1.0989661700694118 0.1113187 0.0659547 -0.0920946
64.50 1.1002000313062268 0.1113163 0.0659374 -0.0924138
64.55 1.1014370258989608 0.1112893 0.0659053 -0.0927346
64.60 1.1026771700415456 0.1112372 0.065858 -0.0930569
64.65 1.1039204800387612 0.1111592 0.0657954 -0.0933808
64.70 1.1051669723072235 0.111055 0.0657174 -0.0937063
64.75 1.1064166633763877 0.1109241 0.0656237 -0.0940334
64.80 1.1076695698895584 0.1107664 0.0655143 -0.0943621
64.85 1.1089257086049120 0.1105815 0.065389 -0.0946925
64.90 1.1101850963965334 0.1103695 0.0652476 -0.0950244
64.95 1.1114477502554549 0.1101302 0.0650899 -0.095358
65.00 1.1127136872907215 0.1098638 0.064916 -0.0956933
65.05 1.1139829247304520 0.1095705 0.0647257 -0.0960302
65.10 1.1152554799229231 0.1092504 0.0645189 -0.0963688
65.15 1.1165313703376598 0.1089039 0.0642955 -0.0967091
65.20 1.1178106135665402 0.1085314 0.0640554 -0.0970512
65.25 1.1190932273249123 0.1081331 0.0637985 -0.097395
65.30 1.1203792294527217 0.1077095 0.0635248 -0.0977405
65.35 1.1216686379156546 0.1072611 0.0632343 -0.0980878
65.40 1.1229614708062909 0.1067883 0.0629269 -0.0984369
65.45 1.1242577463452708 0.1062917 0.0626025 -0.0987878
65.50 1.1255574828824770 0.1057716 0.0622612 -0.0991406
65.55 1.1268606988982264 0.1052287 0.0619028 -0.0994952
65.60 1.1281674130044770 0.1046634 0.0615275 -0.0998516
65.65 1.1294776439460517 0.1040761 0.061135 -0.10021
65.70 1.1307914106018655 0.1034674 0.0607256 -0.1005703
65.75 1.1321087319861824 0.1028377 0.0602991 -0.1009325
65.80 1.1334296272498716 0.1021874 0.0598555 -0.1012967
65.85 1.1347541156816874 0.1015171 0.059395 -0.1016629
65.90 1.1360822167095599 0.1008271 0.0589174 -0.1020311
65.95 1.1374139499019000 0.1001178 0.0584228 -0.1024013
66.00 1.1387493349689228 0.0993896 0.0579112 -0.1027736
66.05 1.1400883917639824 0.0986429 0.0573827 -0.1031481
66.10 1.1414311402849235 0.0978781 0.0568372 -0.1035246
66.15 1.1427776006754504 0.0970956 0.0562749 -0.1039034
66.20 1.1441277932265064 0.0962955 0.0556957 -0.1042843
66.25 1.1454817383776770 0.0954784 0.0550997 -0.1046675
66.30 1.1468394567186027 0.0946445 0.0544869 -0.105053
66.35 1.1482009689904107 0.093794 0.0538574 -0.1054408
66.40 1.1495662960871658 0.0929274 0.0532112 -0.105831
66.45 1.1509354590573304 0.0920448 0.0525484 -0.1062236
66.50 1.1523084791052536 0.0911466 0.0518691 -0.1066186
66.55 1.1536853775926659 0.0902331 0.0511732 -0.1070161
66.60 1.1550661760401986 0.0893044 0.050461 -0.1074162
66.65 1.1564508961289190 0.0883609 0.0497324 -0.1078189
66.70 1.1578395597018831 0.0874027 0.0489874 -0.1082243
66.75 1.1592321887657087 0.0864302 0.0482263 -0.1086323
66.80 1.1606288054921641 0.0854435 0.0474491 -0.1090431
66.85 1.1620294322197784 0.084443 0.0466558 -0.1094568
66.90 1.1634340914554704 0.0834287 0.0458465 -0.1098734
66.95 1.1648428058761942 0.082401 0.0450214 -0.110293
67.00 1.1662555983306084 0.0813601 0.0441805 -0.1107156
67.05 1.1676724918407646 0.0803062 0.0433239 -0.1111413
67.10 1.1690935096038124 0.0792395 0.0424518 -0.1115703
67.15 1.1705186749937306 0.0781602 0.0415642 -0.1120025
67.20 1.1719480115630720 0.0770686 0.0406612 -0.1124382
67.25 1.1733815430447392 0.0759647 0.0397429 -0.1128773
67.30 1.1748192933537724 0.074849 0.0388096 -0.1133201
67.35 1.1762612865891637 0.0737214 0.0378611 -0.1137665
67.40 1.1777075470356930 0.0725824 0.0368978 -0.1142168
67.45 1.1791580991657851 0.071432 0.0359198 -0.114671
67.50 1.1806129676413906 0.0702704 0.034927 -0.1151293
67.55 1.1820721773158904 0.069098 0.0339198 -0.1155919
67.60 1.1835357532360211 0.0679148 0.0328981 -0.1160587
67.65 1.1850037206438264 0.066721 0.0318623 -0.1165301
67.70 1.1864761049786312 0.065517 0.0308123 -0.1170062
67.75 1.1879529318790409 0.0643029 0.0297483 -0.1174872
67.80 1.1894342271849665 0.0630788 0.0286705 -0.1179732
67.85 1.1909200169396705 0.061845 0.027579 -0.1184645
67.90 1.1924103273918456 0.0606018 0.0264741 -0.1189612
67.95 1.1939051849977087 0.0593493 0.0253557 -0.1194637
68.00 1.1954046164231349 0.0580877 0.0242241 -0.1199721
68.05 1.1969086485458049 0.0568172 0.0230795 -0.1204867
68.10 1.1984173084573870 0.0555381 0.0219219 -0.1210078
68.15 1.1999306234657463 0.0542506 0.0207516 -0.1215358
68.20 1.2014486210971758 0.052955 0.0195688 -0.1220709
68.25 1.2029713290986654 0.0516513 0.0183735 -0.1226134
68.30 1.2044987754401906 0.05034 0.017166 -0.1231638
68.35 1.2060309883170346 0.0490211 0.0159464 -0.1237225
68.40 1.2075679961521408 0.0476951 0.0147149 -0.1242899
68.45 1.2091098275984908 0.046362 0.0134717 -0.1248664
68.50 1.2106565115415191 0.0450222 0.012217 -0.1254526
68.55 1.2122080771015531 0.0436759 0.0109508 -0.126049
68.60 1.2137645536362878 0.0423235 0.0096735 -0.1266562
68.65 1.2153259707432924 0.0409652 0.0083853 -0.1272749
68.70 1.2168923582625433 0.0396012 0.0070862 -0.1279056
68.75 1.2184637462790018 0.038232 0.0057764 -0.1285492
68.80 1.2200401651252133 0.0368578 0.0044563 -0.1292064
68.85 1.2216216453839461 0.0354789 0.003126 -0.1298782
68.90 1.2232082178908650 0.0340958 0.0017856 -0.1305653
68.95 1.2247999137372361 0.0327087 0.0004354 -0.131269
69.00 1.2263967642726714 0.0313181 -0.0009243 -0.1319901
69.05 1.2279988011079066 0.0299243 -0.0022934 -0.13273
69.10 1.2296060561176163 0.0285278 -0.0036717 -0.1334899
69.15 1.2312185614432660 0.0271292 -0.0050589 -0.1342712
69.20 1.2328363494960013 0.0257287 -0.0064548 -0.1350754
69.25 1.2344594529595776 0.024327 -0.0078591 -0.1359041
69.30 1.2360879047933260 0.0229246 -0.0092716 -0.1367592
69.35 1.2377217382351597 0.0215221 -0.010692 -0.1376425
69.40 1.2393609868046243 0.0201201 -0.01212 -0.1385561
69.45 1.2410056843059762 0.0187193 -0.0135554 -0.1395023
69.50 1.2426558648313226 0.0173205 -0.0149978 -0.1404835
69.55 1.2443115627637849 0.0159244 -0.0164468 -0.1415025
69.60 1.2459728127807141 0.0145319 -0.0179023 -0.1425619
69.65 1.2476396498569498 0.0131439 -0.0193638 -0.1436651
69.70 1.2493121092681172 0.0117615 -0.0208309 -0.1448153
69.75 1.2509902265939778 0.0103857 -0.0223032 -0.1460161
69.80 1.2526740377218175 0.0090179 -0.0237802 -0.1472716
69.85 1.2543635788498853 0.0076592 -0.0252616 -0.1485859
69.90 1.2560588864908790 0.0063112 -0.0267467 -0.1499637
69.95 1.2577599974754754 0.0049756 -0.028235 -0.1514099
70.00 1.2594669489559134 0.0036541 -0.029726 -0.15293
70.05 1.2611797784096244 0.0023488 -0.0312189 -0.1545298
70.10 1.2628985236429111 0.001062 -0.032713 -0.1562155
70.15 1.2646232227946819 -0.000204 -0.0342074 -0.1579942
70.20 1.2663539143402289 -0.0014461 -0.0357014 -0.1598732
70.25 1.2680906370950717 -0.0026611 -0.0371938 -0.1618608
70.30 1.2698334302188394 -0.0038456 -0.0386835 -0.1639658
70.35 1.2715823332192195 -0.0049952 -0.0401693 -0.166198
70.40 1.2733373859559551 -0.0061052 -0.0416498 -0.1685684
70.45 1.2750986286448989 -0.0071702 -0.0431231 -0.1710889
70.50 1.2768661018621295 -0.0081839 -0.0445875 -0.1737728
70.55 1.2786398465481190 -0.0206976 -0.0506849 -0.3391991
70.60 1.2804199040119650 -0.019779 -0.0492933 -0.3412108
70.65 1.2822063159356787 -0.0188287 -0.0478832 -0.3432256
70.70 1.2839991243785358 -0.0178467 -0.0464549 -0.345242
70.75 1.2857983717814927 -0.0168331 -0.0450087 -0.347259
70.80 1.2876041009716590 -0.015788 -0.0435449 -0.3492753
70.85 1.2894163551668398 -0.0147117 -0.0420638 -0.3512897
70.90 1.2912351779801445 -0.0136042 -0.0405658 -0.3533014
70.95 1.2930606134246510 -0.0124658 -0.0390513 -0.3553093
71.00 1.2948927059181552 -0.0112968 -0.0375206 -0.3573125
71.05 1.2967315002879742 -0.0100974 -0.0359744 -0.3593102
71.10 1.2985770417758264 -0.0088681 -0.034413 -0.3613015
71.15 1.3004293760427814 -0.007609 -0.0328371 -0.3632858
71.20 1.3022885491742811 -0.0063206 -0.0312472 -0.3652624
71.25 1.3041546076852373 -0.0050034 -0.029644 -0.3672306
71.30 1.3060275985252012 -0.0036576 -0.0280282 -0.36919
71.35 1.3079075690836115 -0.0022838 -0.0264005 -0.3711399
71.40 1.3097945671951174 -0.0008823 -0.0247618 -0.37308
71.45 1.3116886411449822 0.0005463 -0.023113 -0.3750098
71.50 1.3135898396745678 0.0020017 -0.0214551 -0.376929
71.55 1.3154982119869003 0.0034832 -0.019789 -0.3788373
71.60 1.3174138077523165 0.0049905 -0.0181161 -0.3807344
71.65 1.3193366771142014 0.0065231 -0.0164375 -0.38262
71.70 1.3212668706947988 0.0080804 -0.0147547 -0.3844939
71.75 1.3232044396011293 0.009662 -0.0130693 -0.3863561
71.80 1.3251494354309783 0.0112674 -0.0113829 -0.3882062
71.85 1.3271019102789854 0.0128961 -0.0096975 -0.3900443
71.90 1.3290619167428244 0.0145475 -0.0080153 -0.3918702
71.95 1.3310295079294747 0.0162212 -0.0063386 -0.393684
72.00 1.3330047374615932 0.0179168 -0.0046703 -0.3954854
72.05 1.3349876594839796 0.0196336 -0.0030133 -0.3972747
72.10 1.3369783286701415 0.0213713 -0.001371 -0.3990516
72.15 1.3389768002289641 0.0231294 0.0002526 -0.4008163
72.20 1.3409831299114769 0.0249074 0.0018534 -0.4025689
72.25 1.3429973740177321 0.0267048 0.0034263 -0.4043093
72.30 1.3450195894037844 0.0285212 0.0049661 -0.4060375
72.35 1.3470498334887806 0.0303561 0.0064668 -0.4077538
72.40 1.3490881642621655 0.0322092 0.007922 -0.4094582
72.45 1.3511346402909867 0.03408 0.0093248 -0.4111507
72.50 1.3531893207273342 0.035968 0.010668 -0.4128314
72.55 1.3552522653158787 0.0378729 0.0119441 -0.4145005
72.60 1.3573235344015393 0.0397943 0.0131461 -0.4161581
72.65 1.3594031889372702 0.0417317 0.0142672 -0.4178043
72.70 1.3614912904919696 0.0436848 0.0153016 -0.4194391
72.75 1.3635879012585173 0.0456532 0.0162449 -0.4210628
72.80 1.3656930840619386 0.0476365 0.0170941 -0.4226754
72.85 1.3678069023677004 0.0496345 0.0178483 -0.4242771
72.90 1.3699294202901398 0.0516466 0.0185084 -0.4258679
72.95 1.3720607026010270 0.0536727 0.0190771 -0.4274481
73.00 1.3742008147382716 0.0557123 0.0195585 -0.4290176
73.05 1.3763498228147655 0.0577652 0.0199582 -0.4305767
73.10 1.3785077936273700 0.059831 0.0202823 -0.4321255
73.15 1.3806747946660543 0.0619094 0.0205375 -0.433664
73.20 1.3828508941231716 0.0640002 0.0207305 -0.4351925
73.25 1.3850361609029067 0.0661029 0.0208678 -0.4367109
73.30 1.3872306646308596 0.0682175 0.0209556 -0.4382195
73.35 1.3894344756637986 0.0703434 0.0209997 -0.4397183
73.40 1.3916476650995724 0.0724806 0.0210053 -0.4412075
73.45 1.3938703047871841 0.0746287 0.0209772 -0.4426871
73.50 1.3961024673370386 0.0767875 0.0209194 -0.4441573
73.55 1.3983442261313550 0.0789567 0.0208358 -0.4456181
73.60 1.4005956553347587 0.0811362 0.0207296 -0.4470697
73.65 1.4028568299050477 0.0833255 0.0206038 -0.4485121
73.70 1.4051278256041408 0.0855246 0.0204608 -0.4499455
73.75 1.4074087190092159 0.0877331 0.0203029 -0.4513698
73.80 1.4096995875240308 0.089951 0.020132 -0.4527853
73.85 1.4120005093904389 0.0921778 0.0199498 -0.454192
73.90 1.4143115637001062 0.0944135 0.0197579 -0.4555899
73.95 1.4166328304064160 0.0966579 0.0195575 -0.4569791
74.00 1.4189643903365978 0.0989107 0.0193498 -0.4583598
74.05 1.4213063252040461 0.1011717 0.0191358 -0.4597319
74.10 1.4236587176208633 0.1034408 0.0189165 -0.4610955
74.15 1.4260216511106174 0.1057177 0.0186925 -0.4624508
74.20 1.4283952101213191 0.1080024 0.0184648 -0.4637976
74.25 1.4307794800386300 0.1102945 0.0182337 -0.4651362
74.30 1.4331745471992983 0.1125939 0.018 -0.4664666
74.35 1.4355804989048313 0.1149005 0.0177642 -0.4677887
74.40 1.4379974234354114 0.1172141 0.0175266 -0.4691027
74.45 1.4404254100640508 0.1195345 0.0172876 -0.4704086
74.50 1.4428645490710084 0.1218616 0.0170477 -0.4717064
74.55 1.4453149317584530 0.1241951 0.0168071 -0.4729961
74.60 1.4477766504653917 0.126535 0.0165661 -0.4742779
74.65 1.4502497985828720 0.1288812 0.0163251 -0.4755517
74.70 1.4527344705694387 0.1312333 0.0160841 -0.4768175
74.75 1.4552307619668963 0.1335914 0.0158435 -0.4780754
74.80 1.4577387694163313 0.1359552 0.0156034 -0.4793254
74.85 1.4602585906744392 0.1383247 0.0153639 -0.4805676
74.90 1.4627903246301464 0.1406996 0.0151254 -0.4818018
74.95 1.4653340713215299 0.1430799 0.0148878 -0.4830282
75.00 1.4678899319530556 0.1454654 0.0146514 -0.4842468
75.05 1.4704580089131281 0.147856 0.0144162 -0.4854576
75.10 1.4730384057919645 0.1502516 0.0141823 -0.4866605
75.15 1.4756312273998002 0.152652 0.0139499 -0.4878556
75.20 1.4782365797854315 0.1550571 0.013719 -0.489043
75.25 1.4808545702551064 0.1574668 0.0134897 -0.4902225
75.30 1.4834853073917655 0.159881 0.0132621 -0.4913942
75.35 1.4861289010746450 0.1622996 0.0130362 -0.4925581
75.40 1.4887854624992518 0.1647224 0.0128122 -0.4937142
75.45 1.4914551041977033 0.1671493 0.01259 -0.4948625
75.50 1.4941379400594756 0.1695803 0.0123697 -0.4960029
75.55 1.4968340853525235 0.1720152 0.0121514 -0.4971356
75.60 1.4995436567448153 0.1744539 0.0119352 -0.4982604
75.65 1.5022667723262797 0.1768963 0.0117209 -0.4993773
75.70 1.5050035516311675 0.1793423 0.0115087 -0.5004864
75.75 1.5077541156608558 0.1817918 0.0112987 -0.5015877
75.80 1.5105185869070827 0.1842448 0.0110907 -0.502681
75.85 1.5132970893756394 0.186701 0.0108849 -0.5037665
75.90 1.5160897486105220 0.1891605 0.0106814 -0.5048441
75.95 1.5188966917185549 0.1916231 0.01048 -0.5059137
76.00 1.5217180473945009 0.1940888 0.0102808 -0.5069754
76.05 1.5245539459466628 0.1965574 0.0100839 -0.5080291
76.10 1.5274045193229899 0.1990289 0.0098892 -0.5090749
76.15 1.5302699011377114 0.2015032 0.0096968 -0.5101127
76.20 1.5331502266984804 0.2039802 0.0095067 -0.5111424
76.25 1.5360456330340897 0.2064598 0.0093189 -0.5121641
76.30 1.5389562589227139 0.2089419 0.0091333 -0.5131778
76.35 1.5418822449207401 0.2114266 0.0089501 -0.5141834
76.40 1.5448237333921728 0.2139136 0.0087692 -0.5151809
76.45 1.5477808685386352 0.2164029 0.0085905 -0.5161703
76.50 1.5507537964299845 0.2188945 0.0084142 -0.5171516
76.55 1.5537426650355510 0.2213883 0.0082403 -0.5181247
76.60 1.5567476242560161 0.2238843 0.0080686 -0.5190897
76.65 1.5597688259559499 0.2263823 0.0078992 -0.5200464
76.70 1.5628064239970156 0.2288823 0.0077322 -0.520995
76.75 1.5658605742718710 0.2313842 0.0075674 -0.5219354
76.80 1.5689314347387666 0.233888 0.007405 -0.5228675
76.85 1.5720191654568727 0.2363937 0.0072449 -0.5237913
76.90 1.5751239286223491 0.2389011 0.0070871 -0.5247069
76.95 1.5782458886051585 0.2414103 0.0069316 -0.5256142
77.00 1.5813852119866876 0.2439211 0.0067784 -0.5265132
77.05 1.5845420675981361 0.2464336 0.0066274 -0.5274039
77.10 1.5877166265597418 0.2489477 0.0064788 -0.5282862
77.15 1.5909090623208391 0.2514633 0.0063324 -0.5291602
77.20 1.5941195507007735 0.2539805 0.0061882 -0.5300259
77.25 1.5973482699307082 0.2564992 0.0060463 -0.5308832
77.30 1.6005954006963241 0.2590193 0.0059067 -0.5317321
77.35 1.6038611261814530 0.2615408 0.0057693 -0.5325727
77.40 1.6071456321126634 0.2640637 0.0056341 -0.5334048
77.45 1.6104491068048148 0.266588 0.0055011 -0.5342286
77.50 1.6137717412076256 0.2691137 0.0053703 -0.535044
77.55 1.6171137289532584 0.2716406 0.0052416 -0.535851
77.60 1.6204752664049629 0.2741689 0.0051152 -0.5366496
77.65 1.6238565527068056 0.2766985 0.0049909 -0.5374397
77.70 1.6272577898344955 0.2792294 0.0048688 -0.5382215
77.75 1.6306791826473761 0.2817616 0.0047487 -0.5389949
77.80 1.6341209389415596 0.284295 0.0046308 -0.5397599
77.85 1.6375832695042820 0.2868297 0.004515 -0.5405166
77.90 1.6410663881694845 0.2893657 0.0044013 -0.5412648
77.95 1.6445705118746621 0.2919029 0.0042896 -0.5420047
78.00 1.6480958607190197 0.2944414 0.00418 -0.5427362
78.05 1.6516426580229577 0.2969813 0.0040724 -0.5434594
78.10 1.6552111303889363 0.2995224 0.0039668 -0.5441743
78.15 1.6588015077637484 0.3020648 0.0038633 -0.5448809
78.20 1.6624140235022404 0.3046085 0.0037617 -0.5455791
78.25 1.6660489144325314 0.3071536 0.0036621 -0.5462691
78.30 1.6697064209227548 0.3097001 0.0035644 -0.5469508
78.35 1.6733867869493753 0.3101323 0.0034686 -0.5476244
78.40 1.6770902601671336 0.3103106 0.0033748 -0.5482896
78.45 1.6808170919806322 0.310505 0.0032828 -0.5489468
78.50 1.6845675376176648 0.3107156 0.0031927 -0.5495957
78.55 1.6883418562042736 0.3109424 0.0031044 -0.5502366
78.60 1.6921403108416329 0.3111855 0.003018 -0.5508693
78.65 1.6959631686847902 0.3114449 0.0029334 -0.551494
78.70 1.6998107010233166 0.3117208 0.0028505 -0.5521107
78.75 1.7036831833639368 0.3120131 0.0027695 -0.5527194
78.80 1.7075808955151763 0.3123218 0.0026901 -0.5533201
78.85 1.7115041216740989 0.312647 0.0026125 -0.5539129
78.90 1.7154531505151902 0.3129887 0.0025366 -0.5544978
78.95 1.7194282752814485 0.3133468 0.0024624 -0.5550749
79.00 1.7234297938777567 0.3137214 0.0023898 -0.5556443
79.05 1.7274580089665905 0.3141123 0.0023189 -0.5562058
79.10 1.7315132280661407 0.3145197 0.0022496 -0.5567597
79.15 1.7355957636509258 0.3149433 0.0021818 -0.557306
79.20 1.7397059332549434 0.3153833 0.0021157 -0.5578446
79.25 1.7438440595774944 0.3158395 0.0020511 -0.5583757
79.30 1.7480104705916841 0.316312 0.001988 -0.5588993
79.35 1.7522054996557488 0.3168005 0.0019264 -0.5594155
79.40 1.7564294856272575 0.3173051 0.0018663 -0.5599243
79.45 1.7606827729802852 0.3178257 0.0018077 -0.5604257
79.50 1.7649657119256603 0.3183622 0.0017505 -0.5609199
79.55 1.7692786585343654 0.3189145 0.0016947 -0.5614068
79.60 1.7736219748641979 0.3194825 0.0016403 -0.5618866
79.65 1.7779960290897987 0.3200661 0.0015873 -0.5623593
79.70 1.7824011956361372 0.3206652 0.0015356 -0.562825
79.75 1.7868378553155890 0.3212798 0.0014852 -0.5632837
79.80 1.7913063954686912 0.3219097 0.0014362 -0.5637354
79.85 1.7958072101087128 0.3225548 0.0013884 -0.5641804
79.90 1.8003407000701643 0.3232149 0.0013419 -0.5646185
79.95 1.8049072731613405 0.32389 0.0012966 -0.56505
80.00 1.8095073443210954 0.3245799 0.0012525 -0.5654748
80.05 1.8141413357799034 0.3252846 0.0012096 -0.565893
80.10 1.8188096772254154 0.3260038 0.0011679 -0.5663047
80.15 1.8235128059726211 0.3267374 0.0011273 -0.5667099
80.20 1.8282511671387802 0.3274853 0.0010879 -0.5671088
80.25 1.8330252138232914 0.3282474 0.0010495 -0.5675014
80.30 1.8378354072926408 0.3290235 0.0010123 -0.5678877
80.35 1.8426822171706256 0.3298134 0.0009761 -0.5682679
80.40 1.8475661216340147 0.330617 0.0009409 -0.5686419
80.45 1.8524876076138348 0.3314342 0.0009068 -0.56901
80.50 1.8574471710024862 0.3322648 0.0008736 -0.5693721
80.55 1.8624453168668675 0.3331087 0.0008414 -0.5697283
80.60 1.8674825596677291 0.3339656 0.0008102 -0.5700788
80.65 1.8725594234854832 0.3348354 0.0007799 -0.5704235
80.70 1.8776764422526515 0.335718 0.0007506 -0.5707625
80.75 1.8828341599932619 0.3366132 0.0007221 -0.571096
80.80 1.8880331310693452 0.3375208 0.0006945 -0.5714239
80.85 1.8932739204348596 0.3384407 0.0006677 -0.5717464
80.90 1.8985571038972699 0.3393726 0.0006418 -0.5720636
80.95 1.9038832683870603 0.3403165 0.0006167 -0.5723755
81.00 1.9092530122354845 0.3412721 0.0005925 -0.5726822
81.05 1.9146669454608252 0.3422393 0.0005689 -0.5729837
81.10 1.9201256900634951 0.3432178 0.0005462 -0.5732802
81.15 1.9256298803302931 0.3442076 0.0005242 -0.5735717
81.20 1.9311801631481520 0.3452083 0.0005029 -0.5738583
81.25 1.9367771983277440 0.3462199 0.0004823 -0.57414
81.30 1.9424216589372902 0.3472422 0.0004624 -0.574417
81.35 1.9481142316469726 0.348275 0.0004432 -0.5746893
81.40 1.9538556170843520 0.349318 0.0004246 -0.574957
81.45 1.9596465302011721 0.3503712 0.0004067 -0.5752202
81.50 1.9654877006520655 0.3514342 0.0003894 -0.5754789
81.55 1.9713798731855150 0.352507 0.0003727 -0.5757332
81.60 1.9773238080476301 0.3535894 0.0003566 -0.5759832
81.65 1.9833202813991822 0.3546811 0.000341 -0.576229
81.70 1.9893700857464571 0.3557819 0.0003261 -0.5764707
81.75 1.9954740303864316 0.3568917 0.0003116 -0.5767082
81.80 2.0016329418668652 0.3580103 0.0002977 -0.5769417
81.85 2.0078476644618948 0.3591375 0.0002843 -0.5771713
81.90 2.0141190606637487 0.3602731 0.0002714 -0.5773971
81.95 2.0204480116912382 0.3614168 0.000259 -0.577619
82.00 2.0268354180156947 0.3625685 0.000247 -0.5778373
82.05 2.0332821999050843 0.363728 0.0002355 -0.5780519
82.10 2.0397892979870225 0.3648952 0.0002245 -0.5782629
82.15 2.0463576738314897 0.3660697 0.0002138 -0.5784705
82.20 2.0529883105540567 0.3672514 0.0002036 -0.5786746
82.25 2.0596822134404817 0.3684401 0.0001938 -0.5788754
82.30 2.0664404105935832 0.3696356 0.0001844 -0.5790729
82.35 2.0732639536033268 0.3708376 0.0001754 -0.5792673
82.40 2.0801539182411148 0.3720461 0.0001667 -0.5794585
82.45 2.0871114051793418 0.3732608 0.0001584 -0.5796466
82.50 2.0941375407372735 0.3744814 0.0001504 -0.5798318
82.55 2.1012334776544206 0.3757078 0.0001428 -0.580014
82.60 2.1084003958926107 0.3769398 0.0001355 -0.5801935
82.65 2.1156395034680107 0.3781772 0.0001285 -0.5803702
82.70 2.1229520373144530 0.3794197 0.0001218 -0.5805441
82.75 2.1303392641794385 0.3806672 0.0001154 -0.5807155
82.80 2.1378024815543255 0.3819195 0.0001092 -0.5808843
82.85 2.1453430186402151 0.3831763 0.0001034 -0.5810507
82.90 2.1529622373511956 0.3844375 0.0000978 -0.5812146
82.95 2.1606615333566506 0.3857029 0.0000924 -0.5813763
83.00 2.1684423371644423 0.3869722 0.0000873 -0.5815356
83.05 2.1763061152468834 0.3882454 0.0000825 -0.5816928
83.10 2.1842543712115088 0.3895221 0.0000778 -0.5818479
83.15 2.1922886470187501 0.3908022 0.0000734 -0.5820009
83.20 2.2004105242487957 0.3920855 0.0000692 -0.582152
83.25 2.2086216254199424 0.3933719 0.0000652 -0.5823012
83.30 2.2169236153609786 0.3946612 0.0000614 -0.5824485
83.35 2.2253182026402079 0.3959531 0.0000577 -0.5825941
83.40 2.2338071410539140 0.3972476 0.0000543 -0.582738
83.45 2.2423922311771953 0.3985445 0.000051 -0.5828803
83.50 2.2510753219802888 0.3998435 0.0000479 -0.5830211
83.55 2.2598583125136917 0.4011447 0.0000449 -0.5831604
83.60 2.2687431536655347 0.4024478 0.0000421 -0.5832983
83.65 2.2777318499949293 0.4037528 0.0000395 -0.5834349
83.70 2.2868264616451803 0.4050595 0.000037 -0.5835702
83.75 2.2960291063410230 0.4063678 0.0000346 -0.5837044
83.80 2.3053419614742690 0.4076776 0.0000323 -0.5838374
83.85 2.3147672662825332 0.4089889 0.0000302 -0.5839694
83.90 2.3243073241259733 0.4103015 0.0000282 -0.5841005
83.95 2.3339645048673359 0.4116155 0.0000263 -0.5842306
84.00 2.3437412473608381 0.4129308 0.0000245 -0.58436
84.05 2.3536400620558657 0.4142475 0.0000228 -0.5844886
84.10 2.3636635337217689 0.4155654 0.0000212 -0.5846165
84.15 2.3738143243004877 0.4168846 0.0000197 -0.5847439
84.20 2.3840951758941467 0.4182052 0.0000183 -0.5848707
84.25 2.3945089138952178 0.4195271 0.000017 -0.5849971
84.30 2.4050584502674064 0.4208506 0.0000157 -0.5851231
84.35 2.4157467869858533 0.4221756 0.0000146 -0.5852488
84.40 2.4265770196459231 0.4235022 0.0000135 -0.5853742
84.45 2.4375523412504077 0.4248307 0.0000125 -0.5854996
84.50 2.4486760461856742 0.4261611 0.0000115 -0.5856248
84.55 2.4599515343979936 0.4274936 0.0000106 -0.58575
84.60 2.4713823157820722 0.4288284 0.0000098 -0.5858753
84.65 2.4829720147946408 0.4301657 0.000009 -0.5860008
84.70 2.4947243753068959 0.4315057 0.0000083 -0.5861265
84.75 2.5066432657105051 0.4328427 0.0000076 -0.5862525
