45.0 0.75983570225832975 -0.46877 -0.31224 -0.01292 0.15323 .29932
45.05 0.76049907376085979 -0.46876 -0.31224 -0.01293 0.15323 .29931
45.10 0.76116302644066036 -0.46876 -0.31224 -0.01293 0.15323 .29931
45.15 0.76182756283385522 -0.46876 -0.31223 -0.01293 0.15324 .29930
45.20 0.76249268548415305 -0.46875 -0.31223 -0.01294 0.15325 .29929
45.25 0.76315839694289456 -0.46874 -0.31222 -0.01295 0.15326 .29927
45.30 0.76382469976910006 -0.46874 -0.31221 -0.01296 0.15327 .29925
45.35 0.76449159652951659 -0.46873 -0.31220 -0.01297 0.15328 .29923
45.40 0.76515908979866654 -0.46871 -0.31219 -0.01298 0.15330 .29921
45.45 0.76582718215889523 -0.46870 -0.31217 -0.01300 0.15332 .29917
45.50 0.76649587620041937 -0.46868 -0.31216 -0.01302 0.15334 .29914
45.55 0.76716517452137623 -0.46867 -0.31214 -0.01304 0.15336 .29910
45.60 0.76783507972787179 -0.46865 -0.31212 -0.01306 0.15339 .29906
45.65 0.76850559443403055 -0.46863 -0.31210 -0.01308 0.15342 .29902
45.70 0.76917672126204495 -0.46860 -0.31208 -0.01311 0.15345 .29897
45.75 0.76984846284222430 -0.46858 -0.31205 -0.01314 0.15348 .29891
45.80 0.77052082181304604 -0.46856 -0.31203 -0.01317 0.15352 .29886
45.85 0.77119380082120481 -0.46853 -0.31200 -0.01320 0.15355 .29880
45.90 0.77186740252166364 -0.46850 -0.31197 -0.01323 0.15359 .29874
45.95 0.77254162957770478 -0.46847 -0.31194 -0.01326 0.15363 .29868
46.00 0.77321648466098036 -0.46844 -0.31191 -0.01330 0.15368 .29861
46.05 0.77389197045156433 -0.46840 -0.31188 -0.01334 0.15372 .29854
46.10 0.77456808963800328 -0.46837 -0.31184 -0.01338 0.15377 .29846
46.15 0.77524484491736945 -0.46833 -0.31181 -0.01342 0.15382 .29839
46.20 0.77592223899531199 -0.46829 -0.31177 -0.01347 0.15387 .29830
46.25 0.77660027458611014 -0.46825 -0.31173 -0.01351 0.15393 .29822
46.30 0.77727895441272554 -0.46821 -0.31169 -0.01356 0.15398 .29813
46.35 0.77795828120685584 -0.46817 -0.31164 -0.01361 0.15404 .29803
46.40 0.77863825770898754 -0.46812 -0.31160 -0.01366 0.15410 .29794
46.45 0.77931888666845017 -0.46808 -0.31155 -0.01371 0.15417 .29784
46.50 0.78000017084346973 -0.46803 -0.31150 -0.01377 0.15423 .29773
46.55 0.78068211300122392 -0.46798 -0.31145 -0.01383 0.15430 .29762
46.60 0.78136471591789569 -0.46793 -0.31140 -0.01389 0.15437 .29751
46.65 0.78204798237872875 -0.46788 -0.31135 -0.01395 0.15444 .29740
46.70 0.78273191517808294 -0.46782 -0.31129 -0.01401 0.15451 .29728
46.75 0.78341651711948912 -0.46776 -0.31124 -0.01407 0.15459 .29717
46.80 0.78410179101570610 -0.46771 -0.31118 -0.01414 0.15467 .29704
46.85 0.78478773968877535 -0.46765 -0.31112 -0.01421 0.15475 .29691
46.90 0.78547436597007880 -0.46759 -0.31106 -0.01428 0.15483 .29678
46.95 0.78616167270039528 -0.46752 -0.31099 -0.01435 0.15492 .29664
47.00 0.78684966272995749 -0.46746 -0.31093 -0.01442 0.15500 .29651
47.05 0.78753833891850933 -0.46739 -0.31086 -0.01449 0.15509 .29637
47.10 0.78822770413536436 -0.46732 -0.31080 -0.01457 0.15518 .29623
47.15 0.78891776125946356 -0.46725 -0.31073 -0.01465 0.15528 .29608
47.20 0.78960851317943370 -0.46718 -0.31065 -0.01473 0.15537 .29592
47.25 0.79029996279364645 -0.46711 -0.31058 -0.01481 0.15547 .29577
47.30 0.79099211301027716 -0.46704 -0.31051 -0.01489 0.15557 .29562
47.35 0.79168496674736522 -0.46696 -0.31043 -0.01498 0.15567 .29545
47.40 0.79237852693287303 -0.46688 -0.31035 -0.01507 0.15577 .29528
47.45 0.79307279650474649 -0.46680 -0.31028 -0.01516 0.15588 .29512
47.50 0.79376777841097601 -0.46672 -0.31019 -0.01525 0.15599 .29494
47.55 0.79446347560965724 -0.46664 -0.31011 -0.01534 0.15610 .29477
47.60 0.79515989106905183 -0.46656 -0.31003 -0.01543 0.15621 .29460
47.65 0.79585702776764977 -0.46647 -0.30994 -0.01553 0.15632 .29441
47.70 0.79655488869423152 -0.46638 -0.30986 -0.01562 0.15644 .29424
47.75 0.79725347684792980 -0.46629 -0.30977 -0.01572 0.15656 .29405
47.80 0.79795279523829266 -0.46620 -0.30968 -0.01582 0.15668 .29386
47.85 0.79865284688534688 -0.46611 -0.30958 -0.01593 0.15680 .29365
47.90 0.79935363481966115 -0.46602 -0.30949 -0.01603 0.15692 .29346
47.95 0.80005516208241045 -0.46592 -0.30940 -0.01614 0.15705 .29326
48.00 0.80075743172543956 -0.46582 -0.30930 -0.01624 0.15717 .29306
48.05 0.80146044681132877 -0.46572 -0.30920 -0.01635 0.15730 .29285
48.10 0.80216421041345820 -0.46562 -0.30910 -0.01646 0.15744 .29264
48.15 0.80286872561607381 -0.46552 -0.30900 -0.01657 0.15757 .29243
48.20 0.80357399551435238 -0.46542 -0.30889 -0.01669 0.15771 .29220
48.25 0.80428002321446923 -0.46531 -0.30879 -0.01680 0.15784 .29199
48.30 0.80498681183366394 -0.46521 -0.30868 -0.01692 0.15798 .29176
48.35 0.80569436450030729 -0.46510 -0.30857 -0.01704 0.15812 .29153
48.40 0.80640268435396956 -0.46499 -0.30847 -0.01716 0.15827 .29131
48.45 0.80711177454548755 -0.46487 -0.30835 -0.01728 0.15841 .29107
48.50 0.80782163823703412 -0.46476 -0.30824 -0.01740 0.15856 .29084
48.55 0.80853227860218546 -0.46465 -0.30813 -0.01753 0.15871 .29060
48.60 0.80924369882599168 -0.46453 -0.30801 -0.01765 0.15886 .29036
48.65 0.80995590210504553 -0.46441 -0.30789 -0.01778 0.15901 .29011
48.70 0.81066889164755318 -0.46429 -0.30777 -0.01791 0.15917 .28986
48.75 0.81138267067340353 -0.46417 -0.30765 -0.01804 0.15932 .28961
48.80 0.81209724241424064 -0.46404 -0.30753 -0.01817 0.15948 .28936
48.85 0.81281261011353434 -0.46392 -0.30741 -0.01831 0.15964 .28910
48.90 0.81352877702665161 -0.46379 -0.30728 -0.01844 0.15980 .28884
48.95 0.81424574642093006 -0.46366 -0.30715 -0.01858 0.15997 .28857
49.00 0.81496352157574936 -0.46353 -0.30702 -0.01871 0.16013 .28831
49.05 0.81568210578260558 -0.46340 -0.30689 -0.01885 0.16030 .28804
49.10 0.81640150234518361 -0.46327 -0.30676 -0.01900 0.16047 .28776
49.15 0.81712171457943295 -0.46313 -0.30663 -0.01914 0.16064 .28749
49.20 0.81784274581364047 -0.46300 -0.30649 -0.01928 0.16081 .28721
49.25 0.81856459938850701 -0.46286 -0.30636 -0.01943 0.16099 .28693
49.30 0.81928727865722173 -0.46272 -0.30622 -0.01957 0.16116 .28665
49.35 0.82001078698553909 -0.46258 -0.30608 -0.01972 0.16134 .28636
49.40 0.82073512775185475 -0.46244 -0.30594 -0.01987 0.16152 .28607
49.45 0.82146030434728290 -0.46229 -0.30579 -0.02002 0.16170 .28577
49.50 0.82218632017573356 -0.46214 -0.30565 -0.02017 0.16189 .28548
49.55 0.82291317865399061 -0.46200 -0.30550 -0.02033 0.16207 .28517
49.60 0.82364088321179052 -0.46185 -0.30535 -0.02048 0.16226 .28487
49.65 0.82436943729190104 -0.46170 -0.30520 -0.02064 0.16245 .28456
49.70 0.82509884435020076 -0.46154 -0.30505 -0.02079 0.16264 .28426
49.75 0.82582910785575958 -0.46139 -0.30490 -0.02095 0.16283 .28395
49.80 0.82656023129091882 -0.46123 -0.30475 -0.02111 0.16302 .28364
49.85 0.82729221815137199 -0.46107 -0.30459 -0.02128 0.16322 .28331
49.90 0.82802507194624730 -0.46091 -0.30443 -0.02144 0.16341 .28299
49.95 0.82875879619818926 -0.46075 -0.30428 -0.02160 0.16361 .28268
50.00 0.82949339444344139 -0.46059 -0.30412 -0.02177 0.16381 .28235
50.05 0.83022887023192915 -0.46043 -0.30395 -0.02193 0.16401 .28202
50.10 0.83096522712734444 -0.46026 -0.30379 -0.02210 0.16422 .28169
50.15 0.83170246870722930 -0.40171 -0.28844 -0.03065 0.21129 .25779
50.20 0.83244059856306107 -0.40156 -0.28851 -0.03059 0.21137 .25792
50.25 0.83317962030033754 -0.40142 -0.28858 -0.03053 0.21145 .25805
50.30 0.83391953753866332 -0.40127 -0.28864 -0.03048 0.21153 .25816
50.35 0.83466035391183646 -0.40112 -0.28871 -0.03042 0.21161 .25829
50.40 0.83540207306793479 -0.40097 -0.28878 -0.03036 0.21169 .25842
50.45 0.83614469866940455 -0.40081 -0.28885 -0.03030 0.21177 .25855
50.50 0.83688823439314863 -0.40066 -0.28892 -0.03023 0.21186 .25869
50.55 0.83763268393061485 -0.40050 -0.28899 -0.03017 0.21194 .25882
50.60 0.83837805098788598 -0.40034 -0.28907 -0.03011 0.21203 .25896
50.65 0.83912433928576935 -0.40018 -0.28914 -0.03005 0.21211 .25909
50.70 0.83987155255988821 -0.40002 -0.28921 -0.02998 0.21220 .25923
50.75 0.84061969456077290 -0.39986 -0.28928 -0.02992 0.21229 .25936
50.80 0.84136876905395186 -0.39970 -0.28936 -0.02985 0.21238 .25951
50.85 0.84211877982004546 -0.39953 -0.28943 -0.02978 0.21247 .25965
50.90 0.84286973065485837 -0.39936 -0.28951 -0.02972 0.21256 .25979
50.95 0.84362162536947360 -0.39919 -0.28958 -0.02965 0.21265 .25993
51.00 0.84437446779034697 -0.39902 -0.28966 -0.02958 0.21274 .26008
51.05 0.84512826175940192 -0.39885 -0.28973 -0.02951 0.21283 .26022
51.10 0.84588301113412578 -0.39868 -0.28981 -0.02944 0.21292 .26037
51.15 0.84663871978766536 -0.39850 -0.28989 -0.02937 0.21302 .26052
51.20 0.84739539160892485 -0.39832 -0.28997 -0.02930 0.21311 .26067
51.25 0.84815303050266300 -0.39815 -0.29004 -0.02922 0.21320 .26082
51.30 0.84891164038959133 -0.39797 -0.29012 -0.02915 0.21330 .26097
51.35 0.84967122520647376 -0.39778 -0.29020 -0.02908 0.21340 .26112
51.40 0.85043178890622606 -0.39760 -0.29028 -0.02900 0.21349 .26128
51.45 0.85119333545801568 -0.39742 -0.29036 -0.02892 0.21359 .26144
51.50 0.85195586884736429 -0.39723 -0.29044 -0.02885 0.21369 .26159
51.55 0.85271939307624789 -0.39704 -0.29053 -0.02877 0.21379 .26176
51.60 0.85348391216320041 -0.39685 -0.29061 -0.02869 0.21389 .26192
51.65 0.85424943014341670 -0.39666 -0.29069 -0.02861 0.21399 .26208
51.70 0.85501595106885664 -0.39647 -0.29077 -0.02853 0.21409 .26224
51.75 0.85578347900834917 -0.39627 -0.29086 -0.02845 0.21419 .26241
51.80 0.85655201804769820 -0.39607 -0.29094 -0.02837 0.21429 .26257
51.85 0.85732157228978900 -0.39588 -0.29103 -0.02829 0.21440 .26274
51.90 0.85809214585469440 -0.39568 -0.29111 -0.02820 0.21450 .26291
51.95 0.85886374287978262 -0.39548 -0.29120 -0.02812 0.21460 .26308
52.00 0.85963636751982619 -0.39527 -0.29128 -0.02803 0.21471 .26325
52.05 0.86041002394711030 -0.39507 -0.29137 -0.02795 0.21482 .26342
52.10 0.86118471635154337 -0.39486 -0.29146 -0.02786 0.21492 .26360
52.15 0.86196044894076718 -0.39465 -0.29154 -0.02777 0.21503 .26377
52.20 0.86273722594026869 -0.39445 -0.29163 -0.02769 0.21514 .26394
52.25 0.86351505159349251 -0.39423 -0.29172 -0.02760 0.21525 .26412
52.30 0.86429393016195311 -0.39402 -0.29181 -0.02751 0.21536 .26430
52.35 0.86507386592534963 -0.39381 -0.29190 -0.02741 0.21547 .26449
52.40 0.86585486318168026 -0.39359 -0.29199 -0.02732 0.21558 .26467
52.45 0.86663692624735733 -0.39337 -0.29208 -0.02723 0.21569 .26485
52.50 0.86742005945732381 -0.39315 -0.29217 -0.02714 0.21580 .26503
52.55 0.86820426716517096 -0.39293 -0.29226 -0.02704 0.21591 .26522
52.60 0.86898955374325570 -0.39271 -0.29235 -0.02695 0.21603 .26540
52.65 0.86977592358281952 -0.39248 -0.29244 -0.02685 0.21614 .26559
52.70 0.87056338109410869 -0.39226 -0.29253 -0.02675 0.21625 .26578
52.75 0.87135193070649397 -0.39203 -0.29263 -0.02665 0.21637 .26598
52.80 0.87214157686859295 -0.39180 -0.29272 -0.02655 0.21649 .26617
52.85 0.87293232404839116 -0.39157 -0.29281 -0.02645 0.21660 .26636
52.90 0.87372417673336666 -0.39133 -0.29291 -0.02635 0.21672 .26656
52.95 0.87451713943061304 -0.39110 -0.29300 -0.02625 0.21684 .26675
53.00 0.87531121666696521 -0.39086 -0.29310 -0.02615 0.21696 .26695
53.05 0.87610641298912395 -0.39063 -0.29319 -0.02604 0.21708 .26715
53.10 0.87690273296378440 -0.39039 -0.29329 -0.02594 0.21719 .26735
53.15 0.87770018117776261 -0.39014 -0.29338 -0.02583 0.21732 .26755
53.20 0.87849876223812495 -0.38990 -0.29348 -0.02573 0.21744 .26775
53.25 0.87929848077231665 -0.38965 -0.29358 -0.02562 0.21756 .26796
53.30 0.88009934142829360 -0.38941 -0.29367 -0.02551 0.21768 .26816
53.35 0.88090134887465321 -0.38916 -0.29377 -0.02540 0.21780 .26837
53.40 0.88170450780076659 -0.38891 -0.29387 -0.02529 0.21793 .26858
53.45 0.88250882291691279 -0.38866 -0.29397 -0.02518 0.21805 .26879
53.50 0.88331429895441260 -0.38840 -0.29407 -0.02506 0.21818 .26901
53.55 0.88412094066576463 -0.38815 -0.29417 -0.02495 0.21830 .26922
53.60 0.88492875282478045 -0.38789 -0.29427 -0.02484 0.21843 .26943
53.65 0.88573774022672380 -0.38763 -0.29437 -0.02472 0.21856 .26965
53.70 0.88654790768844782 -0.38737 -0.29447 -0.02460 0.21868 .26987
53.75 0.88735926004853483 -0.38711 -0.29457 -0.02449 0.21881 .27008
53.80 0.88817180216743707 -0.38684 -0.29467 -0.02437 0.21894 .27030
53.85 0.88898553892761789 -0.38657 -0.29477 -0.02425 0.21907 .27052
53.90 0.88980047523369521 -0.38631 -0.29487 -0.02413 0.21920 .27074
53.95 0.89061661601258424 -0.38604 -0.29497 -0.02401 0.21933 .27096
54.00 0.89143396621364279 -0.38576 -0.29508 -0.02388 0.21946 .27120
54.05 0.89225253080881717 -0.38549 -0.29518 -0.02376 0.21959 .27142
54.10 0.89307231479278926 -0.38522 -0.29528 -0.02364 0.21972 .27164
54.15 0.89389332318312398 -0.38494 -0.29539 -0.02351 0.21986 .27188
54.20 0.89471556102041949 -0.38466 -0.29549 -0.02338 0.21999 .27211
54.25 0.89553903336845653 -0.38438 -0.29559 -0.02326 0.22013 .27233
54.30 0.89636374531435070 -0.38410 -0.29570 -0.02313 0.22026 .27257
54.35 0.89718970196870451 -0.38381 -0.29580 -0.02300 0.22040 .27280
54.40 0.89801690846576132 -0.38352 -0.29591 -0.02287 0.22053 .27304
54.45 0.89884536996356046 -0.38324 -0.29601 -0.02273 0.22067 .27328
54.50 0.89967509164409376 -0.38295 -0.29612 -0.02260 0.22080 .27352
54.55 0.90050607871346144 -0.38265 -0.29623 -0.02247 0.22094 .27376
54.60 0.90133833640203209 -0.38236 -0.29633 -0.02233 0.22108 .27400
54.65 0.90217186996460219 -0.38207 -0.29644 -0.02220 0.22122 .27424
54.70 0.90300668468055645 -0.38177 -0.29655 -0.02206 0.22136 .27449
54.75 0.90384278585403033 -0.38147 -0.29666 -0.02192 0.22150 .27474
54.80 0.90468017881407381 -0.38117 -0.29676 -0.02178 0.22164 .27498
54.85 0.90551886891481559 -0.38087 -0.29687 -0.02164 0.22178 .27523
54.90 0.90635886153562961 -0.38056 -0.29698 -0.02150 0.22192 .27548
54.95 0.90720016208130172 -0.38025 -0.29709 -0.02136 0.22206 .27573
55.00 0.90804277598219907 -0.37995 -0.29720 -0.02122 0.22220 .27598
55.05 0.90888670869443910 -0.37964 -0.29731 -0.02107 0.22235 .27624
55.10 0.90973196570006132 -0.37932 -0.29742 -0.02093 0.22249 .27649
55.15 0.91057855250719977 -0.37901 -0.29753 -0.02078 0.22264 .27675
55.20 0.91142647465025639 -0.37869 -0.29764 -0.02063 0.22278 .27701
55.25 0.91227573769007742 -0.37838 -0.29775 -0.02048 0.22292 .27727
55.30 0.91312634721412855 -0.37806 -0.29786 -0.02033 0.22307 .27753
55.35 0.91397830883667408 -0.37774 -0.29797 -0.02018 0.22322 .27779
55.40 0.91483162819895569 -0.37741 -0.29808 -0.02003 0.22336 .27805
55.45 0.91568631096937336 -0.37709 -0.29819 -0.01988 0.22351 .27831
55.50 0.91654236284366797 -0.37676 -0.29830 -0.01972 0.22366 .27858
55.55 0.91739978954510426 -0.37643 -0.29842 -0.01957 0.22381 .27885
55.60 0.91825859682465660 -0.37610 -0.29853 -0.01941 0.22395 .27912
55.65 0.91911879046119527 -0.37577 -0.29864 -0.01925 0.22410 .27939
55.70 0.91998037626167417 -0.37543 -0.29875 -0.01909 0.22425 .27966
55.75 0.92084336006132139 -0.37509 -0.29887 -0.01893 0.22440 .27994
55.80 0.92170774772382924 -0.37476 -0.29898 -0.01877 0.22455 .28021
55.85 0.92257354514154721 -0.37442 -0.29909 -0.01861 0.22470 .28048
55.90 0.92344075823567617 -0.37407 -0.29921 -0.01845 0.22486 .28076
55.95 0.92430939295646408 -0.37373 -0.29932 -0.01828 0.22501 .28104
56.00 0.92517945528340284 -0.37338 -0.29944 -0.01812 0.22516 .28132
56.05 0.92605095122542769 -0.37303 -0.29955 -0.01795 0.22531 .28160
56.10 0.92692388682111693 -0.37268 -0.29966 -0.01778 0.22547 .28188
56.15 0.92779826813889443 -0.37233 -0.29978 -0.01761 0.22562 .28217
56.20 0.92867410127723360 -0.37198 -0.29989 -0.01744 0.22577 .28245
56.25 0.92955139236486140 -0.37162 -0.30001 -0.01727 0.22593 .28274
56.30 0.93043014756096676 -0.37127 -0.30012 -0.01710 0.22608 .28302
56.35 0.93131037305540842 -0.37091 -0.30024 -0.01693 0.22624 .28331
56.40 0.93219207506892543 -0.37054 -0.30035 -0.01675 0.22639 .28360
56.45 0.93307525985334883 -0.37018 -0.30047 -0.01658 0.22655 .28389
56.50 0.93395993369181618 -0.36981 -0.30059 -0.01640 0.22670 .28419
56.55 0.93484610289898640 -0.36945 -0.30070 -0.01622 0.22686 .28448
56.60 0.93573377382125700 -0.36908 -0.30082 -0.01604 0.22702 .28478
56.65 0.93662295283698360 -0.36871 -0.30093 -0.01586 0.22718 .28507
56.70 0.93751364635670031 -0.36833 -0.30105 -0.01568 0.22733 .28537
56.75 0.93840586082334254 -0.36796 -0.30117 -0.01550 0.22749 .28567
56.80 0.93929960271247126 -0.36758 -0.30128 -0.01532 0.22765 .28596
56.85 0.94019487853249961 -0.36720 -0.30140 -0.01513 0.22781 .28627
56.90 0.94109169482492094 -0.36682 -0.30152 -0.01494 0.22797 .28658
56.95 0.94199005816453896 -0.36644 -0.30163 -0.01476 0.22813 .28687
57.00 0.94288997515969897 -0.36605 -0.30175 -0.01457 0.22829 .28718
57.05 0.94379145245252305 -0.36567 -0.30187 -0.01438 0.22845 .28749
57.10 0.94469449671914496 -0.36528 -0.30199 -0.01419 0.22861 .28780
57.15 0.94559911466994739 -0.36489 -0.30210 -0.01400 0.22877 .28810
57.20 0.94650531304980356 -0.36449 -0.30222 -0.01380 0.22893 .28842
57.25 0.94741309863831702 -0.36410 -0.30234 -0.01361 0.22909 .28873
57.30 0.94832247825006655 -0.36370 -0.30245 -0.01342 0.22925 .28903
57.35 0.94923345873485143 -0.36330 -0.30257 -0.01322 0.22941 .28935
57.40 0.95014604697793958 -0.36290 -0.30269 -0.01302 0.22957 .28967
57.45 0.95106024990031746 -0.36250 -0.30281 -0.01282 0.22973 .28999
57.50 0.95197607445894206 -0.36210 -0.30292 -0.01262 0.22990 .29030
57.55 0.95289352764699498 -0.36169 -0.30304 -0.01242 0.23006 .29062
57.60 0.95381261649413907 -0.36128 -0.30316 -0.01222 0.23022 .29094
57.65 0.95473334806677612 -0.36087 -0.30328 -0.01202 0.23038 .29126
57.70 0.95565572946830857 -0.36046 -0.30339 -0.01181 0.23055 .29158
57.75 0.95657976783940157 -0.36005 -0.30351 -0.01161 0.23071 .29190
57.80 0.95750547035824851 -0.35963 -0.30363 -0.01140 0.23087 .29223
57.85 0.95843284424083808 -0.35922 -0.30375 -0.01119 0.23104 .29256
57.90 0.95936189674122396 -0.35880 -0.30386 -0.01098 0.23120 .29288
57.95 0.96029263515179708 -0.35837 -0.30398 -0.01077 0.23136 .29321
58.00 0.96122506680355879 -0.35795 -0.30410 -0.01056 0.23153 .29354
58.05 0.96215919906639924 -0.35753 -0.30421 -0.01035 0.23169 .29386
58.10 0.96309503934937468 -0.35710 -0.30433 -0.01013 0.23185 .29420
58.15 0.96403259510098971 -0.35667 -0.30444 -0.00992 0.23202 .29452
58.20 0.96497187380948068 -0.35624 -0.30456 -0.00970 0.23218 .29486
58.25 0.96591288300310196 -0.35581 -0.30468 -0.00949 0.23235 .29519
58.30 0.96685563025041488 -0.35537 -0.30479 -0.00927 0.23251 .29552
58.35 0.96780012316057895 -0.35494 -0.30491 -0.00905 0.23267 .29586
58.40 0.96874636938364433 -0.35450 -0.30502 -0.00883 0.23284 .29619
58.45 0.96969437661085001 -0.35406 -0.30514 -0.00861 0.23300 .29653
58.50 0.97064415257492132 -0.35362 -0.30525 -0.00838 0.23317 .29687
58.55 0.97159570505037196 -0.35318 -0.30537 -0.00816 0.23333 .29721
58.60 0.97254904185380731 -0.35273 -0.30548 -0.00794 0.23349 .29754
58.65 0.97350417084423224 -0.35229 -0.30559 -0.00771 0.23366 .29788
58.70 0.97446109992335961 -0.35184 -0.30571 -0.00748 0.23382 .29823
58.75 0.97541983703592194 -0.35139 -0.30582 -0.00725 0.23398 .29857
58.80 0.97638039016998779 -0.35094 -0.30593 -0.00702 0.23415 .29891
58.85 0.97734276735727810 -0.35048 -0.30604 -0.00679 0.23431 .29925
58.90 0.97830697667348698 -0.35003 -0.30615 -0.00656 0.23427 .29959
58.95 0.97927302623860457 -0.34957 -0.30626 -0.00633 0.23362 .29993
59.00 0.98024092421724396 -0.34911 -0.30637 -0.00610 0.23297 .30027
59.05 0.98121067881896906 -0.34866 -0.30648 -0.00586 0.23231 .30062
59.10 0.98218229829862735 -0.34819 -0.30659 -0.00562 0.23166 .30097
59.15 0.98315579095668360 -0.34773 -0.30670 -0.00539 0.23101 .30131
59.20 0.98413116513955912 -0.34727 -0.30680 -0.00515 0.23035 .30165
59.25 0.98510842923997155 -0.34680 -0.30691 -0.00491 0.22969 .30200
59.30 0.98608759169727866 -0.34634 -0.30701 -0.00467 0.22904 .30234
59.35 0.98706866099782586 -0.34587 -0.30712 -0.00443 0.22838 .30269
59.40 0.98805164567529558 -0.34540 -0.30722 -0.00418 0.22772 .30304
59.45 0.98903655431106108 -0.34493 -0.30732 -0.00394 0.22706 .30338
59.50 0.99002339553454166 -0.34446 -0.30742 -0.00370 0.22640 .30372
59.55 0.99101217802356323 -0.34399 -0.30752 -0.00345 0.22574 .30407
59.60 0.99200291050472111 -0.34352 -0.30762 -0.00320 0.22508 .30442
59.65 0.99299560175374524 -0.34305 -0.30772 -0.00296 0.22442 .30476
59.70 0.99399026059587003 -0.34257 -0.30781 -0.00271 0.22376 .30510
59.75 0.99498689590620693 -0.34210 -0.30791 -0.00246 0.22309 .30545
59.80 0.99598551661012047 -0.34162 -0.30800 -0.00221 0.22243 .30579
59.85 0.99698613168360850 -0.34115 -0.30809 -0.00195 0.22177 .30614
59.90 0.99798875015368327 -0.34067 -0.30818 -0.00170 0.22110 .30648
59.95 0.99899338109875979 -0.34019 -0.30826 -0.00145 0.22044 .30681
60.00 1.0000000336490449 -0.33972 -0.30835 -0.00119 0.21977 .30716
60.05 1.0010087169869311 -0.33924 -0.30843 -0.00094 0.21911 .30749
60.10 1.0020194403473930 -0.33876 -0.30851 -0.00068 0.21844 .30783
60.15 1.0030322130183893 -0.33829 -0.30858 -0.00042 0.21777 .30816
60.20 1.0040470443412663 -0.33781 -0.30866 -0.00016 0.21711 .30850
60.25 1.0050639437111659 -0.33734 -0.30873 0.00010 0.21644 .30883
60.30 1.0060829205774386 -0.33686 -0.30880 0.00036 0.21577 .30916
60.35 1.0071039844440590 -0.33639 -0.30886 0.00062 0.21510 .30948
60.40 1.0081271448700442 -0.33592 -0.30892 0.00088 0.21443 .30980
60.45 1.0091524114698791 -0.33545 -0.30898 0.00114 0.21377 .31012
60.50 1.0101797939139427 -0.33498 -0.30903 0.00141 0.21310 .31044
60.55 1.0112093019289397 -0.33452 -0.30907 0.00167 0.21243 .31074
60.60 1.0122409452983365 -0.33405 -0.30912 0.00194 0.21176 .31106
60.65 1.0132747338627996 -0.33359 -0.30915 0.00220 0.21109 .31135
60.70 1.0143106775206405 -0.33314 -0.30918 0.00247 0.21042 .31165
60.75 1.0153487862282633 -0.33268 -0.30921 0.00274 0.20975 .31195
60.80 1.0163890700006153 -0.33223 -0.30923 0.00301 0.20908 .31224
60.85 1.0174315389116453 -0.33179 -0.30924 0.00328 0.20841 .31252
60.90 1.0184762030947627 -0.33135 -0.30925 0.00355 0.20774 .31280
60.95 1.0195230727433033 -0.33091 -0.30924 0.00382 0.20707 .31306
61.00 1.0205721581109972 -0.33049 -0.30923 0.00409 0.20640 .31332
61.05 1.0216234695124444 -0.33006 -0.30921 0.00437 0.20573 .31358
61.10 1.0226770173235920 -0.32965 -0.30918 0.00464 0.20506 .31382
61.15 1.0237328119822167 -0.32924 -0.30914 0.00492 0.20439 .31406
61.20 1.0247908639884131 -0.32885 -0.30908 0.00519 0.20373 .31427
61.25 1.0258511839050852 -0.32846 -0.30902 0.00547 0.20306 .31449
61.30 1.0269137823584431 -0.32808 -0.30894 0.00574 0.20239 .31468
61.35 1.0279786700385047 -0.32771 -0.30885 0.00602 0.20172 .31487
61.40 1.0290458576996018 -0.32735 -0.30875 0.00630 0.20105 .31505
61.45 1.0301153561608911 -0.32701 -0.30863 0.00657 0.20038 .31520
61.50 1.0311871763068714 -0.32667 -0.30850 0.00685 0.19971 .31535
61.55 1.0322613290879032 -0.32636 -0.30835 0.00713 0.19905 .31548
61.60 1.0333378255207359 -0.32605 -0.30819 0.00741 0.19838 .31560
61.65 1.0344166766890379 -0.32576 -0.30800 0.00769 0.19771 .31569
61.70 1.0354978937439347 -0.32548 -0.30780 0.00797 0.19705 .31577
61.75 1.0365814879045478 -0.32522 -0.30759 0.00826 0.19638 .31585
61.80 1.0376674704585451 -0.32498 -0.30735 0.00854 0.19572 .31589
61.85 1.0387558527626892 -0.32475 -0.30710 0.00882 0.19505 .31592
61.90 1.0398466462433982 -0.32454 -0.30682 0.00910 0.19439 .31592
61.95 1.0409398623973067 -0.32434 -0.30653 0.00938 0.19373 .31591
62.00 1.0420355127918348 -0.32416 -0.30622 0.00967 0.19306 .31589
62.05 1.0431336090657632 -0.32399 -0.30589 0.00995 0.19240 .31584
62.10 1.0442341629298113 -0.32384 -0.30555 0.01023 0.19174 .31578
62.15 1.0453371861672238 -0.32371 -0.30518 0.01052 0.19108 .31570
62.20 1.0464426906343616 -0.32359 -0.30480 0.01080 0.19042 .31560
62.25 1.0475506882612993 -0.32348 -0.30440 0.01109 0.18976 .31549
62.30 1.0486611910524275 -0.32339 -0.30399 0.01137 0.18910 .31536
62.35 1.0497742110870625 -0.32331 -0.30356 0.01166 0.18845 .31522
62.40 1.0508897605200611 -0.32324 -0.30311 0.01194 0.18779 .31505
62.45 1.0520078515824418 -0.32319 -0.30265 0.01223 0.18714 .31488
62.50 1.0531284965820111 -0.32314 -0.30217 0.01251 0.18648 .31468
62.55 1.0542517079039999 -0.32311 -0.30169 0.01279 0.18583 .31448
62.60 1.0553774980117010 -0.32309 -0.30118 0.01308 0.18518 .31426
62.65 1.0565058794471158 -0.32308 -0.30067 0.01336 0.18453 .31403
62.70 1.0576368648316092 -0.32307 -0.30015 0.01365 0.18388 .31380
62.75 1.0587704668665670 -0.32308 -0.29961 0.01393 0.18324 .31354
62.80 1.0599066983340624 -0.32309 -0.29906 0.01422 0.18259 .31328
62.85 1.0610455720975307 -0.32311 -0.29850 0.01450 0.18195 .31300
62.90 1.0621871011024460 -0.32314 -0.29794 0.01478 0.18131 .31272
62.95 1.0633312983770105 -0.32317 -0.29736 0.01507 0.18066 .31243
63.00 1.0644781770328475 -0.32321 -0.29677 0.01535 0.18003 .31212
63.05 1.0656277502657008 -0.32326 -0.29618 0.01563 0.17939 .31181
63.10 1.0667800313561446 -0.32331 -0.29558 0.01591 0.17875 .31149
63.15 1.0679350336702964 -0.32337 -0.29496 0.01619 0.17812 .31115
63.20 1.0690927706605413 -0.32343 -0.29435 0.01647 0.17749 .31082
63.25 1.0702532558662603 -0.32349 -0.29372 0.01675 0.17686 .31047
63.30 1.0714165029145688 -0.32357 -0.29309 0.01703 0.17623 .31012
63.35 1.0725825255210610 -0.32364 -0.29245 0.01731 0.17560 .30976
63.40 1.0737513374905625 -0.32372 -0.29180 0.01759 0.17498 .30939
63.45 1.0749229527178907 -0.32380 -0.29115 0.01787 0.17436 .30902
63.50 1.0760973851886237 -0.32388 -0.29049 0.01814 0.17374 .30863
63.55 1.0772746489798752 -0.32397 -0.28982 0.01842 0.17313 .30824
63.60 1.0784547582610808 -0.32406 -0.28915 0.01869 0.17251 .30784
63.65 1.0796377272947879 -0.32416 -0.28847 0.01896 0.17190 .30743
63.70 1.0808235704374589 -0.32426 -0.28779 0.01923 0.17129 .30702
63.75 1.0820123021402799 -0.32435 -0.28710 0.01950 0.17069 .30660
63.80 1.0832039369499773 -0.32446 -0.28641 0.01977 0.17008 .30618
63.85 1.0843984895096448 -0.32456 -0.28571 0.02004 0.16948 .30575
63.90 1.0855959745595780 -0.32467 -0.28501 0.02031 0.16889 .30532
63.95 1.0867964069381189 -0.32477 -0.28430 0.02057 0.16829 .30487
64.00 1.0879998015825072 -0.32489 -0.28358 0.02083 0.16770 .30441
64.05 1.0892061735297434 -0.32500 -0.28286 0.02109 0.16711 .30395
64.10 1.0904155379174589 -0.32511 -0.28214 0.02135 0.16653 .30349
64.15 1.0916279099847972 -0.32523 -0.28141 0.02161 0.16595 .30302
64.20 1.0928433050732997 -0.32534 -0.28068 0.02186 0.16537 .30254
64.25 1.0940617386278098 -0.32546 -0.27994 0.02212 0.16480 .30206
64.30 1.0952832261973782 -0.32558 -0.27920 0.02237 0.16423 .30157
64.35 1.0965077834361816 -0.32570 -0.27845 0.02262 0.16366 .30107
64.40 1.0977354261044516 -0.32583 -0.27770 0.02286 0.16310 .30056
64.45 1.0989661700694118 -0.32595 -0.27695 0.02311 0.16254 .30006
64.50 1.1002000313062268 -0.32608 -0.27619 0.02335 0.16199 .29954
64.55 1.1014370258989608 -0.32620 -0.27543 0.02359 0.16144 .29902
64.60 1.1026771700415456 -0.32633 -0.27466 0.02382 0.16089 .29848
64.65 1.1039204800387612 -0.32646 -0.27388 0.02406 0.16035 .29794
64.70 1.1051669723072235 -0.32659 -0.27311 0.02429 0.15982 .29740
64.75 1.1064166633763877 -0.32672 -0.27233 0.02451 0.15929 .29684
64.80 1.1076695698895584 -0.32686 -0.27154 0.02474 0.15876 .29628
64.85 1.1089257086049120 -0.32699 -0.27075 0.02496 0.15824 .29571
64.90 1.1101850963965334 -0.32712 -0.26996 0.02517 0.15772 .29513
64.95 1.1114477502554549 -0.32726 -0.26916 0.02539 0.15721 .29455
65.00 1.1127136872907215 -0.32739 -0.26836 0.02560 0.15671 .29396
65.05 1.1139829247304520 -0.32753 -0.26756 0.02581 0.15621 .29337
65.10 1.1152554799229231 -0.32767 -0.26675 0.02601 0.15571 .29276
65.15 1.1165313703376598 -0.32781 -0.26594 0.02621 0.15523 .29215
65.20 1.1178106135665402 -0.32795 -0.26512 0.02640 0.15474 .29152
65.25 1.1190932273249123 -0.32809 -0.26430 0.02659 0.15427 .29089
65.30 1.1203792294527217 -0.32823 -0.26347 0.02678 0.15380 .29025
65.35 1.1216686379156546 -0.32837 -0.26264 0.02696 0.15334 .28960
65.40 1.1229614708062909 -0.32851 -0.26181 0.02713 0.15288 .28894
65.45 1.1242577463452708 -0.32866 -0.26097 0.02731 0.15243 .28828
65.50 1.1255574828824770 -0.32880 -0.26013 0.02747 0.15199 .28760
65.55 1.1268606988982264 -0.32894 -0.25929 0.02763 0.15155 .28692
65.60 1.1281674130044770 -0.32909 -0.25844 0.02779 0.15112 .28623
65.65 1.1294776439460517 -0.32924 -0.25759 0.02794 0.15070 .28553
65.70 1.1307914106018655 -0.32938 -0.25673 0.02809 0.15029 .28482
65.75 1.1321087319861824 -0.32953 -0.25587 0.02823 0.14988 .28410
65.80 1.1334296272498716 -0.32968 -0.25501 0.02836 0.14948 .28337
65.85 1.1347541156816874 -0.32983 -0.25414 0.02849 0.14909 .28263
65.90 1.1360822167095599 -0.32998 -0.25327 0.02861 0.14871 .28188
65.95 1.1374139499019000 -0.33013 -0.25239 0.02873 0.14833 .28112
66.00 1.1387493349689228 -0.33028 -0.25151 0.02884 0.14797 .28035
66.05 1.1400883917639824 -0.33043 -0.25063 0.02894 0.14761 .27957
66.10 1.1414311402849235 -0.33058 -0.24974 0.02903 0.14726 .27877
66.15 1.1427776006754504 -0.33073 -0.24885 0.02912 0.14692 .27797
66.20 1.1441277932265064 -0.33088 -0.24795 0.02921 0.14659 .27716
66.25 1.1454817383776770 -0.33104 -0.24705 0.02928 0.14627 .27633
66.30 1.1468394567186027 -0.33119 -0.24615 0.02935 0.14596 .27550
66.35 1.1482009689904107 -0.33135 -0.24524 0.02941 0.14566 .27465
66.40 1.1495662960871658 -0.33150 -0.24433 0.02946 0.14537 .27379
66.45 1.1509354590573304 -0.33166 -0.24341 0.02951 0.14509 .27292
66.50 1.1523084791052536 -0.33182 -0.24249 0.02954 0.14482 .27203
66.55 1.1536853775926659 -0.33197 -0.24157 0.02957 0.14456 .27114
66.60 1.1550661760401986 -0.33213 -0.24064 0.02959 0.14431 .27023
66.65 1.1564508961289190 -0.33229 -0.23971 0.02961 0.14406 .26932
66.70 1.1578395597018831 -0.33245 -0.23877 0.02961 0.14384 .26838
66.75 1.1592321887657087 -0.33261 -0.23783 0.02961 0.14362 .26744
66.80 1.1606288054921641 -0.33277 -0.23689 0.02959 0.14341 .26648
66.85 1.1620294322197784 -0.33293 -0.23594 0.02957 0.14321 .26551
66.90 1.1634340914554704 -0.33309 -0.23499 0.02954 0.14303 .26453
66.95 1.1648428058761942 -0.33325 -0.23404 0.02950 0.14286 .26354
67.00 1.1662555983306084 -0.33342 -0.23308 0.02945 0.14269 .26253
67.05 1.1676724918407646 -0.33358 -0.23211 0.02939 0.14254 .26150
67.10 1.1690935096038124 -0.33374 -0.23114 0.02932 0.14241 .26046
67.15 1.1705186749937306 -0.33391 -0.23017 0.02925 0.14228 .25942
67.20 1.1719480115630720 -0.33407 -0.22920 0.02916 0.14216 .25836
67.25 1.1733815430447392 -0.33424 -0.22822 0.02906 0.14206 .25728
67.30 1.1748192933537724 -0.33441 -0.22723 0.02896 0.14197 .25619
67.35 1.1762612865891637 -0.33458 -0.22624 0.02884 0.14190 .25508
67.40 1.1777075470356930 -0.33474 -0.22525 0.02871 0.14183 .25396
67.45 1.1791580991657851 -0.33491 -0.22425 0.02858 0.14178 .25283
67.50 1.1806129676413906 -0.33508 -0.22325 0.02843 0.14174 .25168
67.55 1.1820721773158904 -0.33525 -0.22225 0.02828 0.14171 .25053
67.60 1.1835357532360211 -0.33543 -0.22124 0.02811 0.14170 .24935
67.65 1.1850037206438264 -0.33560 -0.22022 0.02793 0.14170 .24815
67.70 1.1864761049786312 -0.33577 -0.21921 0.02774 0.14171 .24695
67.75 1.1879529318790409 -0.33595 -0.21818 0.02755 0.14174 .24573
67.80 1.1894342271849665 -0.33612 -0.21716 0.02734 0.14178 .24450
67.85 1.1909200169396705 -0.33630 -0.21613 0.02712 0.14183 .24325
67.90 1.1924103273918456 -0.33647 -0.21509 0.02689 0.14190 .24198
67.95 1.1939051849977087 -0.33665 -0.21405 0.02665 0.14197 .24070
68.00 1.1954046164231349 -0.33683 -0.21301 0.02640 0.14207 .23941
68.05 1.1969086485458049 -0.33701 -0.21196 0.02614 0.14217 .23810
68.10 1.1984173084573870 -0.33719 -0.21091 0.02587 0.14229 .23678
68.15 1.1999306234657463 -0.33737 -0.20985 0.02559 0.14242 .23544
68.20 1.2014486210971758 -0.33755 -0.20879 0.02530 0.14257 .23409
68.25 1.2029713290986654 -0.33774 -0.20772 0.02500 0.14273 .23272
68.30 1.2044987754401906 -0.33792 -0.20665 0.02468 0.14290 .23133
68.35 1.2060309883170346 -0.33811 -0.20558 0.02436 0.14309 .22994
68.40 1.2075679961521408 -0.33830 -0.20450 0.02403 0.14329 .22853
68.45 1.2091098275984908 -0.33849 -0.20342 0.02368 0.14351 .22710
68.50 1.2106565115415191 -0.33868 -0.20233 0.02333 0.14373 .22566
68.55 1.2122080771015531 -0.33887 -0.20123 0.02297 0.14398 .22420
68.60 1.2137645536362878 -0.33906 -0.20014 0.02259 0.14423 .22273
68.65 1.2153259707432924 -0.33926 -0.19903 0.02221 0.14450 .22124
68.70 1.2168923582625433 -0.33945 -0.19793 0.02181 0.14478 .21974
68.75 1.2184637462790018 -0.33965 -0.19681 0.02140 0.14508 .21821
68.80 1.2200401651252133 -0.33985 -0.19570 0.02099 0.14539 .21669
68.85 1.2216216453839461 -0.34005 -0.19458 0.02056 0.14572 .21514
68.90 1.2232082178908650 -0.34026 -0.19345 0.02013 0.14606 .21358
68.95 1.2247999137372361 -0.34046 -0.19232 0.01968 0.14641 .21200
69.00 1.2263967642726714 -0.34067 -0.19118 0.01922 0.14678 .21040
69.05 1.2279988011079066 -0.34088 -0.19004 0.01876 0.14716 .20880
69.10 1.2296060561176163 -0.34109 -0.18889 0.01828 0.14756 .20717
69.15 1.2312185614432660 -0.34130 -0.18774 0.01779 0.14797 .20553
69.20 1.2328363494960013 -0.34152 -0.18658 0.01729 0.14839 .20387
69.25 1.2344594529595776 -0.34174 -0.18542 0.01679 0.14883 .20221
69.30 1.2360879047933260 -0.34196 -0.18425 0.01627 0.14929 .20052
69.35 1.2377217382351597 -0.34219 -0.18308 0.01574 0.14976 .19882
69.40 1.2393609868046243 -0.34241 -0.18190 0.01520 0.15024 .19710
69.45 1.2410056843059762 -0.34265 -0.18072 0.01465 0.15074 .19537
69.50 1.2426558648313226 -0.34288 -0.17953 0.01409 0.15126 .19362
69.55 1.2443115627637849 -0.34312 -0.17833 0.01353 0.15179 .19186
69.60 1.2459728127807141 -0.34336 -0.17713 0.01295 0.15234 .19008
69.65 1.2476396498569498 -0.34361 -0.17592 0.01235 0.15291 .18827
69.70 1.2493121092681172 -0.34386 -0.17471 0.01175 0.15349 .18646
69.75 1.2509902265939778 -0.34411 -0.17348 0.01114 0.15409 .18462
69.80 1.2526740377218175 -0.34437 -0.17226 0.01052 0.15471 .18278
69.85 1.2543635788498853 -0.34464 -0.17102 0.00988 0.15534 .18090
69.90 1.2560588864908790 -0.34491 -0.16978 0.00924 0.15600 .17902
69.95 1.2577599974754754 -0.34519 -0.16853 0.00858 0.15668 .17711
70.00 1.2594669489559134 -0.34548 -0.16727 0.00791 0.15738 .17518
70.05 1.2611797784096244 -0.34577 -0.16601 0.00722 0.15711 .17323
70.10 1.2628985236429111 -0.34607 -0.16473 0.00653 0.15587 .17126
70.15 1.2646232227946819 -0.34638 -0.16345 0.00582 0.15463 .16927
70.20 1.2663539143402289 -0.34670 -0.16216 0.00509 0.15339 .16725
70.25 1.2680906370950717 -0.34703 -0.16086 0.00436 0.15215 .16522
70.30 1.2698334302188394 -0.34737 -0.15954 0.00360 0.15092 .16314
70.35 1.2715823332192195 -0.34772 -0.15822 0.00283 0.14968 .16105
70.40 1.2733373859559551 -0.34809 -0.15688 0.00205 0.14845 .15893
70.45 1.2750986286448989 -0.34847 -0.15553 0.00124 0.14723 .15677
70.50 1.2768661018621295 -0.34887 -0.15417 0.00042 0.14601 .15459
70.55 1.2786398465481190 -0.40316 -0.11110 0.01294 0.09553 .12404
70.60 1.2804199040119650 -0.40393 -0.11100 0.01354 0.09461 .12454
70.65 1.2822063159356787 -0.40470 -0.11092 0.01412 0.09373 .12504
70.70 1.2839991243785358 -0.40547 -0.11085 0.01467 0.09289 .12552
70.75 1.2857983717814927 -0.40625 -0.11080 0.01518 0.09211 .12598
70.80 1.2876041009716590 -0.40702 -0.11076 0.01566 0.09137 .12642
70.85 1.2894163551668398 -0.40778 -0.11074 0.01610 0.09068 .12684
70.90 1.2912351779801445 -0.40855 -0.11073 0.01651 0.09004 .12724
70.95 1.2930606134246510 -0.40932 -0.11074 0.01687 0.08946 .12761
71.00 1.2948927059181552 -0.41009 -0.11076 0.01719 0.08894 .12795
71.05 1.2967315002879742 -0.41085 -0.11080 0.01747 0.08847 .12827
71.10 1.2985770417758264 -0.41162 -0.11085 0.01770 0.08806 .12855
71.15 1.3004293760427814 -0.41238 -0.11092 0.01788 0.08772 .12880
71.20 1.3022885491742811 -0.41314 -0.11100 0.01802 0.08743 .12902
71.25 1.3041546076852373 -0.41390 -0.11110 0.01810 0.08721 .12920
71.30 1.3060275985252012 -0.41466 -0.11120 0.01814 0.08706 .12934
71.35 1.3079075690836115 -0.41542 -0.11133 0.01812 0.08697 .12945
71.40 1.3097945671951174 -0.41617 -0.11146 0.01805 0.08694 .12951
71.45 1.3116886411449822 -0.41693 -0.11161 0.01793 0.08698 .12954
71.50 1.3135898396745678 -0.41768 -0.11177 0.01775 0.08708 .12952
71.55 1.3154982119869003 -0.41844 -0.11194 0.01753 0.08724 .12947
71.60 1.3174138077523165 -0.41919 -0.11212 0.01725 0.08747 .12937
71.65 1.3193366771142014 -0.41994 -0.11232 0.01693 0.08775 .12925
71.70 1.3212668706947988 -0.42069 -0.11253 0.01656 0.08810 .12909
71.75 1.3232044396011293 -0.42144 -0.11275 0.01614 0.08850 .12889
71.80 1.3251494354309783 -0.42219 -0.11298 0.01568 0.08896 .12866
71.85 1.3271019102789854 -0.42294 -0.11322 0.01518 0.08947 .12840
71.90 1.3290619167428244 -0.42369 -0.11347 0.01463 0.09004 .12810
71.95 1.3310295079294747 -0.42443 -0.11373 0.01405 0.09065 .12778
72.00 1.3330047374615932 -0.42518 -0.11400 0.01343 0.09131 .12743
72.05 1.3349876594839796 -0.42593 -0.11428 0.01277 0.09202 .12705
72.10 1.3369783286701415 -0.42667 -0.11457 0.01209 0.09277 .12666
72.15 1.3389768002289641 -0.42742 -0.11487 0.01137 0.09356 .12624
72.20 1.3409831299114769 -0.42816 -0.11518 0.01062 0.09439 .12580
72.25 1.3429973740177321 -0.42891 -0.11550 0.00985 0.09526 .12535
72.30 1.3450195894037844 -0.42965 -0.11583 0.00905 0.09616 .12488
72.35 1.3470498334887806 -0.43039 -0.11616 0.00822 0.09710 .12438
72.40 1.3490881642621655 -0.43114 -0.11650 0.00738 0.09806 .12388
72.45 1.3511346402909867 -0.43188 -0.11685 0.00651 0.09906 .12336
72.50 1.3531893207273342 -0.43263 -0.11721 0.00563 0.10009 .12284
72.55 1.3552522653158787 -0.43337 -0.11757 0.00472 0.10114 .12229
72.60 1.3573235344015393 -0.43412 -0.11794 0.00380 0.10222 .12174
72.65 1.3594031889372702 -0.43487 -0.11832 0.00287 0.10332 .12119
72.70 1.3614912904919696 -0.43561 -0.11871 0.00192 0.10444 .12063
72.75 1.3635879012585173 -0.43636 -0.11910 0.00096 0.10559 .12006
72.80 1.3656930840619386 -0.43711 -0.11950 -0.00001 0.10676 .11949
72.85 1.3678069023677004 -0.43786 -0.11990 -0.00099 0.10795 .11891
72.90 1.3699294202901398 -0.43860 -0.12031 -0.00199 0.10915 .11832
72.95 1.3720607026010270 -0.43936 -0.12073 -0.00299 0.11037 .11774
73.00 1.3742008147382716 -0.44011 -0.12115 -0.00400 0.11161 .11715
73.05 1.3763498228147655 -0.44086 -0.12157 -0.00502 0.11287 .11655
73.10 1.3785077936273700 -0.44161 -0.12201 -0.00605 0.11414 .11596
73.15 1.3806747946660543 -0.44237 -0.12244 -0.00708 0.11543 .11536
73.20 1.3828508941231716 -0.44312 -0.12289 -0.00812 0.11673 .11477
73.25 1.3850361609029067 -0.44388 -0.12333 -0.00916 0.11804 .11417
73.30 1.3872306646308596 -0.44464 -0.12378 -0.01021 0.11937 .11357
73.35 1.3894344756637986 -0.44540 -0.12424 -0.01127 0.12071 .11297
73.40 1.3916476650995724 -0.44616 -0.12470 -0.01232 0.12206 .11238
73.45 1.3938703047871841 -0.44692 -0.12516 -0.01338 0.12342 .11178
73.50 1.3961024673370386 -0.44769 -0.12563 -0.01445 0.12479 .11118
73.55 1.3983442261313550 -0.44845 -0.12610 -0.01551 0.12617 .11059
73.60 1.4005956553347587 -0.44922 -0.12658 -0.01658 0.12757 .11000
73.65 1.4028568299050477 -0.44999 -0.12706 -0.01765 0.12897 .10941
73.70 1.4051278256041408 -0.45076 -0.12754 -0.01872 0.13038 .10882
73.75 1.4074087190092159 -0.45154 -0.12803 -0.01979 0.13180 .10824
73.80 1.4096995875240308 -0.45231 -0.12852 -0.02087 0.13323 .10765
73.85 1.4120005093904389 -0.45309 -0.12901 -0.02194 0.13467 .10707
73.90 1.4143115637001062 -0.45387 -0.12950 -0.02302 0.13612 .10648
73.95 1.4166328304064160 -0.45466 -0.13000 -0.02409 0.13757 .10591
74.00 1.4189643903365978 -0.45544 -0.13050 -0.02517 0.13903 .10533
74.05 1.4213063252040461 -0.45623 -0.13101 -0.02625 0.14050 .10476
74.10 1.4236587176208633 -0.45702 -0.13151 -0.02732 0.14198 .10419
74.15 1.4260216511106174 -0.45781 -0.13202 -0.02840 0.14346 .10362
74.20 1.4283952101213191 -0.45860 -0.13254 -0.02947 0.14495 .10307
74.25 1.4307794800386300 -0.45940 -0.13305 -0.03055 0.14644 .10250
74.30 1.4331745471992983 -0.46020 -0.13356 -0.03162 0.14795 .10194
74.35 1.4355804989048313 -0.46100 -0.13408 -0.03269 0.14945 .10139
74.40 1.4379974234354114 -0.46181 -0.13460 -0.03376 0.15097 .10084
74.45 1.4404254100640508 -0.46262 -0.13512 -0.03483 0.15249 .10029
74.50 1.4428645490710084 -0.46343 -0.13565 -0.03590 0.15401 .09975
74.55 1.4453149317584530 -0.46424 -0.13617 -0.03696 0.15555 .09921
74.60 1.4477766504653917 -0.46506 -0.13670 -0.03803 0.15708 .09867
74.65 1.4502497985828720 -0.46588 -0.13723 -0.03909 0.15862 .09814
74.70 1.4527344705694387 -0.46670 -0.13776 -0.04015 0.16017 .09761
74.75 1.4552307619668963 -0.46753 -0.13829 -0.04121 0.16172 .09708
74.80 1.4577387694163313 -0.46835 -0.13882 -0.04226 0.16328 .09656
74.85 1.4602585906744392 -0.46919 -0.13936 -0.04332 0.16484 .09604
74.90 1.4627903246301464 -0.47002 -0.13989 -0.04437 0.16641 .09552
74.95 1.4653340713215299 -0.47086 -0.14043 -0.04542 0.16798 .09501
75.00 1.4678899319530556 -0.47170 -0.14097 -0.04646 0.16956 .09451
75.05 1.4704580089131281 -0.47255 -0.14150 -0.04751 0.17114 .09399
75.10 1.4730384057919645 -0.47340 -0.14204 -0.04855 0.17272 .09349
75.15 1.4756312273998002 -0.47425 -0.14258 -0.04958 0.17431 .09300
75.20 1.4782365797854315 -0.47511 -0.14312 -0.05062 0.17590 .09250
75.25 1.4808545702551064 -0.47597 -0.14366 -0.05165 0.17750 .09201
75.30 1.4834853073917655 -0.47683 -0.14420 -0.05268 0.17910 .09152
75.35 1.4861289010746450 -0.47770 -0.14475 -0.05370 0.18071 .09105
75.40 1.4887854624992518 -0.47857 -0.14529 -0.05472 0.18231 .09057
75.45 1.4914551041977033 -0.47944 -0.14583 -0.05574 0.18393 .09009
75.50 1.4941379400594756 -0.48032 -0.14637 -0.05675 0.18554 .08962
75.55 1.4968340853525235 -0.48120 -0.14691 -0.05776 0.18716 .08915
75.60 1.4995436567448153 -0.48209 -0.14746 -0.05877 0.18879 .08869
75.65 1.5022667723262797 -0.48298 -0.14800 -0.05978 0.19041 .08822
75.70 1.5050035516311675 -0.48388 -0.14854 -0.06078 0.19205 .08776
75.75 1.5077541156608558 -0.48477 -0.14909 -0.06177 0.19368 .08732
75.80 1.5105185869070827 -0.48568 -0.14963 -0.06276 0.19532 .08687
75.85 1.5132970893756394 -0.48658 -0.15017 -0.06375 0.19696 .08642
75.90 1.5160897486105220 -0.48749 -0.15071 -0.06474 0.19860 .08597
75.95 1.5188966917185549 -0.48841 -0.15125 -0.06572 0.20025 .08553
76.00 1.5217180473945009 -0.48933 -0.15180 -0.06669 0.20190 .08511
76.05 1.5245539459466628 -0.49025 -0.15234 -0.06767 0.20355 .08467
76.10 1.5274045193229899 -0.49118 -0.15288 -0.06863 0.20521 .08425
76.15 1.5302699011377114 -0.49211 -0.15342 -0.06960 0.20687 .08382
76.20 1.5331502266984804 -0.49305 -0.15395 -0.07056 0.20853 .08339
76.25 1.5360456330340897 -0.49399 -0.15449 -0.07151 0.21020 .08298
76.30 1.5389562589227139 -0.49494 -0.15503 -0.07246 0.21187 .08257
76.35 1.5418822449207401 -0.49589 -0.15557 -0.07341 0.21354 .08216
76.40 1.5448237333921728 -0.49684 -0.15610 -0.07435 0.21522 .08175
76.45 1.5477808685386352 -0.49780 -0.15664 -0.07529 0.21690 .08135
76.50 1.5507537964299845 -0.49877 -0.15717 -0.07622 0.21858 .08095
76.55 1.5537426650355510 -0.49973 -0.15770 -0.07715 0.22026 .08055
76.60 1.5567476242560161 -0.50071 -0.15823 -0.07807 0.22195 .08016
76.65 1.5597688259559499 -0.50169 -0.15876 -0.07899 0.22364 .07977
76.70 1.5628064239970156 -0.50267 -0.15929 -0.07991 0.22533 .07938
76.75 1.5658605742718710 -0.50366 -0.15982 -0.08082 0.22703 .07900
76.80 1.5689314347387666 -0.50465 -0.16034 -0.08172 0.22873 .07862
76.85 1.5720191654568727 -0.50565 -0.16087 -0.08262 0.23043 .07825
76.90 1.5751239286223491 -0.50665 -0.16139 -0.08351 0.23213 .07788
76.95 1.5782458886051585 -0.50766 -0.16191 -0.08440 0.23384 .07751
77.00 1.5813852119866876 -0.50867 -0.16243 -0.08529 0.23555 .07714
77.05 1.5845420675981361 -0.50969 -0.16295 -0.08617 0.23726 .07678
77.10 1.5877166265597418 -0.51071 -0.16347 -0.08704 0.23898 .07643
77.15 1.5909090623208391 -0.51173 -0.16398 -0.08791 0.24070 .07607
77.20 1.5941195507007735 -0.51277 -0.16449 -0.08878 0.24242 .07571
77.25 1.5973482699307082 -0.51380 -0.16500 -0.08964 0.24414 .07536
77.30 1.6005954006963241 -0.51484 -0.16551 -0.09049 0.24587 .07502
77.35 1.6038611261814530 -0.51589 -0.16602 -0.09134 0.24760 .07468
77.40 1.6071456321126634 -0.51694 -0.16652 -0.09218 0.24934 .07434
77.45 1.6104491068048148 -0.51800 -0.16703 -0.09302 0.25107 .07401
77.50 1.6137717412076256 -0.51906 -0.16753 -0.09386 0.25281 .07367
77.55 1.6171137289532584 -0.52013 -0.16803 -0.09468 0.25455 .07335
77.60 1.6204752664049629 -0.52120 -0.16852 -0.09551 0.25630 .07301
77.65 1.6238565527068056 -0.52228 -0.16902 -0.09633 0.25805 .07269
77.70 1.6272577898344955 -0.52336 -0.16951 -0.09714 0.25980 .07237
77.75 1.6306791826473761 -0.52445 -0.17000 -0.09794 0.26156 .07206
77.80 1.6341209389415596 -0.52554 -0.17048 -0.09875 0.26331 .07173
77.85 1.6375832695042820 -0.52664 -0.17097 -0.09954 0.26507 .07143
77.90 1.6410663881694845 -0.52774 -0.17145 -0.10033 0.26684 .07112
77.95 1.6445705118746621 -0.52885 -0.17193 -0.10112 0.26861 .07081
78.00 1.6480958607190197 -0.52996 -0.17241 -0.10190 0.27038 .07051
78.05 1.6516426580229577 -0.53108 -0.17288 -0.10267 0.27215 .07021
78.10 1.6552111303889363 -0.53220 -0.17335 -0.10344 0.27393 .06991
78.15 1.6588015077637484 -0.53333 -0.17382 -0.10420 0.27571 .06962
78.20 1.6624140235022404 -0.53446 -0.17429 -0.10496 0.27750 .06933
78.25 1.6660489144325314 -0.53560 -0.17475 -0.10572 0.27929 .06903
78.30 1.6697064209227548 -0.53674 -0.17521 -0.10646 0.28108 .06875
78.35 1.6733867869493753 -0.53789 -0.17567 -0.10720 0.28287 .06847
78.40 1.6770902601671336 -0.53904 -0.17612 -0.10794 0.28467 .06818
78.45 1.6808170919806322 -0.54020 -0.17657 -0.10867 0.28648 .06790
78.50 1.6845675376176648 -0.54136 -0.17702 -0.10940 0.28828 .06762
78.55 1.6883418562042736 -0.54253 -0.17747 -0.11012 0.29010 .06735
78.60 1.6921403108416329 -0.54370 -0.17791 -0.11083 0.29191 .06708
78.65 1.6959631686847902 -0.54488 -0.17835 -0.11154 0.29373 .06681
78.70 1.6998107010233166 -0.54606 -0.17879 -0.11224 0.29555 .06655
78.75 1.7036831833639368 -0.54725 -0.17922 -0.11294 0.29738 .06628
78.80 1.7075808955151763 -0.54844 -0.17965 -0.11363 0.29921 .06602
78.85 1.7115041216740989 -0.54964 -0.18008 -0.11432 0.30105 .06576
78.90 1.7154531505151902 -0.55084 -0.18050 -0.11500 0.30289 .06550
78.95 1.7194282752814485 -0.55205 -0.18092 -0.11568 0.30474 .06524
79.00 1.7234297938777567 -0.55326 -0.18134 -0.11635 0.30659 .06499
79.05 1.7274580089665905 -0.55447 -0.18175 -0.11701 0.30844 .06474
79.10 1.7315132280661407 -0.55569 -0.18216 -0.11767 0.31030 .06449
79.15 1.7355957636509258 -0.55692 -0.18257 -0.11832 0.31217 .06425
79.20 1.7397059332549434 -0.55815 -0.18297 -0.11897 0.31404 .06400
79.25 1.7438440595774944 -0.55938 -0.18338 -0.11962 0.31591 .06376
79.30 1.7480104705916841 -0.56062 -0.18377 -0.12025 0.31779 .06352
79.35 1.7522054996557488 -0.56186 -0.18417 -0.12089 0.31968 .06328
79.40 1.7564294856272575 -0.56311 -0.18456 -0.12151 0.32157 .06305
79.45 1.7606827729802852 -0.56436 -0.18494 -0.12214 0.32346 .06280
79.50 1.7649657119256603 -0.56562 -0.18533 -0.12275 0.32537 .06258
79.55 1.7692786585343654 -0.56688 -0.18571 -0.12336 0.32727 .06235
79.60 1.7736219748641979 -0.56814 -0.18608 -0.12397 0.32919 .06211
79.65 1.7779960290897987 -0.56941 -0.18646 -0.12457 0.33111 .06189
79.70 1.7824011956361372 -0.57068 -0.18683 -0.12517 0.33303 .06166
79.75 1.7868378553155890 -0.57196 -0.18719 -0.12576 0.33496 .06143
79.80 1.7913063954686912 -0.57324 -0.18755 -0.12634 0.33690 .06121
79.85 1.7958072101087128 -0.57453 -0.18791 -0.12692 0.33885 .06099
79.90 1.8003407000701643 -0.57582 -0.18827 -0.12750 0.34080 .06077
79.95 1.8049072731613405 -0.57711 -0.18862 -0.12806 0.34276 .06056
80.00 1.8095073443210954 -0.57841 -0.18897 -0.12863 0.34472 .06034
80.05 1.8141413357799034 -0.57971 -0.18931 -0.12919 0.34669 .06012
80.10 1.8188096772254154 -0.58101 -0.18965 -0.12974 0.34867 .05991
80.15 1.8235128059726211 -0.58232 -0.18999 -0.13029 0.35065 .05970
80.20 1.8282511671387802 -0.58363 -0.19032 -0.13084 0.35265 .05948
80.25 1.8330252138232914 -0.58495 -0.19065 -0.13138 0.35465 .05927
80.30 1.8378354072926408 -0.58627 -0.19098 -0.13191 0.35666 .05907
80.35 1.8426822171706256 -0.58759 -0.19130 -0.13244 0.35867 .05886
80.40 1.8475661216340147 -0.58892 -0.19162 -0.13296 0.36069 .05866
80.45 1.8524876076138348 -0.59025 -0.19193 -0.13348 0.36272 .05845
80.50 1.8574471710024862 -0.59158 -0.19224 -0.13400 0.36476 .05824
80.55 1.8624453168668675 -0.59292 -0.19255 -0.13451 0.36681 .05804
80.60 1.8674825596677291 -0.59426 -0.19285 -0.13501 0.36887 .05784
80.65 1.8725594234854832 -0.59560 -0.19315 -0.13551 0.37093 .05764
80.70 1.8776764422526515 -0.59694 -0.19345 -0.13601 0.37300 .05744
80.75 1.8828341599932619 -0.59829 -0.19374 -0.13650 0.37509 .05724
80.80 1.8880331310693452 -0.59964 -0.19403 -0.13699 0.37718 .05704
80.85 1.8932739204348596 -0.60100 -0.19432 -0.13747 0.37928 .05685
80.90 1.8985571038972699 -0.60236 -0.19460 -0.13794 0.38138 .05666
80.95 1.9038832683870603 -0.60372 -0.19487 -0.13842 0.38350 .05645
81.00 1.9092530122354845 -0.60508 -0.19515 -0.13888 0.38563 .05627
81.05 1.9146669454608252 -0.60645 -0.19542 -0.13935 0.38777 .05607
81.10 1.9201256900634951 -0.60782 -0.19568 -0.13981 0.38992 .05587
81.15 1.9256298803302931 -0.60919 -0.19595 -0.14026 0.39207 .05569
81.20 1.9311801631481520 -0.61056 -0.19620 -0.14071 0.39424 .05549
81.25 1.9367771983277440 -0.61194 -0.19646 -0.14116 0.39642 .05530
81.30 1.9424216589372902 -0.61332 -0.19671 -0.14160 0.39861 .05511
81.35 1.9481142316469726 -0.61470 -0.19696 -0.14203 0.40080 .05493
81.40 1.9538556170843520 -0.61608 -0.19720 -0.14247 0.40301 .05473
81.45 1.9596465302011721 -0.61747 -0.19744 -0.14289 0.40523 .05455
81.50 1.9654877006520655 -0.61885 -0.19768 -0.14332 0.40747 .05436
81.55 1.9713798731855150 -0.62024 -0.19791 -0.14374 0.40971 .05417
81.60 1.9773238080476301 -0.62164 -0.19814 -0.14415 0.41196 .05399
81.65 1.9833202813991822 -0.62303 -0.19836 -0.14456 0.41423 .05380
81.70 1.9893700857464571 -0.62443 -0.19858 -0.14497 0.41651 .05361
81.75 1.9954740303864316 -0.62583 -0.19880 -0.14537 0.41880 .05343
81.80 2.0016329418668652 -0.62723 -0.19901 -0.14577 0.42110 .05324
81.85 2.0078476644618948 -0.62863 -0.19922 -0.14617 0.42341 .05305
81.90 2.0141190606637487 -0.63003 -0.19943 -0.14656 0.42574 .05287
81.95 2.0204480116912382 -0.63144 -0.19963 -0.14694 0.42808 .05269
82.00 2.0268354180156947 -0.63284 -0.19983 -0.14733 0.43043 .05250
82.05 2.0332821999050843 -0.63425 -0.20003 -0.14771 0.43280 .05232
82.10 2.0397892979870225 -0.63566 -0.20022 -0.14808 0.43518 .05214
82.15 2.0463576738314897 -0.63707 -0.20041 -0.14845 0.43757 .05196
82.20 2.0529883105540567 -0.63848 -0.20059 -0.14882 0.43998 .05177
82.25 2.0596822134404817 -0.63990 -0.20077 -0.14918 0.44240 .05159
82.30 2.0664404105935832 -0.64131 -0.20095 -0.14954 0.44483 .05141
82.35 2.0732639536033268 -0.64273 -0.20112 -0.14990 0.44728 .05122
82.40 2.0801539182411148 -0.64415 -0.20129 -0.15025 0.44974 .05104
82.45 2.0871114051793418 -0.64556 -0.20146 -0.15060 0.45222 .05086
82.50 2.0941375407372735 -0.64698 -0.20162 -0.15095 0.45471 .05067
82.55 2.1012334776544206 -0.64840 -0.20178 -0.15129 0.45721 .05049
82.60 2.1084003958926107 -0.64983 -0.20194 -0.15163 0.45974 .05031
82.65 2.1156395034680107 -0.65125 -0.20209 -0.15196 0.46227 .05013
82.70 2.1229520373144530 -0.65267 -0.20224 -0.15229 0.46483 .04995
82.75 2.1303392641794385 -0.65409 -0.20238 -0.15262 0.46740 .04976
82.80 2.1378024815543255 -0.65552 -0.20252 -0.15294 0.46998 .04958
82.85 2.1453430186402151 -0.65694 -0.20266 -0.15326 0.47258 .04940
82.90 2.1529622373511956 -0.65837 -0.20279 -0.15358 0.47520 .04921
82.95 2.1606615333566506 -0.65980 -0.20292 -0.15389 0.47783 .04903
83.00 2.1684423371644423 -0.66122 -0.20305 -0.15420 0.48048 .04885
83.05 2.1763061152468834 -0.66265 -0.20317 -0.15451 0.48315 .04866
83.10 2.1842543712115088 -0.66408 -0.20329 -0.15481 0.48584 .04848
83.15 2.1922886470187501 -0.66550 -0.20341 -0.15512 0.48854 .04829
83.20 2.2004105242487957 -0.66693 -0.20352 -0.15541 0.49126 .04811
83.25 2.2086216254199424 -0.66836 -0.20363 -0.15571 0.49400 .04792
83.30 2.2169236153609786 -0.66979 -0.20374 -0.15600 0.49676 .04774
83.35 2.2253182026402079 -0.67122 -0.20384 -0.15629 0.49953 .04755
83.40 2.2338071410539140 -0.67265 -0.20394 -0.15657 0.50233 .04737
83.45 2.2423922311771953 -0.67407 -0.20404 -0.15685 0.50514 .04719
83.50 2.2510753219802888 -0.67550 -0.20413 -0.15713 0.50797 .04700
83.55 2.2598583125136917 -0.67693 -0.20422 -0.15741 0.51082 .04681
83.60 2.2687431536655347 -0.67836 -0.20430 -0.15768 0.51370 .04662
83.65 2.2777318499949293 -0.67979 -0.20439 -0.15795 0.51659 .04644
83.70 2.2868264616451803 -0.68121 -0.20447 -0.15822 0.51950 .04625
83.75 2.2960291063410230 -0.68264 -0.20454 -0.15848 0.52243 .04606
83.80 2.3053419614742690 -0.68407 -0.20461 -0.15874 0.52538 .04587
83.85 2.3147672662825332 -0.68549 -0.20468 -0.15900 0.52836 .04568
83.90 2.3243073241259733 -0.68692 -0.20475 -0.15926 0.53135 .04549
83.95 2.3339645048673359 -0.68834 -0.20481 -0.15951 0.53437 .04530
84.00 2.3437412473608381 -0.68977 -0.20487 -0.15976 0.53741 .04511
84.05 2.3536400620558657 -0.69119 -0.20493 -0.16001 0.54047 .04492
84.10 2.3636635337217689 -0.69262 -0.20498 -0.16025 0.54355 .04473
84.15 2.3738143243004877 -0.69404 -0.20503 -0.16050 0.54666 .04453
84.20 2.3840951758941467 -0.69546 -0.20508 -0.16074 0.54979 .04434
84.25 2.3945089138952178 -0.69688 -0.20512 -0.16097 0.55294 .04415
84.30 2.4050584502674064 -0.69830 -0.20516 -0.16121 0.55611 .04395
84.35 2.4157467869858533 -0.69972 -0.20520 -0.16144 0.55931 .04376
84.40 2.4265770196459231 -0.70114 -0.20523 -0.16167 0.56254 .04356
84.45 2.4375523412504077 -0.70256 -0.20526 -0.16190 0.56579 .04336
84.50 2.4486760461856742 -0.70397 -0.20529 -0.16212 0.56906 .04317
84.55 2.4599515343979936 -0.70539 -0.20531 -0.16235 0.57236 .04296
84.60 2.4713823157820722 -0.70680 -0.20533 -0.16257 0.57568 .04276
84.65 2.4829720147946408 -0.70821 -0.20535 -0.16279 0.57903 .04256
84.70 2.4947243753068959 -0.70963 -0.20537 -0.16300 0.58241 .04237
84.75 2.5066432657105051 -0.71104 -0.20538 -0.16322 0.58581 .04216
