45.0 0.75983570225832975 -4.88666504101
45.05 0.76049907376085979 -4.88666365946
45.10 0.76116302644066036 -4.88665951470
45.15 0.76182756283385522 -4.88665260663
45.20 0.76249268548415305 -4.88664293507
45.25 0.76315839694289456 -4.88663049979
45.30 0.76382469976910006 -4.88661530046
45.35 0.76449159652951659 -4.88659733673
45.40 0.76515908979866654 -4.88657660812
45.45 0.76582718215889523 -4.88655311413
45.50 0.76649587620041937 -4.88652685418
45.55 0.76716517452137623 -4.88649782760
45.60 0.76783507972787179 -4.88646603367
45.65 0.76850559443403055 -4.88643147159
45.70 0.76917672126204495 -4.88639414052
45.75 0.76984846284222430 -4.88635403951
45.80 0.77052082181304604 -4.88631116756
45.85 0.77119380082120481 -4.88626552361
45.90 0.77186740252166364 -4.88621710651
45.95 0.77254162957770478 -4.88616591507
46.00 0.77321648466098036 -4.88611194801
46.05 0.77389197045156433 -4.88605520397
46.10 0.77456808963800328 -4.88599568156
46.15 0.77524484491736945 -4.88593337928
46.20 0.77592223899531199 -4.88586829559
46.25 0.77660027458611014 -4.88580042886
46.30 0.77727895441272554 -4.88572977741
46.35 0.77795828120685584 -4.88565633949
46.40 0.77863825770898754 -4.88558011326
46.45 0.77931888666845017 -4.88550109684
46.50 0.78000017084346973 -4.88541928826
46.55 0.78068211300122392 -4.88533468548
46.60 0.78136471591789569 -4.88524728642
46.65 0.78204798237872875 -4.88515708890
46.70 0.78273191517808294 -4.88506409068
46.75 0.78341651711948912 -4.88496828947
46.80 0.78410179101570610 -4.88486968288
46.85 0.78478773968877535 -4.88476826848
46.90 0.78547436597007880 -4.88466404375
46.95 0.78616167270039528 -4.88455700612
47.00 0.78684966272995749 -4.88444715294
47.05 0.78753833891850933 -4.88433448150
47.10 0.78822770413536436 -4.88421898902
47.15 0.78891776125946356 -4.88410067263
47.20 0.78960851317943370 -4.88397952944
47.25 0.79029996279364645 -4.88385555644
47.30 0.79099211301027716 -4.88372875059
47.35 0.79168496674736522 -4.88359910875
47.40 0.79237852693287303 -4.88346662775
47.45 0.79307279650474649 -4.88333130432
47.50 0.79376777841097601 -4.88319313515
47.55 0.79446347560965724 -4.88305211682
47.60 0.79515989106905183 -4.88290824589
47.65 0.79585702776764977 -4.88276151883
47.70 0.79655488869423152 -4.88261193204
47.75 0.79725347684792980 -4.88245948185
47.80 0.79795279523829266 -4.88230416455
47.85 0.79865284688534688 -4.88214597633
47.90 0.79935363481966115 -4.88198491332
47.95 0.80005516208241045 -4.88182097160
48.00 0.80075743172543956 -4.88165414716
48.05 0.80146044681132877 -4.88148443595
48.10 0.80216421041345820 -4.88131183383
48.15 0.80286872561607381 -4.88113633660
48.20 0.80357399551435238 -4.88095794000
48.25 0.80428002321446923 -4.88077663970
48.30 0.80498681183366394 -4.88059243128
48.35 0.80569436450030729 -4.88040531031
48.40 0.80640268435396956 -4.88021527224
48.45 0.80711177454548755 -4.88002231248
48.50 0.80782163823703412 -4.87982642636
48.55 0.80853227860218546 -4.87962760916
48.60 0.80924369882599168 -4.87942585608
48.65 0.80995590210504553 -4.87922116227
48.70 0.81066889164755318 -4.87901352280
48.75 0.81138267067340353 -4.87880293267
48.80 0.81209724241424064 -4.87858938684
48.85 0.81281261011353434 -4.87837288018
48.90 0.81352877702665161 -4.87815340751
48.95 0.81424574642093006 -4.87793096358
49.00 0.81496352157574936 -4.87770554307
49.05 0.81568210578260558 -4.87747714061
49.10 0.81640150234518361 -4.87724575074
49.15 0.81712171457943295 -4.87701136797
49.20 0.81784274581364047 -4.87677398672
49.25 0.81856459938850701 -4.87653360135
49.30 0.81928727865722173 -4.87629020617
49.35 0.82001078698553909 -4.87604379541
49.40 0.82073512775185475 -4.87579436325
49.45 0.82146030434728290 -4.87554190379
49.50 0.82218632017573356 -4.87528641109
49.55 0.82291317865399061 -4.87502787912
49.60 0.82364088321179052 -4.87476630182
49.65 0.82436943729190104 -4.87450167304
49.70 0.82509884435020076 -4.87423398658
49.75 0.82582910785575958 -4.87396323618
49.80 0.82656023129091882 -4.87368941550
49.85 0.82729221815137199 -4.87341251816
49.90 0.82802507194624730 -4.87313253772
49.95 0.82875879619818926 -4.87284946766
50.00 0.82949339444344139 -4.87256330142
50.05 0.83022887023192915 -4.87227403236
50.10 0.83096522712734444 -4.87198165378
50.15 0.83170246870722930 -4.84656938448
50.20 0.83244059856306107 -4.84670041311
50.25 0.83317962030033754 -4.84683229201
50.30 0.83391953753866332 -4.84696500936
50.35 0.83466035391183646 -4.84709855325
50.40 0.83540207306793479 -4.84723291167
50.45 0.83614469866940455 -4.84736807248
50.50 0.83688823439314863 -4.84750402347
50.55 0.83763268393061485 -4.84764075228
50.60 0.83837805098788598 -4.84777824649
50.65 0.83912433928576935 -4.84791649355
50.70 0.83987155255988821 -4.84805548081
50.75 0.84061969456077290 -4.84819519552
50.80 0.84136876905395186 -4.84833562483
50.85 0.84211877982004546 -4.84847675577
50.90 0.84286973065485837 -4.84861857529
50.95 0.84362162536947360 -4.84876107021
51.00 0.84437446779034697 -4.84890422727
51.05 0.84512826175940192 -4.84904803309
51.10 0.84588301113412578 -4.84919247420
51.15 0.84663871978766536 -4.84933753701
51.20 0.84739539160892485 -4.84948320785
51.25 0.84815303050266300 -4.84962947293
51.30 0.84891164038959133 -4.84977631836
51.35 0.84967122520647376 -4.84992373015
51.40 0.85043178890622606 -4.85007169421
51.45 0.85119333545801568 -4.85022019635
51.50 0.85195586884736429 -4.85036922227
51.55 0.85271939307624789 -4.85051875757
51.60 0.85348391216320041 -4.85066878775
51.65 0.85424943014341670 -4.85081929821
51.70 0.85501595106885664 -4.85097027425
51.75 0.85578347900834917 -4.85112170105
51.80 0.85655201804769820 -4.85127356373
51.85 0.85732157228978900 -4.85142584726
51.90 0.85809214585469440 -4.85157853653
51.95 0.85886374287978262 -4.85173161635
52.00 0.85963636751982619 -4.85188507140
52.05 0.86041002394711030 -4.85203888627
52.10 0.86118471635154337 -4.85219304544
52.15 0.86196044894076718 -4.85234753330
52.20 0.86273722594026869 -4.85250233415
52.25 0.86351505159349251 -4.85265743216
52.30 0.86429393016195311 -4.85281281143
52.35 0.86507386592534963 -4.85296845593
52.40 0.86585486318168026 -4.85312434956
52.45 0.86663692624735733 -4.85328047610
52.50 0.86742005945732381 -4.85343681923
52.55 0.86820426716517096 -4.85359336255
52.60 0.86898955374325570 -4.85375008953
52.65 0.86977592358281952 -4.85390698357
52.70 0.87056338109410869 -4.85406402794
52.75 0.87135193070649397 -4.85422120585
52.80 0.87214157686859295 -4.85437850036
52.85 0.87293232404839116 -4.85453589448
52.90 0.87372417673336666 -4.85469337109
52.95 0.87451713943061304 -4.85485091298
53.00 0.87531121666696521 -4.85500850284
53.05 0.87610641298912395 -4.85516612326
53.10 0.87690273296378440 -4.85532375673
53.15 0.87770018117776261 -4.85548138563
53.20 0.87849876223812495 -4.85563899228
53.25 0.87929848077231665 -4.85579655885
53.30 0.88009934142829360 -4.85595406744
53.35 0.88090134887465321 -4.85611150006
53.40 0.88170450780076659 -4.85626883858
53.45 0.88250882291691279 -4.85642606482
53.50 0.88331429895441260 -4.85658316047
53.55 0.88412094066576463 -4.85674010713
53.60 0.88492875282478045 -4.85689688631
53.65 0.88573774022672380 -4.85705347940
53.70 0.88654790768844782 -4.85720986770
53.75 0.88735926004853483 -4.85736603242
53.80 0.88817180216743707 -4.85752195467
53.85 0.88898553892761789 -4.85767761545
53.90 0.88980047523369521 -4.85783299568
53.95 0.89061661601258424 -4.85798807615
54.00 0.89143396621364279 -4.85814283758
54.05 0.89225253080881717 -4.85829726058
54.10 0.89307231479278926 -4.85845132566
54.15 0.89389332318312398 -4.85860501324
54.20 0.89471556102041949 -4.85875830363
54.25 0.89553903336845653 -4.85891117704
54.30 0.89636374531435070 -4.85906361359
54.35 0.89718970196870451 -4.85921559331
54.40 0.89801690846576132 -4.85936709610
54.45 0.89884536996356046 -4.85951810179
54.50 0.89967509164409376 -4.85966859010
54.55 0.90050607871346144 -4.85981854065
54.60 0.90133833640203209 -4.85996793297
54.65 0.90217186996460219 -4.86011674646
54.70 0.90300668468055645 -4.86026496047
54.75 0.90384278585403033 -4.86041255421
54.80 0.90468017881407381 -4.86055950681
54.85 0.90551886891481559 -4.86070579729
54.90 0.90635886153562961 -4.86085140459
54.95 0.90720016208130172 -4.86099630752
55.00 0.90804277598219907 -4.86114048482
55.05 0.90888670869443910 -4.86128391511
55.10 0.90973196570006132 -4.86142657692
55.15 0.91057855250719977 -4.86156844867
55.20 0.91142647465025639 -4.86170950870
55.25 0.91227573769007742 -4.86184973524
55.30 0.91312634721412855 -4.86198910641
55.35 0.91397830883667408 -4.86212760023
55.40 0.91483162819895569 -4.86226519464
55.45 0.91568631096937336 -4.86240186747
55.50 0.91654236284366797 -4.86253759643
55.55 0.91739978954510426 -4.86267235916
55.60 0.91825859682465660 -4.86280613318
55.65 0.91911879046119527 -4.86293889591
55.70 0.91998037626167417 -4.86307062469
55.75 0.92084336006132139 -4.86320129672
55.80 0.92170774772382924 -4.86333088913
55.85 0.92257354514154721 -4.86345937894
55.90 0.92344075823567617 -4.86358674307
55.95 0.92430939295646408 -4.86371295834
56.00 0.92517945528340284 -4.86383800146
56.05 0.92605095122542769 -4.86396184904
56.10 0.92692388682111693 -4.86408447759
56.15 0.92779826813889443 -4.86420586353
56.20 0.92867410127723360 -4.86432598315
56.25 0.92955139236486140 -4.86444481267
56.30 0.93043014756096676 -4.86456232819
56.35 0.93131037305540842 -4.86467850569
56.40 0.93219207506892543 -4.86479332109
56.45 0.93307525985334883 -4.86490675016
56.50 0.93395993369181618 -4.86501876860
56.55 0.93484610289898640 -4.86512935200
56.60 0.93573377382125700 -4.86523847584
56.65 0.93662295283698360 -4.86534611548
56.70 0.93751364635670031 -4.86545224622
56.75 0.93840586082334254 -4.86555684321
56.80 0.93929960271247126 -4.86565988152
56.85 0.94019487853249961 -4.86576133612
56.90 0.94109169482492094 -4.86586118185
56.95 0.94199005816453896 -4.86595939347
57.00 0.94288997515969897 -4.86605594562
57.05 0.94379145245252305 -4.86615081284
57.10 0.94469449671914496 -4.86624396957
57.15 0.94559911466994739 -4.86633539012
57.20 0.94650531304980356 -4.86642504873
57.25 0.94741309863831702 -4.86651291951
57.30 0.94832247825006655 -4.86659897647
57.35 0.94923345873485143 -4.86668319350
57.40 0.95014604697793958 -4.86676554440
57.45 0.95106024990031746 -4.86684600286
57.50 0.95197607445894206 -4.86692454246
57.55 0.95289352764699498 -4.86700113666
57.60 0.95381261649413907 -4.86707575883
57.65 0.95473334806677612 -4.86714838223
57.70 0.95565572946830857 -4.86721897999
57.75 0.95657976783940157 -4.86728752516
57.80 0.95750547035824851 -4.86735399066
57.85 0.95843284424083808 -4.86741834931
57.90 0.95936189674122396 -4.86748057382
57.95 0.96029263515179708 -4.86754063678
58.00 0.96122506680355879 -4.86759851069
58.05 0.96215919906639924 -4.86765416791
58.10 0.96309503934937468 -4.86770758072
58.15 0.96403259510098971 -4.86775872126
58.20 0.96497187380948068 -4.86780756158
58.25 0.96591288300310196 -4.86785407361
58.30 0.96685563025041488 -4.86789822916
58.35 0.96780012316057895 -4.86793999995
58.40 0.96874636938364433 -4.86797935756
58.45 0.96969437661085001 -4.86801627348
58.50 0.97064415257492132 -4.86805071906
58.55 0.97159570505037196 -4.86808266556
58.60 0.97254904185380731 -4.86811208412
58.65 0.97350417084423224 -4.86813894577
58.70 0.97446109992335961 -4.86816322139
58.75 0.97541983703592194 -4.86818488180
58.80 0.97638039016998779 -4.86820389767
58.85 0.97734276735727810 -4.86822023955
58.90 0.97830697667348698 -4.86823387790
58.95 0.97927302623860457 -4.86824478303
59.00 0.98024092421724396 -4.86825292517
59.05 0.98121067881896906 -4.86825827439
59.10 0.98218229829862735 -4.86826080069
59.15 0.98315579095668360 -4.86826047391
59.20 0.98413116513955912 -4.86825726379
59.25 0.98510842923997155 -4.86825113995
59.30 0.98608759169727866 -4.86824207190
59.35 0.98706866099782586 -4.86823002900
59.40 0.98805164567529558 -4.86821498053
59.45 0.98903655431106108 -4.86819689561
59.50 0.99002339553454166 -4.86817574327
59.55 0.99101217802356323 -4.86815149241
59.60 0.99200291050472111 -4.86812411180
59.65 0.99299560175374524 -4.86809357009
59.70 0.99399026059587003 -4.86805983580
59.75 0.99498689590620693 -4.86802287736
59.80 0.99598551661012047 -4.86798266304
59.85 0.99698613168360850 -4.86793916100
59.90 0.99798875015368327 -4.86789233927
59.95 0.99899338109875979 -4.86784216577
60.00 1.0000000336490449 -4.86778860828
60.05 1.0010087169869311 -4.86773163446
60.10 1.0020194403473930 -4.86767121183
60.15 1.0030322130183893 -4.86760730782
60.20 1.0040470443412663 -4.86753988970
60.25 1.0050639437111659 -4.86746892461
60.30 1.0060829205774386 -4.86739437959
60.35 1.0071039844440590 -4.86731622152
60.40 1.0081271448700442 -4.86723441718
60.45 1.0091524114698791 -4.86714893320
60.50 1.0101797939139427 -4.86705973610
60.55 1.0112093019289397 -4.86696679224
60.60 1.0122409452983365 -4.86687006787
60.65 1.0132747338627996 -4.86676952911
60.70 1.0143106775206405 -4.86666514195
60.75 1.0153487862282633 -4.86655687223
60.80 1.0163890700006153 -4.86644468567
60.85 1.0174315389116453 -4.86632854786
60.90 1.0184762030947627 -4.86620842426
60.95 1.0195230727433033 -4.86608428017
61.00 1.0205721581109972 -4.86595608079
61.05 1.0216234695124444 -4.86582379116
61.10 1.0226770173235920 -4.86568737620
61.15 1.0237328119822167 -4.86554680068
61.20 1.0247908639884131 -4.86540202925
61.25 1.0258511839050852 -4.86525302641
61.30 1.0269137823584431 -4.86509975653
61.35 1.0279786700385047 -4.86494218383
61.40 1.0290458576996018 -4.86478027241
61.45 1.0301153561608911 -4.86461398622
61.50 1.0311871763068714 -4.86444328907
61.55 1.0322613290879032 -4.86426814464
61.60 1.0333378255207359 -4.86408851645
61.65 1.0344166766890379 -4.86390436791
61.70 1.0354978937439347 -4.86371566226
61.75 1.0365814879045478 -4.86352236260
61.80 1.0376674704585451 -4.86332443192
61.85 1.0387558527626892 -4.86312183304
61.90 1.0398466462433982 -4.86291452863
61.95 1.0409398623973067 -4.86270248123
62.00 1.0420355127918348 -4.86248565325
62.05 1.0431336090657632 -4.86226400693
62.10 1.0442341629298113 -4.86203750438
62.15 1.0453371861672238 -4.86180610755
62.20 1.0464426906343616 -4.86156977827
62.25 1.0475506882612993 -4.86132847821
62.30 1.0486611910524275 -4.86108216888
62.35 1.0497742110870625 -4.86083081166
62.40 1.0508897605200611 -4.86057436780
62.45 1.0520078515824418 -4.86031279835
62.50 1.0531284965820111 -4.86004606427
62.55 1.0542517079039999 -4.85977412634
62.60 1.0553774980117010 -4.85949694519
62.65 1.0565058794471158 -4.85921448131
62.70 1.0576368648316092 -4.85892669505
62.75 1.0587704668665670 -4.85863354659
62.80 1.0599066983340624 -4.85833499598
62.85 1.0610455720975307 -4.85803100310
62.90 1.0621871011024460 -4.85772152769
62.95 1.0633312983770105 -4.85740652936
63.00 1.0644781770328475 -4.85708596752
63.05 1.0656277502657008 -4.85675980148
63.10 1.0667800313561446 -4.85642799037
63.15 1.0679350336702964 -4.85609049318
63.20 1.0690927706605413 -4.85574726873
63.25 1.0702532558662603 -4.85539827573
63.30 1.0714165029145688 -4.85504347269
63.35 1.0725825255210610 -4.85468281799
63.40 1.0737513374905625 -4.85431626987
63.45 1.0749229527178907 -4.85394378641
63.50 1.0760973851886237 -4.85356532553
63.55 1.0772746489798752 -4.85318084500
63.60 1.0784547582610808 -4.85279030244
63.65 1.0796377272947879 -4.85239365534
63.70 1.0808235704374589 -4.85199086100
63.75 1.0820123021402799 -4.85158187661
63.80 1.0832039369499773 -4.85116665917
63.85 1.0843984895096448 -4.85074516557
63.90 1.0855959745595780 -4.85031735252
63.95 1.0867964069381189 -4.84988317659
64.00 1.0879998015825072 -4.84944259420
64.05 1.0892061735297434 -4.84899556163
64.10 1.0904155379174589 -4.84854203501
64.15 1.0916279099847972 -4.84808197031
64.20 1.0928433050732997 -4.84761532337
64.25 1.0940617386278098 -4.84714204987
64.30 1.0952832261973782 -4.84666210537
64.35 1.0965077834361816 -4.84617544525
64.40 1.0977354261044516 -4.84568202479
64.45 1.0989661700694118 -4.84518179908
64.50 1.1002000313062268 -4.84467472312
64.55 1.1014370258989608 -4.84416075173
64.60 1.1026771700415456 -4.84363983963
64.65 1.1039204800387612 -4.84311194136
64.70 1.1051669723072235 -4.84257701137
64.75 1.1064166633763877 -4.84203500395
64.80 1.1076695698895584 -4.84148587327
64.85 1.1089257086049120 -4.84092957338
64.90 1.1101850963965334 -4.84036605817
64.95 1.1114477502554549 -4.83979528144
65.00 1.1127136872907215 -4.83921719687
65.05 1.1139829247304520 -4.83863175800
65.10 1.1152554799229231 -4.83803891826
65.15 1.1165313703376598 -4.83743863097
65.20 1.1178106135665402 -4.83683084936
65.25 1.1190932273249123 -4.83621552651
65.30 1.1203792294527217 -4.83559261544
65.35 1.1216686379156546 -4.83496206904
65.40 1.1229614708062909 -4.83432384013
65.45 1.1242577463452708 -4.83367788143
65.50 1.1255574828824770 -4.83302414557
65.55 1.1268606988982264 -4.83236258509
65.60 1.1281674130044770 -4.83169315249
65.65 1.1294776439460517 -4.83101580016
65.70 1.1307914106018655 -4.83033048045
65.75 1.1321087319861824 -4.82963714564
65.80 1.1334296272498716 -4.82893574797
65.85 1.1347541156816874 -4.82822623963
65.90 1.1360822167095599 -4.82750857276
65.95 1.1374139499019000 -4.82678269950
66.00 1.1387493349689228 -4.82604857195
66.05 1.1400883917639824 -4.82530614219
66.10 1.1414311402849235 -4.82455536232
66.15 1.1427776006754504 -4.82379618443
66.20 1.1441277932265064 -4.82302856064
66.25 1.1454817383776770 -4.82225244309
66.30 1.1468394567186027 -4.82146778397
66.35 1.1482009689904107 -4.82067453552
66.40 1.1495662960871658 -4.81987265004
66.45 1.1509354590573304 -4.81906207992
66.50 1.1523084791052536 -4.81824277765
66.55 1.1536853775926659 -4.81741469582
66.60 1.1550661760401986 -4.81657778717
66.65 1.1564508961289190 -4.81573200455
66.70 1.1578395597018831 -4.81487730103
66.75 1.1592321887657087 -4.81401362981
66.80 1.1606288054921641 -4.81314094435
66.85 1.1620294322197784 -4.81225919831
66.90 1.1634340914554704 -4.81136834561
66.95 1.1648428058761942 -4.81046834047
67.00 1.1662555983306084 -4.80955913740
67.05 1.1676724918407646 -4.80864069125
67.10 1.1690935096038124 -4.80771295726
67.15 1.1705186749937306 -4.80677589105
67.20 1.1719480115630720 -4.80582944871
67.25 1.1733815430447392 -4.80487358677
67.30 1.1748192933537724 -4.80390826231
67.35 1.1762612865891637 -4.80293343296
67.40 1.1777075470356930 -4.80194905696
67.45 1.1791580991657851 -4.80095509319
67.50 1.1806129676413906 -4.79995150128
67.55 1.1820721773158904 -4.79893824159
67.60 1.1835357532360211 -4.79791527531
67.65 1.1850037206438264 -4.79688256455
67.70 1.1864761049786312 -4.79584007235
67.75 1.1879529318790409 -4.79478776280
67.80 1.1894342271849665 -4.79372560110
67.85 1.1909200169396705 -4.79265355364
67.90 1.1924103273918456 -4.79157158812
67.95 1.1939051849977087 -4.79047967363
68.00 1.1954046164231349 -4.78937778072
68.05 1.1969086485458049 -4.78826588160
68.10 1.1984173084573870 -4.78714395018
68.15 1.1999306234657463 -4.78601196223
68.20 1.2014486210971758 -4.78486989556
68.25 1.2029713290986654 -4.78371773010
68.30 1.2044987754401906 -4.78255544813
68.35 1.2060309883170346 -4.78138303444
68.40 1.2075679961521408 -4.78020047652
68.45 1.2091098275984908 -4.77900776475
68.50 1.2106565115415191 -4.77780489269
68.55 1.2122080771015531 -4.77659185725
68.60 1.2137645536362878 -4.77536865903
68.65 1.2153259707432924 -4.77413530257
68.70 1.2168923582625433 -4.77289179669
68.75 1.2184637462790018 -4.77163815481
68.80 1.2200401651252133 -4.77037439538
68.85 1.2216216453839461 -4.76910054226
68.90 1.2232082178908650 -4.76781662516
68.95 1.2247999137372361 -4.76652268020
69.00 1.2263967642726714 -4.76521875038
69.05 1.2279988011079066 -4.76390488624
69.10 1.2296060561176163 -4.76258114649
69.15 1.2312185614432660 -4.76124759877
69.20 1.2328363494960013 -4.75990432039
69.25 1.2344594529595776 -4.75855139931
69.30 1.2360879047933260 -4.75718893502
69.35 1.2377217382351597 -4.75581703974
69.40 1.2393609868046243 -4.75443583954
69.45 1.2410056843059762 -4.75304547574
69.50 1.2426558648313226 -4.75164610639
69.55 1.2443115627637849 -4.75023790796
69.60 1.2459728127807141 -4.74882107725
69.65 1.2476396498569498 -4.74739583345
69.70 1.2493121092681172 -4.74596242055
69.75 1.2509902265939778 -4.74452110999
69.80 1.2526740377218175 -4.74307220374
69.85 1.2543635788498853 -4.74161603766
69.90 1.2560588864908790 -4.74015298545
69.95 1.2577599974754754 -4.73868346304
70.00 1.2594669489559134 -4.73720793369
70.05 1.2611797784096244 -4.73572691377
70.10 1.2628985236429111 -4.73424097944
70.15 1.2646232227946819 -4.73275077436
70.20 1.2663539143402289 -4.73125701855
70.25 1.2680906370950717 -4.72976051877
70.30 1.2698334302188394 -4.72826218051
70.35 1.2715823332192195 -4.72676302216
70.40 1.2733373859559551 -4.72526419149
70.45 1.2750986286448989 -4.72376698527
70.50 1.2768661018621295 -4.72227287236
70.55 1.2786398465481190 -4.71411592105
70.60 1.2804199040119650 -4.71569862780
70.65 1.2822063159356787 -4.71729395500
70.70 1.2839991243785358 -4.71890152980
70.75 1.2857983717814927 -4.72052097576
70.80 1.2876041009716590 -4.72215191358
70.85 1.2894163551668398 -4.72379396167
70.90 1.2912351779801445 -4.72544673680
70.95 1.2930606134246510 -4.72710985464
71.00 1.2948927059181552 -4.72878293036
71.05 1.2967315002879742 -4.73046557913
71.10 1.2985770417758264 -4.73215741662
71.15 1.3004293760427814 -4.73385805948
71.20 1.3022885491742811 -4.73556712577
71.25 1.3041546076852373 -4.73728423535
71.30 1.3060275985252012 -4.73900901027
71.35 1.3079075690836115 -4.74074107511
71.40 1.3097945671951174 -4.74248005726
71.45 1.3116886411449822 -4.74422558723
71.50 1.3135898396745678 -4.74597729885
71.55 1.3154982119869003 -4.74773482953
71.60 1.3174138077523165 -4.74949782042
71.65 1.3193366771142014 -4.75126591654
71.70 1.3212668706947988 -4.75303876700
71.75 1.3232044396011293 -4.75481602498
71.80 1.3251494354309783 -4.75659734793
71.85 1.3271019102789854 -4.75838239755
71.90 1.3290619167428244 -4.76017083988
71.95 1.3310295079294747 -4.76196234529
72.00 1.3330047374615932 -4.76375658848
72.05 1.3349876594839796 -4.76555324851
72.10 1.3369783286701415 -4.76735200872
72.15 1.3389768002289641 -4.76915255671
72.20 1.3409831299114769 -4.77095458430
72.25 1.3429973740177321 -4.77275778744
72.30 1.3450195894037844 -4.77456186616
72.35 1.3470498334887806 -4.77636652448
72.40 1.3490881642621655 -4.77817147028
72.45 1.3511346402909867 -4.77997641529
72.50 1.3531893207273342 -4.78178107489
72.55 1.3552522653158787 -4.78358516806
72.60 1.3573235344015393 -4.78538841725
72.65 1.3594031889372702 -4.78719054829
72.70 1.3614912904919696 -4.78899129022
72.75 1.3635879012585173 -4.79079037521
72.80 1.3656930840619386 -4.79258753842
72.85 1.3678069023677004 -4.79438251788
72.90 1.3699294202901398 -4.79617505437
72.95 1.3720607026010270 -4.79796489129
73.00 1.3742008147382716 -4.79975177453
73.05 1.3763498228147655 -4.80153545235
73.10 1.3785077936273700 -4.80331567525
73.15 1.3806747946660543 -4.80509219587
73.20 1.3828508941231716 -4.80686476882
73.25 1.3850361609029067 -4.80863315060
73.30 1.3872306646308596 -4.81039709945
73.35 1.3894344756637986 -4.81215637527
73.40 1.3916476650995724 -4.81391073945
73.45 1.3938703047871841 -4.81565995480
73.50 1.3961024673370386 -4.81740378539
73.55 1.3983442261313550 -4.81914199648
73.60 1.4005956553347587 -4.82087435438
73.65 1.4028568299050477 -4.82260062636
73.70 1.4051278256041408 -4.82432058053
73.75 1.4074087190092159 -4.82603398571
73.80 1.4096995875240308 -4.82774061140
73.85 1.4120005093904389 -4.82944022758
73.90 1.4143115637001062 -4.83113260469
73.95 1.4166328304064160 -4.83281751347
74.00 1.4189643903365978 -4.83449472492
74.05 1.4213063252040461 -4.83616401015
74.10 1.4236587176208633 -4.83782514032
74.15 1.4260216511106174 -4.83947788654
74.20 1.4283952101213191 -4.84112201977
74.25 1.4307794800386300 -4.84275731073
74.30 1.4331745471992983 -4.84438352984
74.35 1.4355804989048313 -4.84600044709
74.40 1.4379974234354114 -4.84760783198
74.45 1.4404254100640508 -4.84920545343
74.50 1.4428645490710084 -4.85079307972
74.55 1.4453149317584530 -4.85237047835
74.60 1.4477766504653917 -4.85393741602
74.65 1.4502497985828720 -4.85549365853
74.70 1.4527344705694387 -4.85703897068
74.75 1.4552307619668963 -4.85857311624
74.80 1.4577387694163313 -4.86009585782
74.85 1.4602585906744392 -4.86160695683
74.90 1.4627903246301464 -4.86310617340
74.95 1.4653340713215299 -4.86459326629
75.00 1.4678899319530556 -4.86606799286
75.05 1.4704580089131281 -4.86753010892
75.10 1.4730384057919645 -4.86897936876
75.15 1.4756312273998002 -4.87041552500
75.20 1.4782365797854315 -4.87183832854
75.25 1.4808545702551064 -4.87324752851
75.30 1.4834853073917655 -4.87464287221
75.35 1.4861289010746450 -4.87602410500
75.40 1.4887854624992518 -4.87739097025
75.45 1.4914551041977033 -4.87874320930
75.50 1.4941379400594756 -4.88008056136
75.55 1.4968340853525235 -4.88140276347
75.60 1.4995436567448153 -4.88270955041
75.65 1.5022667723262797 -4.88400065465
75.70 1.5050035516311675 -4.88527580630
75.75 1.5077541156608558 -4.88653473300
75.80 1.5105185869070827 -4.88777715992
75.85 1.5132970893756394 -4.88900280963
75.90 1.5160897486105220 -4.89021140209
75.95 1.5188966917185549 -4.89140265456
76.00 1.5217180473945009 -4.89257628155
76.05 1.5245539459466628 -4.89373199475
76.10 1.5274045193229899 -4.89486950295
76.15 1.5302699011377114 -4.89598851203
76.20 1.5331502266984804 -4.89708872483
76.25 1.5360456330340897 -4.89816984116
76.30 1.5389562589227139 -4.89923155768
76.35 1.5418822449207401 -4.90027356785
76.40 1.5448237333921728 -4.90129556190
76.45 1.5477808685386352 -4.90229722674
76.50 1.5507537964299845 -4.90327824589
76.55 1.5537426650355510 -4.90423829945
76.60 1.5567476242560161 -4.90517706402
76.65 1.5597688259559499 -4.90609421262
76.70 1.5628064239970156 -4.90698941467
76.75 1.5658605742718710 -4.90786233590
76.80 1.5689314347387666 -4.90871263832
76.85 1.5720191654568727 -4.90953998001
76.90 1.5751239286223491 -4.91034401530
76.95 1.5782458886051585 -4.91112439456
77.00 1.5813852119866876 -4.91188076413
77.05 1.5845420675981361 -4.91261276631
77.10 1.5877166265597418 -4.91332003925
77.15 1.5909090623208391 -4.91400221692
77.20 1.5941195507007735 -4.91465892902
77.25 1.5973482699307082 -4.91528980095
77.30 1.6005954006963241 -4.91589445368
77.35 1.6038611261814530 -4.91647250376
77.40 1.6071456321126634 -4.91702356317
77.45 1.6104491068048148 -4.91754723934
77.50 1.6137717412076256 -4.91804313500
77.55 1.6171137289532584 -4.91851084818
77.60 1.6204752664049629 -4.91894997206
77.65 1.6238565527068056 -4.91936009499
77.70 1.6272577898344955 -4.91974080033
77.75 1.6306791826473761 -4.92009166645
77.80 1.6341209389415596 -4.92041226660
77.85 1.6375832695042820 -4.92070216885
77.90 1.6410663881694845 -4.92096093603
77.95 1.6445705118746621 -4.92118812563
78.00 1.6480958607190197 -4.92138328974
78.05 1.6516426580229577 -4.92154597495
78.10 1.6552111303889363 -4.92167572226
78.15 1.6588015077637484 -4.92177206702
78.20 1.6624140235022404 -4.92183453884
78.25 1.6660489144325314 -4.92186266147
78.30 1.6697064209227548 -4.92185595274
78.35 1.6733867869493753 -4.92181392448
78.40 1.6770902601671336 -4.92173608237
78.45 1.6808170919806322 -4.92162192591
78.50 1.6845675376176648 -4.92147094828
78.55 1.6883418562042736 -4.92128263623
78.60 1.6921403108416329 -4.92105647002
78.65 1.6959631686847902 -4.92079192329
78.70 1.6998107010233166 -4.92048846292
78.75 1.7036831833639368 -4.92014554898
78.80 1.7075808955151763 -4.91976263456
78.85 1.7115041216740989 -4.91933916570
78.90 1.7154531505151902 -4.91887458121
78.95 1.7194282752814485 -4.91836831262
79.00 1.7234297938777567 -4.91781978397
79.05 1.7274580089665905 -4.91722841177
79.10 1.7315132280661407 -4.91659360477
79.15 1.7355957636509258 -4.91591476389
79.20 1.7397059332549434 -4.91519128206
79.25 1.7438440595774944 -4.91442254407
79.30 1.7480104705916841 -4.91360792640
79.35 1.7522054996557488 -4.91274679709
79.40 1.7564294856272575 -4.91183851558
79.45 1.7606827729802852 -4.91088243253
79.50 1.7649657119256603 -4.90987788967
79.55 1.7692786585343654 -4.90882421960
79.60 1.7736219748641979 -4.90772074562
79.65 1.7779960290897987 -4.90656678156
79.70 1.7824011956361372 -4.90536163157
79.75 1.7868378553155890 -4.90410458995
79.80 1.7913063954686912 -4.90279494088
79.85 1.7958072101087128 -4.90143195831
79.90 1.8003407000701643 -4.90001490567
79.95 1.8049072731613405 -4.89854303565
80.00 1.8095073443210954 -4.89701559003
80.05 1.8141413357799034 -4.89543179937
80.10 1.8188096772254154 -4.89379088282
80.15 1.8235128059726211 -4.89209204784
80.20 1.8282511671387802 -4.89033448995
80.25 1.8330252138232914 -4.88851739246
80.30 1.8378354072926408 -4.88663992621
80.35 1.8426822171706256 -4.88470124922
80.40 1.8475661216340147 -4.88270050651
80.45 1.8524876076138348 -4.88063682970
80.50 1.8574471710024862 -4.87850933673
80.55 1.8624453168668675 -4.87631713154
80.60 1.8674825596677291 -4.87405930370
80.65 1.8725594234854832 -4.87173492814
80.70 1.8776764422526515 -4.86934306473
80.75 1.8828341599932619 -4.86688275792
80.80 1.8880331310693452 -4.86435303637
80.85 1.8932739204348596 -4.86175291260
80.90 1.8985571038972699 -4.85908138248
80.95 1.9038832683870603 -4.85633742492
81.00 1.9092530122354845 -4.85352000137
81.05 1.9146669454608252 -4.85062805541
81.10 1.9201256900634951 -4.84766051225
81.15 1.9256298803302931 -4.84461627829
81.20 1.9311801631481520 -4.84149424059
81.25 1.9367771983277440 -4.83829326640
81.30 1.9424216589372902 -4.83501220259
81.35 1.9481142316469726 -4.83164987513
81.40 1.9538556170843520 -4.82820508852
81.45 1.9596465302011721 -4.82467662519
81.50 1.9654877006520655 -4.82106324491
81.55 1.9713798731855150 -4.81736368417
81.60 1.9773238080476301 -4.81357665551
81.65 1.9833202813991822 -4.80970084686
81.70 1.9893700857464571 -4.80573492085
81.75 1.9954740303864316 -4.80167751409
81.80 2.0016329418668652 -4.79752723639
81.85 2.0078476644618948 -4.79328267006
81.90 2.0141190606637487 -4.78894236902
81.95 2.0204480116912382 -4.78450485807
82.00 2.0268354180156947 -4.77996863193
82.05 2.0332821999050843 -4.77533215442
82.10 2.0397892979870225 -4.77059385752
82.15 2.0463576738314897 -4.76575214038
82.20 2.0529883105540567 -4.76080536836
82.25 2.0596822134404817 -4.75575187201
82.30 2.0664404105935832 -4.75058994595
82.35 2.0732639536033268 -4.74531784781
82.40 2.0801539182411148 -4.73993379703
82.45 2.0871114051793418 -4.73443597373
82.50 2.0941375407372735 -4.72882251739
82.55 2.1012334776544206 -4.72309152560
82.60 2.1084003958926107 -4.71724105273
82.65 2.1156395034680107 -4.71126910850
82.70 2.1229520373144530 -4.70517365654
82.75 2.1303392641794385 -4.69895261292
82.80 2.1378024815543255 -4.69260384454
82.85 2.1453430186402151 -4.68612516748
82.90 2.1529622373511956 -4.67951434539
82.95 2.1606615333566506 -4.67276908762
83.00 2.1684423371644423 -4.66588704746
83.05 2.1763061152468834 -4.65886582020
83.10 2.1842543712115088 -4.65170294110
83.15 2.1922886470187501 -4.64439588338
83.20 2.2004105242487957 -4.63694205601
83.25 2.2086216254199424 -4.62933880147
83.30 2.2169236153609786 -4.62158339336
83.35 2.2253182026402079 -4.61367303403
83.40 2.2338071410539140 -4.60560485194
83.45 2.2423922311771953 -4.59737589901
83.50 2.2510753219802888 -4.58898314787
83.55 2.2598583125136917 -4.58042348888
83.60 2.2687431536655347 -4.57169372717
83.65 2.2777318499949293 -4.56279057939
83.70 2.2868264616451803 -4.55371067043
83.75 2.2960291063410230 -4.54445052994
83.80 2.3053419614742690 -4.53500658870
83.85 2.3147672662825332 -4.52537517481
83.90 2.3243073241259733 -4.51555250975
83.95 2.3339645048673359 -4.50553470418
84.00 2.3437412473608381 -4.49531775359
84.05 2.3536400620558657 -4.48489753378
84.10 2.3636635337217689 -4.47426979601
84.15 2.3738143243004877 -4.46343016204
84.20 2.3840951758941467 -4.45237411887
84.25 2.3945089138952178 -4.44109701315
84.30 2.4050584502674064 -4.42959404551
84.35 2.4157467869858533 -4.41786026441
84.40 2.4265770196459231 -4.40589055975
84.45 2.4375523412504077 -4.39367965620
84.50 2.4486760461856742 -4.38122210615
84.55 2.4599515343979936 -4.36851228225
84.60 2.4713823157820722 -4.35554436967
84.65 2.4829720147946408 -4.34231235786
84.70 2.4947243753068959 -4.32881003191
84.75 2.5066432657105051 -4.31503096345
