5.0 0.22474786951272291 -0.71692 -0.20194 -0.16767 0.59927 .03427
6.0 0.24633708657984518 -0.68739 -0.20106 -0.16351 0.53256 .03755
7.0 0.26625119958804888 -0.65711 -0.19887 -0.15828 0.47503 .04059
8.0 0.28485310431016619 -0.62648 -0.19527 -0.15176 0.42472 .04351
9.0 0.30239593556098865 -0.59590 -0.19014 -0.14377 0.38005 .04637
10.0 0.31906493487798943 -0.56580 -0.18341 -0.13411 0.33970 .04930
11.0 0.33500078657648524 -0.53662 -0.17506 -0.12258 0.30256 .05248
12.0 0.35031356184872481 -0.50877 -0.16511 -0.10902 0.26769 .05609
13.0 0.36509151747647400 -0.48259 -0.15372 -0.09333 0.23435 .06039
14.0 0.37940689731182314 -0.45823 -0.14118 -0.07554 0.20206 .06564
15.0 0.39331989892118169 -0.43560 -0.12804 -0.05589 0.17062 .07215
16.0 0.40688146985598445 -0.41408 -0.11545 -0.03492 0.14029 .08053
17.0 0.42013533111630319 -0.39114 -0.10691 -0.01366 0.11218 .09325
18.0 0.43311947504735931 -0.35917 -0.11338 0.00865 0.08800 .12203
19.0 0.44586729660476643 -0.32178 -0.14120 0.03818 0.06764 .17938
20.0 0.45840846314364242 -0.29774 -0.17190 0.05407 0.06126 .22597
21.0 0.47076959408630886 -0.28467 -0.19796 0.04881 0.06774 .24677
22.0 0.48297479998608267 -0.27639 -0.22235 0.03817 0.07850 .26052
23.0 0.49504611604806875 -0.27061 -0.24638 0.02755 0.08892 .27393
24.0 0.50700385538738835 -0.27071 -0.26688 0.01843 0.09638 .28531
25.0 0.51886690055881535 -0.29549 -0.26549 0.01157 0.09926 .27706
26.0 0.53065294715660993 -0.31958 -0.26671 0.00733 0.09769 .27404
27.0 0.54237870990772830 -0.34113 -0.27014 0.00553 0.09366 .27567
28.0 0.55406009924157285 -0.35931 -0.27509 0.00580 0.08901 .28089
29.0 0.56571237453403433 -0.37435 -0.28098 0.00785 0.08456 .28883
30.0 0.57735027890326807 -0.38686 -0.28745 0.01137 0.08050 .29882
31.0 0.58898815944976501 -0.39737 -0.29416 0.01600 0.07676 .31016
32.0 0.60064007609376124 -0.40622 -0.30087 0.02134 0.07327 .32221
33.0 0.61231990160563299 -0.41354 -0.30739 0.02707 0.06998 .33446
34.0 0.62404141500474464 -0.41930 -0.31357 0.03293 0.06688 .34650
35.0 0.63581839018712483 -0.42342 -0.31934 0.03875 0.06399 .35809
36.0 0.64766468140925815 -0.42601 -0.32462 0.04437 0.06132 .36899
37.0 0.65959430708758449 -0.42740 -0.32940 0.04970 0.05890 .37910
38.0 0.67162153325915808 -0.42804 -0.33365 0.05463 0.05674 .38828
39.0 0.68376095798003989 -0.42825 -0.33734 0.05486 0.05909 .39220
40.0 0.69602759790885060 -0.42825 -0.34048 0.05325 0.06301 .39373
41.0 0.70843697833015451 -0.42814 -0.34306 0.05193 0.06631 .39499
42.0 0.72100522791448773 -0.42801 -0.34506 0.05090 0.06895 .39596
43.0 0.73374917958905994 -0.42789 -0.34650 0.05016 0.07087 .39666
44.0 0.74668647900714824 -0.42781 -0.34736 0.04972 0.07203 .39708
45.0 0.75983570225832975 -0.42779 -0.34764 0.04957 0.07242 .39721
46.0 0.77321648466098036 -0.42781 -0.34736 0.04972 0.07203 .39708
47.0 0.78684966272995749 -0.42789 -0.34650 0.05016 0.07087 .39666
48.0 0.80075743172543956 -0.42801 -0.34506 0.05090 0.06895 .39596
49.0 0.81496352157574936 -0.42814 -0.34306 0.05193 0.06631 .39499
50.0 0.82949339444344139 -0.42825 -0.34048 0.05325 0.06301 .39373
51.0 0.84437446779034697 -0.42825 -0.33734 0.05486 0.05909 .39220
52.0 0.85963636751982619 -0.42804 -0.33365 0.05463 0.05674 .38828
53.0 0.87531121666696521 -0.42740 -0.32940 0.04970 0.05890 .37910
54.0 0.89143396621364279 -0.42601 -0.32462 0.04437 0.06132 .36899
55.0 0.90804277598219907 -0.42342 -0.31934 0.03875 0.06399 .35809
56.0 0.92517945528340284 -0.41930 -0.31357 0.03293 0.06688 .34650
57.0 0.94288997515969897 -0.41354 -0.30739 0.02707 0.06998 .33446
58.0 0.96122506680355879 -0.40622 -0.30087 0.02134 0.07327 .32221
59.0 0.98024092421724396 -0.39737 -0.29416 0.01600 0.07676 .31016
60.0 1.0000000336490449 -0.38686 -0.28745 0.01137 0.08050 .29882
61.0 1.0205721581109972 -0.37435 -0.28098 0.00785 0.08456 .28883
62.0 1.0420355127918348 -0.35931 -0.27509 0.00580 0.08901 .28089
63.0 1.0644781770328475 -0.34113 -0.27014 0.00553 0.09366 .27567
64.0 1.0879998015825072 -0.31958 -0.26671 0.00733 0.09769 .27404
65.0 1.1127136872907215 -0.29549 -0.26549 0.01157 0.09926 .27706
66.0 1.1387493349689228 -0.27071 -0.26688 0.01843 0.09638 .28531
67.0 1.1662555983306084 -0.27061 -0.24638 0.02755 0.08892 .27393
68.0 1.1954046164231349 -0.27639 -0.22235 0.03817 0.07850 .26052
69.0 1.2263967642726714 -0.28467 -0.19796 0.04881 0.06774 .24677
70.0 1.2594669489559134 -0.29774 -0.17190 0.05407 0.06126 .22597
71.0 1.2948927059181552 -0.32178 -0.14120 0.03818 0.06764 .17938
72.0 1.3330047374615932 -0.35917 -0.11338 0.00865 0.08800 .12203
73.0 1.3742008147382716 -0.39114 -0.10691 -0.01366 0.11218 .09325
74.0 1.4189643903365978 -0.41408 -0.11545 -0.03492 0.14029 .08053
75.0 1.4678899319530556 -0.43560 -0.12804 -0.05589 0.17062 .07215
76.0 1.5217180473945009 -0.45823 -0.14118 -0.07554 0.20206 .06564
77.0 1.5813852119866876 -0.48259 -0.15372 -0.09333 0.23435 .06039
78.0 1.6480958607190197 -0.50877 -0.16511 -0.10902 0.26769 .05609
79.0 1.7234297938777567 -0.53662 -0.17506 -0.12258 0.30256 .05248
80.0 1.8095073443210954 -0.56580 -0.18341 -0.13411 0.33970 .04930
81.0 1.9092530122354845 -0.59590 -0.19014 -0.14377 0.38005 .04637
82.0 2.0268354180156947 -0.62648 -0.19527 -0.15176 0.42472 .04351
83.0 2.1684423371644423 -0.65711 -0.19887 -0.15828 0.47503 .04059
84.0 2.3437412473608381 -0.68739 -0.20106 -0.16351 0.53256 .03755
85.0 2.5688804782633659 -0.71692 -0.20194 -0.16767 0.59927 .03427
