5.0 0.22474786951272291 -5.12288272711
6.0 0.24633708657984518 -5.43966687531
7.0 0.26625119958804888 -5.65267840426
8.0 0.28485310431016619 -5.79488447683
9.0 0.30239593556098865 -5.88603821060
10.0 0.31906493487798943 -5.93902777580
11.0 0.33500078657648524 -5.96285740530
12.0 0.35031356184872481 -5.96417275621
13.0 0.36509151747647400 -5.94809573796
14.0 0.37940689731182314 -5.91871177905
15.0 0.39331989892118169 -5.87940234944
16.0 0.40688146985598445 -5.83322482151
17.0 0.42013533111630319 -5.78395290662
18.0 0.43311947504735931 -5.74012142688
19.0 0.44586729660476643 -5.71806259867
20.0 0.45840846314364242 -5.72076458550
21.0 0.47076959408630886 -5.73339740166
22.0 0.48297479998608267 -5.74691013203
23.0 0.49504611604806875 -5.75888268538
24.0 0.50700385538738835 -5.76935575877
25.0 0.51886690055881535 -5.77932797267
26.0 0.53065294715660993 -5.79008357783
27.0 0.54237870990772830 -5.80242965092
28.0 0.55406009924157285 -5.81631824681
29.0 0.56571237453403433 -5.83111787400
30.0 0.57735027890326807 -5.84602580796
31.0 0.58898815944976501 -5.86034864884
32.0 0.60064007609376124 -5.87362151083
33.0 0.61231990160563299 -5.88560093275
34.0 0.62404141500474464 -5.89620368308
35.0 0.63581839018712483 -5.90544512001
36.0 0.64766468140925815 -5.91339475491
37.0 0.65959430708758449 -5.92014807672
38.0 0.67162153325915808 -5.92580952474
39.0 0.68376095798003989 -5.93048231437
40.0 0.69602759790885060 -5.93426232303
41.0 0.70843697833015451 -5.93723436911
42.0 0.72100522791448773 -5.93946991572
43.0 0.73374917958905994 -5.94102563961
44.0 0.74668647900714824 -5.94194254166
45.0 0.75983570225832975 -5.94224541179
46.0 0.77321648466098036 -5.94194254327
47.0 0.78684966272995749 -5.94102564283
48.0 0.80075743172543956 -5.93946992052
49.0 0.81496352157574936 -5.93723437548
50.0 0.82949339444344139 -5.93426233093
51.0 0.84437446779034697 -5.93048232377
52.0 0.85963636751982619 -5.92580953560
53.0 0.87531121666696521 -5.92014808900
54.0 0.89143396621364279 -5.91339476856
55.0 0.90804277598219907 -5.90544513497
56.0 0.92517945528340284 -5.89620369931
57.0 0.94288997515969897 -5.88560095020
58.0 0.96122506680355879 -5.87362152945
59.0 0.98024092421724396 -5.86034866862
60.0 1.0000000336490449 -5.84602582888
61.0 1.0205721581109972 -5.83111789610
62.0 1.0420355127918348 -5.81631827016
63.0 1.0644781770328475 -5.80242967562
64.0 1.0879998015825072 -5.79008360397
65.0 1.1127136872907215 -5.77932800026
66.0 1.1387493349689228 -5.76935578778
67.0 1.1662555983306084 -5.75888271583
68.0 1.1954046164231349 -5.74691016424
69.0 1.2263967642726714 -5.73339743670
70.0 1.2594669489559134 -5.72076462669
71.0 1.2948927059181552 -5.71806265488
72.0 1.3330047374615932 -5.74012150638
73.0 1.3742008147382716 -5.78395300223
74.0 1.4189643903365978 -5.83322492664
75.0 1.4678899319530556 -5.87940246339
76.0 1.5217180473945009 -5.91871190334
77.0 1.5813852119866876 -5.94809587542
78.0 1.6480958607190197 -5.96417291123
79.0 1.7234297938777567 -5.96285758454
80.0 1.8095073443210954 -5.93902798938
81.0 1.9092530122354845 -5.88603847406
82.0 2.0268354180156947 -5.79488481446
83.0 2.1684423371644423 -5.65267885505
84.0 2.3437412473608381 -5.43966750451
85.0 2.5688804782633659 -5.12288365081
