0.25 -5.832078565519 -5.832078565508 -5.241580490805
.26 -5.943141447092 -5.943141447037 -5.354210265745
.27
.28 -6.117004582426 -6.117004581571 -5.533758257163
.29
.30
.31 -6.275115631419 -6.275115605953 -5.755705670808
.32 -6.304286873661 -6.304286804925 -5.820529891186
.33 -6.323047691619 -6.323047515938 -5.875522516050
.34 -6.332134176293 -6.332133748431 -5.921328062547
.35 -6.332250308432 -6.332249310345 -5.958583834241
.36 -6.324077894765 -6.324075654471 -5.987902894790
.37 -6.308284996616 -6.308280135880 -6.009877576651
.38
.39 -6.256492953899 -6.256471757538 -6.034082343700
.40 -6.221849813813 -6.221806165437 -6.037420706845
.41
.42
.43
.44 -6.047256135063 -6.044599988823 -6.001449493730
.45 -6.013072206207 -6.000784193677 -5.981121002341
.46 -5.996635851527 -5.970887468727 -5.961958443851
.47 -5.990934851036 -5.959539436156 -5.941297272817
.48 -5.990789734325 -5.957436666803 -5.920894439038
.49 -5.992242916820 -5.956811802784 -5.917758684149
.50 -5.993697678554 -5.955427510920 -5.925933705550
.51 -5.994943506009 -5.952839616142 -5.942340590772
.52 -5.996478652573 -5.956787721215 -5.949122746213
.53 -5.999191425689 -5.969210661006 -5.958845218950
.54 -6.003804394523 -5.979711718344 -5.939991190512
.55 -6.010369655913 -5.988451744854 -5.936379826960
.56 -6.018573242060 -5.995614659558 -5.934860451351
.57 -6.028046650297 -6.001391683403 -5.935472078860
.58 -6.038285670674 -6.005973083486 -5.938718660617
.59 -6.048708088401 -6.009543194717 -5.945157233341
.60 -6.058833775216 -6.012276981753 -5.952553096257
.61 -6.068357260774 -6.014337338961 -5.959645687251
.62 -6.077119846659 -6.015872731527 -5.966115002115
.63 -6.085059072141 -6.017015002477 -5.971889949391
.64 -6.092168909788 -6.017877290209 -5.976977362431
.65 -6.098474212314 -6.018552604971 -5.981413996239
.66 -6.104015411796 -6.019112254048 -5.985248410201
.67 -6.108839575498 -6.019606400512 -5.988532602983
.68 -6.112995237823 -6.020065175498 -5.991317702772
.69 -6.116529462589 -6.020501526733 -5.993651655678
.70 -6.119486231852 -6.020915156899 -5.995578013373
.71 -6.121905631094 -6.021296969216 -5.997135366466
.72 -6.123823515482 -6.021633436521 -5.998357174304
.73 -6.125271466825 -6.021910305773 -5.999271836669
.74 -6.126276924740 -6.022115351562 -5.999902918303
.75 -6.126863420051 -6.022240131068 -6.000269463867
.76 -6.127050865790 -6.022280845798 -6.000386365870
.77 -6.126855878229 -6.022238501495 -6.000264757837
.78 -6.126292111196 -6.022118533412 -5.999912423837
.79 -6.125370594011 -6.021930039139 -5.999334204005
.80 -6.124100068061 -6.021684719338 -5.998532395672
.81 -6.122487320423 -6.021395614427 -5.997507151943
.82 -6.120537515458 -6.021075708771 -5.996256867279
0.83 -6.118254527437 -6.020736504716 -5.994778558992
.84 -6.115641279264 -6.020386679735 -5.993068243818
.85 -6.112700094447 -6.020030970390 -5.991121316772
.86 -6.109433071892 -6.019669319117 -5.988932936606
.87 -6.105842496063 -6.019296705324 -5.986498428620
.88 -6.101931298886 -6.018902973816 -5.983813717787
.89 -6.097703594784 -6.018473173695 -5.980875812445
.90 -6.093165316749 -6.017988540227 -5.977683371151
.91 -6.088324989528 -6.017427305507 -5.974237407829
.92 -6.083194685465 -6.016765538164 -5.970542235680
.93 -6.077791217339 -6.015977823182 -5.966606846030
.94 -6.072137625730 -6.015038518112 -5.962447136323
.95 -6.066265003615 -6.013922123598 -5.958089938446
.96 -6.060214643317 -6.012603897528 -5.953581229613
.97 -6.054040345113 -6.011060275569 -5.949004946059
.98 -6.047810428527 -6.009269184496 -5.944529506248
.99 -6.041608492650 -6.007210267178 -5.940508497044
1.00 -6.035531395895 -6.004865038074 -5.937508354362
1.01 -6.029682799864 -6.002216986555 -5.935780395128
1.02 -6.024161974268 -5.999251643401 -5.934984650298
1.03 -6.019050970302 -5.995956624082 -5.934841903186
1.04 -6.014406743789 -5.992321661271 -5.935312298527
1.05 -6.010263703953 -5.988338638800 -5.936418074930
1.06 -6.006644620460 -5.984001640184 -5.938095515085
1.07 -6.003569461174 -5.979307027300 -5.940174681190
1.08 -6.001051056003 -5.974253569727 -5.942454937867
1.09 -5.999077110528 -5.968842653930 -5.944768934930
1.10 -5.997593387579 -5.963078617108 -5.955483986588
1.11 -5.996505351028 -5.956969279315 -5.949065960231
1.12 -5.995698481205 -5.950920016626 -5.950526804475
1.13 -5.995062150001 -5.952538323969 -5.943769145948
1.14 -5.994505079587 -5.953895945796 -5.936722650414
1.15 -5.993961200819 -5.954998633335 -5.929427393059
1.16 -5.993390138394 -5.955845738538 -5.922251271252
1.17 -5.992776392078 -5.956458439789 -5.916944983174
1.18 -5.992129643996 -5.956871188135 -5.917938868229
1.19 -5.991487463528 -5.957141534789 -5.919071001080
