45.0 0.75983570225832975 0.1863681 0.131362 -0.0536592
44.95 0.75917290940448456 0.1863684 0.1313626 -0.0536575
44.90 0.75851069267822968 0.1863692 0.1313645 -0.0536524
44.85 0.75784904956591581 0.1863707 0.1313677 -0.0536438
44.80 0.75718797756129208 0.1863727 0.1313721 -0.0536319
44.75 0.75652747416546084 0.1863753 0.1313779 -0.0536165
44.70 0.75586753688683117 0.1863784 0.1313848 -0.0535976
44.65 0.75520816324107432 0.1863822 0.1313931 -0.0535754
44.60 0.75454935075107776 0.1863865 0.1314026 -0.0535497
44.55 0.75389109694690015 0.1863914 0.1314134 -0.0535207
44.50 0.75323339936572720 0.1863968 0.1314254 -0.0534882
44.45 0.75257625555182672 0.1864028 0.1314388 -0.0534523
44.40 0.75191966305650404 0.1864094 0.1314534 -0.053413
44.35 0.75126361943805864 0.1864166 0.1314692 -0.0533703
44.30 0.75060812226173934 0.1864244 0.1314864 -0.0533241
44.25 0.74995316909970178 0.1864327 0.1315048 -0.0532746
44.20 0.74929875753096364 0.1864416 0.1315244 -0.0532217
44.15 0.74864488514136263 0.186451 0.1315454 -0.0531653
44.10 0.74799154952351277 0.1864611 0.1315676 -0.0531056
44.05 0.74733874827676172 0.1864717 0.131591 -0.0530425
44.00 0.74668647900714824 0.1864828 0.1316158 -0.052976
43.95 0.74603473932735997 0.1864946 0.1316418 -0.0529061
43.90 0.74538352685669107 0.1865069 0.1316691 -0.0528328
43.85 0.74473283922100009 0.1865197 0.1316976 -0.0527562
43.80 0.74408267405266870 0.1865332 0.1317274 -0.0526761
43.75 0.74343302899055930 0.1865472 0.1317585 -0.0525928
43.70 0.74278390167997466 0.1865617 0.1317908 -0.052506
43.65 0.74213528977261611 0.1865768 0.1318244 -0.0524159
43.60 0.74148719092654247 0.1865925 0.1318593 -0.0523224
43.55 0.74083960280612982 0.1866088 0.1318954 -0.0522256
43.50 0.74019252308203054 0.1866255 0.1319328 -0.0521255
43.45 0.73954594943113283 0.1866429 0.1319715 -0.052022
43.40 0.73889987953652059 0.1866608 0.1320115 -0.0519151
43.35 0.73825431108743367 0.1866793 0.1320526 -0.051805
43.30 0.73760924177922782 0.1866983 0.1320951 -0.0516915
43.25 0.73696466931333482 0.1867179 0.1321388 -0.0515747
43.20 0.73632059139722317 0.186738 0.1321838 -0.0514546
43.15 0.73567700574435957 0.1867586 0.1322301 -0.0513312
43.10 0.73503391007416841 0.1867799 0.1322776 -0.0512046
43.05 0.73439130211199355 0.1868016 0.1323264 -0.0510746
43.00 0.73374917958905994 0.1868239 0.1323764 -0.0509413
42.95 0.73310754024243474 0.1868468 0.1324277 -0.0508048
42.90 0.73246638181498858 0.1868702 0.1324803 -0.050665
42.85 0.73182570205535757 0.1868941 0.1325341 -0.050522
42.80 0.73118549871790539 0.1869186 0.1325892 -0.0503757
42.75 0.73054576956268569 0.1869436 0.1326455 -0.0502262
42.70 0.72990651235540349 0.1869691 0.1327031 -0.0500734
42.65 0.72926772486737823 0.1869952 0.1327619 -0.0499174
42.60 0.72862940487550631 0.1870218 0.1328221 -0.0497582
42.55 0.72799155016222405 0.1870489 0.1328834 -0.0495958
42.50 0.72735415851547003 0.1870766 0.1329461 -0.0494303
42.45 0.72671722772864877 0.1871047 0.1330099 -0.0492615
42.40 0.72608075560059371 0.1871334 0.1330751 -0.0490895
42.35 0.72544473993553082 0.1871627 0.1331415 -0.0489144
42.30 0.72480917854304194 0.1871924 0.1332091 -0.0487361
42.25 0.72417406923802852 0.1872227 0.133278 -0.0485547
42.20 0.72353940984067577 0.1872534 0.1333481 -0.0483701
42.15 0.72290519817641630 0.1872847 0.1334195 -0.0481824
42.10 0.72227143207589473 0.1873165 0.1334922 -0.0479916
42.05 0.72163810937493145 0.1873488 0.1335661 -0.0477977
42.00 0.72100522791448773 0.1873816 0.1336412 -0.0476007
41.95 0.72037278554063011 0.1874149 0.1337176 -0.0474006
41.90 0.71974078010449472 0.1874487 0.1337953 -0.0471974
41.85 0.71910920946225287 0.1874831 0.1338741 -0.0469912
41.80 0.71847807147507592 0.1875179 0.1339543 -0.0467819
41.75 0.71784736400909988 0.1875532 0.1340356 -0.0465696
41.70 0.71721708493539160 0.1875889 0.1341182 -0.0463542
41.65 0.71658723212991393 0.1876252 0.1342021 -0.0461359
41.60 0.71595780347349092 0.187662 0.1342872 -0.0459145
41.55 0.71532879685177420 0.1876992 0.1343735 -0.0456902
41.50 0.71470021015520846 0.1877369 0.1344611 -0.0454629
41.45 0.71407204127899770 0.1877751 0.1345499 -0.0452326
41.40 0.71344428812307092 0.1878138 0.1346399 -0.0449994
41.35 0.71281694859204914 0.1878529 0.1347312 -0.0447632
41.30 0.71219002059521097 0.1878925 0.1348237 -0.0445242
41.25 0.71156350204645979 0.1879326 0.1349174 -0.0442822
41.20 0.71093739086429042 0.1879731 0.1350124 -0.0440373
41.15 0.71031168497175501 0.1880141 0.1351086 -0.0437895
41.10 0.70968638229643122 0.1880556 0.135206 -0.0435389
41.05 0.70906148077038822 0.1880975 0.1353047 -0.0432854
41.00 0.70843697833015451 0.1881398 0.1354045 -0.0430291
40.95 0.70781287291668460 0.1881826 0.1355056 -0.04277
40.90 0.70718916247532726 0.1882259 0.1356079 -0.042508
40.85 0.70656584495579211 0.1882696 0.1357114 -0.0422433
40.80 0.70594291831211764 0.1883137 0.1358162 -0.0419758
40.75 0.70532038050263912 0.1883582 0.1359221 -0.0417055
40.70 0.70469822948995642 0.1884032 0.1360293 -0.0414325
40.65 0.70407646324090134 0.1884486 0.1361376 -0.0411568
40.60 0.70345507972650678 0.1884945 0.1362472 -0.0408783
40.55 0.70283407692197408 0.1885407 0.136358 -0.0405971
40.50 0.70221345280664171 0.1885874 0.13647 -0.0403133
40.45 0.70159320536395353 0.1886345 0.1365832 -0.0400268
40.40 0.70097333258142724 0.188682 0.1366976 -0.0397377
40.35 0.70035383245062366 0.1887299 0.1368131 -0.0394459
40.30 0.69973470296711415 0.1887782 0.1369299 -0.0391515
40.25 0.69911594213045092 0.1888269 0.1370479 -0.0388545
40.20 0.69849754794413488 0.188876 0.137167 -0.038555
40.15 0.69787951841558515 0.1889255 0.1372873 -0.0382529
40.10 0.69726185155610820 0.1889753 0.1374088 -0.0379482
40.05 0.69664454538086706 0.1890256 0.1375315 -0.037641
40.00 0.69602759790885060 0.1890762 0.1376554 -0.0373313
39.95 0.69541100716284310 0.1891272 0.1377804 -0.0370192
39.90 0.69479477116939314 0.1891786 0.1379066 -0.0367045
39.85 0.69417888795878446 0.1892304 0.138034 -0.0363874
39.80 0.69356335556500459 0.1892825 0.1381626 -0.0360679
39.75 0.69294817202571524 0.189335 0.1382923 -0.035746
39.70 0.69233333538222186 0.1893878 0.1384231 -0.0354216
39.65 0.69171884367944381 0.189441 0.1385551 -0.0350949
39.60 0.69110469496588456 0.1894945 0.1386883 -0.0347659
39.55 0.69049088729360164 0.1895484 0.1388226 -0.0344345
39.50 0.68987741871817743 0.1896026 0.138958 -0.0341008
39.45 0.68926428729868816 0.1896571 0.1390946 -0.0337648
39.40 0.68865149109767598 0.189712 0.1392323 -0.0334266
39.35 0.68803902818111884 0.1897672 0.1393711 -0.0330861
39.30 0.68742689661840040 0.1898228 0.1395111 -0.0327433
39.25 0.68681509448228206 0.1898786 0.1396522 -0.0323984
39.20 0.68620361984887257 0.1899347 0.1397944 -0.0320513
39.15 0.68559247079759911 0.1899912 0.1399377 -0.031702
39.10 0.68498164541117901 0.190048 0.1400821 -0.0313505
39.05 0.68437114177558944 0.190105 0.1402276 -0.030997
39.00 0.68376095798003989 0.1901624 0.1403742 -0.0306413
38.95 0.68315109211694214 0.1902201 0.1405219 -0.0302836
38.90 0.68254154228188213 0.190278 0.1406707 -0.0299238
38.85 0.68193230657359116 0.1903362 0.1408206 -0.029562
38.80 0.68132338309391693 0.1903947 0.1409715 -0.0291981
38.75 0.68071476994779589 0.1904535 0.1411235 -0.0288323
38.70 0.68010646524322338 0.1905125 0.1412766 -0.0284645
38.65 0.67949846709122641 0.1905718 0.1414307 -0.0280948
38.60 0.67889077360583494 0.1906314 0.1415859 -0.0277231
38.55 0.67828338290405310 0.1906912 0.1417421 -0.0273496
38.50 0.67767629310583211 0.1907512 0.1418993 -0.0269742
38.45 0.67706950233404084 0.1908115 0.1420576 -0.026597
38.40 0.67646300871443843 0.1908721 0.1422169 -0.0262179
38.35 0.67585681037564649 0.1909329 0.1423772 -0.025837
38.30 0.67525090544912036 0.1909939 0.1425385 -0.0254544
38.25 0.67464529206912238 0.1910551 0.1427009 -0.02507
38.20 0.67403996837269264 0.1911165 0.1428642 -0.0246839
38.15 0.67343493249962227 0.1911782 0.1430285 -0.0242962
38.10 0.67283018259242555 0.19124 0.1431938 -0.0239067
38.05 0.67222571679631171 0.1913021 0.14336 -0.0235156
38.00 0.67162153325915808 0.1913644 0.1435272 -0.0231229
37.95 0.67101763013148197 0.1914268 0.1436954 -0.0227286
37.90 0.67041400556641328 0.1914895 0.1438645 -0.0223327
37.85 0.66981065771966752 0.1915523 0.1440345 -0.0219353
37.80 0.66920758474951780 0.1916153 0.1442055 -0.0215364
37.75 0.66860478481676788 0.1916785 0.1443774 -0.021136
37.70 0.66800225608472497 0.1917418 0.1445502 -0.0207342
37.65 0.66739999671917172 0.1918053 0.1447238 -0.0203309
37.60 0.66679800488834029 0.1918689 0.1448984 -0.0199263
37.55 0.66619627876288412 0.1919328 0.1450738 -0.0195203
37.50 0.66559481651585173 0.1919967 0.1452501 -0.0191129
37.45 0.66499361632265863 0.1920608 0.1454273 -0.0187042
37.40 0.66439267636106136 0.192125 0.1456053 -0.0182942
37.35 0.66379199481112994 0.1921894 0.1457841 -0.017883
37.30 0.66319156985522110 0.1922538 0.1459637 -0.0174706
37.25 0.66259139967795155 0.1923184 0.1461442 -0.0170569
37.20 0.66199148246617079 0.1923831 0.1463254 -0.0166421
37.15 0.66139181640893463 0.192448 0.1465074 -0.0162262
37.10 0.66079239969747838 0.1925129 0.1466901 -0.0158092
37.05 0.66019323052519030 0.1925779 0.1468737 -0.0153911
37.00 0.65959430708758449 0.192643 0.1470579 -0.0149719
36.95 0.65899562758227459 0.1927082 0.1472429 -0.0145517
36.90 0.65839719020894694 0.1927734 0.1474286 -0.0141306
36.85 0.65779899316933454 0.1928388 0.1476149 -0.0137085
36.80 0.65720103466718971 0.1929042 0.147802 -0.0132855
36.75 0.65660331290825846 0.1929696 0.1479897 -0.0128617
36.70 0.65600582610025293 0.1930351 0.1481781 -0.0124369
36.65 0.65540857245282624 0.1931007 0.1483671 -0.0120114
36.60 0.65481155017754511 0.1931663 0.1485566 -0.0115851
36.55 0.65421475748786373 0.1932319 0.1487468 -0.011158
36.50 0.65361819259909770 0.1932976 0.1489376 -0.0107303
36.45 0.65302185372839705 0.1933633 0.1491289 -0.0103018
36.40 0.65242573909472057 0.1934291 0.1493208 -0.0098727
36.35 0.65182984691880952 0.1934948 0.1495131 -0.009443
36.30 0.65123417542316075 0.1935605 0.149706 -0.0090127
36.25 0.65063872283200119 0.1936263 0.1498993 -0.0085819
36.20 0.65004348737126105 0.193692 0.1500931 -0.0081506
36.15 0.64944846726854788 0.1937578 0.1502874 -0.0077188
36.10 0.64885366075312068 0.1938235 0.150482 -0.0072866
36.05 0.64825906605586314 0.1938892 0.150677 -0.006854
36.00 0.64766468140925815 0.1939549 0.1508724 -0.0064211
35.95 0.64707050504736097 0.1940205 0.1510682 -0.0059878
35.90 0.64647653520577386 0.1940861 0.1512642 -0.0055543
35.85 0.64588277012161954 0.1941517 0.1514606 -0.0051205
35.80 0.64528920803351497 0.1942172 0.1516572 -0.0046865
35.75 0.64469584718154593 0.1942826 0.151854 -0.0042524
35.70 0.64410268580724028 0.194348 0.1520511 -0.0038181
35.65 0.64350972215354219 0.1944133 0.1522483 -0.0033838
35.60 0.64291695446478636 0.1944786 0.1524457 -0.0029494
35.55 0.64232438098667155 0.1945437 0.1526432 -0.0025151
35.50 0.64173199996623487 0.1946088 0.1528408 -0.0020808
35.45 0.64113980965182582 0.1946738 0.1530385 -0.0018724
35.40 0.64054780829307956 0.1947387 0.1532362 -0.0019327
35.35 0.63995599414089233 0.1948034 0.1534339 -0.0019938
35.30 0.63936436544739395 0.1948681 0.1536316 -0.0020559
35.25 0.63877292046592293 0.1949326 0.1538292 -0.0021189
35.20 0.63818165745099997 0.194997 0.1540266 -0.0021829
35.15 0.63759057465830182 0.1950613 0.154224 -0.0022477
35.10 0.63699967034463578 0.1951255 0.1544211 -0.0023135
35.05 0.63640894276791349 0.1951895 0.1546181 -0.0023803
35.00 0.63581839018712483 0.1952533 0.1548148 -0.002448
34.95 0.63522801086231206 0.195317 0.1550111 -0.0025167
34.90 0.63463780305454343 0.1953805 0.1552072 -0.0025863
34.85 0.63404776502588822 0.1954439 0.1554028 -0.002657
34.80 0.63345789503938943 0.1955071 0.155598 -0.0027285
34.75 0.63286819135903882 0.1955701 0.1557928 -0.0028011
34.70 0.63227865224975011 0.1956329 0.155987 -0.0028746
34.65 0.63168927597733326 0.1956955 0.1561807 -0.0029492
34.60 0.63110006080846870 0.1957579 0.1563737 -0.0030247
34.55 0.63051100501068102 0.1958202 0.1565661 -0.0031012
34.50 0.62992210685231265 0.1958822 0.1567577 -0.0031787
34.45 0.62933336460249822 0.195944 0.1569486 -0.0032572
34.40 0.62874477653113825 0.1960055 0.1571386 -0.0033368
34.35 0.62815634090887318 0.1960668 0.1573278 -0.0034173
34.30 0.62756805600705678 0.1961279 0.157516 -0.0034989
34.25 0.62697992009773107 0.1961888 0.1577032 -0.0035815
34.20 0.62639193145359873 0.1962494 0.1578893 -0.0036651
34.15 0.62580408834799783 0.1963097 0.1580744 -0.0037498
34.10 0.62521638905487575 0.1963698 0.1582582 -0.0038355
34.05 0.62462883184876250 0.1964296 0.1584408 -0.0039222
34.00 0.62404141500474464 0.1964891 0.158622 -0.00401
33.95 0.62345413679843897 0.1965484 0.1588019 -0.0040988
33.90 0.62286699550596603 0.1966073 0.1589803 -0.0041887
33.85 0.62227998940392448 0.196666 0.1591571 -0.0042796
33.80 0.62169311676936412 0.1967244 0.1593323 -0.0043716
33.75 0.62110637587975959 0.1967824 0.1595059 -0.0044647
33.70 0.62051976501298423 0.1968401 0.1596777 -0.0045588
33.65 0.61993328244728318 0.1968976 0.1598476 -0.004654
33.60 0.61934692646124778 0.1969547 0.1600156 -0.0047503
33.55 0.61876069533378786 0.1970114 0.1601816 -0.0048477
33.50 0.61817458734410646 0.1970678 0.1603454 -0.0049461
33.45 0.61758860077167221 0.1971239 0.1605071 -0.0050456
33.40 0.61700273389619331 0.1971796 0.1606664 -0.0051463
33.35 0.61641698499759090 0.197235 0.1608234 -0.005248
33.30 0.61583135235597231 0.19729 0.1609779 -0.0053508
33.25 0.61524583425160395 0.1973446 0.1611298 -0.0054547
33.20 0.61466042896488526 0.1973989 0.1612791 -0.0055597
33.15 0.61407513477632125 0.1974527 0.1614255 -0.0056659
33.10 0.61348994996649608 0.1975062 0.1615691 -0.0057731
33.05 0.61290487281604611 0.1975593 0.1617096 -0.0058815
33.00 0.61231990160563299 0.197612 0.161847 -0.0059909
32.95 0.61173503461591627 0.1976643 0.1619812 -0.0061015
32.90 0.61115027012752698 0.1977161 0.1621121 -0.0062133
32.85 0.61056560642104030 0.1977675 0.1622394 -0.0063261
32.80 0.60998104177694812 0.1978185 0.1623632 -0.0064401
32.75 0.60939657447563289 0.1978691 0.1624833 -0.0065552
32.70 0.60881220279733894 0.1979193 0.1625995 -0.0066715
32.65 0.60822792502214618 0.1979689 0.1627117 -0.0067889
32.60 0.60764373942994288 0.1980182 0.1628198 -0.0069075
32.55 0.60705964430039738 0.1980669 0.1629237 -0.0070272
32.50 0.60647563791293169 0.1981152 0.1630232 -0.007148
32.45 0.60589171854669355 0.1981631 0.1631182 -0.00727
32.40 0.60530788448052819 0.1982104 0.1632085 -0.0073932
32.35 0.60472413399295200 0.1982573 0.163294 -0.0075175
32.30 0.60414046536212396 0.1983037 0.1633746 -0.007643
32.25 0.60355687686581816 0.1983496 0.16345 -0.0077696
32.20 0.60297336678139601 0.198395 0.1635202 -0.0078975
32.15 0.60238993338577806 0.1984399 0.1635849 -0.0080265
32.10 0.60180657495541667 0.1984842 0.1636441 -0.0081566
32.05 0.60122328976626727 0.1985281 0.1636976 -0.008288
32.00 0.60064007609376124 0.1985714 0.1637452 -0.0084205
31.95 0.60005693221277612 0.1986142 0.1637867 -0.0085542
31.90 0.59947385639760953 0.1986564 0.163822 -0.0086891
31.85 0.59889084692194905 0.1986981 0.163851 -0.0088252
31.80 0.59830790205884488 0.1987392 0.1638734 -0.0089625
31.75 0.59772502008068074 0.1987798 0.1638891 -0.009101
31.70 0.59714219925914636 0.1988198 0.1638979 -0.0092407
31.65 0.59655943786520738 0.1988593 0.1638997 -0.0093816
31.60 0.59597673416907782 0.1988982 0.1638943 -0.0095237
31.55 0.59539408644019098 0.1989365 0.1638816 -0.009667
31.50 0.59481149294717062 0.1987789 0.1638613 -0.0098116
31.45 0.59422895195780179 0.1986117 0.1638333 -0.0099573
31.40 0.59364646173900193 0.1984392 0.1637974 -0.0101043
31.35 0.59306402055679219 0.1982613 0.1637535 -0.0102525
31.30 0.59248162667626747 0.1980779 0.1637015 -0.0104019
31.25 0.59189927836156764 0.197889 0.1636411 -0.0105525
31.20 0.59131697387584792 0.1976944 0.1635722 -0.0107044
31.15 0.59073471148124979 0.1974941 0.1634947 -0.0108576
31.10 0.59015248943887078 0.1972879 0.1634083 -0.0110119
31.05 0.58957030600873539 0.1970758 0.163313 -0.0111675
31.00 0.58898815944976501 0.1968577 0.1632087 -0.0113244
30.95 0.58840604801974816 0.1966335 0.1630951 -0.0114825
30.90 0.58782396997531072 0.1964032 0.1629721 -0.0116419
30.85 0.58724192357188520 0.1961666 0.1628397 -0.0118025
30.80 0.58665990706368132 0.1959237 0.1626976 -0.0119644
30.75 0.58607791870365555 0.1956743 0.1625458 -0.0121276
30.70 0.58549595674348021 0.1954185 0.1623842 -0.0122921
30.65 0.58491401943351373 0.1951561 0.1622126 -0.0124578
30.60 0.58433210502276955 0.1948871 0.162031 -0.0126248
30.55 0.58375021175888564 0.1946114 0.1618392 -0.0127931
30.50 0.58316833788809341 0.194329 0.1616372 -0.0129627
30.45 0.58258648165518689 0.1940398 0.1614249 -0.0131336
30.40 0.58200464130349217 0.1937436 0.1612022 -0.0133058
30.35 0.58142281507483518 0.1934406 0.160969 -0.0134793
30.30 0.58084100120951132 0.1931306 0.1607254 -0.0136542
30.25 0.58025919794625369 0.1928136 0.1604712 -0.0138303
30.20 0.57967740352220132 0.1924895 0.1602064 -0.0140078
30.15 0.57909561617286820 0.1921583 0.159931 -0.0141866
30.10 0.57851383413211033 0.19182 0.159645 -0.0143668
30.05 0.57793205563209493 0.1914745 0.1593483 -0.0145483
30.00 0.57735027890326807 0.1911218 0.1590409 -0.0147311
29.95 0.57676850217432185 0.1907619 0.1587229 -0.0149154
29.90 0.57618672367216306 0.1903947 0.1583942 -0.015101
29.85 0.57560494162187992 0.1900203 0.1580548 -0.015288
29.80 0.57502315424671002 0.1896386 0.1577049 -0.0154763
29.75 0.57444135976800692 0.1892496 0.1573443 -0.0156661
29.70 0.57385955640520825 0.1888533 0.1569732 -0.0158572
29.65 0.57327774237580176 0.1884498 0.1565916 -0.0160498
29.60 0.57269591589529301 0.1880389 0.1561995 -0.0162438
29.55 0.57211407517717083 0.1876208 0.1557971 -0.0164393
29.50 0.57153221843287527 0.1871954 0.1553843 -0.0166361
29.45 0.57095034387176313 0.1867628 0.1549613 -0.0168345
29.40 0.57036844970107436 0.1863229 0.1545281 -0.0170343
29.35 0.56978653412589808 0.1858758 0.1540848 -0.0172356
29.30 0.56920459534913859 0.1854216 0.1536315 -0.0174383
29.25 0.56862263157148163 0.1849601 0.1531682 -0.0176426
29.20 0.56804064099135865 0.1844916 0.1526952 -0.0178484
29.15 0.56745862180491358 0.184016 0.1522125 -0.0180558
29.10 0.56687657220596777 0.1835334 0.1517202 -0.0182646
29.05 0.56629449038598434 0.1830438 0.1512184 -0.0184751
29.00 0.56571237453403433 0.1825472 0.1507072 -0.0186871
28.95 0.56513022283676029 0.1820438 0.1501868 -0.0189007
28.90 0.56454803347834170 0.1815335 0.1496573 -0.019116
28.85 0.56396580464045909 0.1810165 0.1491187 -0.0193328
28.80 0.56338353450225820 0.1804927 0.1485713 -0.0195514
28.75 0.56280122124031395 0.1799624 0.1480151 -0.0197716
28.70 0.56221886302859492 0.1794255 0.1474503 -0.0199935
28.65 0.56163645803842610 0.1788821 0.146877 -0.0202171
28.60 0.56105400443845332 0.1783322 0.1462954 -0.0204424
28.55 0.56047150039460558 0.1777761 0.1457056 -0.0206696
28.50 0.55988894407005929 0.1772137 0.1451076 -0.0208985
28.45 0.55930633362520032 0.1766451 0.1445018 -0.0211292
28.40 0.55872366721758682 0.1760705 0.1438881 -0.0213618
28.35 0.55814094300191230 0.1754898 0.1432668 -0.0215963
28.30 0.55755815912996731 0.1749033 0.1426379 -0.0218326
28.25 0.55697531375060216 0.174311 0.1420016 -0.0220709
28.20 0.55639240500968834 0.1737129 0.1413581 -0.0223112
28.15 0.55580943105008029 0.1731093 0.1407075 -0.0225535
28.10 0.55522639001157725 0.1725002 0.1400499 -0.0227979
28.05 0.55464328003088403 0.1718857 0.1393855 -0.0230443
28.00 0.55406009924157285 0.1712658 0.1387143 -0.0232929
27.95 0.55347684577404310 0.1706409 0.1380366 -0.0235437
27.90 0.55289351775548301 0.1700108 0.1373525 -0.0237966
27.85 0.55231011330982938 0.1693758 0.1366621 -0.0240519
27.80 0.55172663055772764 0.1687359 0.1359655 -0.0243094
27.75 0.55114306761649301 0.1680913 0.135263 -0.0245694
27.70 0.55055942260006829 0.1674421 0.1345545 -0.0248317
27.65 0.54997569361898513 0.1667884 0.1338403 -0.0250966
27.60 0.54939187878032203 0.1661304 0.1331204 -0.025364
27.55 0.54880797618766397 0.1654681 0.1323951 -0.025634
27.50 0.54822398394106098 0.1648016 0.1316643 -0.0259067
27.45 0.54763990013698649 0.1641312 0.1309284 -0.0261821
27.40 0.54705572286829596 0.163457 0.1301874 -0.0264604
27.35 0.54647145022418464 0.162779 0.1294414 -0.0267415
27.30 0.54588708029014499 0.1620973 0.1286905 -0.0270257
27.25 0.54530261114792489 0.1614123 0.1279349 -0.0273129
27.20 0.54471804087548426 0.1607238 0.1271748 -0.0276032
27.15 0.54413336754695263 0.1600322 0.1264101 -0.0278968
27.10 0.54354858923258453 0.1593376 0.1256411 -0.0281938
27.05 0.54296370399871785 0.15864 0.1248679 -0.0284942
27.00 0.54237870990772830 0.1579396 0.1240906 -0.0287982
26.95 0.54179360501798601 0.1572366 0.1233094 -0.0291058
26.90 0.54120838738381127 0.1565311 0.1225243 -0.0294173
26.85 0.54062305505542918 0.1558233 0.1217354 -0.0297326
26.80 0.54003760607892537 0.1551133 0.120943 -0.030052
26.75 0.53945203849620049 0.1544012 0.1201471 -0.0303756
26.70 0.53886635034492414 0.1536873 0.1193478 -0.0307035
26.65 0.53828053965848977 0.1529716 0.1185453 -0.0310359
26.60 0.53769460446596806 0.1522544 0.1177396 -0.031373
26.55 0.53710854279206044 0.1515357 0.116931 -0.0317148
26.50 0.53652235265705239 0.1508158 0.1161195 -0.0320616
26.45 0.53593603207676654 0.1500948 0.1153053 -0.0324136
26.40 0.53534957906251479 0.1493729 0.1144884 -0.0327709
26.35 0.53476299162105112 0.1486502 0.1136691 -0.0331337
26.30 0.53417626775452287 0.147927 0.1128473 -0.0335023
26.25 0.53358940546042311 0.1472033 0.1120233 -0.0338768
26.20 0.53300240273154131 0.1464794 0.1111972 -0.0342575
26.15 0.53241525755591457 0.1457554 0.1103691 -0.0346446
26.10 0.53182796791677822 0.1450316 0.1095391 -0.0350384
26.05 0.53124053179251596 0.144308 0.1087073 -0.0354391
26.00 0.53065294715660993 0.143585 0.1078739 -0.0358469
25.95 0.53006521197759027 0.1428626 0.107039 -0.0362622
25.90 0.52947732421898386 0.1421411 0.1062028 -0.0366852
25.85 0.52888928183926420 0.1414207 0.1053653 -0.0371162
25.80 0.52830108279179877 0.1407015 0.1045267 -0.0375556
25.75 0.52771272502479782 0.1399838 0.1036871 -0.0380036
25.70 0.52712420648126190 0.1392678 0.1028467 -0.0384606
25.65 0.52653552509892954 0.1385537 0.1020056 -0.0389268
25.60 0.52594667881022350 0.1378416 0.1011639 -0.0394027
25.55 0.52535766554219843 0.1371318 0.1003218 -0.0398887
25.50 0.52476848321648584 0.1364246 0.0994794 -0.040385
25.45 0.52417912974924130 0.1357201 0.0986369 -0.0408921
25.40 0.52358960305108848 0.1350185 0.0977944 -0.0414103
25.35 0.52299990102706539 0.1343202 0.096952 -0.0419401
25.30 0.52241002157656802 0.1336252 0.0961099 -0.0424818
25.25 0.52181996259329522 0.1329339 0.0952682 -0.0430359
25.20 0.52122972196519191 0.1322465 0.0944271 -0.0436029
25.15 0.52063929757439309 0.1315632 0.0935868 -0.044183
25.10 0.52004868729716613 0.1308843 0.0927473 -0.0447769
25.05 0.51945788900385370 0.1302099 0.0919089 -0.0453848
25.00 0.51886690055881535 0.1295405 0.0910717 -0.0460073
24.95 0.51827571982036957 0.1288761 0.0902359 -0.0466449
24.90 0.51768434464073498 0.1282171 0.0894017 -0.0472979
24.85 0.51709277286597055 0.1275637 0.0885691 -0.0479668
24.80 0.51650100233591645 0.1269162 0.0877384 -0.0486521
24.75 0.51590903088413309 0.1262749 0.0869098 -0.0493543
24.70 0.51531685633784119 0.1256399 0.0860833 -0.0500737
24.65 0.51472447651786013 0.1250116 0.0852593 -0.0508109
24.60 0.51413188923854658 0.1243903 0.0844378 -0.0515662
24.55 0.51353909230773198 0.1237761 0.083619 -0.0523401
24.50 0.51294608352666027 0.1231694 0.0828032 -0.053133
24.45 0.51235286068992469 0.1225704 0.0819904 -0.0539453
24.40 0.51175942158540400 0.1219795 0.081181 -0.0547774
24.35 0.51116576399419855 0.1213968 0.080375 -0.0556296
24.30 0.51057188569056522 0.1208227 0.0795727 -0.0565024
24.25 0.50997778444185260 0.1202573 0.0787742 -0.0573961
24.20 0.50938345800843532 0.1197011 0.0779797 -0.058311
24.15 0.50878890414364741 0.1191542 0.0771895 -0.0592474
24.10 0.50819412059371571 0.1186169 0.0764038 -0.0602056
24.05 0.50759910509769279 0.1180894 0.0756226 -0.0611857
24.00 0.50700385538738835 0.117572 0.0748462 -0.0621882
23.95 0.50640836918730148 0.117065 0.0740749 -0.0632131
23.90 0.50581264421455108 0.1165686 0.0733088 -0.0642606
23.85 0.50521667817880678 0.1160831 0.0725481 -0.0653309
23.80 0.50462046878221822 0.1156086 0.071793 -0.0664241
23.75 0.50402401371934424 0.1151453 0.0710437 -0.0675403
23.70 0.50342731067708213 0.1146936 0.0703004 -0.0686796
23.65 0.50283035733459502 0.1142536 0.0695633 -0.0698419
23.60 0.50223315136323943 0.1138254 0.0688326 -0.0710274
23.55 0.50163569042649214 0.1134093 0.0681084 -0.0722359
23.50 0.50103797217987622 0.1130055 0.0673911 -0.0734674
23.45 0.50043999427088670 0.112614 0.0666808 -0.0747219
23.40 0.49984175433891520 0.112235 0.0659776 -0.0759992
23.35 0.49924325001517428 0.1118687 0.0652818 -0.0772992
23.30 0.49864447892262104 0.1115152 0.0645935 -0.0786218
23.25 0.49804543867587991 0.1111744 0.063913 -0.0799668
23.20 0.49744612688116491 0.1108466 0.0632403 -0.081334
23.15 0.49684654113620130 0.1105318 0.0625758 -0.0827231
23.10 0.49624667903014597 0.1102299 0.0619195 -0.0841339
23.05 0.49564653814350829 0.109941 0.0612716 -0.0855662
23.00 0.49504611604806875 0.1096651 0.0606324 -0.0870197
22.95 0.49444541030679834 0.1094021 0.0600019 -0.088494
22.90 0.49384441847377619 0.1091521 0.0593803 -0.0899889
22.85 0.49324313809410680 0.1089148 0.0587678 -0.0915041
22.80 0.49264156670383669 0.1086902 0.0581645 -0.0930392
22.75 0.49203970182987000 0.1084782 0.0575705 -0.0945939
22.70 0.49143754098988363 0.1082785 0.0569861 -0.0961677
22.65 0.49083508169224127 0.1080911 0.0564112 -0.0977605
22.60 0.49023232143590700 0.1079156 0.0558461 -0.0993717
22.55 0.48962925771035787 0.107752 0.0552908 -0.1010011
22.50 0.48902588799549546 0.1075998 0.0547455 -0.1026483
22.45 0.48842220976155742 0.1074588 0.0542103 -0.1043128
22.40 0.48781822046902723 0.1073286 0.0536852 -0.1059944
22.35 0.48721391756854376 0.1072091 0.0531704 -0.1076927
22.30 0.48660929850080958 0.1070997 0.0526659 -0.1094072
22.25 0.48600436069649899 0.1070001 0.0521718 -0.1111377
22.20 0.48539910157616445 0.1069099 0.0516882 -0.1128838
22.15 0.48479351855014252 0.1068286 0.0512152 -0.1146452
22.10 0.48418760901845936 0.1067558 0.0507527 -0.1164215
22.05 0.48358137037073412 0.106691 0.050301 -0.1182124
22.00 0.48297479998608267 0.1066337 0.0498599 -0.1200176
21.95 0.48236789523301982 0.1065835 0.0494296 -0.1218369
21.90 0.48176065346936059 0.1065397 0.04901 -0.1236699
21.85 0.48115307204212066 0.1065019 0.0486013 -0.1255163
21.80 0.48054514828741574 0.1064694 0.0482033 -0.127376
21.75 0.47993687953036013 0.1064418 0.0478163 -0.1292486
21.70 0.47932826308496429 0.1064185 0.0474401 -0.1311341
21.65 0.47871929625403137 0.1063989 0.0470747 -0.1330321
21.60 0.47810997632905239 0.1063824 0.0467203 -0.1349425
21.55 0.47750030059010101 0.1063684 0.0463767 -0.1368651
21.50 0.47689026630572684 0.1063563 0.046044 -0.1387999
21.45 0.47627987073284805 0.1063456 0.0457222 -0.1407466
21.40 0.47566911111664228 0.1063357 0.0454113 -0.1427052
21.35 0.47505798469043725 0.106326 0.0451112 -0.1446757
21.30 0.47444648867559963 0.106316 0.044822 -0.1466579
21.25 0.47383462028142359 0.106305 0.0445436 -0.1486518
21.20 0.47322237670501677 0.1062926 0.0442761 -0.1506574
21.15 0.47260975513118736 0.1062782 0.0440194 -0.1526748
21.10 0.47199675273232761 0.1062613 0.0437736 -0.1547038
21.05 0.47138336666829789 0.1062414 0.0435385 -0.1567447
21.00 0.47076959408630886 0.106218 0.0433142 -0.1587974
20.95 0.47015543212080257 0.1061906 0.0431007 -0.160862
20.90 0.46954087789333243 0.1061589 0.0428981 -0.1629387
20.85 0.46892592851244164 0.1061223 0.0427062 -0.1650275
20.80 0.46831058107354084 0.1060806 0.042525 -0.1671287
20.75 0.46769483265878409 0.1060332 0.0423547 -0.1692423
20.70 0.46707868033694405 0.1059799 0.0421952 -0.1713685
20.65 0.46646212116328506 0.1059203 0.0420465 -0.1735076
20.60 0.46584515217943595 0.1058542 0.0419086 -0.1756597
20.55 0.46522777041326047 0.1057812 0.0417815 -0.1778251
20.50 0.46460997287872730 0.1057012 0.0416653 -0.180004
20.45 0.46399175657577785 0.1056139 0.04156 -0.1821966
20.40 0.46337311849019369 0.1055191 0.0414656 -0.1844033
20.35 0.46275405559346122 0.1054167 0.0413822 -0.1866242
20.30 0.46213456484263626 0.1053065 0.0413099 -0.1888597
20.25 0.46151464318020630 0.1051885 0.0412486 -0.1911099
20.20 0.46089428753395190 0.1050625 0.0411984 -0.1933754
20.15 0.46027349481680574 0.1049286 0.0411595 -0.1956562
20.10 0.45965226192671138 0.1047867 0.0411319 -0.1979527
20.05 0.45903058574647937 0.1046369 0.0411156 -0.2002652
20.00 0.45840846314364242 0.1044791 0.0411108 -0.2025941
19.95 0.45778589097030903 0.1043136 0.0411176 -0.2049395
19.90 0.45716286606301498 0.1041403 0.0411361 -0.2073018
19.85 0.45653938524257409 0.1039594 0.0411665 -0.2096813
19.80 0.45591544531392630 0.103771 0.0412087 -0.2120782
19.75 0.45529104306598517 0.1035754 0.0412631 -0.2144928
19.70 0.45466617527148268 0.1033728 0.0413298 -0.2169254
19.65 0.45404083868681316 0.1031634 0.0414088 -0.219376
19.60 0.45341503005187517 0.1029474 0.0415005 -0.2218451
19.55 0.45278874608991104 0.1027253 0.041605 -0.2243327
19.50 0.45216198350734593 0.1024972 0.0417224 -0.226839
19.45 0.45153473899362395 0.1022636 0.041853 -0.2293642
19.40 0.45090700922104293 0.1020247 0.0419971 -0.2319083
19.35 0.45027879084458722 0.1017811 0.0421549 -0.2344714
19.30 0.44965008050175848 0.1015332 0.0423265 -0.2370535
19.25 0.44902087481240505 0.1012814 0.0425124 -0.2396547
19.20 0.44839117037854909 0.1010262 0.0427127 -0.2422748
19.15 0.44776096378421115 0.1007681 0.0429277 -0.2449138
19.10 0.44713025159523395 0.1005077 0.0431578 -0.2475715
19.05 0.44649903035910310 0.1002456 0.0434033 -0.2502476
19.00 0.44586729660476643 0.0999823 0.0436645 -0.252942
18.95 0.44523504684245080 0.0997186 0.0439418 -0.2556543
18.90 0.44460227756347698 0.099455 0.0442354 -0.258384
18.85 0.44396898524007278 0.0991923 0.0445459 -0.2611308
18.80 0.44333516632518272 0.0989313 0.0448735 -0.2638942
18.75 0.44270081725227745 0.0986726 0.0452187 -0.2666734
18.70 0.44206593443515912 0.0984173 0.0455819 -0.2694679
18.65 0.44143051426776569 0.098166 0.0459634 -0.272277
18.60 0.44079455312397198 0.0979196 0.0463639 -0.2750997
18.55 0.44015804735738923 0.0976793 0.0467836 -0.2779352
18.50 0.43952099330116196 0.0974458 0.0472231 -0.2807826
18.45 0.43888338726776216 0.0972202 0.0476828 -0.2836408
18.40 0.43824522554878126 0.0970036 0.0481632 -0.2865087
18.35 0.43760650441471993 0.096797 0.0486648 -0.2893851
18.30 0.43696722011477462 0.0966016 0.0491881 -0.2922687
18.25 0.43632736887662232 0.0964187 0.0497336 -0.2951582
18.20 0.43568694690620202 0.0962493 0.0503018 -0.2980522
18.15 0.43504595038749433 0.0960947 0.0508931 -0.3009493
18.10 0.43440437548229766 0.0959563 0.0515082 -0.303848
18.05 0.43376221833000173 0.0958353 0.0521474 -0.3067466
18.00 0.43311947504735931 0.0957331 0.0528113 -0.3096436
17.95 0.43247614172825383 0.0956511 0.0535003 -0.3125373
17.90 0.43183221444346498 0.0955906 0.054215 -0.3154262
17.85 0.43118768924043122 0.095553 0.0549558 -0.3183084
17.80 0.43054256214300907 0.0955398 0.0557232 -0.3211822
17.75 0.42989682915123001 0.0955523 0.0565176 -0.3240461
17.70 0.42925048624105394 0.095592 0.0573393 -0.3268983
17.65 0.42860352936411933 0.0956603 0.0581889 -0.329737
17.60 0.42795595444749102 0.0957585 0.0590666 -0.3325607
17.55 0.42730775739340404 0.095888 0.0599727 -0.3353677
17.50 0.42665893407900496 0.09605 0.0607789 -0.3381565
17.45 0.42600948035608893 0.0962459 0.0599878 -0.3409255
17.40 0.42535939205083484 0.0964768 0.0592059 -0.3436733
17.35 0.42470866496353571 0.0967439 0.0584334 -0.3463985
17.30 0.42405729486832622 0.0970483 0.0576701 -0.3490998
17.25 0.42340527751290741 0.097391 0.056916 -0.351776
17.20 0.42275260861826658 0.0977728 0.0561712 -0.3544259
17.15 0.42209928387839457 0.0981947 0.0554357 -0.3570485
17.10 0.42144529895999888 0.0986574 0.0547093 -0.3596429
17.05 0.42079064950221312 0.0991614 0.0539921 -0.3622084
17.00 0.42013533111630319 0.0997074 0.0532839 -0.364744
16.95 0.41947933938536919 0.1002958 0.0525847 -0.3672493
16.90 0.41882266986404287 0.100927 0.0518945 -0.3697238
16.85 0.41816531807818275 0.1016011 0.051213 -0.372167
16.80 0.41750727952456318 0.1023183 0.0505403 -0.3745787
16.75 0.41684854967056112 0.1030786 0.0498762 -0.3769586
16.70 0.41618912395383745 0.1038821 0.0492206 -0.3793066
16.65 0.41552899778201507 0.1047285 0.0485734 -0.3816228
16.60 0.41486816653235176 0.1056175 0.0479344 -0.3839072
16.55 0.41420662555140919 0.106549 0.0473036 -0.38616
16.50 0.41354437015471773 0.1075224 0.0466807 -0.3883813
16.45 0.41288139562643611 0.1085373 0.0460657 -0.3905715
16.40 0.41221769721900697 0.1095932 0.0454584 -0.392731
16.35 0.41155327015280768 0.1106894 0.0448587 -0.3948601
16.30 0.41088810961579586 0.1118254 0.0442664 -0.3969593
16.25 0.41022221076315113 0.1130004 0.0436814 -0.3990291
16.20 0.40955556871691118 0.1142136 0.0431036 -0.4010701
16.15 0.40888817856560256 0.1154644 0.0425327 -0.4030827
16.10 0.40822003536386753 0.1167518 0.0419688 -0.4050677
16.05 0.40755113413208455 0.1180752 0.0414115 -0.4070255
16.00 0.40688146985598445 0.1194336 0.0408608 -0.4089569
15.95 0.40621103748626042 0.1208263 0.0403166 -0.4108625
15.90 0.40553983193817339 0.1222522 0.0397787 -0.4127429
15.85 0.40486784809115106 0.1237107 0.0392469 -0.4145988
15.80 0.40419508078838223 0.1252008 0.0387213 -0.4164307
15.75 0.40352152483640419 0.1267216 0.0382016 -0.4182394
15.70 0.40284717500468581 0.1282723 0.0376877 -0.4200255
15.65 0.40217202602520330 0.1298522 0.0371794 -0.4217896
15.60 0.40149607259201053 0.1314602 0.0366768 -0.4235324
15.55 0.40081930936080368 0.1330957 0.0361797 -0.4252543
15.50 0.40014173094847860 0.1347578 0.0356879 -0.4269561
15.45 0.39946333193268280 0.1364457 0.0352015 -0.4286383
15.40 0.39878410685136023 0.1381586 0.0347202 -0.4303014
15.35 0.39810405020228995 0.1398959 0.0342439 -0.4319461
15.30 0.39742315644261811 0.1416568 0.0337727 -0.4335727
15.25 0.39674141998838264 0.1434405 0.0333064 -0.4351819
15.20 0.39605883521403118 0.1452464 0.0328449 -0.4367741
15.15 0.39537539645193265 0.1470738 0.0323882 -0.4383498
15.10 0.39469109799188024 0.148922 0.0319361 -0.4399094
15.05 0.39400593408058848 0.1507905 0.0314886 -0.4414535
15.00 0.39331989892118169 0.1526786 0.0310456 -0.4429823
14.95 0.39263298667267577 0.1545857 0.0306071 -0.4444963
14.90 0.39194519144945134 0.1565113 0.030173 -0.4459959
14.85 0.39125650732071982 0.1584547 0.0297432 -0.4474814
14.80 0.39056692830998108 0.1604156 0.0293177 -0.4489533
14.75 0.38987644839447261 0.1623933 0.0288964 -0.4504117
14.70 0.38918506150461102 0.1643874 0.0284793 -0.4518571
14.65 0.38849276152342449 0.1663974 0.0280663 -0.4532898
14.60 0.38779954228597707 0.1684229 0.0276574 -0.45471
14.55 0.38710539757878348 0.1704633 0.0272524 -0.4561179
14.50 0.38641032113921558 0.1725183 0.0268515 -0.457514
14.45 0.38571430665489931 0.1745874 0.0264545 -0.4588983
14.40 0.38501734776310242 0.1766704 0.0260614 -0.4602712
14.35 0.38431943805011287 0.1787666 0.0256721 -0.4616329
14.30 0.38362057105060715 0.1808759 0.0252867 -0.4629835
14.25 0.38292074024700901 0.1829979 0.0249051 -0.4643232
14.20 0.38221993906883789 0.1851321 0.0245272 -0.4656523
14.15 0.38151816089204771 0.1872784 0.024153 -0.4669709
14.10 0.38081539903835421 0.1894363 0.0237825 -0.4682792
14.05 0.38011164677455245 0.1916055 0.0234157 -0.4695774
14.00 0.37940689731182314 0.1937858 0.0230525 -0.4708655
13.95 0.37870114380502756 0.1959769 0.022693 -0.4721437
13.90 0.37799437935199204 0.1981784 0.022337 -0.4734121
13.85 0.37728659699277994 0.2003902 0.0219846 -0.4746709
13.80 0.37657778970895234 0.2026119 0.0216357 -0.4759201
13.75 0.37586795042281695 0.2048433 0.0212904 -0.4771599
13.70 0.37515707199666415 0.2070842 0.0209485 -0.4783904
13.65 0.37444514723199135 0.2093343 0.0206101 -0.4796116
13.60 0.37373216886871380 0.2115934 0.0202752 -0.4808237
13.55 0.37301812958436309 0.2138613 0.0199437 -0.4820266
13.50 0.37230302199327187 0.2161377 0.0196157 -0.4832206
13.45 0.37158683864574560 0.2184225 0.019291 -0.4844055
13.40 0.37086957202721976 0.2207154 0.0189698 -0.4855816
13.35 0.37015121455740396 0.2230163 0.0186519 -0.4867488
13.30 0.36943175858941057 0.2253249 0.0183374 -0.4879072
13.25 0.36871119640886968 0.227641 0.0180262 -0.4890569
13.20 0.36798952023302828 0.2299646 0.0177183 -0.4901978
13.15 0.36726672220983475 0.2322953 0.0174138 -0.49133
13.10 0.36654279441700738 0.234633 0.0171126 -0.4924536
13.05 0.36581772886108715 0.2369776 0.0168146 -0.4935686
13.00 0.36509151747647400 0.2393288 0.01652 -0.494675
12.95 0.36436415212444700 0.2416865 0.0162286 -0.4957728
12.90 0.36363562459216681 0.2440506 0.0159404 -0.496862
12.85 0.36290592659166121 0.2464208 0.0156555 -0.4979427
12.80 0.36217504975879339 0.2487969 0.0153739 -0.4990148
12.75 0.36144298565221100 0.251179 0.0150954 -0.5000785
12.70 0.36070972575227789 0.2535666 0.0148202 -0.5011336
12.65 0.35997526145998643 0.2559598 0.0145481 -0.5021802
12.60 0.35923958409585033 0.2583583 0.0142793 -0.5032183
12.55 0.35850268489877835 0.2607619 0.0140136 -0.5042479
12.50 0.35776455502492738 0.2631705 0.0137511 -0.505269
12.45 0.35702518554653512 0.2655838 0.0134917 -0.5062816
12.40 0.35628456745073178 0.2680018 0.0132355 -0.5072857
12.35 0.35554269163833013 0.2704241 0.0129824 -0.5082813
12.30 0.35479954892259385 0.2728506 0.0127324 -0.5092684
12.25 0.35405513002798283 0.275281 0.0124855 -0.5102469
12.20 0.35330942558887629 0.277715 0.0122418 -0.5112169
12.15 0.35256242614827166 0.2801525 0.0120011 -0.5121784
12.10 0.35181412215645985 0.282593 0.0117635 -0.5131313
12.05 0.35106450396967603 0.2850362 0.0115289 -0.5140757
12.00 0.35031356184872481 0.2874818 0.0112975 -0.5150115
11.95 0.34956128595758001 0.2899291 0.011069 -0.5159388
11.90 0.34880766636195842 0.2923777 0.0108436 -0.5168574
11.85 0.34805269302786601 0.2948268 0.0106212 -0.5177675
11.80 0.34729635582011686 0.2972756 0.0104019 -0.518669
11.75 0.34653864450082428 0.2997231 0.0101855 -0.5195619
11.70 0.34577954872786260 0.3021678 0.0099721 -0.5204461
11.65 0.34501905805329952 0.3046082 0.0097616 -0.5213217
11.60 0.34425716192179839 0.307042 0.0095542 -0.5221888
11.55 0.34349384966898983 0.309466 0.0093496 -0.5230471
11.50 0.34272911051981081 0.3118762 0.0091481 -0.5238969
11.45 0.34196293358681218 0.3142667 0.0089494 -0.5247379
11.40 0.34119530786843266 0.316629 0.0087536 -0.5255704
11.35 0.34042622224723856 0.3189507 0.0085607 -0.5263941
11.30 0.33965566548812931 0.3212132 0.0083707 -0.5272093
11.25 0.33888362623650670 0.3233879 0.0081836 -0.5280157
11.20 0.33811009301640765 0.3254321 0.0079993 -0.5288135
11.15 0.33733505422859994 0.3272855 0.0078178 -0.5296027
11.10 0.33655849814863903 0.3288764 0.0076392 -0.5303832
11.05 0.33578041292488614 0.3301471 0.0074633 -0.531155
11.00 0.33500078657648524 0.33109 0.0072902 -0.5319182
10.95 0.33421960699129954 0.3317542 0.0071199 -0.5326727
10.90 0.33343686192380506 0.3322137 0.0069524 -0.5334187
10.85 0.33265253899294100 0.3325359 0.0067876 -0.534156
10.80 0.33186662567991565 0.3327703 0.0066255 -0.5348847
10.75 0.33107910932596624 0.3329501 0.0064661 -0.5356048
10.70 0.33028997713007269 0.333097 0.0063093 -0.5363163
10.65 0.32949921614662253 0.3332255 0.0061553 -0.5370193
10.60 0.32870681328302698 0.3333453 0.0060038 -0.5377137
10.55 0.32791275529728653 0.333463 0.005855 -0.5383996
10.50 0.32711702879550453 0.3335835 0.0057088 -0.539077
10.45 0.32631962022934713 0.33371 0.0055652 -0.5397459
10.40 0.32552051589344949 0.3338451 0.0054242 -0.5404063
10.35 0.32471970192276511 0.3339906 0.0052857 -0.5410584
10.30 0.32391716428985806 0.3341481 0.0051497 -0.541702
10.25 0.32311288880213562 0.3343187 0.0050162 -0.5423373
10.20 0.32230686109902068 0.3345033 0.0048852 -0.5429643
10.15 0.32149906664906186 0.3347024 0.0047566 -0.543583
10.10 0.32068949074697878 0.3349169 0.0046305 -0.5441934
10.05 0.31987811851064291 0.335147 0.0045068 -0.5447956
10.00 0.31906493487798943 0.3353932 0.0043855 -0.5453896
9.95 0.31824992460386070 0.3356557 0.0042666 -0.5459755
9.90 0.31743307225677786 0.3359349 0.00415 -0.5465534
9.85 0.31661436221563910 0.3362309 0.0040357 -0.5471231
9.80 0.31579377866634295 0.336544 0.0039237 -0.547685
9.75 0.31497130559833353 0.3368742 0.003814 -0.5482388
9.70 0.31414692680106648 0.3372216 0.0037065 -0.5487848
9.65 0.31332062586039267 0.3375864 0.0036013 -0.549323
9.60 0.31249238615485792 0.3379686 0.0034983 -0.5498534
9.55 0.31166219085191565 0.3383682 0.0033974 -0.550376
9.50 0.31083002290405076 0.3387853 0.0032987 -0.5508911
9.45 0.30999586504481119 0.3392199 0.0032021 -0.5513985
9.40 0.30915969978474567 0.339672 0.0031076 -0.5518984
9.35 0.30832150940724323 0.3401416 0.0030152 -0.5523909
9.30 0.30748127596427399 0.3406286 0.0029249 -0.5528759
9.25 0.30663898127202549 0.3411331 0.0028365 -0.5533536
9.20 0.30579460690643406 0.341655 0.0027502 -0.5538241
9.15 0.30494813419860595 0.3421943 0.0026658 -0.5542874
9.10 0.30409954423012653 0.3427508 0.0025834 -0.5547436
9.05 0.30324881782825319 0.3433246 0.0025029 -0.5551927
9.00 0.30239593556098865 0.3439155 0.0024242 -0.5556349
8.95 0.30154087773203153 0.3445235 0.0023475 -0.5560702
8.90 0.30068362437559926 0.3451485 0.0022726 -0.5564987
8.85 0.29982415525112072 0.3457904 0.0021995 -0.5569205
8.80 0.29896244983779341 0.3464491 0.0021281 -0.5573356
8.75 0.29809848732900202 0.3471245 0.0020586 -0.5577442
8.70 0.29723224662659264 0.3478166 0.0019907 -0.5581463
8.65 0.29636370633499964 0.3485251 0.0019246 -0.558542
8.60 0.29549284475521920 0.34925 0.0018601 -0.5589314
8.55 0.29461963987862538 0.3499911 0.0017973 -0.5593146
8.50 0.29374406938062309 0.3507484 0.0017361 -0.5596916
8.45 0.29286611061413348 0.3515217 0.0016765 -0.5600626
8.40 0.29198574060290522 0.3523109 0.0016185 -0.5604276
8.35 0.29110293603464699 0.3531158 0.001562 -0.5607868
8.30 0.29021767325397441 0.3539363 0.0015071 -0.5611402
8.25 0.28932992825516618 0.3547723 0.0014536 -0.5614879
8.20 0.28843967667472209 0.3556236 0.0014016 -0.56183
8.15 0.28754689378371695 0.3564901 0.001351 -0.5621666
8.10 0.28665155447994300 0.3573716 0.0013018 -0.5624978
8.05 0.28575363327983461 0.3582679 0.0012541 -0.5628237
8.00 0.28485310431016619 0.359179 0.0012076 -0.5631444
7.95 0.28394994129951745 0.3601046 0.0011625 -0.5634599
7.90 0.28304411756949560 0.3610446 0.0011188 -0.5637704
7.85 0.28213560602570920 0.3619988 0.0010763 -0.564076
7.80 0.28122437914848114 0.3629671 0.001035 -0.5643768
7.75 0.28031040898329512 0.3639493 0.000995 -0.5646728
7.70 0.27939366713096336 0.3649453 0.0009562 -0.5649641
7.65 0.27847412473750777 0.3659548 0.0009186 -0.565251
7.60 0.27755175248374220 0.3669777 0.0008821 -0.5655333
7.55 0.27662652057454717 0.3680138 0.0008467 -0.5658113
7.50 0.27569839872782342 0.369063 0.0008125 -0.5660851
7.45 0.27476735616311498 0.370125 0.0007794 -0.5663547
7.40 0.27383336158988730 0.3711998 0.0007473 -0.5666203
7.35 0.27289638319544918 0.372287 0.0007162 -0.5668819
7.30 0.27195638863250449 0.3733867 0.0006862 -0.5671396
7.25 0.27101334500631991 0.3744985 0.0006571 -0.5673936
7.20 0.27006721886149349 0.3756222 0.000629 -0.5676439
7.15 0.26911797616831001 0.3767578 0.0006019 -0.5678907
7.10 0.26816558230866605 0.377905 0.0005757 -0.5681339
7.05 0.26721000206154838 0.3790637 0.0005504 -0.5683738
7.00 0.26625119958804888 0.3802336 0.0005259 -0.5686105
6.95 0.26528913841589680 0.3814146 0.0005023 -0.568844
6.90 0.26432378142348961 0.3826066 0.0004796 -0.5690744
6.85 0.26335509082340303 0.3838092 0.0004576 -0.5693018
6.80 0.26238302814535797 0.3850223 0.0004365 -0.5695263
6.75 0.26140755421862366 0.3862459 0.0004161 -0.5697481
6.70 0.26042862915383336 0.3874795 0.0003965 -0.5699672
6.65 0.25944621232418863 0.3887232 0.0003776 -0.5701837
6.60 0.25846026234602637 0.3899767 0.0003594 -0.5703978
6.55 0.25747073705872320 0.3912398 0.0003419 -0.5706094
6.50 0.25647759350390792 0.3925123 0.0003251 -0.5708188
6.45 0.25548078790395357 0.3937941 0.000309 -0.5710259
6.40 0.25448027563971826 0.3950849 0.0002934 -0.571231
6.35 0.25347601122750207 0.3963846 0.0002785 -0.5714341
6.30 0.25246794829518643 0.3976931 0.0002642 -0.5716353
6.25 0.25145603955751983 0.39901 0.0002505 -0.5718347
6.20 0.25044023679051242 0.4003353 0.0002374 -0.5720324
6.15 0.24942049080490034 0.4016688 0.0002248 -0.5722285
