45.0 0.75983570225832975 -0.41095 -0.39665 0.03889 0.26442 .43554
44.95 0.75917290940448456 -0.41095 -0.39665 0.03889 0.26441 .43554
44.90 0.75851069267822968 -0.41095 -0.39665 0.03889 0.26441 .43554
44.85 0.75784904956591581 -0.41094 -0.39665 0.03889 0.26439 .43554
44.80 0.75718797756129208 -0.41094 -0.39665 0.03890 0.26437 .43555
44.75 0.75652747416546084 -0.41093 -0.39665 0.03890 0.26435 .43555
44.70 0.75586753688683117 -0.41092 -0.39665 0.03891 0.26432 .43556
44.65 0.75520816324107432 -0.41092 -0.39666 0.03891 0.26429 .43557
44.60 0.75454935075107776 -0.41090 -0.39666 0.03892 0.26425 .43558
44.55 0.75389109694690015 -0.41089 -0.39666 0.03893 0.26420 .43559
44.50 0.75323339936572720 -0.41088 -0.39666 0.03894 0.26415 .43560
44.45 0.75257625555182672 -0.41086 -0.39667 0.03895 0.26410 .43562
44.40 0.75191966305650404 -0.41084 -0.39667 0.03896 0.26404 .43563
44.35 0.75126361943805864 -0.41083 -0.39668 0.03897 0.26397 .43565
44.30 0.75060812226173934 -0.41081 -0.39668 0.03899 0.26390 .43567
44.25 0.74995316909970178 -0.41078 -0.39668 0.03900 0.26383 .43568
44.20 0.74929875753096364 -0.41076 -0.39669 0.03902 0.26375 .43571
44.15 0.74864488514136263 -0.41074 -0.39670 0.03903 0.26366 .43573
44.10 0.74799154952351277 -0.41071 -0.39670 0.03905 0.26357 .43575
44.05 0.74733874827676172 -0.41068 -0.39671 0.03907 0.26347 .43578
44.00 0.74668647900714824 -0.41065 -0.39671 0.03909 0.26337 .43580
43.95 0.74603473932735997 -0.41062 -0.39672 0.03911 0.26327 .43583
43.90 0.74538352685669107 -0.41059 -0.39673 0.03913 0.26316 .43586
43.85 0.74473283922100009 -0.41056 -0.39673 0.03915 0.26304 .43588
43.80 0.74408267405266870 -0.41052 -0.39674 0.03917 0.26292 .43591
43.75 0.74343302899055930 -0.41049 -0.39675 0.03920 0.26279 .43595
43.70 0.74278390167997466 -0.41045 -0.39676 0.03922 0.26266 .43598
43.65 0.74213528977261611 -0.41041 -0.39677 0.03925 0.26253 .43602
43.60 0.74148719092654247 -0.41037 -0.39678 0.03928 0.26239 .43606
43.55 0.74083960280612982 -0.41033 -0.39679 0.03931 0.26224 .43610
43.50 0.74019252308203054 -0.41028 -0.39680 0.03934 0.26209 .43614
43.45 0.73954594943113283 -0.41024 -0.39681 0.03937 0.26194 .43618
43.40 0.73889987953652059 -0.41019 -0.39682 0.03940 0.26178 .43622
43.35 0.73825431108743367 -0.41014 -0.39683 0.03943 0.26162 .43626
43.30 0.73760924177922782 -0.41009 -0.39684 0.03946 0.26145 .43630
43.25 0.73696466931333482 -0.41004 -0.39685 0.03950 0.26127 .43635
43.20 0.73632059139722317 -0.40999 -0.39686 0.03953 0.26110 .43639
43.15 0.73567700574435957 -0.40993 -0.39687 0.03957 0.26092 .43644
43.10 0.73503391007416841 -0.40988 -0.39689 0.03961 0.26073 .43650
43.05 0.73439130211199355 -0.40982 -0.39690 0.03964 0.26054 .43654
43.00 0.73374917958905994 -0.40976 -0.39691 0.03968 0.26034 .43659
42.95 0.73310754024243474 -0.40970 -0.39693 0.03972 0.26014 .43665
42.90 0.73246638181498858 -0.40964 -0.39694 0.03977 0.25994 .43671
42.85 0.73182570205535757 -0.40957 -0.39695 0.03981 0.25973 .43676
42.80 0.73118549871790539 -0.40951 -0.39697 0.03985 0.25952 .43682
42.75 0.73054576956268569 -0.40944 -0.39698 0.03990 0.25930 .43688
42.70 0.72990651235540349 -0.40938 -0.39700 0.03994 0.25908 .43694
42.65 0.72926772486737823 -0.40931 -0.39701 0.03999 0.25886 .43700
42.60 0.72862940487550631 -0.40923 -0.39703 0.04004 0.25863 .43707
42.55 0.72799155016222405 -0.40916 -0.39705 0.04008 0.25839 .43713
42.50 0.72735415851547003 -0.40909 -0.39706 0.04013 0.25816 .43719
42.45 0.72671722772864877 -0.40901 -0.39708 0.04018 0.25792 .43726
42.40 0.72608075560059371 -0.40894 -0.39710 0.04024 0.25767 .43734
42.35 0.72544473993553082 -0.40886 -0.39711 0.04029 0.25742 .43740
42.30 0.72480917854304194 -0.40878 -0.39713 0.04034 0.25717 .43747
42.25 0.72417406923802852 -0.40870 -0.39715 0.04040 0.25691 .43755
42.20 0.72353940984067577 -0.40861 -0.39717 0.04045 0.25665 .43762
42.15 0.72290519817641630 -0.40853 -0.39719 0.04051 0.25639 .43770
42.10 0.72227143207589473 -0.40844 -0.39720 0.04057 0.25612 .43777
42.05 0.72163810937493145 -0.40836 -0.39722 0.04062 0.25585 .43784
42.00 0.72100522791448773 -0.40827 -0.39724 0.04068 0.25558 .43792
41.95 0.72037278554063011 -0.40818 -0.39726 0.04074 0.25530 .43800
41.90 0.71974078010449472 -0.40808 -0.39728 0.04081 0.25502 .43809
41.85 0.71910920946225287 -0.40799 -0.39730 0.04087 0.25473 .43817
41.80 0.71847807147507592 -0.40789 -0.39732 0.04093 0.25444 .43825
41.75 0.71784736400909988 -0.40780 -0.39735 0.04100 0.25415 .43835
41.70 0.71721708493539160 -0.40770 -0.39737 0.04106 0.25386 .43843
41.65 0.71658723212991393 -0.40760 -0.39739 0.04113 0.25356 .43852
41.60 0.71595780347349092 -0.40750 -0.39741 0.04120 0.25326 .43861
41.55 0.71532879685177420 -0.40740 -0.39743 0.04127 0.25295 .43870
41.50 0.71470021015520846 -0.40729 -0.39746 0.04134 0.25264 .43880
41.45 0.71407204127899770 -0.40719 -0.39748 0.04141 0.25233 .43889
41.40 0.71344428812307092 -0.40708 -0.39750 0.04148 0.25202 .43898
41.35 0.71281694859204914 -0.40697 -0.39753 0.04155 0.25170 .43908
41.30 0.71219002059521097 -0.40686 -0.39755 0.04163 0.25138 .43918
41.25 0.71156350204645979 -0.40675 -0.39758 0.04170 0.25105 .43928
41.20 0.71093739086429042 -0.40663 -0.39760 0.04178 0.25073 .43938
41.15 0.71031168497175501 -0.40652 -0.39763 0.04185 0.25040 .43948
41.10 0.70968638229643122 -0.40640 -0.39765 0.04193 0.25006 .43958
41.05 0.70906148077038822 -0.40629 -0.39768 0.04201 0.24973 .43969
41.00 0.70843697833015451 -0.40617 -0.39770 0.04209 0.24939 .43979
40.95 0.70781287291668460 -0.40604 -0.39773 0.04217 0.24905 .43990
40.90 0.70718916247532726 -0.40592 -0.39775 0.04226 0.24871 .44001
40.85 0.70656584495579211 -0.40580 -0.39778 0.04234 0.24836 .44012
40.80 0.70594291831211764 -0.40567 -0.39781 0.04242 0.24801 .44023
40.75 0.70532038050263912 -0.40554 -0.39784 0.04251 0.24766 .44035
40.70 0.70469822948995642 -0.40542 -0.39786 0.04260 0.24730 .44046
40.65 0.70407646324090134 -0.40529 -0.39789 0.04268 0.24695 .44057
40.60 0.70345507972650678 -0.40515 -0.39792 0.04277 0.24659 .44069
40.55 0.70283407692197408 -0.40502 -0.39795 0.04286 0.24622 .44081
40.50 0.70221345280664171 -0.40489 -0.39798 0.04295 0.24586 .44093
40.45 0.70159320536395353 -0.40475 -0.39801 0.04305 0.24549 .44106
40.40 0.70097333258142724 -0.40461 -0.39804 0.04314 0.24512 .44118
40.35 0.70035383245062366 -0.40447 -0.39807 0.04323 0.24475 .44130
40.30 0.69973470296711415 -0.40433 -0.39810 0.04333 0.24437 .44143
40.25 0.69911594213045092 -0.40419 -0.39813 0.04342 0.24400 .44155
40.20 0.69849754794413488 -0.40404 -0.39816 0.04352 0.24362 .44168
40.15 0.69787951841558515 -0.40390 -0.39819 0.04362 0.24323 .44181
40.10 0.69726185155610820 -0.40375 -0.39822 0.04372 0.24285 .44194
40.05 0.69664454538086706 -0.40360 -0.39825 0.04382 0.24246 .44207
40.00 0.69602759790885060 -0.40345 -0.39829 0.04392 0.24208 .44221
39.95 0.69541100716284310 -0.40330 -0.39832 0.04402 0.24168 .44234
39.90 0.69479477116939314 -0.40314 -0.39835 0.04413 0.24129 .44248
39.85 0.69417888795878446 -0.40299 -0.39838 0.04423 0.24090 .44261
39.80 0.69356335556500459 -0.40283 -0.39842 0.04434 0.24050 .44276
39.75 0.69294817202571524 -0.40267 -0.39845 0.04444 0.24010 .44289
39.70 0.69233333538222186 -0.40251 -0.39848 0.04455 0.23970 .44303
39.65 0.69171884367944381 -0.40235 -0.39852 0.04466 0.23929 .44318
39.60 0.69110469496588456 -0.40219 -0.39855 0.04477 0.23889 .44332
39.55 0.69049088729360164 -0.40202 -0.39859 0.04488 0.23848 .44347
39.50 0.68987741871817743 -0.40186 -0.39862 0.04499 0.23807 .44361
39.45 0.68926428729868816 -0.40169 -0.39866 0.04511 0.23766 .44377
39.40 0.68865149109767598 -0.40152 -0.39869 0.04522 0.23725 .44391
39.35 0.68803902818111884 -0.40135 -0.39873 0.04534 0.23683 .44407
39.30 0.68742689661840040 -0.40118 -0.39877 0.04545 0.23641 .44422
39.25 0.68681509448228206 -0.40100 -0.39880 0.04557 0.23599 .44437
39.20 0.68620361984887257 -0.40083 -0.39884 0.04569 0.23557 .44453
39.15 0.68559247079759911 -0.40065 -0.39888 0.04581 0.23515 .44469
39.10 0.68498164541117901 -0.40047 -0.39891 0.04593 0.23473 .44484
39.05 0.68437114177558944 -0.40029 -0.39895 0.04605 0.23430 .44500
39.00 0.68376095798003989 -0.40011 -0.39899 0.04617 0.23387 .44516
38.95 0.68315109211694214 -0.39992 -0.39903 0.04630 0.23344 .44533
38.90 0.68254154228188213 -0.39974 -0.39906 0.04642 0.23301 .44548
38.85 0.68193230657359116 -0.39955 -0.39910 0.04655 0.23258 .44565
38.80 0.68132338309391693 -0.39936 -0.39914 0.04668 0.23214 .44582
38.75 0.68071476994779589 -0.39918 -0.39917 0.04681 0.23170 .44598
38.70 0.68010646524322338 -0.39922 -0.39898 0.04694 0.23127 .44592
38.65 0.67949846709122641 -0.39926 -0.39879 0.04707 0.23083 .44586
38.60 0.67889077360583494 -0.39930 -0.39859 0.04720 0.23038 .44579
38.55 0.67828338290405310 -0.39934 -0.39839 0.04733 0.22994 .44572
38.50 0.67767629310583211 -0.39938 -0.39820 0.04746 0.22950 .44566
38.45 0.67706950233404084 -0.39942 -0.39800 0.04760 0.22905 .44560
38.40 0.67646300871443843 -0.39946 -0.39779 0.04774 0.22860 .44553
38.35 0.67585681037564649 -0.39951 -0.39759 0.04787 0.22815 .44546
38.30 0.67525090544912036 -0.39955 -0.39739 0.04801 0.22770 .44540
38.25 0.67464529206912238 -0.39959 -0.39718 0.04815 0.22725 .44533
38.20 0.67403996837269264 -0.39963 -0.39697 0.04829 0.22680 .44526
38.15 0.67343493249962227 -0.39967 -0.39676 0.04843 0.22634 .44519
38.10 0.67283018259242555 -0.39972 -0.39655 0.04858 0.22588 .44513
38.05 0.67222571679631171 -0.39976 -0.39634 0.04872 0.22543 .44506
38.00 0.67162153325915808 -0.39980 -0.39612 0.04887 0.22497 .44499
37.95 0.67101763013148197 -0.39985 -0.39591 0.04901 0.22451 .44492
37.90 0.67041400556641328 -0.39989 -0.39569 0.04916 0.22404 .44485
37.85 0.66981065771966752 -0.39994 -0.39547 0.04931 0.22358 .44478
37.80 0.66920758474951780 -0.39998 -0.39525 0.04946 0.22311 .44471
37.75 0.66860478481676788 -0.40002 -0.39503 0.04961 0.22265 .44464
37.70 0.66800225608472497 -0.40007 -0.39480 0.04976 0.22218 .44456
37.65 0.66739999671917172 -0.40011 -0.39458 0.04991 0.22171 .44449
37.60 0.66679800488834029 -0.40016 -0.39435 0.05007 0.22124 .44442
37.55 0.66619627876288412 -0.40021 -0.39412 0.05022 0.22077 .44434
37.50 0.66559481651585173 -0.40025 -0.39389 0.05038 0.22030 .44427
37.45 0.66499361632265863 -0.40030 -0.39365 0.05054 0.21982 .44419
37.40 0.66439267636106136 -0.40034 -0.39342 0.05070 0.21935 .44412
37.35 0.66379199481112994 -0.40039 -0.39318 0.05086 0.21887 .44404
37.30 0.66319156985522110 -0.40044 -0.39295 0.05102 0.21839 .44397
37.25 0.66259139967795155 -0.40048 -0.39271 0.05118 0.21791 .44389
37.20 0.66199148246617079 -0.40053 -0.39246 0.05134 0.21743 .44380
37.15 0.66139181640893463 -0.40058 -0.39222 0.05151 0.21695 .44373
37.10 0.66079239969747838 -0.40063 -0.39198 0.05167 0.21647 .44365
37.05 0.66019323052519030 -0.40067 -0.39173 0.05184 0.21598 .44357
37.00 0.65959430708758449 -0.40072 -0.39148 0.05201 0.21550 .44349
36.95 0.65899562758227459 -0.40077 -0.39123 0.05217 0.21501 .44340
36.90 0.65839719020894694 -0.40082 -0.39098 0.05234 0.21452 .44332
36.85 0.65779899316933454 -0.40087 -0.39073 0.05251 0.21404 .44324
36.80 0.65720103466718971 -0.40092 -0.39047 0.05269 0.21355 .44316
36.75 0.65660331290825846 -0.40097 -0.39022 0.05286 0.21306 .44308
36.70 0.65600582610025293 -0.40102 -0.38996 0.05304 0.21256 .44300
36.65 0.65540857245282624 -0.40107 -0.38970 0.05321 0.21207 .44291
36.60 0.65481155017754511 -0.40112 -0.38944 0.05339 0.21158 .44283
36.55 0.65421475748786373 -0.40117 -0.38918 0.05357 0.21108 .44275
36.50 0.65361819259909770 -0.40122 -0.38891 0.05374 0.21059 .44265
36.45 0.65302185372839705 -0.40127 -0.38864 0.05392 0.21009 .44256
36.40 0.65242573909472057 -0.40132 -0.38838 0.05411 0.20959 .44249
36.35 0.65182984691880952 -0.40137 -0.38811 0.05429 0.20909 .44240
36.30 0.65123417542316075 -0.40142 -0.38783 0.05447 0.20859 .44230
36.25 0.65063872283200119 -0.40148 -0.38756 0.05466 0.20809 .44222
36.20 0.65004348737126105 -0.40153 -0.38728 0.05484 0.20759 .44212
36.15 0.64944846726854788 -0.40158 -0.38701 0.05503 0.20709 .44204
36.10 0.64885366075312068 -0.40163 -0.38673 0.05522 0.20658 .44195
36.05 0.64825906605586314 -0.40168 -0.38645 0.05541 0.20608 .44186
36.00 0.64766468140925815 -0.40174 -0.38617 0.05560 0.20557 .44177
35.95 0.64707050504736097 -0.40179 -0.38588 0.05579 0.20507 .44167
35.90 0.64647653520577386 -0.40184 -0.38560 0.05598 0.20456 .44158
35.85 0.64588277012161954 -0.40190 -0.38531 0.05618 0.20405 .44149
35.80 0.64528920803351497 -0.40195 -0.38502 0.05637 0.20354 .44139
35.75 0.64469584718154593 -0.40200 -0.38473 0.05657 0.20303 .44130
35.70 0.64410268580724028 -0.40206 -0.38444 0.05677 0.20252 .44121
35.65 0.64350972215354219 -0.40211 -0.38414 0.05696 0.20201 .44110
35.60 0.64291695446478636 -0.40217 -0.38385 0.05716 0.20149 .44101
35.55 0.64232438098667155 -0.40222 -0.38355 0.05737 0.20098 .44092
35.50 0.64173199996623487 -0.40228 -0.38325 0.05757 0.20047 .44082
35.45 0.64113980965182582 -0.40233 -0.38295 0.05777 0.19995 .44072
35.40 0.64054780829307956 -0.40239 -0.38264 0.05797 0.19943 .44061
35.35 0.63995599414089233 -0.40244 -0.38234 0.05818 0.19892 .44052
35.30 0.63936436544739395 -0.40250 -0.38203 0.05839 0.19840 .44042
35.25 0.63877292046592293 -0.40255 -0.38172 0.05859 0.19788 .44031
35.20 0.63818165745099997 -0.40261 -0.38141 0.05880 0.19736 .44021
35.15 0.63759057465830182 -0.40266 -0.38110 0.05901 0.19684 .44011
35.10 0.63699967034463578 -0.40272 -0.38079 0.05923 0.19632 .44002
35.05 0.63640894276791349 -0.40278 -0.38047 0.05944 0.19580 .43991
35.00 0.63581839018712483 -0.40283 -0.38015 0.05965 0.19527 .43980
34.95 0.63522801086231206 -0.40289 -0.37984 0.05987 0.19475 .43971
34.90 0.63463780305454343 -0.40295 -0.37951 0.06008 0.19422 .43959
34.85 0.63404776502588822 -0.40301 -0.37919 0.06030 0.19370 .43949
34.80 0.63345789503938943 -0.40306 -0.37887 0.06052 0.19317 .43939
34.75 0.63286819135903882 -0.40312 -0.37854 0.06074 0.19265 .43928
34.70 0.63227865224975011 -0.40318 -0.37821 0.06096 0.19212 .43917
34.65 0.63168927597733326 -0.40324 -0.37788 0.06118 0.19159 .43906
34.60 0.63110006080846870 -0.40329 -0.37755 0.06140 0.19106 .43895
34.55 0.63051100501068102 -0.40335 -0.37722 0.06162 0.19053 .43884
34.50 0.62992210685231265 -0.40341 -0.37688 0.06185 0.19000 .43873
34.45 0.62933336460249822 -0.40347 -0.37654 0.06208 0.18947 .43862
34.40 0.62874477653113825 -0.40353 -0.37620 0.06230 0.18894 .43850
34.35 0.62815634090887318 -0.40359 -0.37586 0.06253 0.18841 .43839
34.30 0.62756805600705678 -0.40364 -0.37552 0.06276 0.18787 .43828
34.25 0.62697992009773107 -0.40370 -0.37518 0.06299 0.18734 .43817
34.20 0.62639193145359873 -0.40376 -0.37483 0.06322 0.18681 .43805
34.15 0.62580408834799783 -0.40382 -0.37448 0.06346 0.18627 .43794
34.10 0.62521638905487575 -0.40388 -0.37413 0.06369 0.18574 .43782
34.05 0.62462883184876250 -0.40394 -0.37378 0.06393 0.18520 .43771
34.00 0.62404141500474464 -0.40400 -0.37343 0.06416 0.18466 .43759
33.95 0.62345413679843897 -0.40406 -0.37307 0.06440 0.18413 .43747
33.90 0.62286699550596603 -0.40412 -0.37271 0.06464 0.18359 .43735
33.85 0.62227998940392448 -0.40418 -0.37235 0.06488 0.18305 .43723
33.80 0.62169311676936412 -0.40424 -0.37199 0.06512 0.18251 .43711
33.75 0.62110637587975959 -0.40430 -0.37163 0.06536 0.18197 .43699
33.70 0.62051976501298423 -0.40436 -0.37126 0.06561 0.18143 .43687
33.65 0.61993328244728318 -0.40442 -0.37090 0.06585 0.18089 .43675
33.60 0.61934692646124778 -0.40448 -0.37053 0.06610 0.18035 .43663
33.55 0.61876069533378786 -0.40455 -0.37016 0.06634 0.17980 .43650
33.50 0.61817458734410646 -0.40461 -0.36979 0.06659 0.17926 .43638
33.45 0.61758860077167221 -0.40467 -0.36941 0.06684 0.17872 .43625
33.40 0.61700273389619331 -0.40473 -0.36903 0.06709 0.17817 .43612
33.35 0.61641698499759090 -0.40479 -0.36866 0.06734 0.17763 .43600
33.30 0.61583135235597231 -0.40485 -0.36828 0.06759 0.17708 .43587
33.25 0.61524583425160395 -0.40491 -0.36789 0.06784 0.17654 .43573
33.20 0.61466042896488526 -0.40498 -0.36751 0.06810 0.17599 .43561
33.15 0.61407513477632125 -0.40504 -0.36713 0.06835 0.17544 .43548
33.10 0.61348994996649608 -0.40510 -0.36674 0.06861 0.17490 .43535
33.05 0.61290487281604611 -0.40516 -0.36635 0.06887 0.17435 .43522
33.00 0.61231990160563299 -0.40523 -0.36596 0.06913 0.17380 .43509
32.95 0.61173503461591627 -0.40529 -0.36556 0.06939 0.17325 .43495
32.90 0.61115027012752698 -0.40535 -0.36517 0.06965 0.17270 .43482
32.85 0.61056560642104030 -0.40541 -0.36477 0.06991 0.17215 .43468
32.80 0.60998104177694812 -0.40548 -0.36437 0.07017 0.17160 .43454
32.75 0.60939657447563289 -0.40554 -0.36397 0.07044 0.17105 .43441
32.70 0.60881220279733894 -0.40560 -0.36357 0.07070 0.17050 .43427
32.65 0.60822792502214618 -0.40566 -0.36316 0.07097 0.16995 .43413
32.60 0.60764373942994288 -0.40573 -0.36276 0.07124 0.16940 .43400
32.55 0.60705964430039738 -0.40579 -0.36235 0.07151 0.16884 .43386
32.50 0.60647563791293169 -0.40585 -0.36194 0.07178 0.16829 .43372
32.45 0.60589171854669355 -0.40592 -0.36153 0.07205 0.16774 .43358
32.40 0.60530788448052819 -0.40598 -0.36111 0.07232 0.16718 .43343
32.35 0.60472413399295200 -0.40605 -0.36070 0.07259 0.16663 .43329
32.30 0.60414046536212396 -0.40611 -0.36028 0.07287 0.16607 .43315
32.25 0.60355687686581816 -0.40617 -0.35986 0.07314 0.16552 .43300
32.20 0.60297336678139601 -0.40624 -0.35944 0.07342 0.16496 .43286
32.15 0.60238993338577806 -0.40630 -0.35901 0.07370 0.16441 .43271
32.10 0.60180657495541667 -0.40636 -0.35859 0.07398 0.16385 .43257
32.05 0.60122328976626727 -0.40643 -0.35816 0.07425 0.16329 .43241
32.00 0.60064007609376124 -0.40649 -0.35773 0.07454 0.16274 .43227
31.95 0.60005693221277612 -0.40656 -0.35730 0.07482 0.16218 .43212
31.90 0.59947385639760953 -0.40662 -0.35686 0.07510 0.16162 .43196
31.85 0.59889084692194905 -0.40669 -0.35643 0.07538 0.16106 .43181
31.80 0.59830790205884488 -0.40675 -0.35599 0.07567 0.16051 .43166
31.75 0.59772502008068074 -0.40682 -0.35555 0.07595 0.15995 .43150
31.70 0.59714219925914636 -0.40688 -0.35511 0.07624 0.15939 .43135
31.65 0.59655943786520738 -0.40694 -0.35467 0.07653 0.15883 .43120
31.60 0.59597673416907782 -0.40701 -0.35422 0.07682 0.15827 .43104
31.55 0.59539408644019098 -0.40707 -0.35377 0.07711 0.15771 .43088
31.50 0.59481149294717062 -0.40714 -0.35332 0.07740 0.15715 .43072
31.45 0.59422895195780179 -0.40720 -0.35287 0.07769 0.15659 .43056
31.40 0.59364646173900193 -0.40727 -0.35242 0.07798 0.15602 .43040
31.35 0.59306402055679219 -0.40733 -0.35196 0.07828 0.15546 .43024
31.30 0.59248162667626747 -0.40740 -0.35150 0.07857 0.15490 .43007
31.25 0.59189927836156764 -0.40747 -0.35105 0.07887 0.15434 .42992
31.20 0.59131697387584792 -0.40753 -0.35058 0.07916 0.15378 .42974
31.15 0.59073471148124979 -0.40760 -0.35012 0.07946 0.15321 .42958
31.10 0.59015248943887078 -0.40766 -0.34966 0.07976 0.15265 .42942
31.05 0.58957030600873539 -0.40773 -0.34919 0.08006 0.15209 .42925
31.00 0.58898815944976501 -0.40779 -0.34872 0.08036 0.15152 .42908
30.95 0.58840604801974816 -0.40786 -0.34825 0.08066 0.15096 .42891
30.90 0.58782396997531072 -0.40792 -0.34777 0.08096 0.15040 .42873
30.85 0.58724192357188520 -0.40799 -0.34730 0.08127 0.14983 .42857
30.80 0.58665990706368132 -0.40806 -0.34682 0.08157 0.14927 .42839
30.75 0.58607791870365555 -0.40812 -0.34634 0.08188 0.14870 .42822
30.70 0.58549595674348021 -0.40819 -0.34586 0.08218 0.14814 .42804
30.65 0.58491401943351373 -0.40825 -0.34538 0.08249 0.14757 .42787
30.60 0.58433210502276955 -0.40832 -0.34489 0.08280 0.14701 .42769
30.55 0.58375021175888564 -0.40838 -0.34441 0.08311 0.14644 .42752
30.50 0.58316833788809341 -0.40845 -0.34392 0.08342 0.14588 .42734
30.45 0.58258648165518689 -0.40852 -0.34342 0.08373 0.14531 .42715
30.40 0.58200464130349217 -0.40858 -0.34293 0.08404 0.14475 .42697
30.35 0.58142281507483518 -0.40865 -0.34244 0.08435 0.14418 .42679
30.30 0.58084100120951132 -0.40872 -0.34194 0.08467 0.14361 .42661
30.25 0.58025919794625369 -0.40878 -0.34144 0.08498 0.14305 .42642
30.20 0.57967740352220132 -0.40885 -0.34094 0.08530 0.14248 .42624
30.15 0.57909561617286820 -0.40891 -0.34043 0.08561 0.14192 .42604
30.10 0.57851383413211033 -0.40898 -0.33993 0.08593 0.14135 .42586
30.05 0.57793205563209493 -0.40905 -0.33942 0.08625 0.14078 .42567
30.00 0.57735027890326807 -0.40911 -0.33891 0.08657 0.14022 .42548
29.95 0.57676850217432185 -0.40918 -0.33840 0.08689 0.13965 .42529
29.90 0.57618672367216306 -0.40925 -0.33789 0.08721 0.13908 .42510
29.85 0.57560494162187992 -0.40931 -0.33737 0.08753 0.13851 .42490
29.80 0.57502315424671002 -0.40938 -0.33685 0.08785 0.13795 .42470
29.75 0.57444135976800692 -0.40945 -0.33633 0.08817 0.13738 .42450
29.70 0.57385955640520825 -0.40951 -0.33581 0.08850 0.13681 .42431
29.65 0.57327774237580176 -0.40958 -0.33529 0.08882 0.13625 .42411
29.60 0.57269591589529301 -0.40965 -0.33476 0.08915 0.13568 .42391
29.55 0.57211407517717083 -0.40972 -0.33423 0.08947 0.13511 .42370
29.50 0.57153221843287527 -0.40978 -0.33370 0.08980 0.13455 .42350
29.45 0.57095034387176313 -0.40985 -0.33317 0.09013 0.13398 .42330
29.40 0.57036844970107436 -0.40992 -0.33264 0.09045 0.13341 .42309
29.35 0.56978653412589808 -0.40998 -0.33210 0.09078 0.13284 .42288
29.30 0.56920459534913859 -0.41005 -0.33156 0.09111 0.13228 .42267
29.25 0.56862263157148163 -0.41012 -0.33102 0.09144 0.13171 .42246
29.20 0.56804064099135865 -0.41019 -0.33048 0.09177 0.13114 .42225
29.15 0.56745862180491358 -0.41025 -0.32994 0.09210 0.13058 .42204
29.10 0.56687657220596777 -0.41032 -0.32939 0.09244 0.13001 .42183
29.05 0.56629449038598434 -0.41039 -0.32884 0.09277 0.12944 .42161
29.00 0.56571237453403433 -0.41046 -0.32829 0.09310 0.12888 .42139
28.95 0.56513022283676029 -0.41052 -0.32774 0.09343 0.12831 .42117
28.90 0.56454803347834170 -0.41059 -0.32719 0.09377 0.12775 .42096
28.85 0.56396580464045909 -0.41066 -0.32663 0.09410 0.12718 .42073
28.80 0.56338353450225820 -0.41073 -0.32607 0.09444 0.12661 .42051
28.75 0.56280122124031395 -0.41080 -0.32551 0.09478 0.12605 .42029
28.70 0.56221886302859492 -0.41086 -0.32495 0.09511 0.12548 .42006
28.65 0.56163645803842610 -0.41093 -0.32439 0.09545 0.12492 .41984
28.60 0.56105400443845332 -0.41100 -0.32382 0.09579 0.12435 .41961
28.55 0.56047150039460558 -0.41107 -0.32325 0.09612 0.12379 .41937
28.50 0.55988894407005929 -0.41114 -0.32268 0.09646 0.12323 .41914
28.45 0.55930633362520032 -0.41121 -0.32211 0.09680 0.12266 .41891
28.40 0.55872366721758682 -0.41127 -0.32154 0.09714 0.12210 .41868
28.35 0.55814094300191230 -0.41134 -0.32096 0.09748 0.12154 .41844
28.30 0.55755815912996731 -0.41141 -0.32038 0.09782 0.12097 .41820
28.25 0.55697531375060216 -0.41148 -0.31980 0.09816 0.12041 .41796
28.20 0.55639240500968834 -0.41155 -0.31922 0.09850 0.11985 .41772
28.15 0.55580943105008029 -0.41162 -0.31863 0.09884 0.11929 .41747
28.10 0.55522639001157725 -0.41169 -0.31805 0.09919 0.11872 .41724
28.05 0.55464328003088403 -0.41176 -0.31746 0.09953 0.11816 .41699
28.00 0.55406009924157285 -0.41183 -0.31687 0.09987 0.11760 .41674
27.95 0.55347684577404310 -0.41190 -0.31628 0.10021 0.11704 .41649
27.90 0.55289351775548301 -0.41197 -0.31568 0.10056 0.11648 .41624
27.85 0.55231011330982938 -0.41204 -0.31509 0.10090 0.11592 .41599
27.80 0.55172663055772764 -0.41211 -0.31449 0.10124 0.11537 .41573
27.75 0.55114306761649301 -0.41218 -0.31389 0.10158 0.11481 .41547
27.70 0.55055942260006829 -0.41225 -0.31328 0.10193 0.11425 .41521
27.65 0.54997569361898513 -0.41232 -0.31268 0.10227 0.11369 .41495
27.60 0.54939187878032203 -0.41239 -0.31207 0.10261 0.11314 .41468
27.55 0.54880797618766397 -0.41246 -0.31147 0.10296 0.11258 .41443
27.50 0.54822398394106098 -0.41253 -0.31086 0.10330 0.11203 .41416
27.45 0.54763990013698649 -0.41260 -0.31024 0.10365 0.11147 .41389
27.40 0.54705572286829596 -0.41268 -0.30963 0.10399 0.11092 .41362
27.35 0.54647145022418464 -0.41275 -0.30901 0.10433 0.11037 .41334
27.30 0.54588708029014499 -0.41282 -0.30840 0.10468 0.10981 .41308
27.25 0.54530261114792489 -0.41289 -0.30778 0.10502 0.10926 .41280
27.20 0.54471804087548426 -0.41297 -0.30716 0.10536 0.10871 .41252
27.15 0.54413336754695263 -0.41304 -0.30653 0.10571 0.10816 .41224
27.10 0.54354858923258453 -0.41311 -0.30591 0.10605 0.10761 .41196
27.05 0.54296370399871785 -0.41318 -0.30528 0.10639 0.10707 .41167
27.00 0.54237870990772830 -0.41326 -0.30465 0.10652 0.10673 .41117
26.95 0.54179360501798601 -0.41333 -0.30402 0.10597 0.10707 .40999
26.90 0.54120838738381127 -0.41341 -0.30339 0.10543 0.10742 .40882
26.85 0.54062305505542918 -0.41348 -0.30275 0.10489 0.10776 .40764
26.80 0.54003760607892537 -0.41356 -0.30212 0.10434 0.10810 .40646
26.75 0.53945203849620049 -0.41363 -0.30148 0.10380 0.10844 .40528
26.70 0.53886635034492414 -0.41371 -0.30084 0.10326 0.10878 .40410
26.65 0.53828053965848977 -0.41378 -0.30019 0.10272 0.10912 .40291
26.60 0.53769460446596806 -0.41386 -0.29955 0.10218 0.10945 .40173
26.55 0.53710854279206044 -0.41394 -0.29890 0.10165 0.10979 .40055
26.50 0.53652235265705239 -0.41401 -0.29826 0.10111 0.11013 .39937
26.45 0.53593603207676654 -0.41409 -0.29761 0.10058 0.11047 .39819
26.40 0.53534957906251479 -0.41417 -0.29696 0.10005 0.11080 .39701
26.35 0.53476299162105112 -0.41425 -0.29630 0.09952 0.11114 .39582
26.30 0.53417626775452287 -0.41433 -0.29565 0.09899 0.11147 .39464
26.25 0.53358940546042311 -0.41441 -0.29499 0.09846 0.11180 .39345
26.20 0.53300240273154131 -0.41449 -0.29434 0.09793 0.11213 .39227
26.15 0.53241525755591457 -0.41457 -0.29368 0.09741 0.11246 .39109
26.10 0.53182796791677822 -0.41465 -0.29302 0.09688 0.11279 .38990
26.05 0.53124053179251596 -0.41473 -0.29235 0.09636 0.11312 .38871
26.00 0.53065294715660993 -0.41482 -0.29169 0.09584 0.11345 .38753
25.95 0.53006521197759027 -0.41490 -0.29102 0.09533 0.11377 .38635
25.90 0.52947732421898386 -0.41498 -0.29035 0.09481 0.11410 .38516
25.85 0.52888928183926420 -0.41507 -0.28968 0.09430 0.11442 .38398
25.80 0.52830108279179877 -0.41515 -0.28901 0.09378 0.11474 .38279
25.75 0.52771272502479782 -0.41524 -0.28834 0.09327 0.11506 .38161
25.70 0.52712420648126190 -0.41533 -0.28767 0.09277 0.11538 .38044
25.65 0.52653552509892954 -0.41541 -0.28699 0.09226 0.11570 .37925
25.60 0.52594667881022350 -0.41550 -0.28631 0.09176 0.11601 .37807
25.55 0.52535766554219843 -0.41559 -0.28563 0.09126 0.11632 .37689
25.50 0.52476848321648584 -0.41568 -0.28495 0.09076 0.11663 .37571
25.45 0.52417912974924130 -0.41577 -0.28427 0.09026 0.11694 .37453
25.40 0.52358960305108848 -0.41587 -0.28359 0.08977 0.11725 .37336
25.35 0.52299990102706539 -0.41596 -0.28290 0.08928 0.11755 .37218
25.30 0.52241002157656802 -0.41605 -0.28222 0.08879 0.11785 .37101
25.25 0.52181996259329522 -0.41615 -0.28153 0.08831 0.11815 .36984
25.20 0.52122972196519191 -0.41624 -0.28084 0.08783 0.11844 .36867
25.15 0.52063929757439309 -0.41634 -0.28015 0.08735 0.11874 .36750
25.10 0.52004868729716613 -0.41644 -0.27946 0.08687 0.11903 .36633
25.05 0.51945788900385370 -0.41654 -0.27876 0.08640 0.11931 .36516
25.00 0.51886690055881535 -0.41664 -0.27807 0.08593 0.11960 .36400
24.95 0.51827571982036957 -0.41674 -0.27737 0.08546 0.11988 .36283
24.90 0.51768434464073498 -0.41685 -0.27668 0.08500 0.12016 .36168
24.85 0.51709277286597055 -0.41695 -0.27598 0.08454 0.12043 .36052
24.80 0.51650100233591645 -0.41706 -0.27528 0.08409 0.12070 .35937
24.75 0.51590903088413309 -0.41717 -0.27458 0.08364 0.12097 .35822
24.70 0.51531685633784119 -0.41728 -0.27388 0.08319 0.12123 .35707
24.65 0.51472447651786013 -0.41739 -0.27317 0.08274 0.12149 .35591
24.60 0.51413188923854658 -0.41750 -0.27247 0.08230 0.12174 .35477
24.55 0.51353909230773198 -0.41761 -0.27177 0.08187 0.12199 .35364
24.50 0.51294608352666027 -0.41773 -0.27106 0.08144 0.12224 .35250
24.45 0.51235286068992469 -0.41785 -0.27035 0.08101 0.12248 .35136
24.40 0.51175942158540400 -0.41797 -0.26964 0.08059 0.12271 .35023
24.35 0.51116576399419855 -0.41809 -0.26893 0.08017 0.12295 .34910
24.30 0.51057188569056522 -0.41822 -0.26822 0.07976 0.12317 .34798
24.25 0.50997778444185260 -0.41834 -0.26751 0.07935 0.12339 .34686
24.20 0.50938345800843532 -0.41847 -0.26680 0.07895 0.12360 .34575
24.15 0.50878890414364741 -0.41860 -0.26608 0.07855 0.12381 .34463
24.10 0.50819412059371571 -0.41873 -0.26537 0.07816 0.12401 .34353
24.05 0.50759910509769279 -0.41887 -0.26465 0.07777 0.12421 .34242
24.00 0.50700385538738835 -0.41901 -0.26394 0.07739 0.12440 .34133
23.95 0.50640836918730148 -0.41915 -0.26322 0.07702 0.12458 .34024
23.90 0.50581264421455108 -0.41929 -0.26250 0.07665 0.12476 .33915
23.85 0.50521667817880678 -0.41943 -0.26178 0.07629 0.12493 .33807
23.80 0.50462046878221822 -0.41958 -0.26106 0.07593 0.12509 .33699
23.75 0.50402401371934424 -0.41973 -0.26034 0.07558 0.12524 .33592
23.70 0.50342731067708213 -0.41989 -0.25962 0.07523 0.12538 .33485
23.65 0.50283035733459502 -0.42004 -0.25890 0.07490 0.12552 .33380
23.60 0.50223315136323943 -0.42020 -0.25818 0.07457 0.12565 .33275
23.55 0.50163569042649214 -0.42037 -0.25745 0.07424 0.12576 .33169
23.50 0.50103797217987622 -0.42053 -0.25673 0.07392 0.12587 .33065
23.45 0.50043999427088670 -0.42070 -0.25600 0.07362 0.12597 .32962
23.40 0.49984175433891520 -0.42088 -0.25527 0.07331 0.12606 .32858
23.35 0.49924325001517428 -0.42105 -0.25455 0.07302 0.12614 .32757
23.30 0.49864447892262104 -0.42123 -0.25382 0.07273 0.12621 .32655
23.25 0.49804543867587991 -0.42142 -0.25309 0.07245 0.12627 .32554
23.20 0.49744612688116491 -0.42160 -0.25236 0.07218 0.12632 .32454
23.15 0.49684654113620130 -0.42180 -0.25163 0.07192 0.12635 .32355
23.10 0.49624667903014597 -0.42199 -0.25090 0.07166 0.12637 .32256
23.05 0.49564653814350829 -0.42219 -0.25016 0.07142 0.12638 .32158
23.00 0.49504611604806875 -0.42239 -0.24943 0.07118 0.12638 .32061
22.95 0.49444541030679834 -0.42260 -0.24870 0.07095 0.12637 .31965
22.90 0.49384441847377619 -0.42282 -0.24796 0.07073 0.12634 .31869
22.85 0.49324313809410680 -0.42303 -0.24722 0.07052 0.12629 .31774
22.80 0.49264156670383669 -0.42325 -0.24649 0.07032 0.12624 .31681
22.75 0.49203970182987000 -0.42348 -0.24575 0.07013 0.12616 .31588
22.70 0.49143754098988363 -0.42371 -0.24501 0.06994 0.12608 .31495
22.65 0.49083508169224127 -0.42395 -0.24427 0.06977 0.12597 .31404
22.60 0.49023232143590700 -0.42419 -0.24353 0.06961 0.12586 .31314
22.55 0.48962925771035787 -0.42444 -0.24279 0.06945 0.12572 .31224
22.50 0.48902588799549546 -0.42469 -0.24204 0.06931 0.12557 .31135
22.45 0.48842220976155742 -0.42495 -0.24130 0.06917 0.12540 .31047
22.40 0.48781822046902723 -0.42521 -0.24056 0.06905 0.12521 .30961
22.35 0.48721391756854376 -0.42548 -0.23981 0.06894 0.12501 .30875
22.30 0.48660929850080958 -0.42575 -0.23906 0.06883 0.12478 .30789
22.25 0.48600436069649899 -0.42603 -0.23831 0.06874 0.12454 .30705
22.20 0.48539910157616445 -0.42631 -0.23756 0.06866 0.12428 .30622
22.15 0.48479351855014252 -0.42661 -0.23681 0.06859 0.12400 .30540
22.10 0.48418760901845936 -0.42690 -0.23606 0.06853 0.12370 .30459
22.05 0.48358137037073412 -0.42721 -0.23530 0.06848 0.12338 .30378
22.00 0.48297479998608267 -0.42752 -0.23455 0.06844 0.12304 .30299
21.95 0.48236789523301982 -0.42783 -0.23379 0.06841 0.12268 .30220
21.90 0.48176065346936059 -0.42816 -0.23303 0.06839 0.12229 .30142
21.85 0.48115307204212066 -0.42849 -0.23227 0.06839 0.12189 .30066
21.80 0.48054514828741574 -0.42882 -0.23151 0.06839 0.12146 .29990
21.75 0.47993687953036013 -0.42916 -0.23075 0.06841 0.12101 .29916
21.70 0.47932826308496429 -0.42951 -0.22998 0.06844 0.12054 .29842
21.65 0.47871929625403137 -0.42987 -0.22921 0.06847 0.12004 .29768
21.60 0.47810997632905239 -0.43023 -0.22845 0.06853 0.11953 .29698
21.55 0.47750030059010101 -0.43060 -0.22768 0.06859 0.11898 .29627
21.50 0.47689026630572684 -0.43098 -0.22690 0.06866 0.11842 .29556
21.45 0.47627987073284805 -0.43137 -0.22613 0.06874 0.11783 .29487
21.40 0.47566911111664228 -0.43176 -0.22535 0.06884 0.11722 .29419
21.35 0.47505798469043725 -0.43216 -0.22458 0.06895 0.11659 .29353
21.30 0.47444648867559963 -0.43257 -0.22380 0.06907 0.11593 .29287
21.25 0.47383462028142359 -0.43298 -0.22301 0.06920 0.11525 .29221
21.20 0.47322237670501677 -0.43341 -0.22223 0.06934 0.11455 .29157
21.15 0.47260975513118736 -0.43384 -0.22145 0.06949 0.11382 .29094
21.10 0.47199675273232761 -0.43428 -0.22066 0.06966 0.11307 .29032
21.05 0.47138336666829789 -0.43473 -0.21987 0.06984 0.11230 .28971
21.00 0.47076959408630886 -0.43518 -0.21908 0.07003 0.11150 .28911
20.95 0.47015543212080257 -0.43565 -0.21829 0.07023 0.11068 .28852
20.90 0.46954087789333243 -0.43612 -0.21749 0.07044 0.10983 .28793
20.85 0.46892592851244164 -0.43660 -0.21670 0.07066 0.10897 .28736
20.80 0.46831058107354084 -0.43709 -0.21590 0.07090 0.10808 .28680
20.75 0.46769483265878409 -0.43758 -0.21510 0.07114 0.10717 .28624
20.70 0.46707868033694405 -0.43809 -0.21429 0.07140 0.10624 .28569
20.65 0.46646212116328506 -0.43860 -0.21349 0.07167 0.10528 .28516
20.60 0.46584515217943595 -0.43913 -0.21269 0.07195 0.10431 .28464
20.55 0.46522777041326047 -0.43966 -0.21188 0.07225 0.10331 .28413
20.50 0.46460997287872730 -0.44020 -0.21107 0.07255 0.10230 .28362
20.45 0.46399175657577785 -0.44075 -0.21026 0.07287 0.10126 .28313
20.40 0.46337311849019369 -0.44131 -0.20945 0.07320 0.10021 .28265
20.35 0.46275405559346122 -0.44187 -0.20864 0.07353 0.09914 .28217
20.30 0.46213456484263626 -0.44245 -0.20782 0.07389 0.09804 .28171
20.25 0.46151464318020630 -0.44303 -0.20701 0.07425 0.09694 .28126
20.20 0.46089428753395190 -0.44363 -0.20619 0.07462 0.09581 .28081
20.15 0.46027349481680574 -0.44423 -0.20537 0.07501 0.09466 .28038
20.10 0.45965226192671138 -0.44484 -0.20456 0.07540 0.09350 .27996
20.05 0.45903058574647937 -0.44546 -0.20374 0.07581 0.09233 .27955
20.00 0.45840846314364242 -0.44609 -0.20292 0.07623 0.09114 .27915
19.95 0.45778589097030903 -0.44673 -0.20210 0.07666 0.08993 .27876
19.90 0.45716286606301498 -0.44738 -0.20128 0.07710 0.08871 .27838
19.85 0.45653938524257409 -0.44804 -0.20046 0.07755 0.08748 .27801
19.80 0.45591544531392630 -0.44870 -0.19965 0.07802 0.08624 .27767
19.75 0.45529104306598517 -0.44938 -0.19883 0.07849 0.08498 .27732
19.70 0.45466617527148268 -0.45006 -0.19801 0.07898 0.08371 .27699
19.65 0.45404083868681316 -0.45075 -0.19719 0.07948 0.08243 .27667
19.60 0.45341503005187517 -0.45145 -0.19638 0.07999 0.08114 .27637
19.55 0.45278874608991104 -0.45216 -0.19557 0.07984 0.08051 .27541
19.50 0.45216198350734593 -0.45288 -0.19475 0.07854 0.08104 .27329
19.45 0.45153473899362395 -0.45361 -0.19394 0.07722 0.08158 .27116
19.40 0.45090700922104293 -0.45434 -0.19314 0.07590 0.08213 .26904
19.35 0.45027879084458722 -0.45509 -0.19233 0.07456 0.08270 .26689
19.30 0.44965008050175848 -0.45584 -0.19153 0.07323 0.08327 .26476
19.25 0.44902087481240505 -0.45660 -0.19073 0.07188 0.08386 .26261
19.20 0.44839117037854909 -0.45736 -0.18994 0.07054 0.08445 .26048
19.15 0.44776096378421115 -0.45814 -0.18915 0.06918 0.08506 .25833
19.10 0.44713025159523395 -0.45892 -0.18836 0.06783 0.08568 .25619
19.05 0.44649903035910310 -0.45971 -0.18758 0.06647 0.08631 .25405
19.00 0.44586729660476643 -0.46050 -0.18680 0.06510 0.08695 .25190
18.95 0.44523504684245080 -0.46131 -0.18603 0.06374 0.08760 .24977
18.90 0.44460227756347698 -0.46211 -0.18527 0.06237 0.08827 .24764
18.85 0.44396898524007278 -0.46293 -0.18451 0.06100 0.08894 .24551
18.80 0.44333516632518272 -0.46375 -0.18375 0.05963 0.08962 .24338
18.75 0.44270081725227745 -0.46457 -0.18301 0.05826 0.09032 .24127
18.70 0.44206593443515912 -0.46541 -0.18227 0.05689 0.09102 .23916
18.65 0.44143051426776569 -0.46624 -0.18154 0.05552 0.09174 .23706
18.60 0.44079455312397198 -0.46708 -0.18082 0.05416 0.09247 .23498
18.55 0.44015804735738923 -0.46793 -0.18011 0.05279 0.09321 .23290
18.50 0.43952099330116196 -0.46878 -0.17941 0.05143 0.09396 .23084
18.45 0.43888338726776216 -0.46963 -0.17872 0.05007 0.09472 .22879
18.40 0.43824522554878126 -0.47048 -0.17804 0.04871 0.09549 .22675
18.35 0.43760650441471993 -0.47134 -0.17737 0.04735 0.09627 .22472
18.30 0.43696722011477462 -0.47220 -0.17671 0.04600 0.09707 .22271
18.25 0.43632736887662232 -0.47306 -0.17606 0.04465 0.09787 .22071
18.20 0.43568694690620202 -0.47392 -0.17543 0.04331 0.09869 .21874
18.15 0.43504595038749433 -0.47479 -0.17481 0.04197 0.09952 .21678
18.10 0.43440437548229766 -0.47565 -0.17420 0.04064 0.10036 .21484
18.05 0.43376221833000173 -0.47651 -0.17360 0.03931 0.10121 .21291
18.00 0.43311947504735931 -0.47738 -0.17303 0.03798 0.10207 .21101
17.95 0.43247614172825383 -0.47824 -0.17246 0.03666 0.10295 .20912
17.90 0.43183221444346498 -0.47910 -0.17191 0.03535 0.10383 .20726
17.85 0.43118768924043122 -0.47996 -0.17138 0.03404 0.10473 .20542
17.80 0.43054256214300907 -0.48082 -0.17086 0.03274 0.10564 .20360
17.75 0.42989682915123001 -0.48167 -0.17036 0.03145 0.10657 .20181
17.70 0.42925048624105394 -0.48252 -0.16987 0.03016 0.10750 .20003
17.65 0.42860352936411933 -0.48337 -0.16941 0.02887 0.10845 .19828
17.60 0.42795595444749102 -0.48421 -0.16896 0.02759 0.10941 .19655
17.55 0.42730775739340404 -0.48505 -0.16852 0.02632 0.11038 .19484
17.50 0.42665893407900496 -0.48589 -0.16811 0.02506 0.11137 .19317
17.45 0.42600948035608893 -0.48672 -0.16771 0.02380 0.11236 .19151
17.40 0.42535939205083484 -0.48754 -0.16733 0.02254 0.11337 .18987
17.35 0.42470866496353571 -0.48836 -0.16697 0.02130 0.11440 .18827
17.30 0.42405729486832622 -0.48918 -0.16663 0.02006 0.11543 .18669
17.25 0.42340527751290741 -0.48998 -0.16631 0.01882 0.11648 .18513
17.20 0.42275260861826658 -0.49079 -0.16600 0.01759 0.11754 .18359
17.15 0.42209928387839457 -0.49158 -0.16572 0.01637 0.11862 .18209
17.10 0.42144529895999888 -0.49237 -0.16545 0.01515 0.11970 .18060
17.05 0.42079064950221312 -0.49315 -0.16520 0.01394 0.12080 .17914
17.00 0.42013533111630319 -0.49393 -0.16497 0.01273 0.12192 .17770
16.95 0.41947933938536919 -0.49469 -0.16476 0.01153 0.12304 .17629
16.90 0.41882266986404287 -0.49545 -0.16456 0.01033 0.12418 .17489
16.85 0.41816531807818275 -0.49621 -0.16439 0.00914 0.12533 .17353
16.80 0.41750727952456318 -0.49696 -0.16423 0.00795 0.12649 .17218
16.75 0.41684854967056112 -0.49770 -0.16409 0.00677 0.12767 .17086
16.70 0.41618912395383745 -0.49843 -0.16396 0.00559 0.12886 .16955
16.65 0.41552899778201507 -0.49916 -0.16385 0.00441 0.13006 .16826
16.60 0.41486816653235176 -0.49988 -0.16376 0.00325 0.13127 .16701
16.55 0.41420662555140919 -0.50060 -0.16369 0.00208 0.13250 .16577
16.50 0.41354437015471773 -0.50130 -0.16363 0.00092 0.13374 .16455
16.45 0.41288139562643611 -0.50201 -0.16359 -0.00024 0.13499 .16335
16.40 0.41221769721900697 -0.50270 -0.16356 -0.00139 0.13625 .16217
16.35 0.41155327015280768 -0.50340 -0.16354 -0.00254 0.13752 .16100
16.30 0.41088810961579586 -0.50408 -0.16354 -0.00369 0.13881 .15985
16.25 0.41022221076315113 -0.50476 -0.16355 -0.00483 0.14010 .15872
16.20 0.40955556871691118 -0.50544 -0.16358 -0.00597 0.14141 .15761
16.15 0.40888817856560256 -0.50611 -0.16362 -0.00710 0.14273 .15652
16.10 0.40822003536386753 -0.50677 -0.16367 -0.00823 0.14405 .15544
16.05 0.40755113413208455 -0.50744 -0.16374 -0.00936 0.14539 .15438
16.00 0.40688146985598445 -0.50809 -0.16381 -0.01049 0.14674 .15332
15.95 0.40621103748626042 -0.50875 -0.16390 -0.01161 0.14810 .15229
15.90 0.40553983193817339 -0.50940 -0.16400 -0.01273 0.14947 .15127
15.85 0.40486784809115106 -0.51005 -0.16411 -0.01385 0.15085 .15026
15.80 0.40419508078838223 -0.51069 -0.16423 -0.01496 0.15224 .14927
15.75 0.40352152483640419 -0.51133 -0.16436 -0.01607 0.15364 .14829
15.70 0.40284717500468581 -0.51197 -0.16450 -0.01718 0.15505 .14732
15.65 0.40217202602520330 -0.51261 -0.16465 -0.01829 0.15646 .14636
15.60 0.40149607259201053 -0.51324 -0.16480 -0.01939 0.15789 .14541
15.55 0.40081930936080368 -0.51387 -0.16497 -0.02049 0.15932 .14448
15.50 0.40014173094847860 -0.51450 -0.16514 -0.02158 0.16077 .14356
15.45 0.39946333193268280 -0.51513 -0.16532 -0.02268 0.16222 .14264
15.40 0.39878410685136023 -0.51576 -0.16551 -0.02377 0.16368 .14174
15.35 0.39810405020228995 -0.51638 -0.16571 -0.02486 0.16515 .14085
15.30 0.39742315644261811 -0.51701 -0.16591 -0.02594 0.16663 .13997
15.25 0.39674141998838264 -0.51763 -0.16612 -0.02702 0.16811 .13910
15.20 0.39605883521403118 -0.51826 -0.16634 -0.02810 0.16960 .13824
15.15 0.39537539645193265 -0.51888 -0.16656 -0.02918 0.17110 .13738
15.10 0.39469109799188024 -0.51950 -0.16679 -0.03026 0.17261 .13653
15.05 0.39400593408058848 -0.52012 -0.16702 -0.03133 0.17413 .13569
15.00 0.39331989892118169 -0.52075 -0.16726 -0.03240 0.17565 .13486
14.95 0.39263298667267577 -0.52137 -0.16751 -0.03346 0.17718 .13405
14.90 0.39194519144945134 -0.52199 -0.16776 -0.03453 0.17872 .13323
14.85 0.39125650732071982 -0.52261 -0.16801 -0.03559 0.18026 .13242
14.80 0.39056692830998108 -0.52324 -0.16827 -0.03664 0.18181 .13163
14.75 0.38987644839447261 -0.52386 -0.16854 -0.03770 0.18337 .13084
14.70 0.38918506150461102 -0.52449 -0.16880 -0.03875 0.18493 .13005
14.65 0.38849276152342449 -0.52512 -0.16908 -0.03980 0.18650 .12928
14.60 0.38779954228597707 -0.52574 -0.16935 -0.04084 0.18808 .12851
14.55 0.38710539757878348 -0.52637 -0.16963 -0.04188 0.18966 .12775
14.50 0.38641032113921558 -0.52700 -0.16991 -0.04292 0.19125 .12699
14.45 0.38571430665489931 -0.52763 -0.17020 -0.04396 0.19285 .12624
14.40 0.38501734776310242 -0.52827 -0.17049 -0.04499 0.19445 .12550
14.35 0.38431943805011287 -0.52890 -0.17078 -0.04602 0.19606 .12476
14.30 0.38362057105060715 -0.52954 -0.17108 -0.04705 0.19767 .12403
14.25 0.38292074024700901 -0.53018 -0.17138 -0.04807 0.19929 .12331
14.20 0.38221993906883789 -0.53082 -0.17168 -0.04909 0.20092 .12259
14.15 0.38151816089204771 -0.53146 -0.17199 -0.05011 0.20255 .12188
14.10 0.38081539903835421 -0.53211 -0.17229 -0.05112 0.20419 .12117
14.05 0.38011164677455245 -0.53276 -0.17260 -0.05213 0.20583 .12047
14.00 0.37940689731182314 -0.53341 -0.17291 -0.05314 0.20748 .11977
13.95 0.37870114380502756 -0.53406 -0.17323 -0.05414 0.20913 .11909
13.90 0.37799437935199204 -0.53471 -0.17354 -0.05514 0.21079 .11840
13.85 0.37728659699277994 -0.53537 -0.17386 -0.05614 0.21245 .11772
13.80 0.37657778970895234 -0.53603 -0.17418 -0.05713 0.21412 .11705
13.75 0.37586795042281695 -0.53670 -0.17450 -0.05812 0.21579 .11638
13.70 0.37515707199666415 -0.53736 -0.17483 -0.05911 0.21747 .11572
13.65 0.37444514723199135 -0.53803 -0.17515 -0.06009 0.21916 .11506
13.60 0.37373216886871380 -0.53870 -0.17548 -0.06107 0.22085 .11441
13.55 0.37301812958436309 -0.53938 -0.17580 -0.06204 0.22254 .11376
13.50 0.37230302199327187 -0.54006 -0.17613 -0.06301 0.22424 .11312
13.45 0.37158683864574560 -0.54074 -0.17646 -0.06398 0.22595 .11248
13.40 0.37086957202721976 -0.54143 -0.17679 -0.06494 0.22766 .11185
13.35 0.37015121455740396 -0.54211 -0.17713 -0.06590 0.22937 .11123
13.30 0.36943175858941057 -0.54281 -0.17746 -0.06686 0.23109 .11060
13.25 0.36871119640886968 -0.54350 -0.17779 -0.06781 0.23281 .10998
13.20 0.36798952023302828 -0.54420 -0.17813 -0.06876 0.23454 .10937
13.15 0.36726672220983475 -0.54490 -0.17847 -0.06970 0.23627 .10877
13.10 0.36654279441700738 -0.54561 -0.17880 -0.07064 0.23801 .10816
13.05 0.36581772886108715 -0.54632 -0.17914 -0.07157 0.23975 .10757
13.00 0.36509151747647400 -0.54704 -0.17948 -0.07250 0.24150 .10698
12.95 0.36436415212444700 -0.54775 -0.17981 -0.07343 0.24325 .10638
12.90 0.36363562459216681 -0.54848 -0.18015 -0.07435 0.24501 .10580
12.85 0.36290592659166121 -0.54920 -0.18049 -0.07527 0.24676 .10522
12.80 0.36217504975879339 -0.54993 -0.18083 -0.07619 0.24853 .10464
12.75 0.36144298565221100 -0.55067 -0.18117 -0.07709 0.25030 .10408
12.70 0.36070972575227789 -0.55141 -0.18151 -0.07800 0.25207 .10351
12.65 0.35997526145998643 -0.55215 -0.18185 -0.07890 0.25385 .10295
12.60 0.35923958409585033 -0.55290 -0.18219 -0.07980 0.25563 .10239
12.55 0.35850268489877835 -0.55365 -0.18253 -0.08069 0.25741 .10184
12.50 0.35776455502492738 -0.55441 -0.18287 -0.08157 0.25920 .10130
12.45 0.35702518554653512 -0.55517 -0.18321 -0.08246 0.26100 .10075
12.40 0.35628456745073178 -0.55593 -0.18355 -0.08333 0.26280 .10022
12.35 0.35554269163833013 -0.55670 -0.18389 -0.08421 0.26460 .09968
12.30 0.35479954892259385 -0.55748 -0.18422 -0.08508 0.26641 .09914
12.25 0.35405513002798283 -0.55826 -0.18456 -0.08594 0.26822 .09862
12.20 0.35330942558887629 -0.55904 -0.18490 -0.08680 0.27003 .09810
12.15 0.35256242614827166 -0.55983 -0.18524 -0.08765 0.27185 .09759
12.10 0.35181412215645985 -0.56062 -0.18557 -0.08850 0.27367 .09707
12.05 0.35106450396967603 -0.56142 -0.18591 -0.08935 0.27550 .09656
12.00 0.35031356184872481 -0.56222 -0.18625 -0.09019 0.27733 .09606
11.95 0.34956128595758001 -0.56303 -0.18658 -0.09102 0.27917 .09556
11.90 0.34880766636195842 -0.56384 -0.18691 -0.09185 0.28101 .09506
11.85 0.34805269302786601 -0.56466 -0.18725 -0.09268 0.28285 .09457
11.80 0.34729635582011686 -0.56549 -0.18758 -0.09350 0.28470 .09408
11.75 0.34653864450082428 -0.56631 -0.18791 -0.09431 0.28655 .09360
11.70 0.34577954872786260 -0.56715 -0.18824 -0.09512 0.28841 .09312
11.65 0.34501905805329952 -0.56799 -0.18857 -0.09592 0.29027 .09265
11.60 0.34425716192179839 -0.56883 -0.18890 -0.09672 0.29214 .09218
11.55 0.34349384966898983 -0.56968 -0.18923 -0.09752 0.29400 .09171
11.50 0.34272911051981081 -0.57053 -0.18955 -0.09831 0.29588 .09124
11.45 0.34196293358681218 -0.57139 -0.18988 -0.09909 0.29775 .09079
11.40 0.34119530786843266 -0.57225 -0.19020 -0.09987 0.29964 .09033
11.35 0.34042622224723856 -0.57312 -0.19052 -0.10064 0.30152 .08988
11.30 0.33965566548812931 -0.57400 -0.19084 -0.10141 0.30341 .08943
11.25 0.33888362623650670 -0.57488 -0.19116 -0.10217 0.30531 .08899
11.20 0.33811009301640765 -0.57577 -0.19148 -0.10293 0.30720 .08855
11.15 0.33733505422859994 -0.57666 -0.19180 -0.10368 0.30911 .08812
11.10 0.33655849814863903 -0.57755 -0.19211 -0.10443 0.31101 .08768
11.05 0.33578041292488614 -0.57845 -0.19242 -0.10517 0.31293 .08725
11.00 0.33500078657648524 -0.57936 -0.19274 -0.10591 0.31484 .08683
10.95 0.33421960699129954 -0.58027 -0.19305 -0.10664 0.31676 .08641
10.90 0.33343686192380506 -0.58119 -0.19335 -0.10737 0.31869 .08598
10.85 0.33265253899294100 -0.58212 -0.19366 -0.10809 0.32062 .08557
10.80 0.33186662567991565 -0.58304 -0.19396 -0.10880 0.32255 .08516
10.75 0.33107910932596624 -0.58398 -0.19427 -0.10951 0.32449 .08476
10.70 0.33028997713007269 -0.58492 -0.19457 -0.11021 0.32644 .08436
10.65 0.32949921614662253 -0.58586 -0.19487 -0.11091 0.32838 .08396
10.60 0.32870681328302698 -0.58682 -0.19516 -0.11160 0.33034 .08356
10.55 0.32791275529728653 -0.58777 -0.19546 -0.11229 0.33230 .08317
10.50 0.32711702879550453 -0.58873 -0.19575 -0.11297 0.33426 .08278
10.45 0.32631962022934713 -0.58970 -0.19604 -0.11365 0.33623 .08239
10.40 0.32552051589344949 -0.59067 -0.19633 -0.11432 0.33820 .08201
10.35 0.32471970192276511 -0.59165 -0.19662 -0.11499 0.34018 .08163
10.30 0.32391716428985806 -0.59263 -0.19690 -0.11565 0.34216 .08125
10.25 0.32311288880213562 -0.59362 -0.19718 -0.11630 0.34415 .08088
10.20 0.32230686109902068 -0.59462 -0.19746 -0.11695 0.34615 .08051
10.15 0.32149906664906186 -0.59562 -0.19774 -0.11759 0.34815 .08015
10.10 0.32068949074697878 -0.59662 -0.19802 -0.11823 0.35015 .07979
10.05 0.31987811851064291 -0.59763 -0.19829 -0.11887 0.35217 .07942
10.00 0.31906493487798943 -0.59865 -0.19856 -0.11949 0.35418 .07907
9.95 0.31824992460386070 -0.59967 -0.19883 -0.12012 0.35621 .07871
9.90 0.31743307225677786 -0.60070 -0.19909 -0.12073 0.35823 .07836
9.85 0.31661436221563910 -0.60173 -0.19935 -0.12134 0.36027 .07801
9.80 0.31579377866634295 -0.60277 -0.19961 -0.12195 0.36231 .07766
9.75 0.31497130559833353 -0.60381 -0.19987 -0.12255 0.36436 .07732
9.70 0.31414692680106648 -0.60486 -0.20013 -0.12314 0.36641 .07699
9.65 0.31332062586039267 -0.60591 -0.20038 -0.12373 0.36847 .07665
9.60 0.31249238615485792 -0.60697 -0.20063 -0.12432 0.37054 .07631
9.55 0.31166219085191565 -0.60803 -0.20088 -0.12490 0.37261 .07598
9.50 0.31083002290405076 -0.60910 -0.20112 -0.12547 0.37469 .07565
9.45 0.30999586504481119 -0.61017 -0.20136 -0.12604 0.37677 .07532
9.40 0.30915969978474567 -0.61125 -0.20160 -0.12660 0.37887 .07500
9.35 0.30832150940724323 -0.61234 -0.20184 -0.12716 0.38097 .07468
9.30 0.30748127596427399 -0.61343 -0.20207 -0.12771 0.38307 .07436
9.25 0.30663898127202549 -0.61452 -0.20230 -0.12826 0.38519 .07404
9.20 0.30579460690643406 -0.61562 -0.20253 -0.12880 0.38731 .07373
9.15 0.30494813419860595 -0.61672 -0.20276 -0.12933 0.38944 .07343
9.10 0.30409954423012653 -0.61783 -0.20298 -0.12987 0.39158 .07311
9.05 0.30324881782825319 -0.61894 -0.20320 -0.13039 0.39372 .07281
9.00 0.30239593556098865 -0.62006 -0.20341 -0.13091 0.39588 .07250
8.95 0.30154087773203153 -0.62118 -0.20363 -0.13143 0.39804 .07220
8.90 0.30068362437559926 -0.62231 -0.20384 -0.13194 0.40021 .07190
8.85 0.29982415525112072 -0.62344 -0.20404 -0.13245 0.40239 .07159
8.80 0.29896244983779341 -0.62458 -0.20425 -0.13295 0.40457 .07130
8.75 0.29809848732900202 -0.62572 -0.20445 -0.13344 0.40677 .07101
8.70 0.29723224662659264 -0.62686 -0.20465 -0.13393 0.40897 .07072
8.65 0.29636370633499964 -0.62801 -0.20484 -0.13442 0.41119 .07042
8.60 0.29549284475521920 -0.62917 -0.20504 -0.13490 0.41341 .07014
8.55 0.29461963987862538 -0.63033 -0.20523 -0.13538 0.41564 .06985
8.50 0.29374406938062309 -0.63149 -0.20541 -0.13585 0.41788 .06956
8.45 0.29286611061413348 -0.63266 -0.20560 -0.13631 0.42013 .06929
8.40 0.29198574060290522 -0.63383 -0.20578 -0.13678 0.42239 .06900
8.35 0.29110293603464699 -0.63500 -0.20595 -0.13723 0.42467 .06872
8.30 0.29021767325397441 -0.63618 -0.20613 -0.13769 0.42695 .06844
8.25 0.28932992825516618 -0.63736 -0.20630 -0.13813 0.42924 .06817
8.20 0.28843967667472209 -0.63855 -0.20646 -0.13858 0.43154 .06788
8.15 0.28754689378371695 -0.63974 -0.20663 -0.13901 0.43385 .06762
8.10 0.28665155447994300 -0.64094 -0.20679 -0.13945 0.43617 .06734
8.05 0.28575363327983461 -0.64213 -0.20695 -0.13988 0.43851 .06707
8.00 0.28485310431016619 -0.64334 -0.20710 -0.14030 0.44085 .06680
7.95 0.28394994129951745 -0.64454 -0.20726 -0.14072 0.44321 .06654
7.90 0.28304411756949560 -0.64575 -0.20740 -0.14114 0.44558 .06626
7.85 0.28213560602570920 -0.64696 -0.20755 -0.14155 0.44796 .06600
7.80 0.28122437914848114 -0.64818 -0.20769 -0.14196 0.45035 .06573
7.75 0.28031040898329512 -0.64940 -0.20783 -0.14236 0.45276 .06547
7.70 0.27939366713096336 -0.65062 -0.20797 -0.14276 0.45517 .06521
7.65 0.27847412473750777 -0.65185 -0.20810 -0.14316 0.45760 .06494
7.60 0.27755175248374220 -0.65308 -0.20823 -0.14355 0.46004 .06468
7.55 0.27662652057454717 -0.65431 -0.20836 -0.14393 0.46250 .06443
7.50 0.27569839872782342 -0.65555 -0.20848 -0.14431 0.46497 .06417
7.45 0.27476735616311498 -0.65679 -0.20860 -0.14469 0.46745 .06391
7.40 0.27383336158988730 -0.65803 -0.20872 -0.14507 0.46994 .06365
7.35 0.27289638319544918 -0.65928 -0.20883 -0.14544 0.47245 .06339
7.30 0.27195638863250449 -0.66052 -0.20894 -0.14580 0.47497 .06314
7.25 0.27101334500631991 -0.66177 -0.20905 -0.14617 0.47751 .06288
7.20 0.27006721886149349 -0.66303 -0.20915 -0.14652 0.48006 .06263
7.15 0.26911797616831001 -0.66428 -0.20925 -0.14688 0.48263 .06237
7.10 0.26816558230866605 -0.66554 -0.20935 -0.14723 0.48521 .06212
7.05 0.26721000206154838 -0.66680 -0.20944 -0.14758 0.48780 .06186
7.00 0.26625119958804888 -0.66807 -0.20953 -0.14792 0.49041 .06161
6.95 0.26528913841589680 -0.66933 -0.20962 -0.14826 0.49304 .06136
6.90 0.26432378142348961 -0.67060 -0.20971 -0.14860 0.49568 .06111
6.85 0.26335509082340303 -0.67187 -0.20979 -0.14893 0.49834 .06086
6.80 0.26238302814535797 -0.67315 -0.20987 -0.14926 0.50101 .06061
6.75 0.26140755421862366 -0.67442 -0.20994 -0.14958 0.50371 .06036
6.70 0.26042862915383336 -0.67570 -0.21001 -0.14991 0.50641 .06010
6.65 0.25944621232418863 -0.67698 -0.21008 -0.15022 0.50914 .05986
6.60 0.25846026234602637 -0.67826 -0.21015 -0.15054 0.51188 .05961
6.55 0.25747073705872320 -0.67955 -0.21021 -0.15085 0.51464 .05936
6.50 0.25647759350390792 -0.68083 -0.21027 -0.15116 0.51742 .05911
6.45 0.25548078790395357 -0.68212 -0.21033 -0.15147 0.52021 .05886
6.40 0.25448027563971826 -0.68341 -0.21038 -0.15177 0.52302 .05861
6.35 0.25347601122750207 -0.68470 -0.21043 -0.15207 0.52586 .05836
6.30 0.25246794829518643 -0.68599 -0.21048 -0.15236 0.52871 .05812
6.25 0.25145603955751983 -0.68729 -0.21052 -0.15266 0.53158 .05786
6.20 0.25044023679051242 -0.68858 -0.21056 -0.15295 0.53447 .05761
6.15 0.24942049080490034 -0.68988 -0.21060 -0.15323 0.53737 .05737
