45.0 0.75983570225832975 -3.97755813741
44.95 0.75917290940448456 -3.97755818956
44.90 0.75851069267822968 -3.97755834601
44.85 0.75784904956591581 -3.97755860662
44.80 0.75718797756129208 -3.97755897115
44.75 0.75652747416546084 -3.97755943927
44.70 0.75586753688683117 -3.97756001055
44.65 0.75520816324107432 -3.97756068448
44.60 0.75454935075107776 -3.97756146043
44.55 0.75389109694690015 -3.97756233771
44.50 0.75323339936572720 -3.97756331550
44.45 0.75257625555182672 -3.97756439291
44.40 0.75191966305650404 -3.97756556895
44.35 0.75126361943805864 -3.97756684252
44.30 0.75060812226173934 -3.97756821245
44.25 0.74995316909970178 -3.97756967746
44.20 0.74929875753096364 -3.97757123618
44.15 0.74864488514136263 -3.97757288713
44.10 0.74799154952351277 -3.97757462878
44.05 0.74733874827676172 -3.97757645945
44.00 0.74668647900714824 -3.97757837741
43.95 0.74603473932735997 -3.97758038080
43.90 0.74538352685669107 -3.97758246769
43.85 0.74473283922100009 -3.97758463606
43.80 0.74408267405266870 -3.97758688377
43.75 0.74343302899055930 -3.97758920861
43.70 0.74278390167997466 -3.97759160827
43.65 0.74213528977261611 -3.97759408032
43.60 0.74148719092654247 -3.97759662228
43.55 0.74083960280612982 -3.97759923155
43.50 0.74019252308203054 -3.97760190544
43.45 0.73954594943113283 -3.97760464117
43.40 0.73889987953652059 -3.97760743585
43.35 0.73825431108743367 -3.97761028652
43.30 0.73760924177922782 -3.97761319011
43.25 0.73696466931333482 -3.97761614347
43.20 0.73632059139722317 -3.97761914334
43.15 0.73567700574435957 -3.97762218637
43.10 0.73503391007416841 -3.97762526913
43.05 0.73439130211199355 -3.97762838808
43.00 0.73374917958905994 -3.97763153961
42.95 0.73310754024243474 -3.97763471998
42.90 0.73246638181498858 -3.97763792538
42.85 0.73182570205535757 -3.97764115192
42.80 0.73118549871790539 -3.97764439559
42.75 0.73054576956268569 -3.97764765230
42.70 0.72990651235540349 -3.97765091786
42.65 0.72926772486737823 -3.97765418800
42.60 0.72862940487550631 -3.97765745835
42.55 0.72799155016222405 -3.97766072443
42.50 0.72735415851547003 -3.97766398171
42.45 0.72671722772864877 -3.97766722551
42.40 0.72608075560059371 -3.97767045112
42.35 0.72544473993553082 -3.97767365369
42.30 0.72480917854304194 -3.97767682829
42.25 0.72417406923802852 -3.97767996992
42.20 0.72353940984067577 -3.97768307345
42.15 0.72290519817641630 -3.97768613368
42.10 0.72227143207589473 -3.97768914533
42.05 0.72163810937493145 -3.97769210300
42.00 0.72100522791448773 -3.97769500121
41.95 0.72037278554063011 -3.97769783440
41.90 0.71974078010449472 -3.97770059691
41.85 0.71910920946225287 -3.97770328297
41.80 0.71847807147507592 -3.97770588676
41.75 0.71784736400909988 -3.97770840233
41.70 0.71721708493539160 -3.97771082364
41.65 0.71658723212991393 -3.97771314460
41.60 0.71595780347349092 -3.97771535899
41.55 0.71532879685177420 -3.97771746050
41.50 0.71470021015520846 -3.97771944276
41.45 0.71407204127899770 -3.97772129926
41.40 0.71344428812307092 -3.97772302346
41.35 0.71281694859204914 -3.97772460868
41.30 0.71219002059521097 -3.97772604816
41.25 0.71156350204645979 -3.97772733508
41.20 0.71093739086429042 -3.97772846249
41.15 0.71031168497175501 -3.97772942338
41.10 0.70968638229643122 -3.97773021063
41.05 0.70906148077038822 -3.97773081704
41.00 0.70843697833015451 -3.97773123532
40.95 0.70781287291668460 -3.97773145808
40.90 0.70718916247532726 -3.97773147786
40.85 0.70656584495579211 -3.97773128711
40.80 0.70594291831211764 -3.97773087816
40.75 0.70532038050263912 -3.97773024329
40.70 0.70469822948995642 -3.97772937466
40.65 0.70407646324090134 -3.97772826437
40.60 0.70345507972650678 -3.97772690441
40.55 0.70283407692197408 -3.97772528669
40.50 0.70221345280664171 -3.97772340303
40.45 0.70159320536395353 -3.97772124517
40.40 0.70097333258142724 -3.97771880474
40.35 0.70035383245062366 -3.97771607331
40.30 0.69973470296711415 -3.97771304235
40.25 0.69911594213045092 -3.97770970323
40.20 0.69849754794413488 -3.97770604726
40.15 0.69787951841558515 -3.97770206564
40.10 0.69726185155610820 -3.97769774950
40.05 0.69664454538086706 -3.97769308986
40.00 0.69602759790885060 -3.97768807768
39.95 0.69541100716284310 -3.97768270381
39.90 0.69479477116939314 -3.97767695903
39.85 0.69417888795878446 -3.97767083403
39.80 0.69356335556500459 -3.97766431942
39.75 0.69294817202571524 -3.97765740571
39.70 0.69233333538222186 -3.97765008332
39.65 0.69171884367944381 -3.97764234262
39.60 0.69110469496588456 -3.97763417385
39.55 0.69049088729360164 -3.97762556720
39.50 0.68987741871817743 -3.97761651275
39.45 0.68926428729868816 -3.97760700052
39.40 0.68865149109767598 -3.97759702041
39.35 0.68803902818111884 -3.97758656228
39.30 0.68742689661840040 -3.97757561586
39.25 0.68681509448228206 -3.97756417084
39.20 0.68620361984887257 -3.97755221679
39.15 0.68559247079759911 -3.97753974322
39.10 0.68498164541117901 -3.97752673955
39.05 0.68437114177558944 -3.97751319510
39.00 0.68376095798003989 -3.97749909914
38.95 0.68315109211694214 -3.97748444082
38.90 0.68254154228188213 -3.97746920924
38.85 0.68193230657359116 -3.97745339340
38.80 0.68132338309391693 -3.97743698222
38.75 0.68071476994779589 -3.97741996454
38.70 0.68010646524322338 -3.97740232911
38.65 0.67949846709122641 -3.97738406462
38.60 0.67889077360583494 -3.97736515965
38.55 0.67828338290405310 -3.97734560271
38.50 0.67767629310583211 -3.97732538225
38.45 0.67706950233404084 -3.97730448660
38.40 0.67646300871443843 -3.97728290404
38.35 0.67585681037564649 -3.97726062276
38.30 0.67525090544912036 -3.97723763087
38.25 0.67464529206912238 -3.97721391639
38.20 0.67403996837269264 -3.97718946728
38.15 0.67343493249962227 -3.97716427140
38.10 0.67283018259242555 -3.97713831654
38.05 0.67222571679631171 -3.97711159042
38.00 0.67162153325915808 -3.97708408066
37.95 0.67101763013148197 -3.97705577483
37.90 0.67041400556641328 -3.97702666038
37.85 0.66981065771966752 -3.97699672473
37.80 0.66920758474951780 -3.97696595519
37.75 0.66860478481676788 -3.97693433899
37.70 0.66800225608472497 -3.97690186330
37.65 0.66739999671917172 -3.97686851520
37.60 0.66679800488834029 -3.97683428171
37.55 0.66619627876288412 -3.97679914975
37.50 0.66559481651585173 -3.97676310617
37.45 0.66499361632265863 -3.97672613776
37.40 0.66439267636106136 -3.97668823121
37.35 0.66379199481112994 -3.97664937315
37.30 0.66319156985522110 -3.97660955014
37.25 0.66259139967795155 -3.97656874863
37.20 0.66199148246617079 -3.97652695503
37.15 0.66139181640893463 -3.97648415567
37.10 0.66079239969747838 -3.97644033679
37.05 0.66019323052519030 -3.97639548456
37.00 0.65959430708758449 -3.97634958509
36.95 0.65899562758227459 -3.97630262439
36.90 0.65839719020894694 -3.97625458843
36.85 0.65779899316933454 -3.97620546308
36.80 0.65720103466718971 -3.97615523413
36.75 0.65660331290825846 -3.97610388733
36.70 0.65600582610025293 -3.97605140833
36.65 0.65540857245282624 -3.97599778272
36.60 0.65481155017754511 -3.97594299600
36.55 0.65421475748786373 -3.97588703363
36.50 0.65361819259909770 -3.97582988096
36.45 0.65302185372839705 -3.97577152330
36.40 0.65242573909472057 -3.97571194587
36.35 0.65182984691880952 -3.97565113383
36.30 0.65123417542316075 -3.97558907226
36.25 0.65063872283200119 -3.97552574617
36.20 0.65004348737126105 -3.97546114051
36.15 0.64944846726854788 -3.97539524015
36.10 0.64885366075312068 -3.97532802989
36.05 0.64825906605586314 -3.97525949447
36.00 0.64766468140925815 -3.97518961855
35.95 0.64707050504736097 -3.97511838673
35.90 0.64647653520577386 -3.97504578354
35.85 0.64588277012161954 -3.97497179343
35.80 0.64528920803351497 -3.97489640079
35.75 0.64469584718154593 -3.97481958995
35.70 0.64410268580724028 -3.97474134516
35.65 0.64350972215354219 -3.97466165062
35.60 0.64291695446478636 -3.97458049043
35.55 0.64232438098667155 -3.97449784866
35.50 0.64173199996623487 -3.97441370929
35.45 0.64113980965182582 -3.97432805625
35.40 0.64054780829307956 -3.97424087339
35.35 0.63995599414089233 -3.97415214450
35.30 0.63936436544739395 -3.97406185331
35.25 0.63877292046592293 -3.97396998348
35.20 0.63818165745099997 -3.97387651860
35.15 0.63759057465830182 -3.97378144222
35.10 0.63699967034463578 -3.97368473778
35.05 0.63640894276791349 -3.97358638871
35.00 0.63581839018712483 -3.97348637834
34.95 0.63522801086231206 -3.97338468995
34.90 0.63463780305454343 -3.97328130676
34.85 0.63404776502588822 -3.97317621191
34.80 0.63345789503938943 -3.97306938851
34.75 0.63286819135903882 -3.97296081958
34.70 0.63227865224975011 -3.97285048809
34.65 0.63168927597733326 -3.97273837695
34.60 0.63110006080846870 -3.97262446900
34.55 0.63051100501068102 -3.97250874704
34.50 0.62992210685231265 -3.97239119379
34.45 0.62933336460249822 -3.97227179192
34.40 0.62874477653113825 -3.97215052404
34.35 0.62815634090887318 -3.97202737269
34.30 0.62756805600705678 -3.97190232038
34.25 0.62697992009773107 -3.97177534954
34.20 0.62639193145359873 -3.97164644253
34.15 0.62580408834799783 -3.97151558169
34.10 0.62521638905487575 -3.97138274928
34.05 0.62462883184876250 -3.97124792750
34.00 0.62404141500474464 -3.97111109850
33.95 0.62345413679843897 -3.97097224438
33.90 0.62286699550596603 -3.97083134718
33.85 0.62227998940392448 -3.97068838889
33.80 0.62169311676936412 -3.97054335143
33.75 0.62110637587975959 -3.97039621669
33.70 0.62051976501298423 -3.97024696649
33.65 0.61993328244728318 -3.97009558260
33.60 0.61934692646124778 -3.96994204675
33.55 0.61876069533378786 -3.96978634060
33.50 0.61817458734410646 -3.96962844577
33.45 0.61758860077167221 -3.96946834382
33.40 0.61700273389619331 -3.96930601627
33.35 0.61641698499759090 -3.96914144459
33.30 0.61583135235597231 -3.96897461020
33.25 0.61524583425160395 -3.96880549446
33.20 0.61466042896488526 -3.96863407870
33.15 0.61407513477632125 -3.96846034418
33.10 0.61348994996649608 -3.96828427214
33.05 0.61290487281604611 -3.96810584376
33.00 0.61231990160563299 -3.96792504016
32.95 0.61173503461591627 -3.96774184244
32.90 0.61115027012752698 -3.96755623165
32.85 0.61056560642104030 -3.96736818878
32.80 0.60998104177694812 -3.96717769479
32.75 0.60939657447563289 -3.96698473060
32.70 0.60881220279733894 -3.96678927708
32.65 0.60822792502214618 -3.96659131507
32.60 0.60764373942994288 -3.96639082536
32.55 0.60705964430039738 -3.96618778870
32.50 0.60647563791293169 -3.96598218580
32.45 0.60589171854669355 -3.96577399735
32.40 0.60530788448052819 -3.96556320397
32.35 0.60472413399295200 -3.96534978628
32.30 0.60414046536212396 -3.96513372485
32.25 0.60355687686581816 -3.96491500020
32.20 0.60297336678139601 -3.96469359283
32.15 0.60238993338577806 -3.96446948321
32.10 0.60180657495541667 -3.96424265177
32.05 0.60122328976626727 -3.96401307892
32.00 0.60064007609376124 -3.96378074504
31.95 0.60005693221277612 -3.96354563046
31.90 0.59947385639760953 -3.96330771550
31.85 0.59889084692194905 -3.96306698045
31.80 0.59830790205884488 -3.96282340558
31.75 0.59772502008068074 -3.96257697112
31.70 0.59714219925914636 -3.96232765729
31.65 0.59655943786520738 -3.96207544429
31.60 0.59597673416907782 -3.96182031229
31.55 0.59539408644019098 -3.96156224144
31.50 0.59481149294717062 -3.96130121187
31.45 0.59422895195780179 -3.96103720370
31.40 0.59364646173900193 -3.96077019704
31.35 0.59306402055679219 -3.96050017196
31.30 0.59248162667626747 -3.96022710855
31.25 0.59189927836156764 -3.95995098687
31.20 0.59131697387584792 -3.95967178697
31.15 0.59073471148124979 -3.95938948889
31.10 0.59015248943887078 -3.95910407268
31.05 0.58957030600873539 -3.95881551835
31.00 0.58898815944976501 -3.95852380596
30.95 0.58840604801974816 -3.95822891551
30.90 0.58782396997531072 -3.95793082705
30.85 0.58724192357188520 -3.95762952059
30.80 0.58665990706368132 -3.95732497618
30.75 0.58607791870365555 -3.95701717386
30.70 0.58549595674348021 -3.95670609367
30.65 0.58491401943351373 -3.95639171567
30.60 0.58433210502276955 -3.95607401993
30.55 0.58375021175888564 -3.95575298655
30.50 0.58316833788809341 -3.95542859562
30.45 0.58258648165518689 -3.95510082726
30.40 0.58200464130349217 -3.95476966163
30.35 0.58142281507483518 -3.95443507888
30.30 0.58084100120951132 -3.95409705922
30.25 0.58025919794625369 -3.95375558287
30.20 0.57967740352220132 -3.95341063010
30.15 0.57909561617286820 -3.95306218118
30.10 0.57851383413211033 -3.95271021646
30.05 0.57793205563209493 -3.95235471631
30.00 0.57735027890326807 -3.95199566115
29.95 0.57676850217432185 -3.95163303144
29.90 0.57618672367216306 -3.95126680770
29.85 0.57560494162187992 -3.95089697051
29.80 0.57502315424671002 -3.95052350049
29.75 0.57444135976800692 -3.95014637834
29.70 0.57385955640520825 -3.94976558481
29.65 0.57327774237580176 -3.94938110075
29.60 0.57269591589529301 -3.94899290703
29.55 0.57211407517717083 -3.94860098466
29.50 0.57153221843287527 -3.94820531468
29.45 0.57095034387176313 -3.94780587826
29.40 0.57036844970107436 -3.94740265662
29.35 0.56978653412589808 -3.94699563111
29.30 0.56920459534913859 -3.94658478317
29.25 0.56862263157148163 -3.94617009435
29.20 0.56804064099135865 -3.94575154629
29.15 0.56745862180491358 -3.94532912077
29.10 0.56687657220596777 -3.94490279970
29.05 0.56629449038598434 -3.94447256509
29.00 0.56571237453403433 -3.94403839909
28.95 0.56513022283676029 -3.94360028403
28.90 0.56454803347834170 -3.94315820233
28.85 0.56396580464045909 -3.94271213661
28.80 0.56338353450225820 -3.94226206961
28.75 0.56280122124031395 -3.94180798428
28.70 0.56221886302859492 -3.94134986371
28.65 0.56163645803842610 -3.94088769119
28.60 0.56105400443845332 -3.94042145020
28.55 0.56047150039460558 -3.93995112440
28.50 0.55988894407005929 -3.93947669769
28.45 0.55930633362520032 -3.93899815415
28.40 0.55872366721758682 -3.93851547811
28.35 0.55814094300191230 -3.93802865412
28.30 0.55755815912996731 -3.93753766697
28.25 0.55697531375060216 -3.93704250171
28.20 0.55639240500968834 -3.93654314366
28.15 0.55580943105008029 -3.93603957840
28.10 0.55522639001157725 -3.93553179180
28.05 0.55464328003088403 -3.93501977001
28.00 0.55406009924157285 -3.93450349952
27.95 0.55347684577404310 -3.93398296711
27.90 0.55289351775548301 -3.93345815989
27.85 0.55231011330982938 -3.93292906534
27.80 0.55172663055772764 -3.93239567128
27.75 0.55114306761649301 -3.93185796590
27.70 0.55055942260006829 -3.93131593777
27.65 0.54997569361898513 -3.93076957588
27.60 0.54939187878032203 -3.93021886961
27.55 0.54880797618766397 -3.92966380880
27.50 0.54822398394106098 -3.92910438370
27.45 0.54763990013698649 -3.92854058506
27.40 0.54705572286829596 -3.92797240409
27.35 0.54647145022418464 -3.92739983250
27.30 0.54588708029014499 -3.92682286251
27.25 0.54530261114792489 -3.92624148691
27.20 0.54471804087548426 -3.92565569900
27.15 0.54413336754695263 -3.92506549269
27.10 0.54354858923258453 -3.92447086248
27.05 0.54296370399871785 -3.92387180347
27.00 0.54237870990772830 -3.92326831143
26.95 0.54179360501798601 -3.92266038278
26.90 0.54120838738381127 -3.92204801463
26.85 0.54062305505542918 -3.92143120480
26.80 0.54003760607892537 -3.92080995186
26.75 0.53945203849620049 -3.92018425514
26.70 0.53886635034492414 -3.91955411475
26.65 0.53828053965848977 -3.91891953166
26.60 0.53769460446596806 -3.91828050765
26.55 0.53710854279206044 -3.91763704540
26.50 0.53652235265705239 -3.91698914850
26.45 0.53593603207676654 -3.91633682148
26.40 0.53534957906251479 -3.91568006985
26.35 0.53476299162105112 -3.91501890013
26.30 0.53417626775452287 -3.91435331989
26.25 0.53358940546042311 -3.91368333777
26.20 0.53300240273154131 -3.91300896355
26.15 0.53241525755591457 -3.91233020814
26.10 0.53182796791677822 -3.91164708368
26.05 0.53124053179251596 -3.91095960353
26.00 0.53065294715660993 -3.91026778232
25.95 0.53006521197759027 -3.90957163603
25.90 0.52947732421898386 -3.90887118198
25.85 0.52888928183926420 -3.90816643893
25.80 0.52830108279179877 -3.90745742709
25.75 0.52771272502479782 -3.90674416816
25.70 0.52712420648126190 -3.90602668543
25.65 0.52653552509892954 -3.90530500377
25.60 0.52594667881022350 -3.90457914974
25.55 0.52535766554219843 -3.90384915158
25.50 0.52476848321648584 -3.90311503933
25.45 0.52417912974924130 -3.90237684483
25.40 0.52358960305108848 -3.90163460182
25.35 0.52299990102706539 -3.90088834597
25.30 0.52241002157656802 -3.90013811496
25.25 0.52181996259329522 -3.89938394851
25.20 0.52122972196519191 -3.89862588847
25.15 0.52063929757439309 -3.89786397890
25.10 0.52004868729716613 -3.89709826608
25.05 0.51945788900385370 -3.89632879861
25.00 0.51886690055881535 -3.89555562748
24.95 0.51827571982036957 -3.89477880613
24.90 0.51768434464073498 -3.89399839051
24.85 0.51709277286597055 -3.89321443916
24.80 0.51650100233591645 -3.89242701326
24.75 0.51590903088413309 -3.89163617673
24.70 0.51531685633784119 -3.89084199629
24.65 0.51472447651786013 -3.89004454152
24.60 0.51413188923854658 -3.88924388492
24.55 0.51353909230773198 -3.88844010202
24.50 0.51294608352666027 -3.88763327143
24.45 0.51235286068992469 -3.88682347488
24.40 0.51175942158540400 -3.88601079736
24.35 0.51116576399419855 -3.88519532711
24.30 0.51057188569056522 -3.88437715576
24.25 0.50997778444185260 -3.88355637833
24.20 0.50938345800843532 -3.88273309337
24.15 0.50878890414364741 -3.88190740295
24.10 0.50819412059371571 -3.88107941278
24.05 0.50759910509769279 -3.88024923223
24.00 0.50700385538738835 -3.87941697443
23.95 0.50640836918730148 -3.87858275626
23.90 0.50581264421455108 -3.87774669850
23.85 0.50521667817880678 -3.87690892577
23.80 0.50462046878221822 -3.87606956667
23.75 0.50402401371934424 -3.87522875375
23.70 0.50342731067708213 -3.87438662361
23.65 0.50283035733459502 -3.87354331689
23.60 0.50223315136323943 -3.87269897830
23.55 0.50163569042649214 -3.87185375667
23.50 0.50103797217987622 -3.87100780496
23.45 0.50043999427088670 -3.87016128026
23.40 0.49984175433891520 -3.86931434382
23.35 0.49924325001517428 -3.86846716102
23.30 0.49864447892262104 -3.86761990140
23.25 0.49804543867587991 -3.86677273864
23.20 0.49744612688116491 -3.86592585053
23.15 0.49684654113620130 -3.86507941896
23.10 0.49624667903014597 -3.86423362988
23.05 0.49564653814350829 -3.86338867329
23.00 0.49504611604806875 -3.86254474314
22.95 0.49444541030679834 -3.86170203737
22.90 0.49384441847377619 -3.86086075775
22.85 0.49324313809410680 -3.86002110991
22.80 0.49264156670383669 -3.85918330320
22.75 0.49203970182987000 -3.85834755067
22.70 0.49143754098988363 -3.85751406895
22.65 0.49083508169224127 -3.85668307816
22.60 0.49023232143590700 -3.85585480188
22.55 0.48962925771035787 -3.85502946697
22.50 0.48902588799549546 -3.85420730350
22.45 0.48842220976155742 -3.85338854468
22.40 0.48781822046902723 -3.85257342667
22.35 0.48721391756854376 -3.85176218856
22.30 0.48660929850080958 -3.85095507217
22.25 0.48600436069649899 -3.85015232196
22.20 0.48539910157616445 -3.84935418491
22.15 0.48479351855014252 -3.84856091041
22.10 0.48418760901845936 -3.84777275007
22.05 0.48358137037073412 -3.84698995767
22.00 0.48297479998608267 -3.84621278898
21.95 0.48236789523301982 -3.84544150163
21.90 0.48176065346936059 -3.84467635501
21.85 0.48115307204212066 -3.84391761010
21.80 0.48054514828741574 -3.84316552937
21.75 0.47993687953036013 -3.84242037662
21.70 0.47932826308496429 -3.84168241690
21.65 0.47871929625403137 -3.84095191631
21.60 0.47810997632905239 -3.84022914193
21.55 0.47750030059010101 -3.83951436168
21.50 0.47689026630572684 -3.83880784417
21.45 0.47627987073284805 -3.83810985860
21.40 0.47566911111664228 -3.83742067463
21.35 0.47505798469043725 -3.83674056225
21.30 0.47444648867559963 -3.83606979166
21.25 0.47383462028142359 -3.83540863315
21.20 0.47322237670501677 -3.83475735698
21.15 0.47260975513118736 -3.83411623326
21.10 0.47199675273232761 -3.83348553178
21.05 0.47138336666829789 -3.83286552198
21.00 0.47076959408630886 -3.83225647273
20.95 0.47015543212080257 -3.83165865225
20.90 0.46954087789333243 -3.83107232798
20.85 0.46892592851244164 -3.83049776643
20.80 0.46831058107354084 -3.82993523305
20.75 0.46769483265878409 -3.82938499208
20.70 0.46707868033694405 -3.82884730644
20.65 0.46646212116328506 -3.82832243753
20.60 0.46584515217943595 -3.82781064510
20.55 0.46522777041326047 -3.82731218711
20.50 0.46460997287872730 -3.82682731949
20.45 0.46399175657577785 -3.82635629605
20.40 0.46337311849019369 -3.82589936823
20.35 0.46275405559346122 -3.82545678493
20.30 0.46213456484263626 -3.82502879232
20.25 0.46151464318020630 -3.82461563358
20.20 0.46089428753395190 -3.82421754875
20.15 0.46027349481680574 -3.82383477443
20.10 0.45965226192671138 -3.82346754355
20.05 0.45903058574647937 -3.82311608513
20.00 0.45840846314364242 -3.82278062401
19.95 0.45778589097030903 -3.82246138056
19.90 0.45716286606301498 -3.82215857036
19.85 0.45653938524257409 -3.82187240396
19.80 0.45591544531392630 -3.82160308649
19.75 0.45529104306598517 -3.82135081736
19.70 0.45466617527148268 -3.82111578993
19.65 0.45404083868681316 -3.82089819110
19.60 0.45341503005187517 -3.82069820100
19.55 0.45278874608991104 -3.82051599256
19.50 0.45216198350734593 -3.82035173114
19.45 0.45153473899362395 -3.82020557411
19.40 0.45090700922104293 -3.82007767045
19.35 0.45027879084458722 -3.81996816028
19.30 0.44965008050175848 -3.81987717448
19.25 0.44902087481240505 -3.81980483421
19.20 0.44839117037854909 -3.81975125043
19.15 0.44776096378421115 -3.81971652353
19.10 0.44713025159523395 -3.81970074275
19.05 0.44649903035910310 -3.81970398582
19.00 0.44586729660476643 -3.81972631843
18.95 0.44523504684245080 -3.81976779376
18.90 0.44460227756347698 -3.81982845208
18.85 0.44396898524007278 -3.81990832020
18.80 0.44333516632518272 -3.82000741110
18.75 0.44270081725227745 -3.82012572345
18.70 0.44206593443515912 -3.82026324118
18.65 0.44143051426776569 -3.82041993308
18.60 0.44079455312397198 -3.82059575241
18.55 0.44015804735738923 -3.82079063651
18.50 0.43952099330116196 -3.82100450649
18.45 0.43888338726776216 -3.82123726687
18.40 0.43824522554878126 -3.82148880534
18.35 0.43760650441471993 -3.82175899250
18.30 0.43696722011477462 -3.82204768163
18.25 0.43632736887662232 -3.82235470858
18.20 0.43568694690620202 -3.82267989160
18.15 0.43504595038749433 -3.82302303133
18.10 0.43440437548229766 -3.82338391076
18.05 0.43376221833000173 -3.82376229531
18.00 0.43311947504735931 -3.82415793292
17.95 0.43247614172825383 -3.82457055425
17.90 0.43183221444346498 -3.82499987292
17.85 0.43118768924043122 -3.82544558580
17.80 0.43054256214300907 -3.82590737346
17.75 0.42989682915123001 -3.82638490054
17.70 0.42925048624105394 -3.82687781636
17.65 0.42860352936411933 -3.82738575545
17.60 0.42795595444749102 -3.82790833825
17.55 0.42730775739340404 -3.82844517183
17.50 0.42665893407900496 -3.82899585068
17.45 0.42600948035608893 -3.82955995755
17.40 0.42535939205083484 -3.83013706435
17.35 0.42470866496353571 -3.83072673312
17.30 0.42405729486832622 -3.83132851697
17.25 0.42340527751290741 -3.83194196115
17.20 0.42275260861826658 -3.83256660401
17.15 0.42209928387839457 -3.83320197816
17.10 0.42144529895999888 -3.83384761142
17.05 0.42079064950221312 -3.83450302796
17.00 0.42013533111630319 -3.83516774930
16.95 0.41947933938536919 -3.83584129534
16.90 0.41882266986404287 -3.83652318539
16.85 0.41816531807818275 -3.83721293909
16.80 0.41750727952456318 -3.83791007734
16.75 0.41684854967056112 -3.83861412318
16.70 0.41618912395383745 -3.83932460262
16.65 0.41552899778201507 -3.84004104535
16.60 0.41486816653235176 -3.84076298550
16.55 0.41420662555140919 -3.84148996221
16.50 0.41354437015471773 -3.84222152023
16.45 0.41288139562643611 -3.84295721043
16.40 0.41221769721900697 -3.84369659021
16.35 0.41155327015280768 -3.84443922388
16.30 0.41088810961579586 -3.84518468297
16.25 0.41022221076315113 -3.84593254647
16.20 0.40955556871691118 -3.84668240104
16.15 0.40888817856560256 -3.84743384109
16.10 0.40822003536386753 -3.84818646893
16.05 0.40755113413208455 -3.84893989477
16.00 0.40688146985598445 -3.84969373671
15.95 0.40621103748626042 -3.85044762070
15.90 0.40553983193817339 -3.85120118048
15.85 0.40486784809115106 -3.85195405740
15.80 0.40419508078838223 -3.85270590037
15.75 0.40352152483640419 -3.85345636559
15.70 0.40284717500468581 -3.85420511646
15.65 0.40217202602520330 -3.85495182330
15.60 0.40149607259201053 -3.85569616318
15.55 0.40081930936080368 -3.85643781964
15.50 0.40014173094847860 -3.85717648249
15.45 0.39946333193268280 -3.85791184753
15.40 0.39878410685136023 -3.85864361631
15.35 0.39810405020228995 -3.85937149586
15.30 0.39742315644261811 -3.86009519844
15.25 0.39674141998838264 -3.86081444127
15.20 0.39605883521403118 -3.86152894626
15.15 0.39537539645193265 -3.86223843978
15.10 0.39469109799188024 -3.86294265236
15.05 0.39400593408058848 -3.86364131848
15.00 0.39331989892118169 -3.86433417627
14.95 0.39263298667267577 -3.86502096733
14.90 0.39194519144945134 -3.86570143642
14.85 0.39125650732071982 -3.86637533129
14.80 0.39056692830998108 -3.86704240239
14.75 0.38987644839447261 -3.86770240268
14.70 0.38918506150461102 -3.86835508743
14.65 0.38849276152342449 -3.86900021396
14.60 0.38779954228597707 -3.86963754147
14.55 0.38710539757878348 -3.87026683082
14.50 0.38641032113921558 -3.87088784434
14.45 0.38571430665489931 -3.87150034566
14.40 0.38501734776310242 -3.87210409949
14.35 0.38431943805011287 -3.87269887147
14.30 0.38362057105060715 -3.87328442800
14.25 0.38292074024700901 -3.87386053605
14.20 0.38221993906883789 -3.87442696301
14.15 0.38151816089204771 -3.87498347652
14.10 0.38081539903835421 -3.87552984434
14.05 0.38011164677455245 -3.87606583419
14.00 0.37940689731182314 -3.87659121359
13.95 0.37870114380502756 -3.87710574974
13.90 0.37799437935199204 -3.87760920936
13.85 0.37728659699277994 -3.87810135860
13.80 0.37657778970895234 -3.87858196286
13.75 0.37586795042281695 -3.87905078668
13.70 0.37515707199666415 -3.87950759363
13.65 0.37444514723199135 -3.87995214618
13.60 0.37373216886871380 -3.88038420558
13.55 0.37301812958436309 -3.88080353175
13.50 0.37230302199327187 -3.88120988316
13.45 0.37158683864574560 -3.88160301671
13.40 0.37086957202721976 -3.88198268768
13.35 0.37015121455740396 -3.88234864952
13.30 0.36943175858941057 -3.88270065386
13.25 0.36871119640886968 -3.88303845031
13.20 0.36798952023302828 -3.88336178643
13.15 0.36726672220983475 -3.88367040759
13.10 0.36654279441700738 -3.88396405689
13.05 0.36581772886108715 -3.88424247506
13.00 0.36509151747647400 -3.88450540036
12.95 0.36436415212444700 -3.88475256849
12.90 0.36363562459216681 -3.88498371251
12.85 0.36290592659166121 -3.88519856272
12.80 0.36217504975879339 -3.88539684659
12.75 0.36144298565221100 -3.88557828866
12.70 0.36070972575227789 -3.88574261046
12.65 0.35997526145998643 -3.88588953042
12.60 0.35923958409585033 -3.88601876378
12.55 0.35850268489877835 -3.88613002248
12.50 0.35776455502492738 -3.88622301511
12.45 0.35702518554653512 -3.88629744680
12.40 0.35628456745073178 -3.88635301915
12.35 0.35554269163833013 -3.88638943010
12.30 0.35479954892259385 -3.88640637392
12.25 0.35405513002798283 -3.88640354104
12.20 0.35330942558887629 -3.88638061802
12.15 0.35256242614827166 -3.88633728746
12.10 0.35181412215645985 -3.88627322787
12.05 0.35106450396967603 -3.88618811363
12.00 0.35031356184872481 -3.88608161488
11.95 0.34956128595758001 -3.88595339745
11.90 0.34880766636195842 -3.88580312275
11.85 0.34805269302786601 -3.88563044770
11.80 0.34729635582011686 -3.88543502462
11.75 0.34653864450082428 -3.88521650117
11.70 0.34577954872786260 -3.88497452025
11.65 0.34501905805329952 -3.88470871988
11.60 0.34425716192179839 -3.88441873315
11.55 0.34349384966898983 -3.88410418813
11.50 0.34272911051981081 -3.88376470771
11.45 0.34196293358681218 -3.88339990961
11.40 0.34119530786843266 -3.88300940618
11.35 0.34042622224723856 -3.88259280439
11.30 0.33965566548812931 -3.88214970568
11.25 0.33888362623650670 -3.88167970588
11.20 0.33811009301640765 -3.88118239510
11.15 0.33733505422859994 -3.88065735764
11.10 0.33655849814863903 -3.88010417190
11.05 0.33578041292488614 -3.87952241023
11.00 0.33500078657648524 -3.87891163888
10.95 0.33421960699129954 -3.87827141783
10.90 0.33343686192380506 -3.87760130075
10.85 0.33265253899294100 -3.87690083482
10.80 0.33186662567991565 -3.87616956067
10.75 0.33107910932596624 -3.87540701222
10.70 0.33028997713007269 -3.87461271660
10.65 0.32949921614662253 -3.87378619399
10.60 0.32870681328302698 -3.87292695754
10.55 0.32791275529728653 -3.87203451318
10.50 0.32711702879550453 -3.87110835957
10.45 0.32631962022934713 -3.87014798790
10.40 0.32552051589344949 -3.86915288178
10.35 0.32471970192276511 -3.86812251711
10.30 0.32391716428985806 -3.86705636192
10.25 0.32311288880213562 -3.86595387623
10.20 0.32230686109902068 -3.86481451189
10.15 0.32149906664906186 -3.86363771245
10.10 0.32068949074697878 -3.86242291298
10.05 0.31987811851064291 -3.86116953990
10.00 0.31906493487798943 -3.85987701083
9.95 0.31824992460386070 -3.85854473443
9.90 0.31743307225677786 -3.85717211019
9.85 0.31661436221563910 -3.85575852824
9.80 0.31579377866634295 -3.85430336923
9.75 0.31497130559833353 -3.85280600404
9.70 0.31414692680106648 -3.85126579367
9.65 0.31332062586039267 -3.84968208897
9.60 0.31249238615485792 -3.84805423044
9.55 0.31166219085191565 -3.84638154807
9.50 0.31083002290405076 -3.84466336101
9.45 0.30999586504481119 -3.84289897742
9.40 0.30915969978474567 -3.84108769421
9.35 0.30832150940724323 -3.83922879677
9.30 0.30748127596427399 -3.83732155873
9.25 0.30663898127202549 -3.83536524168
9.20 0.30579460690643406 -3.83335909494
9.15 0.30494813419860595 -3.83130235521
9.10 0.30409954423012653 -3.82919424633
9.05 0.30324881782825319 -3.82703397896
9.00 0.30239593556098865 -3.82482075025
8.95 0.30154087773203153 -3.82255374355
8.90 0.30068362437559926 -3.82023212806
8.85 0.29982415525112072 -3.81785505846
8.80 0.29896244983779341 -3.81542167459
8.75 0.29809848732900202 -3.81293110105
8.70 0.29723224662659264 -3.81038244685
8.65 0.29636370633499964 -3.80777480496
8.60 0.29549284475521920 -3.80510725194
8.55 0.29461963987862538 -3.80237884751
8.50 0.29374406938062309 -3.79958863409
8.45 0.29286611061413348 -3.79673563635
8.40 0.29198574060290522 -3.79381886079
8.35 0.29110293603464699 -3.79083729504
8.30 0.29021767325397441 -3.78778990767
8.25 0.28932992825516618 -3.78467564744
8.20 0.28843967667472209 -3.78149344281
8.15 0.28754689378371695 -3.77824220136
8.10 0.28665155447994300 -3.77492080924
8.05 0.28575363327983461 -3.77152813051
8.00 0.28485310431016619 -3.76806300655
7.95 0.28394994129951745 -3.76452425535
7.90 0.28304411756949560 -3.76091067090
7.85 0.28213560602570920 -3.75722102240
7.80 0.28122437914848114 -3.75345405360
7.75 0.28031040898329512 -3.74960848197
7.70 0.27939366713096336 -3.74568299798
7.65 0.27847412473750777 -3.74167626421
7.60 0.27755175248374220 -3.73758691451
7.55 0.27662652057454717 -3.73341355316
7.50 0.27569839872782342 -3.72915475386
7.45 0.27476735616311498 -3.72480905887
7.40 0.27383336158988730 -3.72037497792
7.35 0.27289638319544918 -3.71585098724
7.30 0.27195638863250449 -3.71123552844
7.25 0.27101334500631991 -3.70652700741
7.20 0.27006721886149349 -3.70172379312
7.15 0.26911797616831001 -3.69682421647
7.10 0.26816558230866605 -3.69182656894
7.05 0.26721000206154838 -3.68672910134
7.00 0.26625119958804888 -3.68153002240
6.95 0.26528913841589680 -3.67622749736
6.90 0.26432378142348961 -3.67081964648
6.85 0.26335509082340303 -3.66530454346
6.80 0.26238302814535797 -3.65968021388
6.75 0.26140755421862366 -3.65394463345
6.70 0.26042862915383336 -3.64809572630
6.65 0.25944621232418863 -3.64213136310
6.60 0.25846026234602637 -3.63604935920
6.55 0.25747073705872320 -3.62984747259
6.50 0.25647759350390792 -3.62352340183
6.45 0.25548078790395357 -3.61707478385
6.40 0.25448027563971826 -3.61049919172
6.35 0.25347601122750207 -3.60379413224
6.30 0.25246794829518643 -3.59695704343
6.25 0.25145603955751983 -3.58998529198
6.20 0.25044023679051242 -3.58287617053
6.15 0.24942049080490034 -3.57562689475
