    1    90.0000     -1.82217     -1.86892     -1.88506
    2    95.0000     -1.89525     -1.97068     -2.00498
    3   100.0000     -1.91278     -1.98429     -2.01711
    4   105.0000     -1.92520     -1.99402     -2.02574
    5   110.0000     -1.93374     -2.00089     -2.03186
    6   115.0000     -1.93955     -2.00571     -2.03617
    7   120.0000     -1.94349     -2.00908     -2.03920
    8   125.0000     -1.94617     -2.01145     -2.04135
    9   130.0000     -1.94800     -2.01312     -2.04289
   10   135.0000     -1.94925     -2.01432     -2.04400
   11   140.0000     -1.95012     -2.01518     -2.04481
   12   145.0000     -1.95072     -2.01581     -2.04541
   13   150.0000     -1.95114     -2.01627     -2.04585
   14   155.0000     -1.95145     -2.01661     -2.04619
   15   160.0000     -1.95166     -2.01687     -2.04643
   16   165.0000     -1.95181     -2.01705     -2.04661
   17   170.0000     -1.95191     -2.01717     -2.04673
   18   175.0000     -1.95197     -2.01724     -2.04680
