5 0.22474786951272291 -0.5869006 0.4352055 0.4357941 0.4384197 0.4405259 0.4745560
5.25 0.23032811073355966 -0.5862701 0.4276609 0.4286754 0.4313500 0.4343488 0.4682974
5.50 0.23578063841929153 -0.5856522 0.4201518 0.4217439 0.4243255 0.4284695 0.4623830
5.75 0.24111432303437602 -0.5850386 0.4126582 0.4149930 0.4173199 0.4228862 0.4568223
6.00 0.24633708657984518 -0.5844215 0.4051673 0.4084176 0.4103163 0.4175982 0.4516182
6.25 0.25145603955751983 -0.5837935 0.3976736 0.4020132 0.4033074 0.4126054 0.4467680
6.50 0.25647759350390792 -0.5831477 0.3901771 0.3957764 0.3962937 0.4079083 0.4422641
6.75 0.26140755421862366 -0.5824779 0.3826821 0.3892815 0.3897040 0.4035072 0.4380953
7.00 0.26625119958804888 -0.5817781 0.3751960 0.3822807 0.3837933 0.3994023 0.4342482
7.25 0.27101334500631991 -0.5810433 0.3677277 0.3753031 0.3780420 0.3955936 0.4307080
7.50 0.27569839872782342 -0.5802686 0.3602871 0.3683611 0.3724479 0.3920805 0.4274595
7.75 0.28031040898329512 -0.5794502 0.3528841 0.3614668 0.3670091 0.3888618 0.4244875
8.00 0.28485310431016619 -0.5785845 0.3455282 0.3546310 0.3617239 0.3859360 0.4217759
8.25 0.28932992825516618 -0.5776686 0.3382286 0.3478636 0.3565906 0.3833002 0.4193099
8.50 0.29374406938062309 -0.5767003 0.3309936 0.3411731 0.3516077 0.3809513 0.4170706
8.75 0.29809848732900202 -0.5756778 0.3238308 0.3345665 0.3467737 0.3788848 0.4150271
9.00 0.30239593556098865 -0.5746001 0.3167467 0.3280496 0.3420871 0.3770952 0.4019684
9.25 0.30663898127202549 -0.5734665 0.3097472 0.3216270 0.3375462 0.3755753 0.3871323
9.50 0.31083002290405076 -0.5722771 0.3028373 0.3153020 0.3331486 0.3731541 0.3743154
9.75 0.31497130559833353 -0.5710323 0.2960209 0.3090769 0.3288885 0.3577580 0.3732999
10.00 0.31906493487798943 -0.5697331 0.2893013 0.3029530 0.3247522 0.3432274 0.3690437
10.25 0.32311288880213562 -0.5683809 0.2826804 0.2969307 0.3206542 0.3288839 0.3565790
10.50 0.32711702879550453 -0.5669774 0.2761593 0.2910093 0.3136176 0.3176999
10.75 0.33107910932596624 -0.5655247 0.2697376 0.2851878 0.2997204 0.3135928 0.3320130
11.00 0.33500078657648524 -0.5640251 0.2634131 0.2794640 0.2855191 0.3100036 0.3199089
11.25 0.33888362623650670 -0.5624812 0.2571811 0.2713468 0.2738354 0.3065942 0.3079247
11.50 0.34272911051981081 -0.5608954 0.2510331 0.2572303 0.2682987 0.2960649
11.75 0.34653864450082428 -0.5592704 0.2431758 0.2449548 0.2628502 0.2843402
12.00 0.35031356184872481 -0.5576086
12.25 0.35405513002798283 -0.5559122
12.50 0.35776455502492738 -0.5541828
12.75 0.36144298565221100 -0.5524216
13.00 0.36509151747647400 -0.5506287
13.25 0.36871119640886968 -0.5488033
13.50 0.37230302199327187 -0.5469427
13.75 0.37586795042281695 -0.5450421
14.00 0.37940689731182314 -0.5430936
14.25 0.38292074024700901 -0.5410855
14.50 0.38641032113921558 -0.5390002
14.75 0.38987644839447261 -0.5368123
15.00 0.39331989892118169 -0.5344850
15.25 0.39674141998838264 -0.5319657
15.50 0.40014173094847860 -0.5291779
15.75 0.40352152483640419 -0.5260107
16.00 0.40688146985598445 -0.5223022
16.25 0.41022221076315113 -0.5178160
16.50 0.41354437015471773 -0.5122090
16.75 0.41684854967056112 -0.5049929
17.00 0.42013533111630319 -0.4954950
17.25 0.42340527751290741 -0.4828270
17.50 0.42665893407900496 -0.4658453
17.75 0.42989682915123001 -0.4430126
18.00 0.43311947504735931 -0.4119320
18.25 0.43632736887662232 -0.3683429
18.50 0.43952099330116196 -0.3087099
18.75 0.44270081725227745 -0.2515178
19.00 0.44586729660476643 -0.2141978
19.25 0.44902087481240505 -0.1902439 -0.0959015 -0.0575281 -0.0121778 0.0642113
19.50 0.45216198350734593 -0.1737728 -0.0958852 -0.0462760 -0.0081839 0.0776590
19.75 0.45529104306598517 -0.1618607 -0.0937137 -0.0349918 -0.0026611 0.0906523
20.00 0.45840846314364242 -0.1529300 -0.0903223 -0.0238833 0.0036541 0.1032501
20.25 0.46151464318020630 -0.1460161
20.50 0.46460997287872730 -0.1404835
20.75 0.46769483265878409 -0.1359041
21.00 0.47076959408630886 -0.1319901
21.25 0.47383462028142359 -0.1285492
21.50 0.47689026630572684 -0.1254526
21.75 0.47993687953036013 -0.1226134
22.00 0.48297479998608267 -0.1199721
22.25 0.48600436069649899 -0.1174872
22.50 0.48902588799549546 -0.1151293
22.75 0.49203970182987000 -0.1128773
23.00 0.49504611604806875 -0.1107156
23.25 0.49804543867587991 -0.1086323
23.50 0.50103797217987622 -0.1066186
23.75 0.50402401371934424 -0.1046675
24.00 0.50700385538738835 -0.1027736
24.25 0.50997778444185260 -0.1009325
24.50 0.51294608352666027 -0.0991406 -0.0419231 0.0464650 0.1057716 0.1397800
24.75 0.51590903088413309 -0.0973950 -0.0412551 0.0477873 0.1081331
25.00 0.51886690055881535 -0.0956933 -0.0407906 0.0488862 0.1098638 0.1380324
25.25 0.52181996259329522 -0.0940334 -0.0405323 0.0498057 0.1109241 0.1376431
25.50 0.52476848321648584 -0.0924138 -0.0404821 0.0505907 0.1113163 0.1376190
25.75 0.52771272502479782 -0.0908330 -0.0406408 0.0512839 0.1110974 0.1379276
26.00 0.53065294715660993 -0.0892899 -0.0410071 0.0519241 0.1103668 0.1384945
26.25 0.53358940546042311 -0.0877835 -0.0415779 0.0525447 0.1092380 0.1392304
26.50 0.53652235265705239 -0.0863133 -0.0423477 0.0531729 0.1078151 0.1400552
26.75 0.53945203849620049 -0.0848789 -0.0433091 0.0538304 0.1061815 0.1409077
27.00 0.54237870990772830 -0.0834802 -0.0444527 0.0545331 0.1044004
27.25 0.54530261114792489 -0.0821176 -0.0457670 0.0552920 0.1025182 0.1425435
27.50 0.54822398394106098 -0.0807920 -0.0472391 0.0561138 0.1005687
27.75 0.55114306761649301 -0.0795051 -0.0488544 0.0570019 0.0985767 0.1439599
28.00 0.55406009924157285 -0.0782600 -0.0505966 0.0579568 0.0965606 0.1445669
28.25 0.55697531375060216 -0.0770614 -0.0524475 0.0589769 0.0945342 0.1451049
28.50 0.55988894407005929 -0.0759178 -0.0543855 0.0600593 0.0925081 0.1455752
28.75 0.56280122124031395 -0.0748439 -0.0563832 0.0611999 0.0904905 0.1459803
29.00 0.56571237453403433 -0.0738665 -0.0584014 0.0623939 0.0884879 0.0888950
29.25 0.56862263157148163 -0.0730380 -0.0603761 0.0636364 0.0865052 0.0875162
29.50 0.57153221843287527 -0.0724639 -0.0621910 0.0649221 0.0845466
29.75 0.57444135976800692 -0.0723431
30.00 0.57735027890326807 -0.0729288
30.25 0.58025919794625369 -0.0742772
30.50 0.58316833788809341 -0.0761693
30.75 0.58607791870365555 -0.0783709
31.00 0.58898815944976501 -0.0807440
31.25 0.59189927836156764 -0.0832168
31.50 0.59481149294717062 -0.0857504
31.75 0.59772502008068074 -0.0883213
32.00 0.60064007609376124 -0.0909147
32.25 0.60355687686581816 -0.0935197
32.50 0.60647563791293169 -0.0961284
32.75 0.60939657447563289 -0.0987345
33.00 0.61231990160563299 -0.1013326
33.25 0.61524583425160395 -0.1039185
33.50 0.61817458734410646 -0.1064881
33.75 0.62110637587975959 -0.1090380
34.00 0.62404141500474464 -0.1115652
34.25 0.62697992009773107 -0.1140668
34.50 0.62992210685231265 -0.1165403
34.75 0.63286819135903882 -0.1189831
35.00 0.63581839018712483 -0.1213931
35.25 0.63877292046592293 -0.1237681
35.50 0.64173199996623487 -0.1261062
35.75 0.64469584718154593 -0.1284055
36.00 0.64766468140925815 -0.1306641
36.25 0.65063872283200119 -0.1328804
36.50 0.65361819259909770 -0.1350526
36.75 0.65660331290825846 -0.1371793
37.00 0.65959430708758449 -0.1392589
37.25 0.66259139967795155 -0.1412899
37.50 0.66559481651585173 -0.1432709
37.75 0.66860478481676788 -0.1452005
38.00 0.67162153325915808 -0.1470775
38.25 0.67464529206912238 -0.1489005
38.50 0.67767629310583211 -0.1506684
38.75 0.68071476994779589 -0.1523799
39.00 0.68376095798003989 -0.1540339
39.25 0.68681509448228206 -0.1556292
39.50 0.68987741871817743 -0.1571649
39.75 0.69294817202571524 -0.1586398
40.00 0.69602759790885060 -0.1600530
40.25 0.69911594213045092 -0.1614035
40.50 0.70221345280664171 -0.1626904
40.75 0.70532038050263912 -0.1639129
41.00 0.70843697833015451 -0.1650701
41.25 0.71156350204645979 -0.1661612
41.50 0.71470021015520846 -0.1671855
41.75 0.71784736400909988 -0.1681423
42.00 0.72100522791448773 -0.1690309
42.25 0.72417406923802852 -0.1698507
42.50 0.72735415851547003 -0.1706012
42.75 0.73054576956268569 -0.1712818
43.00 0.73374917958905994 -0.1718920
43.25 0.73696466931333482 -0.1724314
43.50 0.74019252308203054 -0.1728997
43.75 0.74343302899055930 -0.1732965
44.00 0.74668647900714824 -0.1736215
44.25 0.74995316909970178 -0.1738746
44.50 0.75323339936572720 -0.1740554
44.75 0.75652747416546084 -0.1741640
45.00 0.75983570225832975
45.25 0.76315839694289456 -0.1741640
45.50 0.76649587620041937 -0.1740554
45.75 0.76984846284222430 -0.1738746
46.00 0.77321648466098036 -0.1736215
46.25 0.77660027458611014 -0.1732965
46.50 0.78000017084346973 -0.1728997
46.75 0.78341651711948912 -0.1724314
47.00 0.78684966272995749 -0.1718920
47.25 0.79029996279364645 -0.1712818
47.50 0.79376777841097601 -0.1706012
47.75 0.79725347684792980 -0.1698507
48.00 0.80075743172543956 -0.1690309
48.25 0.80428002321446923 -0.1681423
48.50 0.80782163823703412 -0.1671856
48.75 0.81138267067340353 -0.1661612
49.00 0.81496352157574936 -0.1650701
49.25 0.81856459938850701 -0.1639129
49.50 0.82218632017573356 -0.1626904
49.75 0.82582910785575958 -0.1614035
50.00 0.82949339444344139 -0.1600530
50.25 0.83317962030033754 -0.1586398
50.50 0.83688823439314863 -0.1571649
50.75 0.84061969456077290 -0.1556292
51.00 0.84437446779034697 -0.1540339
51.25 0.84815303050266300 -0.1523799
51.50 0.85195586884736429 -0.1506684
51.75 0.85578347900834917 -0.1489005
52.00 0.85963636751982619 -0.1470775
52.25 0.86351505159349251 -0.1452005
52.50 0.86742005945732381 -0.1432709
52.75 0.87135193070649397 -0.1412899
53.00 0.87531121666696521 -0.1392589
53.25 0.87929848077231665 -0.1371793
53.50 0.88331429895441260 -0.1350526
53.75 0.88735926004853483 -0.1328804
54.00 0.89143396621364279 -0.1306641
54.25 0.89553903336845653 -0.1284055
54.50 0.89967509164409376 -0.1261062
54.75 0.90384278585403033 -0.1237681
55.00 0.90804277598219907 -0.1213931
55.25 0.91227573769007742 -0.1189831
55.50 0.91654236284366797 -0.1165403
55.75 0.92084336006132139 -0.1140668
56.00 0.92517945528340284 -0.1115652
56.25 0.92955139236486140 -0.1090380
56.50 0.93395993369181618 -0.1064881
56.75 0.93840586082334254 -0.1039185
57.00 0.94288997515969897 -0.1013326
57.25 0.94741309863831702 -0.0987345
57.50 0.95197607445894206 -0.0961284
57.75 0.95657976783940157 -0.0935197
58.00 0.96122506680355879 -0.0909147
58.25 0.96591288300310196 -0.0883213
58.50 0.97064415257492132 -0.0857504
58.75 0.97541983703592194 -0.0832169
59.00 0.98024092421724396 -0.0807440
59.25 0.98510842923997155 -0.0783709
59.50 0.99002339553454166 -0.0761693
59.75 0.99498689590620693 -0.0742772
60.00 1.0000000336490449 -0.0729288
60.25 1.0050639437111659 -0.0723431
60.50 1.0101797939139427 -0.0724639 -0.0621910 0.0649221 0.0845466
60.75 1.0153487862282633 -0.0730380 -0.0603761 0.0636364 0.0865052 0.0875162
61.00 1.0205721581109972 -0.0738665 -0.0584014 0.0623939 0.0884879 0.0888950
61.25 1.0258511839050852 -0.0748439 -0.0563832 0.0611998 0.0904905 0.1459803
61.50 1.0311871763068714 -0.0759178 -0.0543855 0.0600593 0.0925081 0.1455751
61.75 1.0365814879045478 -0.0770614 -0.0524475 0.0589769 0.0945342 0.1451049
62.00 1.0420355127918348 -0.0782600 -0.0505966 0.0579568 0.0965606 0.1445669
62.25 1.0475506882612993 -0.0795052 -0.0488544 0.0570019 0.0985767 0.1439599
62.50 1.0531284965820111 -0.0807920 -0.0472391 0.0561138 0.1005687
62.75 1.0587704668665670 -0.0821176 -0.0457670 0.0552920 0.1025182 0.1425435
63.00 1.0644781770328475 -0.0834802 -0.0444527 0.0545331 0.1044004
63.25 1.0702532558662603 -0.0848789 -0.0433091 0.0538304 0.1061814 0.1409077
63.50 1.0760973851886237 -0.0863133 -0.0423477 0.0531729 0.1078150 0.1400552
63.75 1.0820123021402799 -0.0877835 -0.0415779 0.0525446 0.1092380 0.1392304
64.00 1.0879998015825072 -0.0892899 -0.0410071 0.0519241 0.1103667 0.1384945
64.25 1.0940617386278098 -0.0908330 -0.0406408 0.0512839 0.1110974 0.1379276
64.50 1.1002000313062268 -0.0924138 -0.0404822 0.0505906 0.1113163 0.1376189
64.75 1.1064166633763877 -0.0940334 -0.0405323 0.0498057 0.1109241 0.1376431
65.00 1.1127136872907215 -0.0956933 -0.0407906 0.0488862 0.1098638 0.1380324
65.25 1.1190932273249123 -0.0973950 -0.0412551 0.0477873 0.1081331
65.50 1.1255574828824770 -0.0991406 -0.0419231 0.0464650 0.1057716 0.1397800
65.75 1.1321087319861824 -0.1009325
66.00 1.1387493349689228 -0.1027736
66.25 1.1454817383776770 -0.1046675
66.50 1.1523084791052536 -0.1066186
66.75 1.1592321887657087 -0.1086323
67.00 1.1662555983306084 -0.1107156
67.25 1.1733815430447392 -0.1128773
67.50 1.1806129676413906 -0.1151293
67.75 1.1879529318790409 -0.1174872
68.00 1.1954046164231349 -0.1199721
68.25 1.2029713290986654 -0.1226134
68.50 1.2106565115415191 -0.1254526
68.75 1.2184637462790018 -0.1285492
69.00 1.2263967642726714 -0.1319901
69.25 1.2344594529595776 -0.1359041
69.50 1.2426558648313226 -0.1404835
69.75 1.2509902265939778 -0.1460161
70.00 1.2594669489559134 -0.1529300 -0.0903224 -0.0238833 0.0036541 0.1032501
70.25 1.2680906370950717 -0.1618608 -0.0937138 -0.0349918 -0.0026611 0.0906523
70.50 1.2768661018621295 -0.1737728 -0.0958853 -0.0462760 -0.0081839 0.0776590
70.75 1.2857983717814927 -0.1902440 -0.0959015 -0.0575281 -0.0121778 0.0642113
71.00 1.2948927059181552 -0.2141978
71.25 1.3041546076852373 -0.2515179
71.50 1.3135898396745678 -0.3087101
71.75 1.3232044396011293 -0.3683430
72.00 1.3330047374615932 -0.4119321
72.25 1.3429973740177321 -0.4430127
72.50 1.3531893207273342 -0.4658454
72.75 1.3635879012585173 -0.4828270
73.00 1.3742008147382716 -0.4954951
73.25 1.3850361609029067 -0.5049929
73.50 1.3961024673370386 -0.5122090
73.75 1.4074087190092159 -0.5178160
74.00 1.4189643903365978 -0.5223022
74.25 1.4307794800386300 -0.5260107
74.50 1.4428645490710084 -0.5291779
74.75 1.4552307619668963 -0.5319657
75.00 1.4678899319530556 -0.5344850
75.25 1.4808545702551064 -0.5368123
75.50 1.4941379400594756 -0.5390002
75.75 1.5077541156608558 -0.5410855
76.00 1.5217180473945009 -0.5430936
76.25 1.5360456330340897 -0.5450421
76.50 1.5507537964299845 -0.5469427
76.75 1.5658605742718710 -0.5488033
77.00 1.5813852119866876 -0.5506287
77.25 1.5973482699307082 -0.5524216
77.50 1.6137717412076256 -0.5541828
77.75 1.6306791826473761 -0.5559122
78.00 1.6480958607190197 -0.5576086
78.25 1.6660489144325314 -0.5592704 0.2431758 0.2449548 0.2628502 0.2843402
78.50 1.6845675376176648 -0.5608954 0.2510331 0.2572303 0.2682988 0.2960649
78.75 1.7036831833639368 -0.5624812 0.2571811 0.2713468 0.2738354 0.3065942 0.3079247
79.00 1.7234297938777567 -0.5640251 0.2634131 0.2794640 0.2855191 0.3100036 0.3199089
79.25 1.7438440595774944 -0.5655247 0.2697376 0.2851878 0.2997204 0.3135928 0.3320129
79.50 1.7649657119256603 -0.5669774 0.2761593 0.2910093 0.3136176 0.3176999
79.75 1.7868378553155890 -0.5683809 0.2826804 0.2969307 0.3206541 0.3288839 0.3565789
80.00 1.8095073443210954 -0.5697331 0.2893013 0.3029530 0.3247521 0.3432274 0.3690436
80.25 1.8330252138232914 -0.5710323 0.2960209 0.3090769 0.3288885 0.3577580 0.3732999
80.50 1.8574471710024862 -0.5722771 0.3028373 0.3153020 0.3331485 0.3731581 0.3743154
80.75 1.8828341599932619 -0.5734665 0.3097472 0.3216270 0.3375462 0.3755753 0.3871322
81.00 1.9092530122354845 -0.5746001 0.3167467 0.3280496 0.3420871 0.3770951 0.4019683
81.25 1.9367771983277440 -0.5756779 0.3238308 0.3345665 0.3467737 0.3788848 0.4150271
81.50 1.9654877006520655 -0.5767003 0.3309936 0.3411730 0.3516076 0.3809513 0.4170705
81.75 1.9954740303864316 -0.5776687 0.3382286 0.3478636 0.3565905 0.3833002 0.4193099
82.00 2.0268354180156947 -0.5785845 0.3455281 0.3546310 0.3617239 0.3859359 0.4217759
82.25 2.0596822134404817 -0.5794502 0.3528840 0.3614667 0.3670091 0.3888618 0.4244875
82.50 2.0941375407372735 -0.5802687 0.3602871 0.3683611 0.3724479 0.3920804 0.4274594
82.75 2.1303392641794385 -0.5810433 0.3677277 0.3753031 0.3780420 0.3955935 0.4307079
83.00 2.1684423371644423 -0.5817781 0.3751960 0.3822806 0.3837933 0.3994023 0.4342481
83.25 2.2086216254199424 -0.5824779 0.3826821 0.3892815 0.3897039 0.4035071 0.4380953
83.50 2.2510753219802888 -0.5831477 0.3901771 0.3957764 0.3962937 0.4079083 0.4422641
83.75 2.2960291063410230 -0.5837935 0.3976736 0.4020132 0.4033074 0.4126054 0.4467680
84.00 2.3437412473608381 -0.5844215 0.4051673 0.4084175 0.4103163 0.4175981 0.4516182
84.25 2.3945089138952178 -0.5850386 0.4126581 0.4149930 0.4173198 0.4228862 0.4568222
84.50 2.4486760461856742 -0.5856522 0.4201518 0.4217439 0.4243255 0.4284695 0.4623830
84.75 2.5066432657105051 -0.5862701 0.4276609 0.4286753 0.4313500 0.4343488 0.4682973
