5 0.22474786951272291 -0.74291 -0.73571 -0.72621 -0.71808 -0.20539 -0.16426 0.60323 0.64138 0.69280 0.73823 .04113
5.25 0.23032811073355966 -0.74093 -0.73242 -0.72100 -0.71105 -0.20537 -0.16322 0.58581 0.62680 0.68241 0.73187 .04215
5.50 0.23578063841929153 -0.73922 -0.72935 -0.71590 -0.70399 -0.20528 -0.16213 0.56907 0.61282 0.67259 0.72610 .04315
5.75 0.24111432303437602 -0.73776 -0.72648 -0.71092 -0.69691 -0.20510 -0.16099 0.55295 0.59941 0.66329 0.72084 .04411
6.00 0.24633708657984518 -0.73653 -0.72382 -0.70605 -0.68980 -0.20485 -0.15979 0.53743 0.58652 0.65445 0.71605 .04506
6.25 0.25145603955751983 -0.73551 -0.72135 -0.70130 -0.68268 -0.20451 -0.15852 0.52246 0.57411 0.64603 0.71165 .04599
6.50 0.25647759350390792 -0.73468 -0.71906 -0.69666 -0.67555 -0.20409 -0.15719 0.50801 0.56215 0.63799 0.70761 .04690
6.75 0.26140755421862366 -0.73404 -0.71694 -0.69214 -0.66842 -0.20358 -0.15578 0.49406 0.55060 0.63029 0.70388 .04780
7.00 0.26625119958804888 -0.73357 -0.71498 -0.68772 -0.66129 -0.20298 -0.15431 0.48057 0.53944 0.62290 0.70042 .04867
7.25 0.27101334500631991 -0.73325 -0.71318 -0.68341 -0.65416 -0.20230 -0.15277 0.46751 0.52864 0.61579 0.69719 .04953
7.50 0.27569839872782342 -0.73308 -0.71152 -0.67922 -0.64706 -0.20152 -0.15115 0.45486 0.51817 0.60894 0.69418 .05037
7.75 0.28031040898329512 -0.73305 -0.71001 -0.67513 -0.63997 -0.20064 -0.14945 0.44260 0.50802 0.60232 0.69134 .05119
8.00 0.28485310431016619 -0.73315 -0.70862 -0.67116 -0.63292 -0.19968 -0.14767 0.43071 0.49816 0.59591 0.68866 .05201
8.25 0.28932992825516618 -0.73337 -0.70737 -0.66729 -0.62589 -0.19862 -0.14582 0.41916 0.48858 0.58970 0.68611 .05280
8.50 0.29374406938062309 -0.73370 -0.70623 -0.66352 -0.61890 -0.19746 -0.14389 0.40793 0.47926 0.58367 0.68368 .05357
8.75 0.29809848732900202 -0.73414 -0.70520 -0.65986 -0.61196 -0.19620 -0.14188 0.39701 0.47019 0.57781 0.68134 .05432
9.00 0.30239593556098865 -0.73468 -0.70429 -0.65630 -0.60507 -0.19484 -0.13979 0.38637 0.46134 0.57209 0.67909 .05505
9.25 0.30663898127202549 -0.73531 -0.70347 -0.65284 -0.59823 -0.19339 -0.13762 0.37601 0.45271 0.56652 0.67690 .05577
9.50 0.31083002290405076 -0.73602 -0.70276 -0.64948 -0.59145 -0.19183 -0.13537 0.36591 0.44429 0.56107 0.67476 .05646
9.75 0.31497130559833353 -0.73682 -0.70213 -0.64622 -0.58474 -0.19017 -0.13304 0.35606 0.43607 0.55575 0.67268 .05713
10.00 0.31906493487798943 -0.73770 -0.70159 -0.64306 -0.57809 -0.18841 -0.13064 0.34643 0.42803 0.55054 0.67062 .05777
10.25 0.32311288880213562 -0.73865 -0.70114 -0.63999 -0.57152 -0.18655 -0.12816 0.33703 0.42017 0.54543 0.66860 .05839
10.50 0.32711702879550453 -0.73967 -0.70076 -0.63701 -0.56502 -0.18459 -0.12561 0.32783 0.41248 0.54042 0.66659 .05898
10.75 0.33107910932596624 -0.74075 -0.70046 -0.63411 -0.55860 -0.18252 -0.12299 0.31883 0.40495 0.53551 0.66460 .05953
11.00 0.33500078657648524 -0.74189 -0.70022 -0.63131 -0.55226 -0.18036 -0.12029 0.31003 0.39758 0.53068 0.66261 .06007
11.25 0.33888362623650670 -0.74309 -0.70005 -0.62859 -0.54601 -0.17809 -0.11753 0.30140 0.39035 0.52595 0.66063 .06056
11.50 0.34272911051981081 -0.74433 -0.69994 -0.62595 -0.53985 -0.17572 -0.11471 0.29295 0.38327 0.52129 0.65864 .06101
11.75 0.34653864450082428 -0.74562 -0.69988 -0.62339 -0.53378 -0.17325 -0.11182 0.28467 0.37634 0.51671 0.65666 .06143
12.00 0.35031356184872481 -0.74696 -0.69988 -0.62090 -0.52780 -0.17068 -0.10887 0.27654 0.36953 0.51220 0.65466 .06181
12.25 0.35405513002798283 -0.74834 -0.69993 -0.61849 -0.52191 -0.16801 -0.10587 0.26857 0.36286 0.50776 0.65266 .06214
12.50 0.35776455502492738 -0.74975 -0.70002 -0.61615 -0.51611 -0.16525 -0.10281 0.26075 0.35632 0.50340 0.65064 .06244
12.75 0.36144298565221100 -0.75120 -0.70016 -0.61388 -0.51041 -0.16239 -0.09970 0.25308 0.34990 0.49911 0.64862 .06269
13.00 0.36509151747647400 -0.75267 -0.70033 -0.61167 -0.50481 -0.15944 -0.09655 0.24554 0.34360 0.49488 0.64658 .06289
13.25 0.36871119640886968 -0.75417 -0.70054 -0.60952 -0.49929 -0.15640 -0.09336 0.23815 0.33743 0.49072 0.64453 .06304
13.50 0.37230302199327187 -0.75569 -0.70078 -0.60744 -0.49388 -0.15327 -0.09012 0.23089 0.33136 0.48662 0.64248 .06315
13.75 0.37586795042281695 -0.75723 -0.70105 -0.60540 -0.48855 -0.15005 -0.08686 0.22376 0.32542 0.48259 0.64041 .06319
14.00 0.37940689731182314 -0.75878 -0.70134 -0.60342 -0.48331 -0.14676 -0.08356 0.21676 0.31959 0.47862 0.63834 .06320
14.25 0.38292074024700901 -0.76033 -0.70166 -0.60148 -0.47816 -0.14340 -0.08024 0.20990 0.31387 0.47472 0.63627 .06316
14.50 0.38641032113921558 -0.76189 -0.70200 -0.59959 -0.47309 -0.13998 -0.07690 0.20317 0.30826 0.47088 0.63420 .06308
14.75 0.38987644839447261 -0.76343 -0.70235 -0.59773 -0.46809 -0.13650 -0.07356 0.19657 0.30276 0.46710 0.63215 .06294
15.00 0.39331989892118169 -0.76496 -0.70272 -0.59590 -0.46316 -0.13298 -0.07021 0.19012 0.29737 0.46340 0.63012 .06277
15.25 0.39674141998838264 -0.76645 -0.70309 -0.59408 -0.45827 -0.12944 -0.06686 0.18382 0.29208 0.45976 0.62814 .06258
15.50 0.40014173094847860 -0.76788 -0.70346 -0.59228 -0.45341 -0.12591 -0.06354 0.17768 0.28690 0.45620 0.62622 .06237
15.75 0.40352152483640419 -0.76923 -0.70383 -0.59047 -0.44856 -0.12241 -0.06025 0.17172 0.28183 0.45272 0.62440 .06216
16.00 0.40688146985598445 -0.77045 -0.70417 -0.58863 -0.44366 -0.11899 -0.05702 0.16596 0.27686 0.44933 0.62273 .06197
16.25 0.41022221076315113 -0.77149 -0.70448 -0.58672 -0.43866 -0.11571 -0.05385 0.16044 0.27198 0.44605 0.62129 .06186
16.50 0.41354437015471773 -0.77227 -0.70473 -0.58471 -0.43349 -0.11266 -0.05079 0.15521 0.26719 0.44289 0.62018 .06187
16.75 0.41684854967056112 -0.77268 -0.70489 -0.58253 -0.42802 -0.10994 -0.04786 0.15032 0.26244 0.43988 0.61954 .06208
17.00 0.42013533111630319 -0.77260 -0.70495 -0.58010 -0.42213 -0.10771 -0.04507 0.14584 0.25767 0.43705 0.61956 .06264
17.25 0.42340527751290741 -0.77191 -0.70488 -0.57733 -0.41563 -0.10612 -0.04242 0.14182 0.25276 0.43441 0.62046 .06370
17.50 0.42665893407900496 -0.77053 -0.70472 -0.57410 -0.40836 -0.10539 -0.03987 0.13829 0.24747 0.43195 0.62248 .06552
17.75 0.42989682915123001 -0.76848 -0.70455 -0.57030 -0.40013 -0.10578 -0.03727 0.13521 0.24134 0.42960 0.62584 .06851
18.00 0.43311947504735931 -0.76596 -0.70460 -0.56580 -0.39074 -0.10771 -0.03428 0.13248 0.23354 0.42714 0.63072 .07343
18.25 0.43632736887662232 -0.76352 -0.70530 -0.56055 -0.37997 -0.11206 -0.03018 0.13002 0.22243 0.42407 0.63714 .08188
18.50 0.43952099330116196 -0.76251 -0.70725 -0.55524 -0.36839 -0.12019 -0.02371 0.12848 0.20627 0.41966 0.64387 .09648
18.75 0.44270081725227745 -0.76389 -0.70986 -0.55203 -0.35953 -0.13041 -0.01586 0.13011 0.19000 0.41482 0.64721 .11455
19.00 0.44586729660476643 -0.76623 -0.71197 -0.55089 -0.35441 -0.13934 -0.00931 0.13451 0.17899 0.41108 0.64719 .13003
19.25 0.44902087481240505 -0.76871 -0.71365 -0.55057 -0.35119 -0.14709 -0.00405 0.14004 0.17147 0.40819 0.64578 .14304
19.50 0.45216198350734593 -0.77119 -0.71512 -0.55057 -0.34887 -0.15417 0.00042 0.14601 0.16580 0.40582 0.64382 .15459
19.75 0.45529104306598517 -0.77364 -0.71645 -0.55071 -0.34703 -0.16086 0.00436 0.15215 0.16122 0.40381 0.64161 .16522
20.00 0.45840846314364242 -0.77606 -0.71770 -0.55090 -0.34548 -0.16727 0.00791 0.15738 0.15835 0.40210 0.63927 .17518
20.25 0.46151464318020630 -0.77844 -0.71889 -0.55113 -0.34411 -0.17348 0.01114 0.15409 0.16451 0.40067 0.63686 .18462
20.50 0.46460997287872730 -0.78080 -0.72002 -0.55136 -0.34288 -0.17953 0.01409 0.15126 0.17060 0.39951 0.63442 .19362
20.75 0.46769483265878409 -0.78311 -0.72111 -0.55159 -0.34174 -0.18542 0.01679 0.14883 0.17658 0.39863 0.63198 .20221
21.00 0.47076959408630886 -0.78539 -0.72216 -0.55182 -0.34067 -0.19118 0.01922 0.14678 0.18242 0.39803 0.62954 .21040
21.25 0.47383462028142359 -0.78763 -0.72316 -0.55203 -0.33965 -0.19681 0.02140 0.14508 0.18809 0.39773 0.62711 .21821
21.50 0.47689026630572684 -0.78983 -0.72413 -0.55222 -0.33868 -0.20233 0.02333 0.14373 0.19355 0.39774 0.62470 .22566
21.75 0.47993687953036013 -0.79198 -0.72507 -0.55240 -0.33774 -0.20772 0.02500 0.14273 0.19880 0.39808 0.62232 .23272
22.00 0.48297479998608267 -0.79410 -0.72596 -0.55257 -0.33683 -0.21301 0.02640 0.14207 0.20381 0.39877 0.61996 .23941
22.25 0.48600436069649899 -0.79618 -0.72683 -0.55271 -0.33595 -0.21818 0.02755 0.14174 0.20855 0.39982 0.61763 .24573
22.50 0.48902588799549546 -0.79821 -0.72766 -0.55285 -0.33508 -0.22325 0.02843 0.14174 0.21301 0.40124 0.61532 .25168
22.75 0.49203970182987000 -0.80021 -0.72846 -0.55296 -0.33424 -0.22822 0.02906 0.14206 0.21717 0.40305 0.61305 .25728
23.00 0.49504611604806875 -0.80217 -0.72922 -0.55306 -0.33342 -0.23308 0.02945 0.14269 0.22102 0.40525 0.61081 .26253
23.25 0.49804543867587991 -0.80408 -0.72996 -0.55314 -0.33261 -0.23783 0.02961 0.14362 0.22455 0.40786 0.60860 .26744
23.50 0.50103797217987622 -0.80595 -0.73067 -0.55321 -0.33182 -0.24249 0.02954 0.14482 0.22776 0.41087 0.60641 .27203
23.75 0.50402401371934424 -0.80779 -0.73134 -0.55327 -0.33104 -0.24705 0.02928 0.14627 0.23064 0.41427 0.60426 .27633
24.00 0.50700385538738835 -0.80958 -0.73199 -0.55331 -0.33028 -0.25151 0.02884 0.14797 0.23321 0.41808 0.60214 .28035
24.25 0.50997778444185260 -0.81134 -0.73261 -0.55333 -0.32953 -0.25587 0.02823 0.14988 0.23546 0.42226 0.60006 .28410
24.50 0.51294608352666027 -0.81306 -0.73320 -0.55334 -0.32880 -0.26013 0.02747 0.15199 0.23742 0.42682 0.59800 .28760
24.75 0.51590903088413309 -0.81474 -0.73376 -0.55334 -0.32809 -0.26430 0.02659 0.15427 0.23909 0.43172 0.59597 .29089
25.00 0.51886690055881535 -0.81638 -0.73430 -0.55333 -0.32739 -0.26836 0.02560 0.15671 0.24049 0.43696 0.59398 .29396
25.25 0.52181996259329522 -0.81798 -0.73481 -0.55331 -0.32672 -0.27233 0.02451 0.15929 0.24165 0.44251 0.59201 .29684
25.50 0.52476848321648584 -0.81955 -0.73529 -0.55327 -0.32608 -0.27619 0.02335 0.16199 0.24257 0.44835 0.59007 .29954
25.75 0.52771272502479782 -0.82108 -0.73575 -0.55322 -0.32546 -0.27994 0.02212 0.16480 0.24329 0.45446 0.58817 .30206
26.00 0.53065294715660993 -0.82257 -0.73618 -0.55317 -0.32489 -0.28358 0.02083 0.16770 0.24382 0.46082 0.58629 .30441
26.25 0.53358940546042311 -0.82403 -0.73659 -0.55310 -0.32435 -0.28710 0.01950 0.17069 0.24417 0.46740 0.58444 .30660
26.50 0.53652235265705239 -0.82545 -0.73698 -0.55302 -0.32388 -0.29049 0.01814 0.17374 0.24437 0.47419 0.58262 .30863
26.75 0.53945203849620049 -0.82684 -0.73734 -0.55294 -0.32349 -0.29372 0.01675 0.17686 0.24443 0.48117 0.58083 .31047
27.00 0.54237870990772830 -0.82819 -0.73769 -0.55284 -0.32321 -0.29677 0.01535 0.18003 0.24436 0.48832 0.57907 .31212
27.25 0.54530261114792489 -0.82951 -0.73801 -0.55274 -0.32308 -0.29961 0.01393 0.18324 0.24419 0.49563 0.57734 .31354
27.50 0.54822398394106098 -0.83079 -0.73830 -0.55263 -0.32314 -0.30217 0.01251 0.18648 0.24392 0.50308 0.57564 .31468
27.75 0.55114306761649301 -0.83204 -0.73858 -0.55251 -0.32348 -0.30440 0.01109 0.18976 0.24357 0.51065 0.57396 .31549
28.00 0.55406009924157285 -0.83326 -0.73884 -0.55239 -0.32416 -0.30622 0.00967 0.19306 0.24314 0.51833 0.57231 .31589
28.25 0.55697531375060216 -0.83445 -0.73907 -0.55226 -0.32522 -0.30759 0.00826 0.19638 0.24265 0.52612 0.57069 .31585
28.50 0.55988894407005929 -0.83561 -0.73929 -0.55212 -0.32667 -0.30850 0.00685 0.19971 0.24209 0.53399 0.56909 .31535
28.75 0.56280122124031395 -0.83673 -0.73949 -0.55198 -0.32846 -0.30902 0.00547 0.20306 0.24149 0.54195 0.56752 .31449
29.00 0.56571237453403433 -0.83782 -0.73967 -0.55183 -0.33049 -0.30923 0.00409 0.20640 0.24085 0.54998 0.56598 .31332
29.25 0.56862263157148163 -0.83889 -0.73983 -0.55168 -0.33268 -0.30921 0.00274 0.20975 0.24017 0.55807 0.56447 .31195
29.50 0.57153221843287527 -0.83992 -0.73997 -0.55152 -0.33498 -0.30903 0.00141 0.21310 0.23946 0.56298 0.56621 .31044
29.75 0.57444135976800692 -0.84092 -0.74010 -0.55136 -0.33734 -0.30873 0.00010 0.21644 0.23873 0.56152 0.57439 .30883
30.00 0.57735027890326807 -0.84190 -0.74021 -0.55120 -0.33972 -0.30835 -0.00119 0.21977 0.23797 0.56008 0.58262 .30716
30.25 0.58025919794625369 -0.84284 -0.74030 -0.55103 -0.34210 -0.30791 -0.00246 0.22309 0.23720 0.55867 0.59087 .30545
30.50 0.58316833788809341 -0.84376 -0.74038 -0.55085 -0.34446 -0.30742 -0.00370 0.22640 0.23641 0.55729 0.59915 .30372
30.75 0.58607791870365555 -0.84465 -0.74045 -0.55068 -0.34680 -0.30691 -0.00491 0.22969 0.23561 0.55593 0.60745 .30200
31.00 0.58898815944976501 -0.84552 -0.74049 -0.55050 -0.34911 -0.30637 -0.00610 0.23297 0.23480 0.55459 0.61576 .30027
31.25 0.59189927836156764 -0.84635 -0.74053 -0.55032 -0.35139 -0.30582 -0.00725 0.23398 0.23622 0.55328 0.62407 .29857
31.50 0.59481149294717062 -0.84716 -0.74055 -0.55014 -0.35362 -0.30525 -0.00838 0.23317 0.23945 0.55200 0.63238 .29687
31.75 0.59772502008068074 -0.84795 -0.74056 -0.54995 -0.35581 -0.30468 -0.00949 0.23235 0.24266 0.55074 0.64069 .29519
32.00 0.60064007609376124 -0.84871 -0.74056 -0.54977 -0.35795 -0.30410 -0.01056 0.23153 0.24584 0.54950 0.64898 .29354
32.25 0.60355687686581816 -0.84944 -0.74054 -0.54958 -0.36005 -0.30351 -0.01161 0.23071 0.24899 0.54829 0.65725 .29190
32.50 0.60647563791293169 -0.85015 -0.74051 -0.54940 -0.36210 -0.30292 -0.01262 0.22990 0.25211 0.54710 0.66550 .29030
32.75 0.60939657447563289 -0.85084 -0.74048 -0.54921 -0.36410 -0.30234 -0.01361 0.22909 0.25521 0.54594 0.67373 .28873
33.00 0.61231990160563299 -0.85150 -0.74043 -0.54902 -0.36605 -0.30175 -0.01457 0.22829 0.25826 0.54480 0.68191 .28718
33.25 0.61524583425160395 -0.85214 -0.74037 -0.54883 -0.36796 -0.30117 -0.01550 0.22749 0.26129 0.54368 0.69006 .28567
33.50 0.61817458734410646 -0.85275 -0.74030 -0.54864 -0.36981 -0.30059 -0.01640 0.22670 0.26428 0.54259 0.69816 .28419
33.75 0.62110637587975959 -0.85335 -0.74022 -0.54846 -0.37162 -0.30001 -0.01727 0.22593 0.26723 0.54152 0.70621 .28274
34.00 0.62404141500474464 -0.85392 -0.74014 -0.54827 -0.37338 -0.29944 -0.01812 0.22516 0.27014 0.54048 0.71420 .28132
34.25 0.62697992009773107 -0.85447 -0.74004 -0.54808 -0.37509 -0.29887 -0.01893 0.22440 0.27301 0.53946 0.72213 .27994
34.50 0.62992210685231265 -0.85500 -0.73994 -0.54790 -0.37676 -0.29830 -0.01972 0.22366 0.27583 0.53846 0.72999 .27858
34.75 0.63286819135903882 -0.85550 -0.73983 -0.54772 -0.37838 -0.29775 -0.02048 0.22292 0.27862 0.53748 0.73777 .27727
35.00 0.63581839018712483 -0.85599 -0.73972 -0.54753 -0.37995 -0.29720 -0.02122 0.22220 0.28136 0.53653 0.74548 .27598
35.25 0.63877292046592293 -0.85646 -0.73960 -0.54735 -0.38147 -0.29666 -0.02192 0.22150 0.28405 0.53560 0.75310 .27474
35.50 0.64173199996623487 -0.85691 -0.73947 -0.54718 -0.38295 -0.29612 -0.02260 0.22080 0.28670 0.53469 0.76062 .27352
35.75 0.64469584718154593 -0.85734 -0.73934 -0.54700 -0.38438 -0.29559 -0.02326 0.22013 0.28930 0.53381 0.76805 .27233
36.00 0.64766468140925815 -0.85775 -0.73920 -0.54683 -0.38576 -0.29508 -0.02388 0.21946 0.29185 0.53295 0.77538 .27120
36.25 0.65063872283200119 -0.85815 -0.73907 -0.54666 -0.38711 -0.29457 -0.02449 0.21881 0.29434 0.53211 0.78260 .27008
36.50 0.65361819259909770 -0.85853 -0.73892 -0.54649 -0.38840 -0.29407 -0.02506 0.21818 0.29679 0.53129 0.78970 .26901
36.75 0.65660331290825846 -0.85889 -0.73878 -0.54633 -0.38965 -0.29358 -0.02562 0.21756 0.29918 0.53050 0.79668 .26796
37.00 0.65959430708758449 -0.85923 -0.73863 -0.54616 -0.39086 -0.29310 -0.02615 0.21696 0.30151 0.52973 0.80354 .26695
37.25 0.66259139967795155 -0.85956 -0.73848 -0.54601 -0.39203 -0.29263 -0.02665 0.21637 0.30379 0.52898 0.81026 .26598
37.50 0.66559481651585173 -0.85987 -0.73833 -0.54585 -0.39315 -0.29217 -0.02714 0.21580 0.30601 0.52825 0.81684 .26503
37.75 0.66860478481676788 -0.86016 -0.73818 -0.54570 -0.39423 -0.29172 -0.02760 0.21525 0.30818 0.52755 0.82328 .26412
38.00 0.67162153325915808 -0.86045 -0.73802 -0.54555 -0.39527 -0.29128 -0.02803 0.21471 0.31028 0.52687 0.82956 .26325
38.25 0.67464529206912238 -0.86071 -0.73787 -0.54541 -0.39627 -0.29086 -0.02845 0.21419 0.31232 0.52621 0.83569 .26241
38.50 0.67767629310583211 -0.86097 -0.73772 -0.54527 -0.39723 -0.29044 -0.02885 0.21369 0.31430 0.52557 0.84166 .26159
38.75 0.68071476994779589 -0.86121 -0.73757 -0.54514 -0.39815 -0.29004 -0.02922 0.21320 0.31622 0.52496 0.84746 .26082
39.00 0.68376095798003989 -0.86143 -0.73742 -0.54501 -0.39902 -0.28966 -0.02958 0.21274 0.31807 0.52436 0.85308 .26008
39.25 0.68681509448228206 -0.86164 -0.73727 -0.54488 -0.39986 -0.28928 -0.02992 0.21229 0.31986 0.52380 0.85853 .25936
39.50 0.68987741871817743 -0.86185 -0.73713 -0.54476 -0.40066 -0.28892 -0.03023 0.21186 0.32158 0.52325 0.86379 .25869
39.75 0.69294817202571524 -0.86203 -0.73699 -0.54464 -0.40142 -0.28858 -0.03053 0.21145 0.32323 0.52273 0.86886 .25805
40.00 0.69602759790885060 -0.86221 -0.73685 -0.54453 -0.40214 -0.28824 -0.03082 0.21105 0.32482 0.52223 0.87373 .25742
40.25 0.69911594213045092 -0.86238 -0.73671 -0.54442 -0.40282 -0.28792 -0.03108 0.21068 0.32633 0.52175 0.87840 .25684
40.50 0.70221345280664171 -0.86253 -0.73658 -0.54432 -0.40347 -0.28762 -0.03133 0.21032 0.32778 0.52130 0.88287 .25629
40.75 0.70532038050263912 -0.86268 -0.73646 -0.54422 -0.40408 -0.28733 -0.03156 0.20998 0.32915 0.52086 0.88712 .25577
41.00 0.70843697833015451 -0.86281 -0.73634 -0.54413 -0.40465 -0.28706 -0.03177 0.20966 0.33045 0.52046 0.89116 .25529
41.25 0.71156350204645979 -0.86294 -0.73622 -0.54404 -0.40518 -0.28680 -0.03197 0.20936 0.33167 0.52007 0.89498 .25483
41.50 0.71470021015520846 -0.86305 -0.73611 -0.54396 -0.40568 -0.28655 -0.03216 0.20908 0.33282 0.51971 0.89857 .25439
41.75 0.71784736400909988 -0.86316 -0.73601 -0.54388 -0.40615 -0.28633 -0.03233 0.20881 0.33390 0.51938 0.90193 .25400
42.00 0.72100522791448773 -0.86325 -0.73591 -0.54381 -0.40657 -0.28611 -0.03248 0.20857 0.33490 0.51907 0.90507 .25363
42.25 0.72417406923802852 -0.86334 -0.73582 -0.54375 -0.40697 -0.28592 -0.03263 0.20835 0.33582 0.51878 0.90796 .25329
42.50 0.72735415851547003 -0.86342 -0.73574 -0.54369 -0.40732 -0.28574 -0.03275 0.20814 0.33666 0.51852 0.91062 .25299
42.75 0.73054576956268569 -0.86349 -0.73566 -0.54363 -0.40765 -0.28558 -0.03287 0.20795 0.33743 0.51828 0.91303 .25271
43.00 0.73374917958905994 -0.86356 -0.73559 -0.54358 -0.40794 -0.28543 -0.03297 0.20779 0.33812 0.51807 0.91519 .25246
43.25 0.73696466931333482 -0.86361 -0.73553 -0.54354 -0.40819 -0.28530 -0.03306 0.20764 0.33873 0.51788 0.91711 .25224
43.50 0.74019252308203054 -0.86366 -0.73548 -0.54350 -0.40841 -0.28519 -0.03314 0.20751 0.33925 0.51771 0.91878 .25205
43.75 0.74343302899055930 -0.86370 -0.73543 -0.54347 -0.40859 -0.28509 -0.03320 0.20741 0.33970 0.51757 0.92019 .25189
44.00 0.74668647900714824 -0.86373 -0.73540 -0.54344 -0.40875 -0.28502 -0.03326 0.20732 0.34007 0.51746 0.92135 .25176
44.25 0.74995316909970178 -0.86376 -0.73537 -0.54342 -0.40886 -0.28496 -0.03330 0.20725 0.34035 0.51737 0.92225 .25166
44.50 0.75323339936572720 -0.86377 -0.73535 -0.54341 -0.40895 -0.28491 -0.03333 0.20720 0.34056 0.51731 0.92290 .25158
44.75 0.75652747416546084 -0.86378 -0.73533 -0.54340 -0.40900 -0.28489 -0.03334 0.20717 0.34068 0.51727 0.92329 .25155
45.00 0.75983570225832975
45.25 0.76315839694289456 -0.86378 -0.73533 -0.54340 -0.40900 -0.28489 -0.03334 0.20717 0.34068 0.51727 0.92329 .25155
45.50 0.76649587620041937 -0.86377 -0.73535 -0.54341 -0.40895 -0.28491 -0.03333 0.20720 0.34056 0.51731 0.92290 .25158
45.75 0.76984846284222430 -0.86376 -0.73537 -0.54342 -0.40886 -0.28496 -0.03330 0.20725 0.34035 0.51737 0.92225 .25166
46.00 0.77321648466098036 -0.86373 -0.73540 -0.54344 -0.40875 -0.28502 -0.03326 0.20732 0.34007 0.51746 0.92135 .25176
46.25 0.77660027458611014 -0.86370 -0.73543 -0.54347 -0.40859 -0.28509 -0.03320 0.20741 0.33970 0.51757 0.92019 .25189
46.50 0.78000017084346973 -0.86366 -0.73548 -0.54350 -0.40841 -0.28519 -0.03314 0.20751 0.33925 0.51771 0.91878 .25205
46.75 0.78341651711948912 -0.86361 -0.73553 -0.54354 -0.40819 -0.28530 -0.03306 0.20764 0.33873 0.51788 0.91711 .25224
47.00 0.78684966272995749 -0.86356 -0.73559 -0.54358 -0.40794 -0.28543 -0.03297 0.20779 0.33812 0.51807 0.91519 .25246
47.25 0.79029996279364645 -0.86349 -0.73566 -0.54363 -0.40765 -0.28558 -0.03287 0.20795 0.33743 0.51828 0.91303 .25271
47.50 0.79376777841097601 -0.86342 -0.73574 -0.54369 -0.40732 -0.28574 -0.03275 0.20814 0.33666 0.51852 0.91062 .25299
47.75 0.79725347684792980 -0.86334 -0.73582 -0.54375 -0.40697 -0.28592 -0.03263 0.20835 0.33582 0.51878 0.90796 .25329
48.00 0.80075743172543956 -0.86325 -0.73591 -0.54381 -0.40657 -0.28611 -0.03248 0.20857 0.33490 0.51907 0.90507 .25363
48.25 0.80428002321446923 -0.86316 -0.73601 -0.54388 -0.40615 -0.28633 -0.03233 0.20881 0.33390 0.51938 0.90193 .25400
48.50 0.80782163823703412 -0.86305 -0.73611 -0.54396 -0.40568 -0.28655 -0.03216 0.20908 0.33282 0.51971 0.89857 .25439
48.75 0.81138267067340353 -0.86294 -0.73622 -0.54404 -0.40518 -0.28680 -0.03197 0.20936 0.33167 0.52007 0.89498 .25483
49.00 0.81496352157574936 -0.86281 -0.73634 -0.54413 -0.40465 -0.28706 -0.03177 0.20966 0.33045 0.52046 0.89116 .25529
49.25 0.81856459938850701 -0.86268 -0.73646 -0.54422 -0.40408 -0.28733 -0.03156 0.20998 0.32915 0.52086 0.88712 .25577
49.50 0.82218632017573356 -0.86253 -0.73658 -0.54432 -0.40347 -0.28762 -0.03133 0.21032 0.32778 0.52130 0.88287 .25629
49.75 0.82582910785575958 -0.86238 -0.73671 -0.54442 -0.40282 -0.28792 -0.03108 0.21068 0.32633 0.52175 0.87840 .25684
50.00 0.82949339444344139 -0.86221 -0.73685 -0.54453 -0.40214 -0.28824 -0.03082 0.21105 0.32482 0.52223 0.87373 .25742
50.25 0.83317962030033754 -0.86203 -0.73699 -0.54464 -0.40142 -0.28858 -0.03053 0.21145 0.32323 0.52273 0.86886 .25805
50.50 0.83688823439314863 -0.86185 -0.73713 -0.54476 -0.40066 -0.28892 -0.03023 0.21186 0.32158 0.52325 0.86379 .25869
50.75 0.84061969456077290 -0.86164 -0.73727 -0.54488 -0.39986 -0.28928 -0.02992 0.21229 0.31986 0.52380 0.85853 .25936
51.00 0.84437446779034697 -0.86143 -0.73742 -0.54501 -0.39902 -0.28966 -0.02958 0.21274 0.31807 0.52436 0.85308 .26008
51.25 0.84815303050266300 -0.86121 -0.73757 -0.54514 -0.39815 -0.29004 -0.02922 0.21320 0.31622 0.52496 0.84746 .26082
51.50 0.85195586884736429 -0.86097 -0.73772 -0.54527 -0.39723 -0.29044 -0.02885 0.21369 0.31430 0.52557 0.84166 .26159
51.75 0.85578347900834917 -0.86071 -0.73787 -0.54541 -0.39627 -0.29086 -0.02845 0.21419 0.31232 0.52621 0.83569 .26241
52.00 0.85963636751982619 -0.86045 -0.73802 -0.54555 -0.39527 -0.29128 -0.02803 0.21471 0.31028 0.52687 0.82956 .26325
52.25 0.86351505159349251 -0.86016 -0.73818 -0.54570 -0.39423 -0.29172 -0.02760 0.21525 0.30818 0.52755 0.82328 .26412
52.50 0.86742005945732381 -0.85987 -0.73833 -0.54585 -0.39315 -0.29217 -0.02714 0.21580 0.30601 0.52825 0.81684 .26503
52.75 0.87135193070649397 -0.85956 -0.73848 -0.54601 -0.39203 -0.29263 -0.02665 0.21637 0.30379 0.52898 0.81026 .26598
53.00 0.87531121666696521 -0.85923 -0.73863 -0.54616 -0.39086 -0.29310 -0.02615 0.21696 0.30151 0.52973 0.80354 .26695
53.25 0.87929848077231665 -0.85889 -0.73878 -0.54633 -0.38965 -0.29358 -0.02562 0.21756 0.29918 0.53050 0.79668 .26796
53.50 0.88331429895441260 -0.85853 -0.73892 -0.54649 -0.38840 -0.29407 -0.02506 0.21818 0.29679 0.53129 0.78970 .26901
53.75 0.88735926004853483 -0.85815 -0.73907 -0.54666 -0.38711 -0.29457 -0.02449 0.21881 0.29434 0.53211 0.78260 .27008
54.00 0.89143396621364279 -0.85775 -0.73920 -0.54683 -0.38576 -0.29508 -0.02388 0.21946 0.29185 0.53295 0.77538 .27120
54.25 0.89553903336845653 -0.85734 -0.73934 -0.54700 -0.38438 -0.29559 -0.02326 0.22013 0.28930 0.53381 0.76805 .27233
54.50 0.89967509164409376 -0.85691 -0.73947 -0.54718 -0.38295 -0.29612 -0.02260 0.22080 0.28670 0.53469 0.76062 .27352
54.75 0.90384278585403033 -0.85646 -0.73960 -0.54735 -0.38147 -0.29666 -0.02192 0.22150 0.28405 0.53560 0.75310 .27474
55.00 0.90804277598219907 -0.85599 -0.73972 -0.54753 -0.37995 -0.29720 -0.02122 0.22220 0.28136 0.53653 0.74548 .27598
55.25 0.91227573769007742 -0.85550 -0.73983 -0.54772 -0.37838 -0.29775 -0.02048 0.22292 0.27862 0.53748 0.73777 .27727
55.50 0.91654236284366797 -0.85500 -0.73994 -0.54790 -0.37676 -0.29830 -0.01972 0.22366 0.27583 0.53846 0.72999 .27858
55.75 0.92084336006132139 -0.85447 -0.74004 -0.54808 -0.37509 -0.29887 -0.01893 0.22440 0.27301 0.53946 0.72213 .27994
56.00 0.92517945528340284 -0.85392 -0.74014 -0.54827 -0.37338 -0.29944 -0.01812 0.22516 0.27014 0.54048 0.71420 .28132
56.25 0.92955139236486140 -0.85335 -0.74022 -0.54846 -0.37162 -0.30001 -0.01727 0.22593 0.26723 0.54152 0.70621 .28274
56.50 0.93395993369181618 -0.85275 -0.74030 -0.54864 -0.36981 -0.30059 -0.01640 0.22670 0.26428 0.54259 0.69816 .28419
56.75 0.93840586082334254 -0.85214 -0.74037 -0.54883 -0.36796 -0.30117 -0.01550 0.22749 0.26129 0.54368 0.69006 .28567
57.00 0.94288997515969897 -0.85150 -0.74043 -0.54902 -0.36605 -0.30175 -0.01457 0.22829 0.25826 0.54480 0.68191 .28718
57.25 0.94741309863831702 -0.85084 -0.74048 -0.54921 -0.36410 -0.30234 -0.01361 0.22909 0.25521 0.54594 0.67373 .28873
57.50 0.95197607445894206 -0.85015 -0.74051 -0.54940 -0.36210 -0.30292 -0.01262 0.22990 0.25211 0.54710 0.66550 .29030
57.75 0.95657976783940157 -0.84944 -0.74054 -0.54958 -0.36005 -0.30351 -0.01161 0.23071 0.24899 0.54829 0.65725 .29190
58.00 0.96122506680355879 -0.84871 -0.74056 -0.54977 -0.35795 -0.30410 -0.01056 0.23153 0.24584 0.54950 0.64898 .29354
58.25 0.96591288300310196 -0.84795 -0.74056 -0.54995 -0.35581 -0.30468 -0.00949 0.23235 0.24266 0.55074 0.64069 .29519
58.50 0.97064415257492132 -0.84716 -0.74055 -0.55014 -0.35362 -0.30525 -0.00838 0.23317 0.23945 0.55200 0.63238 .29687
58.75 0.97541983703592194 -0.84635 -0.74053 -0.55032 -0.35139 -0.30582 -0.00725 0.23398 0.23622 0.55328 0.62407 .29857
59.00 0.98024092421724396 -0.84552 -0.74049 -0.55050 -0.34911 -0.30637 -0.00610 0.23297 0.23480 0.55459 0.61576 .30027
59.25 0.98510842923997155 -0.84465 -0.74045 -0.55068 -0.34680 -0.30691 -0.00491 0.22969 0.23561 0.55593 0.60745 .30200
59.50 0.99002339553454166 -0.84376 -0.74038 -0.55085 -0.34446 -0.30742 -0.00370 0.22640 0.23641 0.55729 0.59915 .30372
59.75 0.99498689590620693 -0.84284 -0.74030 -0.55103 -0.34210 -0.30791 -0.00246 0.22309 0.23720 0.55867 0.59087 .30545
60.00 1.0000000336490449 -0.84190 -0.74021 -0.55120 -0.33972 -0.30835 -0.00119 0.21977 0.23797 0.56008 0.58262 .30716
60.25 1.0050639437111659 -0.84092 -0.74010 -0.55136 -0.33734 -0.30873 0.00010 0.21644 0.23873 0.56152 0.57439 .30883
60.50 1.0101797939139427 -0.83992 -0.73997 -0.55152 -0.33498 -0.30903 0.00141 0.21310 0.23946 0.56298 0.56621 .31044
60.75 1.0153487862282633 -0.83889 -0.73983 -0.55168 -0.33268 -0.30921 0.00274 0.20975 0.24017 0.55807 0.56447 .31195
61.00 1.0205721581109972 -0.83782 -0.73967 -0.55183 -0.33049 -0.30923 0.00409 0.20640 0.24085 0.54998 0.56598 .31332
61.25 1.0258511839050852 -0.83673 -0.73949 -0.55198 -0.32846 -0.30902 0.00547 0.20306 0.24149 0.54195 0.56752 .31449
61.50 1.0311871763068714 -0.83561 -0.73929 -0.55212 -0.32667 -0.30850 0.00685 0.19971 0.24209 0.53399 0.56909 .31535
61.75 1.0365814879045478 -0.83445 -0.73907 -0.55226 -0.32522 -0.30759 0.00826 0.19638 0.24265 0.52612 0.57069 .31585
62.00 1.0420355127918348 -0.83326 -0.73884 -0.55239 -0.32416 -0.30622 0.00967 0.19306 0.24314 0.51833 0.57231 .31589
62.25 1.0475506882612993 -0.83204 -0.73858 -0.55251 -0.32348 -0.30440 0.01109 0.18976 0.24357 0.51065 0.57396 .31549
62.50 1.0531284965820111 -0.83079 -0.73830 -0.55263 -0.32314 -0.30217 0.01251 0.18648 0.24392 0.50308 0.57564 .31468
62.75 1.0587704668665670 -0.82951 -0.73801 -0.55274 -0.32308 -0.29961 0.01393 0.18324 0.24419 0.49563 0.57734 .31354
63.00 1.0644781770328475 -0.82819 -0.73769 -0.55284 -0.32321 -0.29677 0.01535 0.18003 0.24436 0.48832 0.57907 .31212
63.25 1.0702532558662603 -0.82684 -0.73734 -0.55294 -0.32349 -0.29372 0.01675 0.17686 0.24443 0.48117 0.58083 .31047
63.50 1.0760973851886237 -0.82545 -0.73698 -0.55302 -0.32388 -0.29049 0.01814 0.17374 0.24437 0.47419 0.58262 .30863
63.75 1.0820123021402799 -0.82403 -0.73659 -0.55310 -0.32435 -0.28710 0.01950 0.17069 0.24417 0.46740 0.58444 .30660
64.00 1.0879998015825072 -0.82257 -0.73618 -0.55317 -0.32489 -0.28358 0.02083 0.16770 0.24382 0.46082 0.58629 .30441
64.25 1.0940617386278098 -0.82108 -0.73575 -0.55322 -0.32546 -0.27994 0.02212 0.16480 0.24329 0.45446 0.58817 .30206
64.50 1.1002000313062268 -0.81955 -0.73529 -0.55327 -0.32608 -0.27619 0.02335 0.16199 0.24257 0.44835 0.59007 .29954
64.75 1.1064166633763877 -0.81798 -0.73481 -0.55331 -0.32672 -0.27233 0.02451 0.15929 0.24165 0.44251 0.59201 .29684
65.00 1.1127136872907215 -0.81638 -0.73430 -0.55333 -0.32739 -0.26836 0.02560 0.15671 0.24049 0.43696 0.59398 .29396
65.25 1.1190932273249123 -0.81474 -0.73376 -0.55334 -0.32809 -0.26430 0.02659 0.15427 0.23909 0.43172 0.59597 .29089
65.50 1.1255574828824770 -0.81306 -0.73320 -0.55334 -0.32880 -0.26013 0.02747 0.15199 0.23742 0.42682 0.59800 .28760
65.75 1.1321087319861824 -0.81134 -0.73261 -0.55333 -0.32953 -0.25587 0.02823 0.14988 0.23546 0.42226 0.60006 .28410
66.00 1.1387493349689228 -0.80958 -0.73199 -0.55331 -0.33028 -0.25151 0.02884 0.14797 0.23321 0.41808 0.60214 .28035
66.25 1.1454817383776770 -0.80779 -0.73134 -0.55327 -0.33104 -0.24705 0.02928 0.14627 0.23064 0.41427 0.60426 .27633
66.50 1.1523084791052536 -0.80595 -0.73067 -0.55321 -0.33182 -0.24249 0.02954 0.14482 0.22776 0.41087 0.60641 .27203
66.75 1.1592321887657087 -0.80408 -0.72996 -0.55314 -0.33261 -0.23783 0.02961 0.14362 0.22455 0.40786 0.60860 .26744
67.00 1.1662555983306084 -0.80217 -0.72922 -0.55306 -0.33342 -0.23308 0.02945 0.14269 0.22102 0.40525 0.61081 .26253
67.25 1.1733815430447392 -0.80021 -0.72846 -0.55296 -0.33424 -0.22822 0.02906 0.14206 0.21717 0.40305 0.61305 .25728
67.50 1.1806129676413906 -0.79821 -0.72766 -0.55285 -0.33508 -0.22325 0.02843 0.14174 0.21301 0.40124 0.61532 .25168
67.75 1.1879529318790409 -0.79618 -0.72683 -0.55271 -0.33595 -0.21818 0.02755 0.14174 0.20855 0.39982 0.61763 .24573
68.00 1.1954046164231349 -0.79410 -0.72596 -0.55257 -0.33683 -0.21301 0.02640 0.14207 0.20381 0.39877 0.61996 .23941
68.25 1.2029713290986654 -0.79198 -0.72507 -0.55240 -0.33774 -0.20772 0.02500 0.14273 0.19880 0.39808 0.62232 .23272
68.50 1.2106565115415191 -0.78983 -0.72413 -0.55222 -0.33868 -0.20233 0.02333 0.14373 0.19355 0.39774 0.62470 .22566
68.75 1.2184637462790018 -0.78763 -0.72316 -0.55203 -0.33965 -0.19681 0.02140 0.14508 0.18809 0.39773 0.62711 .21821
69.00 1.2263967642726714 -0.78539 -0.72216 -0.55182 -0.34067 -0.19118 0.01922 0.14678 0.18242 0.39803 0.62954 .21040
69.25 1.2344594529595776 -0.78311 -0.72111 -0.55159 -0.34174 -0.18542 0.01679 0.14883 0.17658 0.39863 0.63198 .20221
69.50 1.2426558648313226 -0.78080 -0.72002 -0.55136 -0.34288 -0.17953 0.01409 0.15126 0.17060 0.39951 0.63442 .19362
69.75 1.2509902265939778 -0.77844 -0.71889 -0.55113 -0.34411 -0.17348 0.01114 0.15409 0.16451 0.40067 0.63686 .18462
70.00 1.2594669489559134 -0.77606 -0.71770 -0.55090 -0.34548 -0.16727 0.00791 0.15738 0.15835 0.40210 0.63927 .17518
70.25 1.2680906370950717 -0.77364 -0.71645 -0.55071 -0.34703 -0.16086 0.00436 0.15215 0.16122 0.40381 0.64161 .16522
70.50 1.2768661018621295 -0.77119 -0.71512 -0.55057 -0.34887 -0.15417 0.00042 0.14601 0.16580 0.40582 0.64382 .15459
70.75 1.2857983717814927 -0.76871 -0.71365 -0.55057 -0.35119 -0.14709 -0.00405 0.14004 0.17147 0.40819 0.64578 .14304
71.00 1.2948927059181552 -0.76623 -0.71197 -0.55089 -0.35441 -0.13934 -0.00931 0.13451 0.17899 0.41108 0.64719 .13003
71.25 1.3041546076852373 -0.76389 -0.70986 -0.55203 -0.35953 -0.13041 -0.01586 0.13011 0.19000 0.41482 0.64721 .11455
71.50 1.3135898396745678 -0.76251 -0.70725 -0.55524 -0.36839 -0.12019 -0.02371 0.12848 0.20627 0.41966 0.64387 .09648
71.75 1.3232044396011293 -0.76352 -0.70530 -0.56055 -0.37997 -0.11206 -0.03018 0.13002 0.22243 0.42407 0.63714 .08188
72.00 1.3330047374615932 -0.76596 -0.70460 -0.56580 -0.39074 -0.10771 -0.03428 0.13248 0.23354 0.42714 0.63072 .07343
72.25 1.3429973740177321 -0.76848 -0.70455 -0.57030 -0.40013 -0.10578 -0.03727 0.13521 0.24134 0.42960 0.62584 .06851
72.50 1.3531893207273342 -0.77053 -0.70472 -0.57410 -0.40836 -0.10539 -0.03987 0.13829 0.24747 0.43195 0.62248 .06552
72.75 1.3635879012585173 -0.77191 -0.70488 -0.57733 -0.41563 -0.10612 -0.04242 0.14182 0.25276 0.43441 0.62046 .06370
73.00 1.3742008147382716 -0.77260 -0.70495 -0.58010 -0.42213 -0.10771 -0.04507 0.14584 0.25767 0.43705 0.61956 .06264
73.25 1.3850361609029067 -0.77268 -0.70489 -0.58253 -0.42802 -0.10994 -0.04786 0.15032 0.26244 0.43988 0.61954 .06208
73.50 1.3961024673370386 -0.77227 -0.70473 -0.58471 -0.43349 -0.11266 -0.05079 0.15521 0.26719 0.44289 0.62018 .06187
73.75 1.4074087190092159 -0.77149 -0.70448 -0.58672 -0.43866 -0.11571 -0.05385 0.16044 0.27198 0.44605 0.62129 .06186
74.00 1.4189643903365978 -0.77045 -0.70417 -0.58863 -0.44366 -0.11899 -0.05702 0.16596 0.27686 0.44933 0.62273 .06197
74.25 1.4307794800386300 -0.76923 -0.70383 -0.59047 -0.44856 -0.12241 -0.06025 0.17172 0.28183 0.45272 0.62440 .06216
74.50 1.4428645490710084 -0.76788 -0.70346 -0.59228 -0.45341 -0.12591 -0.06354 0.17768 0.28690 0.45620 0.62622 .06237
74.75 1.4552307619668963 -0.76645 -0.70309 -0.59408 -0.45827 -0.12944 -0.06686 0.18382 0.29208 0.45976 0.62814 .06258
75.00 1.4678899319530556 -0.76496 -0.70272 -0.59590 -0.46316 -0.13298 -0.07021 0.19012 0.29737 0.46340 0.63012 .06277
75.25 1.4808545702551064 -0.76343 -0.70235 -0.59773 -0.46809 -0.13650 -0.07356 0.19657 0.30276 0.46710 0.63215 .06294
75.50 1.4941379400594756 -0.76189 -0.70200 -0.59959 -0.47309 -0.13998 -0.07690 0.20317 0.30826 0.47088 0.63420 .06308
75.75 1.5077541156608558 -0.76033 -0.70166 -0.60148 -0.47816 -0.14340 -0.08024 0.20990 0.31387 0.47472 0.63627 .06316
76.00 1.5217180473945009 -0.75878 -0.70134 -0.60342 -0.48331 -0.14676 -0.08356 0.21676 0.31959 0.47862 0.63834 .06320
76.25 1.5360456330340897 -0.75723 -0.70105 -0.60540 -0.48855 -0.15005 -0.08686 0.22376 0.32542 0.48259 0.64041 .06319
76.50 1.5507537964299845 -0.75569 -0.70078 -0.60744 -0.49388 -0.15327 -0.09012 0.23089 0.33136 0.48662 0.64248 .06315
76.75 1.5658605742718710 -0.75417 -0.70054 -0.60952 -0.49929 -0.15640 -0.09336 0.23815 0.33743 0.49072 0.64453 .06304
77.00 1.5813852119866876 -0.75267 -0.70033 -0.61167 -0.50481 -0.15944 -0.09655 0.24554 0.34360 0.49488 0.64658 .06289
77.25 1.5973482699307082 -0.75120 -0.70016 -0.61388 -0.51041 -0.16239 -0.09970 0.25308 0.34990 0.49911 0.64862 .06269
77.50 1.6137717412076256 -0.74975 -0.70002 -0.61615 -0.51611 -0.16525 -0.10281 0.26075 0.35632 0.50340 0.65064 .06244
77.75 1.6306791826473761 -0.74834 -0.69993 -0.61849 -0.52191 -0.16801 -0.10587 0.26857 0.36286 0.50776 0.65266 .06214
78.00 1.6480958607190197 -0.74696 -0.69988 -0.62090 -0.52780 -0.17068 -0.10887 0.27654 0.36953 0.51220 0.65466 .06181
78.25 1.6660489144325314 -0.74562 -0.69988 -0.62339 -0.53378 -0.17325 -0.11182 0.28467 0.37634 0.51671 0.65666 .06143
78.50 1.6845675376176648 -0.74433 -0.69994 -0.62595 -0.53985 -0.17572 -0.11471 0.29295 0.38327 0.52129 0.65864 .06101
78.75 1.7036831833639368 -0.74308 -0.70005 -0.62859 -0.54601 -0.17809 -0.11753 0.30140 0.39035 0.52595 0.66063 .06056
79.00 1.7234297938777567 -0.74189 -0.70022 -0.63131 -0.55226 -0.18036 -0.12029 0.31003 0.39758 0.53068 0.66261 .06007
79.25 1.7438440595774944 -0.74075 -0.70046 -0.63411 -0.55860 -0.18252 -0.12299 0.31883 0.40495 0.53551 0.66460 .05953
79.50 1.7649657119256603 -0.73967 -0.70076 -0.63701 -0.56502 -0.18459 -0.12561 0.32783 0.41248 0.54042 0.66659 .05898
79.75 1.7868378553155890 -0.73865 -0.70114 -0.63999 -0.57152 -0.18655 -0.12816 0.33703 0.42017 0.54543 0.66860 .05839
80.00 1.8095073443210954 -0.73770 -0.70159 -0.64306 -0.57809 -0.18841 -0.13064 0.34643 0.42803 0.55054 0.67062 .05777
80.25 1.8330252138232914 -0.73682 -0.70213 -0.64622 -0.58474 -0.19017 -0.13304 0.35606 0.43607 0.55575 0.67268 .05713
80.50 1.8574471710024862 -0.73602 -0.70275 -0.64948 -0.59145 -0.19183 -0.13537 0.36591 0.44429 0.56107 0.67476 .05646
80.75 1.8828341599932619 -0.73531 -0.70347 -0.65284 -0.59823 -0.19339 -0.13762 0.37601 0.45271 0.56652 0.67690 .05577
81.00 1.9092530122354845 -0.73468 -0.70429 -0.65630 -0.60507 -0.19484 -0.13979 0.38637 0.46134 0.57209 0.67909 .05505
81.25 1.9367771983277440 -0.73414 -0.70520 -0.65986 -0.61196 -0.19620 -0.14188 0.39701 0.47019 0.57781 0.68134 .05432
81.50 1.9654877006520655 -0.73370 -0.70623 -0.66352 -0.61890 -0.19746 -0.14389 0.40793 0.47926 0.58367 0.68368 .05357
81.75 1.9954740303864316 -0.73337 -0.70737 -0.66729 -0.62589 -0.19862 -0.14582 0.41916 0.48858 0.58970 0.68611 .05280
82.00 2.0268354180156947 -0.73315 -0.70862 -0.67116 -0.63292 -0.19968 -0.14767 0.43071 0.49816 0.59591 0.68866 .05201
82.25 2.0596822134404817 -0.73305 -0.71001 -0.67513 -0.63997 -0.20064 -0.14945 0.44260 0.50802 0.60232 0.69134 .05119
82.50 2.0941375407372735 -0.73308 -0.71152 -0.67922 -0.64706 -0.20152 -0.15115 0.45486 0.51817 0.60894 0.69418 .05037
82.75 2.1303392641794385 -0.73325 -0.71318 -0.68341 -0.65416 -0.20230 -0.15277 0.46751 0.52864 0.61579 0.69719 .04953
83.00 2.1684423371644423 -0.73357 -0.71498 -0.68772 -0.66129 -0.20298 -0.15431 0.48057 0.53944 0.62290 0.70042 .04867
83.25 2.2086216254199424 -0.73404 -0.71694 -0.69214 -0.66842 -0.20358 -0.15578 0.49406 0.55060 0.63029 0.70388 .04780
83.50 2.2510753219802888 -0.73468 -0.71906 -0.69666 -0.67555 -0.20409 -0.15719 0.50801 0.56215 0.63799 0.70761 .04690
83.75 2.2960291063410230 -0.73551 -0.72135 -0.70130 -0.68268 -0.20451 -0.15852 0.52246 0.57411 0.64603 0.71165 .04599
84.00 2.3437412473608381 -0.73653 -0.72382 -0.70605 -0.68980 -0.20485 -0.15979 0.53743 0.58652 0.65445 0.71605 .04506
84.25 2.3945089138952178 -0.73776 -0.72648 -0.71092 -0.69691 -0.20510 -0.16099 0.55295 0.59941 0.66329 0.72084 .04411
84.50 2.4486760461856742 -0.73922 -0.72935 -0.71590 -0.70399 -0.20528 -0.16213 0.56907 0.61282 0.67259 0.72610 .04315
84.75 2.5066432657105051 -0.74093 -0.73242 -0.72100 -0.71105 -0.20537 -0.16322 0.58581 0.62680 0.68241 0.73187 .04215
