5 0.22474786951272291 -4.24173288895
5.25 0.23032811073355966 -4.31501515014
5.50 0.23578063841929153 -4.38119850068
5.75 0.24111432303437602 -4.44106247882
6.00 0.24633708657984518 -4.49526823891
6.25 0.25145603955751983 -4.54438088630
6.50 0.25647759350390792 -4.58888692670
6.75 0.26140755421862366 -4.62920803072
7.00 0.26625119958804888 -4.66571198743
7.25 0.27101334500631991 -4.69872149194
7.50 0.27569839872782342 -4.72852124842
7.75 0.28031040898329512 -4.75536375151
8.00 0.28485310431016619 -4.77947402313
8.25 0.28932992825516618 -4.80105351742
8.50 0.29374406938062309 -4.82028335895
8.75 0.29809848732900202 -4.83732704342
9.00 0.30239593556098865 -4.85233270235
9.25 0.30663898127202549 -4.86543501246
9.50 0.31083002290405076 -4.87675681412
9.75 0.31497130559833353 -4.88641049032
10.00 0.31906493487798943 -4.89449914785
10.25 0.32311288880213562 -4.90111763459
10.50 0.32711702879550453 -4.90635342025
10.75 0.33107910932596624 -4.91028736324
11.00 0.33500078657648524 -4.91299438227
11.25 0.33888362623650670 -4.91454404811
11.50 0.34272911051981081 -4.91500110850
11.75 0.34653864450082428 -4.91442595714
12.00 0.35031356184872481 -4.91287505619
12.25 0.35405513002798283 -4.91040132065
12.50 0.35776455502492738 -4.90705447216
12.75 0.36144298565221100 -4.90288136931
13.00 0.36509151747647400 -4.89792632178
13.25 0.36871119640886968 -4.89223139572
13.50 0.37230302199327187 -4.88583671966
13.75 0.37586795042281695 -4.87878080056
14.00 0.37940689731182314 -4.87110086522
14.25 0.38292074024700901 -4.86283324472
14.50 0.38641032113921558 -4.85401382907
14.75 0.38987644839447261 -4.84467863050
15.00 0.39331989892118169 -4.83486451306
15.25 0.39674141998838264 -4.82461017588
15.50 0.40014173094847860 -4.81395752385
15.75 0.40352152483640419 -4.80295363201
16.00 0.40688146985598445 -4.79165361862
16.25 0.41022221076315113 -4.78012489733
16.50 0.41354437015471773 -4.76845347555
16.75 0.41684854967056112 -4.75675316523
17.00 0.42013533111630319 -4.74517870044
17.25 0.42340527751290741 -4.73394388041
17.50 0.42665893407900496 -4.72334677286
17.75 0.42989682915123001 -4.71380810681
18.00 0.43311947504735931 -4.70593990781
18.25 0.43632736887662232 -4.70067325036
18.50 0.43952099330116196 -4.69931188855
18.75 0.44270081725227745 -4.70231516452
19.00 0.44586729660476643 -4.70802475059
19.25 0.44902087481240505 -4.71491611140
19.50 0.45216198350734593 -4.72227284666
19.75 0.45529104306598517 -4.72976049426
20.00 0.45840846314364242 -4.73720791006
20.25 0.46151464318020630 -4.74452108704
20.50 0.46460997287872730 -4.75164608397
20.75 0.46769483265878409 -4.75855137733
21.00 0.47076959408630886 -4.76521872877
21.25 0.47383462028142359 -4.77163813351
21.50 0.47689026630572684 -4.77780487166
21.75 0.47993687953036013 -4.78371770931
22.00 0.48297479998608267 -4.78937776014
22.25 0.48600436069649899 -4.79478774239
22.50 0.48902588799549546 -4.79995148103
22.75 0.49203970182987000 -4.80487356666
23.00 0.49504611604806875 -4.80955911741
23.25 0.49804543867587991 -4.81401360994
23.50 0.50103797217987622 -4.81824275788
23.75 0.50402401371934424 -4.82225242342
24.00 0.50700385538738835 -4.82604855235
24.25 0.50997778444185260 -4.82963712613
24.50 0.51294608352666027 -4.83302412612
24.75 0.51590903088413309 -4.83621550713
25.00 0.51886690055881535 -4.83921717756
25.25 0.52181996259329522 -4.84203498471
25.50 0.52476848321648584 -4.84467470393
25.75 0.52771272502479782 -4.84714203075
26.00 0.53065294715660993 -4.84944257514
26.25 0.53358940546042311 -4.85158185760
26.50 0.53652235265705239 -4.85356530659
26.75 0.53945203849620049 -4.85539825685
27.00 0.54237870990772830 -4.85708594872
27.25 0.54530261114792489 -4.85863352786
27.50 0.54822398394106098 -4.86004604561
27.75 0.55114306761649301 -4.86132845962
28.00 0.55406009924157285 -4.86248563474
28.25 0.55697531375060216 -4.86352234418
28.50 0.55988894407005929 -4.86444327074
28.75 0.56280122124031395 -4.86525300817
29.00 0.56571237453403433 -4.86595606265
29.25 0.56862263157148163 -4.86655685419
29.50 0.57153221843287527 -4.86705971817
29.75 0.57444135976800692 -4.86746890680
30.00 0.57735027890326807 -4.86778859059
30.25 0.58025919794625369 -4.86802285980
30.50 0.58316833788809341 -4.86817572585
30.75 0.58607791870365555 -4.86825112266
31.00 0.58898815944976501 -4.86825290802
31.25 0.59189927836156764 -4.86818486481
31.50 0.59481149294717062 -4.86805070223
31.75 0.59772502008068074 -4.86785405694
32.00 0.60064007609376124 -4.86759849419
32.25 0.60355687686581816 -4.86728750884
32.50 0.60647563791293169 -4.86692452633
32.75 0.60939657447563289 -4.86651290358
33.00 0.61231990160563299 -4.86605592988
33.25 0.61524583425160395 -4.86555682767
33.50 0.61817458734410646 -4.86501875328
33.75 0.62110637587975959 -4.86444479757
34.00 0.62404141500474464 -4.86383798658
34.25 0.62697992009773107 -4.86320128207
34.50 0.62992210685231265 -4.86253758202
34.75 0.63286819135903882 -4.86184972107
35.00 0.63581839018712483 -4.86114047090
35.25 0.63877292046592293 -4.86041254055
35.50 0.64173199996623487 -4.85966857671
35.75 0.64469584718154593 -4.85891116392
36.00 0.64766468140925815 -4.85814282473
36.25 0.65063872283200119 -4.85736601986
36.50 0.65361819259909770 -4.85658314819
36.75 0.65660331290825846 -4.85579654686
37.00 0.65959430708758449 -4.85500849116
37.25 0.66259139967795155 -4.85422119447
37.50 0.66559481651585173 -4.85343680816
37.75 0.66860478481676788 -4.85265742141
38.00 0.67162153325915808 -4.85188506097
38.25 0.67464529206912238 -4.85112169094
38.50 0.67767629310583211 -4.85036921249
38.75 0.68071476994779589 -4.84962946348
39.00 0.68376095798003989 -4.84890421817
39.25 0.68681509448228206 -4.84819518676
39.50 0.68987741871817743 -4.84750401506
39.75 0.69294817202571524 -4.84683228395
40.00 0.69602759790885060 -4.84618150899
40.25 0.69911594213045092 -4.84555313992
40.50 0.70221345280664171 -4.84494856013
40.75 0.70532038050263912 -4.84436908619
41.00 0.70843697833015451 -4.84381596729
41.25 0.71156350204645979 -4.84329038479
41.50 0.71470021015520846 -4.84279345161
41.75 0.71784736400909988 -4.84232621178
42.00 0.72100522791448773 -4.84188963990
42.25 0.72417406923802852 -4.84148464065
42.50 0.72735415851547003 -4.84111204833
42.75 0.73054576956268569 -4.84077262637
43.00 0.73374917958905994 -4.84046706691
43.25 0.73696466931333482 -4.84019599041
43.50 0.74019252308203054 -4.83995994525
43.75 0.74343302899055930 -4.83975940741
44.00 0.74668647900714824 -4.83959478017
44.25 0.74995316909970178 -4.83946639384
44.50 0.75323339936572720 -4.83937450555
44.75 0.75652747416546084 -4.83931929911
45.00 0.75983570225832975
45.25 0.76315839694289456 -4.83931929951
45.50 0.76649587620041937 -4.83937450635
45.75 0.76984846284222430 -4.83946639503
46.00 0.77321648466098036 -4.83959478176
46.25 0.77660027458611014 -4.83975940940
46.50 0.78000017084346973 -4.83995994763
46.75 0.78341651711948912 -4.84019599319
47.00 0.78684966272995749 -4.84046707008
47.25 0.79029996279364645 -4.84077262993
47.50 0.79376777841097601 -4.84111205228
47.75 0.79725347684792980 -4.84148464499
48.00 0.80075743172543956 -4.84188964462
48.25 0.80428002321446923 -4.84232621688
48.50 0.80782163823703412 -4.84279345709
48.75 0.81138267067340353 -4.84329039065
49.00 0.81496352157574936 -4.84381597353
49.25 0.81856459938850701 -4.84436909279
49.50 0.82218632017573356 -4.84494856711
49.75 0.82582910785575958 -4.84555314726
50.00 0.82949339444344139 -4.84618151669
50.25 0.83317962030033754 -4.84683229201
50.50 0.83688823439314863 -4.84750402347
50.75 0.84061969456077290 -4.84819519552
51.00 0.84437446779034697 -4.84890422727
51.25 0.84815303050266300 -4.84962947293
51.50 0.85195586884736429 -4.85036922227
51.75 0.85578347900834917 -4.85112170105
52.00 0.85963636751982619 -4.85188507140
52.25 0.86351505159349251 -4.85265743216
52.50 0.86742005945732381 -4.85343681923
52.75 0.87135193070649397 -4.85422120585
53.00 0.87531121666696521 -4.85500850284
53.25 0.87929848077231665 -4.85579655885
53.50 0.88331429895441260 -4.85658316047
53.75 0.88735926004853483 -4.85736603242
54.00 0.89143396621364279 -4.85814283758
54.25 0.89553903336845653 -4.85891117704
54.50 0.89967509164409376 -4.85966859010
54.75 0.90384278585403033 -4.86041255421
55.00 0.90804277598219907 -4.86114048482
55.25 0.91227573769007742 -4.86184973524
55.50 0.91654236284366797 -4.86253759643
55.75 0.92084336006132139 -4.86320129672
56.00 0.92517945528340284 -4.86383800146
56.25 0.92955139236486140 -4.86444481267
56.50 0.93395993369181618 -4.86501876860
56.75 0.93840586082334254 -4.86555684321
57.00 0.94288997515969897 -4.86605594562
57.25 0.94741309863831702 -4.86651291951
57.50 0.95197607445894206 -4.86692454246
57.75 0.95657976783940157 -4.86728752516
58.00 0.96122506680355879 -4.86759851069
58.25 0.96591288300310196 -4.86785407361
58.50 0.97064415257492132 -4.86805071906
58.75 0.97541983703592194 -4.86818488180
59.00 0.98024092421724396 -4.86825292517
59.25 0.98510842923997155 -4.86825113995
59.50 0.99002339553454166 -4.86817574327
59.75 0.99498689590620693 -4.86802287736
60.00 1.0000000336490449 -4.86778860828
60.25 1.0050639437111659 -4.86746892461
60.50 1.0101797939139427 -4.86705973610
60.75 1.0153487862282633 -4.86655687223
61.00 1.0205721581109972 -4.86595608079
61.25 1.0258511839050852 -4.86525302641
61.50 1.0311871763068714 -4.86444328907
61.75 1.0365814879045478 -4.86352236260
62.00 1.0420355127918348 -4.86248565325
62.25 1.0475506882612993 -4.86132847821
62.50 1.0531284965820111 -4.86004606427
62.75 1.0587704668665670 -4.85863354659
63.00 1.0644781770328475 -4.85708596752
63.25 1.0702532558662603 -4.85539827573
63.50 1.0760973851886237 -4.85356532553
63.75 1.0820123021402799 -4.85158187661
64.00 1.0879998015825072 -4.84944259420
64.25 1.0940617386278098 -4.84714204987
64.50 1.1002000313062268 -4.84467472312
64.75 1.1064166633763877 -4.84203500395
65.00 1.1127136872907215 -4.83921719687
65.25 1.1190932273249123 -4.83621552651
65.50 1.1255574828824770 -4.83302414557
65.75 1.1321087319861824 -4.82963714564
66.00 1.1387493349689228 -4.82604857195
66.25 1.1454817383776770 -4.82225244309
66.50 1.1523084791052536 -4.81824277765
66.75 1.1592321887657087 -4.81401362981
67.00 1.1662555983306084 -4.80955913740
67.25 1.1733815430447392 -4.80487358677
67.50 1.1806129676413906 -4.79995150128
67.75 1.1879529318790409 -4.79478776280
68.00 1.1954046164231349 -4.78937778072
68.25 1.2029713290986654 -4.78371773010
68.50 1.2106565115415191 -4.77780489269
68.75 1.2184637462790018 -4.77163815481
69.00 1.2263967642726714 -4.76521875038
69.25 1.2344594529595776 -4.75855139931
69.50 1.2426558648313226 -4.75164610639
69.75 1.2509902265939778 -4.74452110999
70.00 1.2594669489559134 -4.73720793369
70.25 1.2680906370950717 -4.72976051877
70.50 1.2768661018621295 -4.72227287236
70.75 1.2857983717814927 -4.71491613887
71.00 1.2948927059181552 -4.70802478095
71.25 1.3041546076852373 -4.70231520027
71.50 1.3135898396745678 -4.69931193461
71.75 1.3232044396011293 -4.70067330907
72.00 1.3330047374615932 -4.70593997625
72.25 1.3429973740177321 -4.71380818216
72.50 1.3531893207273342 -4.72334685321
72.75 1.3635879012585173 -4.73394396450
73.00 1.3742008147382716 -4.74517878739
73.25 1.3850361609029067 -4.75675325443
73.50 1.3961024673370386 -4.76845356661
73.75 1.4074087190092159 -4.78012499000
74.00 1.4189643903365978 -4.79165371273
74.25 1.4307794800386300 -4.80295372748
74.50 1.4428645490710084 -4.81395762066
74.75 1.4552307619668963 -4.82461027403
75.00 1.4678899319530556 -4.83486461260
75.25 1.4808545702551064 -4.84467873149
75.50 1.4941379400594756 -4.85401393161
75.75 1.5077541156608558 -4.86283334891
76.00 1.5217180473945009 -4.87110097120
76.25 1.5360456330340897 -4.87878090848
76.50 1.5507537964299845 -4.88583682967
76.75 1.5658605742718710 -4.89223150804
77.00 1.5813852119866876 -4.89792643660
77.25 1.5973482699307082 -4.90288148687
77.50 1.6137717412076256 -4.90705459272
77.75 1.6306791826473761 -4.91040144451
78.00 1.6480958607190197 -4.91287518365
78.25 1.6660489144325314 -4.91442608855
78.50 1.6845675376176648 -4.91500124426
78.75 1.7036831833639368 -4.91454418863
79.00 1.7234297938777567 -4.91299452803
79.25 1.7438440595774944 -4.91028751476
79.50 1.7649657119256603 -4.90635357810
79.75 1.7868378553155890 -4.90111779940
80.00 1.8095073443210954 -4.89449932033
80.25 1.8330252138232914 -4.88641067126
80.50 1.8574471710024862 -4.87675700437
80.75 1.8828341599932619 -4.86543521299
81.00 1.9092530122354845 -4.85233291424
81.25 1.9367771983277440 -4.83732726789
81.50 1.9654877006520655 -4.82028359732
81.75 1.9954740303864316 -4.80105377121
82.00 2.0268354180156947 -4.77947429404
82.25 2.0596822134404817 -4.75536404144
82.50 2.0941375407372735 -4.72852155954
82.75 2.1303392641794385 -4.69872182670
83.00 2.1684423371644423 -4.66571234860
83.25 2.2086216254199424 -4.62920842149
83.50 2.2510753219802888 -4.58888735069
83.75 2.2960291063410230 -4.54438134768
84.00 2.3437412473608381 -4.49526874251
84.25 2.3945089138952178 -4.44106303022
84.50 2.4486760461856742 -4.38119910642
84.75 2.5066432657105051 -4.31501581787
