# h10 energies for multiplicity =  1
# y, E(n=1), E(n=2), E(n=3)
0.76 -5.0488993279  -5.0441781809  -4.9406535414 
.735 -5.0601030008  -5.0436127907  -4.9322267918 
.710 -5.0721622815  -5.0412310724  -4.9287164167 
.685 -5.0843917813  -5.0370212802  -4.9352563749 
.660 -5.0958421473  -5.0313045092  -4.9448320342 
.635 -5.1052880814  -5.0252743147  -4.9506447703 
.610 -5.1112554751  -5.0214455486  -4.9496926895 
.585 -5.1120834464  -5.0220045542  -4.9408930818 
.560 -5.1060406491  -5.0263118162  -4.9302505009 
.535 -5.0917703181  -5.0322475832  -4.9639274482 
.510 -5.0724262463  -5.0372980142  -5.0091101937 
.485 -5.0943065009  -5.0382245229  -5.0094917947 
.460 -5.1516631832  -5.0314541049  -4.9845254285 
.435 -5.2060118410  -5.0137105399  -4.9822675081 
.410 -5.2493127571  -4.9949622750  -4.9921326536 
.385 -5.2764110951  -5.0673214698  -5.0667040278 
.360 FC -5.1189668804  -5.1188057958 
