45.0 1.2476192319931290 0.0502287 0.004751 -0.2590206
44.0 1.2256552559607421 0.0497008 0.0045366 -0.259009
43.0 1.2033179334434223 0.0481746 0.0038913 -0.2589726
42.0 1.1806140686063740 0.0457901 0.0028095 -0.2589063
41.0 1.1575505772671482 0.0427064 0.001282 -0.258801
40.0 1.1341344847890187 0.0390594 -0.0007029 -0.2586423
39.0 1.1103729239409887 0.0349493 -0.0031584 -0.258409
38.0 1.0862731327250787 0.0304475 -0.0060979 -0.2580697
37.0 1.0618424521715610 0.0256084 -0.0095325 -0.2575781
36.0 1.0370883241028119 0.0204842 -0.0134677 -0.2568647
35.0 1.0120182888664597 0.0151436 -0.0178985 -0.2558226
34.0 0.98663998303852118 0.0096982 -0.0228003 -0.2542822
33.0 0.96096113709722686 0.0043487 -0.0281141 -0.2519673
32.0 0.93498957306824215 -0.000536 -0.0337201 -0.2484188
31.0 0.90873320214200282 -0.0043071 -0.0393997 -0.2428965
30.0 0.88220002226388960 -0.0060277 -0.0448186 -0.2344479
29.0 0.85539811569797575 -0.0051229 -0.0496612 -0.2248718
28.0 0.82833564656509129 -0.003113 -0.05399 -0.2318589
27.0 0.80102085835595316 -0.0043559 -0.0581796 -0.2405419
26.0 0.77346207142011703 0.0040296 -0.053694 -0.2744955
25.0 0.74566768043151865 0.010159 -0.0478931 -0.28655
24.0 0.71764615183137481 0.0078038 -0.0427421 -0.3061361
23.0 0.68940602124922279 0.0028461 -0.0360049 -0.3369775
22.0 0.66095589090288509 0.002069 -0.0254407 -0.3764391
21.0 0.63230442697814959 0.0110978 -0.009729 -0.4130718
20.0 0.60346035698896705 0.0293378 0.0064204 -0.4411321
19.0 0.57443246711896379 0.0535261 0.0108498 -0.4627527
18.0 0.54522959954508532 0.0815364 0.0100093 -0.4805107
17.0 0.51586064974418477 0.1123556 0.0085522 -0.4958116
16.0 0.48633456378337275 0.1455313 0.0071182 -0.5093201
15.0 0.45666033559495883 0.1808905 0.0058263 -0.5213325
14.0 0.42684700423681304 0.2184277 0.0047019 -0.5319735
13.0 0.39690365113898085 0.2582685 0.0037456 -0.5412998
12.0 0.36683939733739118 0.2970728 0.0029484 -0.5493565
11.0 0.33666340069550038 0.3126498 0.0022963 -0.5562054
10.0 0.30638485311471897 0.331567 0.0017725 -0.5619339
9.0 0.27601297773446803 0.3537592 0.0013583 -0.5666511
8.0 0.24555702612272237 0.3789812 0.0010356 -0.5704787
