45.0 1.2476192319931290 -0.36040 -0.29178 -0.07190 -0.02575
44.0 1.2256552559607421 -0.36024 -0.29159 -0.07212 -0.02539
43.0 1.2033179334434223 -0.35975 -0.29100 -0.07275 -0.02433
42.0 1.1806140686063740 -0.35894 -0.29002 -0.07374 -0.02262
41.0 1.1575505772671482 -0.35779 -0.28866 -0.07505 -0.02028
40.0 1.1341344847890187 -0.35631 -0.28690 -0.07662 -0.01739
39.0 1.1103729239409887 -0.35446 -0.28475 -0.07837 -0.01397
38.0 1.0862731327250787 -0.35225 -0.28221 -0.08028 -0.01006
37.0 1.0618424521715610 -0.34965 -0.27928 -0.08229 -0.00567
36.0 1.0370883241028119 -0.34665 -0.27594 -0.08436 -0.00082
35.0 1.0120182888664597 -0.34321 -0.27221 -0.08646 0.00451
34.0 0.98663998303852118 -0.33931 -0.26808 -0.08853 0.01031
33.0 0.96096113709722686 -0.33492 -0.26357 -0.09052 0.01658
32.0 0.93498957306824215 -0.33000 -0.25869 -0.09231 0.02329
31.0 0.90873320214200282 -0.32454 -0.25351 -0.09376 0.03035
30.0 0.88220002226388960 -0.31858 -0.24814 -0.09466 0.03504
29.0 0.85539811569797575 -0.31224 -0.24263 -0.09482 0.03356
28.0 0.82833564656509129 -0.30561 -0.23669 -0.09428 0.03355
27.0 0.80102085835595316 -0.29827 -0.22862 -0.09303 0.03525
26.0 0.77346207142011703 -0.29543 -0.20056 -0.08352 0.03558
25.0 0.74566768043151865 -0.30500 -0.18155 -0.07086 0.03707
24.0 0.71764615183137481 -0.31674 -0.16614 -0.05914 0.02941
23.0 0.68940602124922279 -0.33160 -0.15220 -0.04936 0.01927
22.0 0.66095589090288509 -0.34839 -0.14235 -0.04391 0.01598
21.0 0.63230442697814959 -0.36458 -0.13842 -0.04483 0.02296
20.0 0.60346035698896705 -0.37957 -0.13908 -0.05048 0.03814
19.0 0.57443246711896379 -0.39416 -0.14224 -0.05813 0.05803
18.0 0.54522959954508532 -0.40912 -0.14664 -0.06643 0.08087
17.0 0.51586064974418477 -0.42493 -0.15165 -0.07480 0.10604
16.0 0.48633456378337275 -0.44194 -0.15693 -0.08300 0.13333
15.0 0.45666033559495883 -0.46040 -0.16227 -0.09086 0.16276
14.0 0.42684700423681304 -0.48056 -0.16752 -0.09827 0.19447
13.0 0.39690365113898085 -0.50260 -0.17257 -0.10517 0.22867
12.0 0.36683939733739118 -0.52669 -0.17735 -0.11150 0.26570
11.0 0.33666340069550038 -0.55291 -0.18179 -0.11724 0.30600
10.0 0.30638485311471897 -0.58130 -0.18588 -0.12239 0.35013
9.0 0.27601297773446803 -0.61183 -0.18961 -0.12697 0.39880
8.0 0.24555702612272237 -0.64436 -0.19296 -0.13102 0.45286
