45.0 1.2476192319931290 -4.70954977089
44.0 1.2256552559607421 -4.70929095068
43.0 1.2033179334434223 -4.70851117357
42.0 1.1806140686063740 -4.70720049258
41.0 1.1575505772671482 -4.70534234945
40.0 1.1341344847890187 -4.70291364876
39.0 1.1103729239409887 -4.69988496354
38.0 1.0862731327250787 -4.69622101090
37.0 1.0618424521715610 -4.69188164405
36.0 1.0370883241028119 -4.68682380277
35.0 1.0120182888664597 -4.68100522973
34.0 0.98663998303852118 -4.67439145331
33.0 0.96096113709722686 -4.66696884877
32.0 0.93498957306824215 -4.65876889303
31.0 0.90873320214200282 -4.64991163383
30.0 0.88220002226388960 -4.64067446231
29.0 0.85539811569797575 -4.63156890015
28.0 0.82833564656509129 -4.62339015086
27.0 0.80102085835595316 -4.61749475232
26.0 0.77346207142011703 -4.61960665717
25.0 0.74566768043151865 -4.63159021312
24.0 0.71764615183137481 -4.64920970652
23.0 0.68940602124922279 -4.67371777390
22.0 0.66095589090288509 -4.70563340649
21.0 0.63230442697814959 -4.74332647708
20.0 0.60346035698896705 -4.78424672160
19.0 0.57443246711896379 -4.82626529196
18.0 0.54522959954508532 -4.86765616062
17.0 0.51586064974418477 -4.90670750172
16.0 0.48633456378337275 -4.94142318459
15.0 0.45666033559495883 -4.96927330996
14.0 0.42684700423681304 -4.98691778396
13.0 0.39690365113898085 -4.98984245010
12.0 0.36683939733739118 -4.97183871541
11.0 0.33666340069550038 -4.92422105266
10.0 0.30638485311471897 -4.83459793744
9.0 0.27601297773446803 -4.68485017869
8.0 0.24555702612272237 -4.44762913584
