# h4 energies for multiplicity =  1
# atoms arranged in rhombic structure of 2 isosceles triangles, definied by single parameter y = the height of the triangles 
# y, E(n=1), E(n=2), E(n=3), E(n=4), E(n=5)
0.25 -2.9765230262  -2.9520880681  -2.5572790385 
.255 -2.9896655636  -2.9618699298  -2.5723002631 
.260 -3.0020979268  -2.9706659931  -2.5864666901 
.265 -3.0138625039  -2.9785163469  -2.5998310085 
.270 -3.0249976049  -2.9854590329  -2.6124436367 
.275 -3.0355380229  -2.9915301640  -2.6243533549 
.280 -3.0455152668  -2.9967644120  -2.6356072074 
.285 -3.0549579872  -3.0011951124  -2.6462506364 
.290 -3.0638920906  -3.0048548158  -2.6563269846 
.295 -3.0723412385  -3.0077750836  -2.6658774740 
.300 -3.0803267348  -3.0099873556  -2.6749401755 
.305 -3.0878682393  -3.0115221255  -2.6835501401 
.310 -3.0949833545  -3.0124103563  -2.6917379812 
.315 -3.1016883951  -3.0126823267  -2.6995302532 
.320 -3.1079982328  -3.0123683827  -2.7069487787 
.325 -3.1139263479  -3.0114992929  -2.7140105532 
.330 -3.1194852838  -3.0101054502  -2.7207284628 
.335 -3.1246865530  -3.0082174023  -2.7271115123 
.340 -3.1295406558  -3.0058661442  -2.7331653754 
.345 -3.1340575183  -3.0030820010  -2.7388935655 
.350 -3.1382462139  -2.9998956765  -2.7442976829 
.355 -3.1421152429  -2.9963375063  -2.7493783346 
.360 -3.1456724543  -2.9924378805  -2.7541355235 
.365 -3.1489253116  -2.9882263041  -2.7585693835 
.370 -3.1518808036  -2.9837317706  -2.7626804130 
.375 -3.1545456199  -2.9789819745  -2.7664700086 
.380 -3.1569259409  -2.9740044059  -2.7699406169 
.385 -3.1590277413  -2.9688249291  -2.7730966838 
.390 -3.1608568627  -2.9634671663  -2.7759458388 
.395 -3.1624187734  -2.9579541037  -2.7785011508 
.400 -3.1637188744  -2.9523062095  -2.7807877411 
.405 -3.1647623429  -2.9465428548  -2.7848877224 
.410 -3.1655543687  -2.9406803919  -2.7955901017 
.415 -3.1660999852  -2.9347342180  -2.8059523747 
.420 -3.1664042150  -2.9287178699  -2.8159719862 
.425 -3.1664720650  -2.9226439502  -2.8256478272 
.430 -3.1663085632  -2.9165247145  -2.8349784575 
.435 -3.1659187669  -2.9103746884  -2.8439593977 
.440 -3.1653077828  -2.9042156844  -2.8525777533 
.445 -3.1644808496  -2.8980952841  -2.8607947624 
.450 -3.1634432464  -2.8921576272  -2.8684732641 
.455 -3.1622004362  -2.8871682198  -2.8748549880 
.460 -3.1607580357  -2.8874614637  -2.8756122883 
.465 -3.1591217416  -2.8931338521  -2.8706547053 
.470 -3.1572975222  -2.8995891369  -2.8645851175 
.475 -3.1552916360  -2.9059940687  -2.8582438825 
.480 -3.1531103682  -2.9122024756  -2.8624180021 
.485 -3.1507602729  -2.9181747730  -2.8665115258 
.490 -3.1482485099  -2.9238984038  -2.8703389226 
.495 -3.1455823088  -2.9293704840  -2.8739080776 
.500 -3.1427690126  -2.9345921014  -2.8772267820 
.505 -3.1398167289  -2.9395658717  -2.8803031244 
.510 -3.1367339898  -2.9442952932  -2.8831452221 
.515 -3.1335293787  -2.9487843498  -2.8857608719 
.520 -3.1302125166  -2.9530369301  -2.8881582275 
.525 -3.1267929365  -2.9570569388  -2.8903448736 
.530 -3.1232818919  -2.9608478564  -2.8923291736 
.535 -3.1196901988  -2.9644129119  -2.8941184706 
.540 -3.1160304249  -2.9677547381  -2.8957207519 
.545 -3.1123155633  -2.9708753410  -2.8971434615 
.550 -3.1085599150  -2.9737759312  -2.8983941039 
.555 -3.1047792929  -2.9764568289  -2.8994802968 
.560 -3.1009906038  -2.9789172371  -2.9004092519 
.565 -3.0972122884  -2.9811550732  -2.9011879848 
.570 -3.0934651524  -2.9831669877  -2.9018239286 
.575 -3.0897709020  -2.9849478090  -2.9023234122 
.580 -3.0861541942  -2.9864909799  -2.9026934954 
.585 -3.0826413319  -2.9877882167  -2.9029407351 
.590 -3.0792604231  -2.9888297433  -2.9030714726 
.595 -3.0760413210  -2.9896048718  -2.9030922092 
.600 -3.0730142190  -2.9901023663  -2.9030088607 
.605 -3.0702092318  -2.9903118737  -2.9028275078 
.610 -3.0676539441  -2.9902246312  -2.9025531647 
.615 -3.0653736056  -2.9898366794  -2.9021922971 
.620 -3.0633873712  -2.9891490926  -2.9017503406 
.625 -3.0617069416  -2.9881690420  -2.9012315542 
.630 -3.0603374151  -2.9869125436  -2.9006417889 
.635 -3.0592753089  -2.9854018596  -2.8999852607 
.640 -3.0585105799  -2.9836657435  -2.8992663913 
.645 -3.0580282832  -2.9817382298  -2.8984903919 
.650 -3.0578095028  -2.9796547444  -2.8976612398 
.655 -3.0578334773  -2.9774502796  -2.8967820958 
.660 -3.0580799414  -2.9751601262  -2.8958580453 
.665 -3.0585286035  -2.9728139848  -2.8948911814 
.670 -3.0591614456  -2.9704401768  -2.8938861511 
.675 -3.0599617350  -2.9680609740  -2.8928456768 
.680 -3.0609146866  -2.9656945112  -2.8917728117 
.685 -3.0620071854  -2.9633543310  -2.8906703771 
.690 -3.0632274926  -2.9610490602  -2.8895403317 
.695 -3.0645652955  -2.9587845119  -2.8883856412 
.700 -3.0660112335  -2.9565630417  -2.8872090836 
.705 -3.0675565031  -2.9543822928  -2.8860112626 
.710 -3.0691931798  -2.9522398423  -2.8847951610 
.715 -3.0709135868  -2.9501296211  -2.8835615700 
.720 -3.0727105287  -2.9480459899  -2.8823130970 
.725 -3.0745769202  -2.9459805858  -2.8810501012 
.730 -3.0765059340  -2.9439251119  -2.8797733989 
.735 -3.0784909434  -2.9418723367  -2.8784850414 
.740 -3.0805254097  -2.9398138671  -2.8771854857 
.745 -3.0826029507  -2.9377409090  -2.8758742451 
.750 -3.0847173477  -2.9356476899  -2.8745536044 
.755 -3.0868625264  -2.9335263393  -2.8732227271 
.760 -3.0890325880  -2.9313708620  -2.8718820951 
.765 -3.0912218110  -2.9291758694  -2.8705320487 
.770 -3.0934246909  -2.9269358544  -2.8691720038 
.775 -3.0956358888  -2.9246473118  -2.8678028075 
.780 -3.0978503608  -2.9223050863  -2.8664227981 
.785 -3.1000631763  -2.9199074897  -2.8650333935 
.790 -3.1022697566  -2.9174502818  -2.8636326702 
.795 -3.1044656967  -2.9149311195  -2.8622202009 
.800 -3.1066467828  -2.9123488604  -2.8607963096 
.805 -3.1088090660  -2.9097019276  -2.8593604153 
.810 -3.1109488652  -2.9069881810  -2.8579109910 
.815 -3.1130626817  -2.9042065462  -2.8564472724 
.820 -3.1151472307  -2.9013561763  -2.8549684283 
.825 -3.1171993947  -2.8984373445  -2.8534744634 
.830 -3.1192163350  -2.8954486985  -2.8519635570 
.835 -3.1211953266  -2.8923908820  -2.8504356343 
.840 -3.1231339010  -2.8892627936  -2.8488887669 
.845 -3.1250296911  -2.8860653779  -2.8473228270 
.850 -3.1268805324  -2.8827987503  -2.8457367528 
.855 -3.1286844152  -2.8794631293  -2.8441294615 
.860 -3.1304394763  -2.8760588308  -2.8424998555 
.865 -3.1321439898  -2.8725862651  -2.8408468284 
.870 -3.1337963320  -2.8690481649  -2.8391712643 
.875 -3.1353950785  -2.8654418565  -2.8374691061 
.880 -3.1369388406  -2.8617714547  -2.8357422882 
.885 -3.1384263899  -2.8580379119  -2.8339898140 
.890 -3.1398565901  -2.8542410999  -2.8322096712 
.895 -3.1412284016  -2.8503833960  -2.8304019563 
.900 -3.1425408735  -2.8464661793  -2.8285657993 
.905 -3.1437931613  -2.8424922912  -2.8267014866 
.910 -3.1449844525  -2.8384622891  -2.8248072486 
.915 -3.1461140977  -2.8343808603  -2.8228847193 
.920 -3.1471814705  -2.8302504954  -2.8209335378 
.925 -3.1481860027  -2.8260740510  -2.8189535390 
.930 -3.1491271785  -2.8218548224  -2.8169448156 
.935 -3.1500046027  -2.8175980421  -2.8149089762 
.940 -3.1508179574  -2.8133096628  -2.8128481544 
.945 -3.1515668164  -2.8107627864  -2.8089935815 
.950 -3.1522510546  -2.8086578072  -2.8046589490 
.955 -3.1528703212  -2.8065358969  -2.8003117175 
.960 -3.1534244948  -2.8044041205  -2.7959621233 
.965 -3.1539135171  -2.8022725871  -2.7916220904 
.970 -3.1543372492  -2.8001549211  -2.7873040071 
.975 -3.1546957216  -2.7980737883  -2.7830241069 
.980 -3.1549886948  -2.7960626480  -2.7787982676 
.985 -3.1552165930  -2.7941837200  -2.7746516584 
.990 -3.1553792395  -2.7925377473  -2.7706067376 
.995 -3.1554766138  -2.7913064992  -2.7666911808 
1.000 -3.1555090446  -2.7908029564  -2.7629397173 
1.005 -3.1554765771  -2.7914574251  -2.7659013173 
1.010 -3.1553794756  -2.7935896727  -2.7672981099 
1.015 -3.1552181395  -2.7970834167  -2.7672429055 
1.020 -3.1549921553  -2.8015141496  -2.7661534304 
1.025 -3.1547023660  -2.8064926669  -2.7644188076 
1.030 -3.1543488958  -2.8117712533  -2.7622832020 
1.035 -3.1539318532  -2.8172083706  -2.7598848505 
1.040 -3.1534516442  -2.8227228168  -2.7573032291 
1.045 -3.1529087105  -2.8282661080  -2.7545853645 
1.050 -3.1523031829  -2.8338080219  -2.7517588664 
1.055 -3.1516355274  -2.8393286355  -2.7488426131 
1.060 -3.1509062426  -2.8448142906  -2.7458494315 
1.065 -3.1501150753  -2.8502556118  -2.7427851097 
1.070 -3.1492633075  -2.8556451240  -2.7402872243 
1.075 -3.1483511066  -2.8609776062  -2.7405406460 
1.080 -3.1473781662  -2.8662492413  -2.7409037565 
1.085 -3.1463459004  -2.8714563999  -2.7413567554 
1.090 -3.1452539913  -2.8765968016  -2.7418792896 
1.095 -3.1441029925  -2.8816683147  -2.7424556082 
1.100 -3.1428934817  -2.8866691968  -2.7430723491 
1.105 -3.1416260607  -2.8915980162  -2.7437181950 
1.110 -3.1403013547  -2.8964535952  -2.7443835600 
1.115 -3.1389188935  -2.9012352612  -2.7450585453 
1.120 -3.1374803952  -2.9059419058  -2.7457380076 
1.125 -3.1359853610  -2.9105731578  -2.7464142786 
1.130 -3.1344343950  -2.9151284671  -2.7470823112 
1.135 -3.1328281206  -2.9196073945  -2.7477377784 
1.140 -3.1311671804  -2.9240095994  -2.7483769632 
1.145 -3.1294522358  -2.9283348295  -2.7489966665 
1.150 -3.1276825855  -2.9325830981  -2.7495922556 
1.155 -3.1258602311  -2.9367540812  -2.7501631861 
1.160 -3.1239844277  -2.9408478898  -2.7507054823 
1.165 -3.1220565389  -2.9448644244  -2.7512182734 
1.170 -3.1200764835  -2.9488037855  -2.7516990080 
1.175 -3.1180449060  -2.9526660392  -2.7521462937 
1.180 -3.1159624659  -2.9564512970  -2.7525589228 
1.185 -3.1138298378  -2.9601597135  -2.7529358507 
1.190 -3.1116468566  -2.9637914893  -2.7532751347 
1.195 -3.1094141621  -2.9673468197  -2.7535759589 
1.200 -3.1071324078  -2.9708259347  -2.7538376211 
1.205 -3.1048013405  -2.9742290635  -2.7540584310 
1.210 -3.1024234579  -2.9775565528  -2.7542400495 
1.215 -3.0999966267  -2.9808085845  -2.7543787302 
1.220 -3.0975224049  -2.9839855005  -2.7544751690 
1.225 -3.0950024527  -2.9870877251  -2.7545302027 
1.230 -3.0924354353  -2.9901154527  -2.7545412657 
1.235 -3.0898230140  -2.9930691420  -2.7545093023 
1.240 -3.0871647951  -2.9959490638  -2.7544329510 
1.245 -3.0844614053  -2.9987555998  -2.7543120635 
1.250 -3.0817134824  -3.0014891518  -2.7541465397 
1.255 -3.0789216744  -3.0041501414  -2.7539363255 
1.260 -3.0760854645  -3.0067388078  -2.7536801104 
1.265 -3.0732066493  -3.0092557781  -2.7533791832 
1.270 -3.0702846834  -3.0117012931  -2.7530322714 
1.275 -3.0673201825  -3.0140757951  -2.7526394180 
1.280 -3.0643137723  -3.0163797422  -2.7522007010 
1.285 -3.0612660879  -3.0186136086  -2.7517162325 
1.290 -3.0581777744  -3.0207778839  -2.7511861574 
1.295 -3.0550481337  -3.0228727447  -2.7506091974 
1.300 -3.0518777523  -3.0248986532  -2.7499854900 
1.305 -3.0486686308  -3.0268564534  -2.7493167033 
1.310 -3.0454185888  -3.0287459184  -2.7486000504 
1.315 -3.0421296184  -3.0305678989  -2.7478372306 
1.320 -3.0388023414  -3.0323229102  -2.7470284910 
1.325 -3.0354373887  -3.0340114807  -2.7461741048 
1.330 -3.0356332109  -3.0320323194  -2.7452711194 
1.335 -3.0371900021  -3.0285923217  -2.7443246589 
1.340 -3.0386809445  -3.0251133483  -2.7433301161 
1.345 -3.0401070207  -3.0215975224  -2.7422894090 
1.350 -3.0414687543  -3.0180454350  -2.7412028523 
1.355 -3.0427666800  -3.0144576853  -2.7400707823 
1.360 -3.0440013434  -3.0108348812  -2.7388935568 
1.365 -3.0451726755  -3.0071759002  -2.7376697438 
1.370 -3.0462811744  -3.0034812798  -2.7363996602 
1.375 -3.0473280201  -2.9997533623  -2.7350855090 
1.380 -3.0483124081  -2.9959891351  -2.7337239394 
1.385 -3.0492362347  -2.9921927831  -2.7323190869 
1.390 -3.0500986189  -2.9883611909  -2.7308675248 
1.395 -3.0509015726  -2.9844986784  -2.7293735389 
1.400 -3.0516441365  -2.9806020257  -2.7278336230 
1.405 -3.0523268007  -2.9766717333  -2.7262481341 
1.410 -3.0529509087  -2.9727103179  -2.7246195152 
1.415 -3.0535161727  -2.9687163470  -2.7229461447 
1.420 -3.0540231081  -2.9646903427  -2.7212284274 
1.425 -3.0544731615  -2.9606349373  -2.7194689445 
1.430 -3.0548650445  -2.9565464933  -2.7176638398 
1.435 -3.0552001942  -2.9524276261  -2.7158156942 
1.440 -3.0554791589  -2.9482788870  -2.7139249730 
1.445 -3.0557024950  -2.9441008352  -2.7119921563 
1.450 -3.0558697094  -2.9398917734  -2.7100154208 
1.455 -3.0559823783  -2.9356544742  -2.7079975300 
1.460 -3.0560399688  -2.9313871894  -2.7059366245 
1.465 -3.0560429856  -2.9270904089  -2.7038331444 
1.470 -3.0559931117  -2.9227670253  -2.7016899917 
1.475 -3.0558885529  -2.9184127830  -2.6995027687 
1.480 -3.0557322066  -2.9140330188  -2.6972768860 
1.485 -3.0555234356  -2.9096258539  -2.6950103890 
1.490 -3.0552614939  -2.9051892813  -2.6927012022 
1.495 -3.0549481577  -2.9007262957  -2.6903523615 
1.500 -3.0545839821  -2.8962374354  -2.6879644016 
1.505 -3.0541681518  -2.8917206102  -2.6855351859 
1.510 -3.0537025530  -2.8871789386  -2.6830678955 
1.515 -3.0531863232  -2.8826102741  -2.6805603542 
1.520 -3.0526199532  -2.8780150772  -2.6780130532 
1.525 -3.0520054407  -2.8733965922  -2.6754293269 
1.530 -3.0513418504  -2.8687525867  -2.6728069467 
1.535 -3.0506281276  -2.8640806918  -2.6701435630 
1.540 -3.0498678845  -2.8593870561  -2.6674455075 
1.545 -3.0490601103  -2.8546693597  -2.6647105179 
1.550 -3.0482053330  -2.8499281024  -2.6619392274 
1.555 -3.0473023933  -2.8451607951  -2.6591292673 
1.560 -3.0463534592  -2.8403708720  -2.6562843321 
1.565 -3.0453573170  -2.8355557827  -2.6534020974 
1.570 -3.0443180047  -2.8307221546  -2.6504896345 
1.575 -3.0432307014  -2.8258611989  -2.6475384879 
1.580 -3.0420994895  -2.8209795931  -2.6445560542 
1.585 -3.0409230444  -2.8160746619  -2.6415404891 
1.590 -3.0397037680  -2.8111501015  -2.6384967680 
1.595 -3.0384402790  -2.8062031734  -2.6354239440 
1.600 -3.0371310638  -2.8012309921  -2.6323219238 
1.605 -3.0357805719  -2.7962406454  -2.6292023773 
1.610 -3.0343873345  -2.7912292983  -2.6260701920 
1.615 -3.0329518509  -2.7861974184  -2.6229400642 
1.620 -3.0314746255  -2.7811454794  -2.6198408242 
1.625 -3.0299539931  -2.7760704299  -2.6168307704 
1.630 -3.0283925710  -2.7709762079  -2.6140461160 
1.635 -3.0267908786  -2.7658633047  -2.6116977448 
1.640 -3.0251471567  -2.7607285675  -2.6098663337 
1.645 -3.0234641452  -2.7555760704  -2.6083758550 
1.650 -3.0217423783  -2.7504063233  -2.6070347494 
1.655 -3.0199800012  -2.7452160702  -2.6057420056 
1.660 -3.0181774466  -2.7400057113  -2.6044531401 
1.665 -3.0163351511  -2.7347756519  -2.6031472267 
1.670 -3.0144560627  -2.7295301980  -2.6018157968 
1.675 -3.0125381949  -2.7242659534  -2.6004510866 
1.680 -3.0105819972  -2.7189833408  -2.5990499063 
1.685 -3.0085905450  -2.7136868072  -2.5976126521 
1.690 -3.0065590906  -2.7083687898  -2.5961339118 
1.695 -3.0044906792  -2.7030337055  -2.5946153398 
1.700 -3.0023857766  -2.6976819998  -2.5930567235 
1.705 -3.0002448527  -2.6923141238  -2.5914580585 
1.710 -2.9980683817  -2.6869305350  -2.5898194840 
1.715 -2.9958568417  -2.6815316970  -2.5881412394 
1.720 -2.9936078180  -2.6761137646  -2.5864211738 
1.725 -2.9913246141  -2.6706814440  -2.5846620418 
1.730 -2.9890077202  -2.6652352186  -2.5828642483 
1.735 -2.9866546126  -2.6597711342  -2.5810256527 
1.740 -2.9842687265  -2.6542940470  -2.5791492130 
1.745 -2.9818474642  -2.6487999317  -2.5772327523 
1.750 -2.9793943500  -2.6432937474  -2.5752793339 
1.755 -2.9769067114  -2.6377713999  -2.5732867253 
1.760 -2.9743849383  -2.6322332931  -2.5712553125 
1.765 -2.9718326894  -2.6266845500  -2.5691882906 
1.770 -2.9692471785  -2.6211209821  -2.5670833157 
1.775 -2.9666288054  -2.6155430376  -2.5649407669 
1.780 -2.9639813653  -2.6099560261  -2.5627639391 
1.785 -2.9612985215  -2.6043508104  -2.5605473672 
1.790 -2.9585875112  -2.5987376506  -2.5582972668 
1.795 -2.9558418336  -2.5931073212  -2.5560079395 
1.800 -2.9530689036  -2.5874703862  -2.5536856543 
1.805 -2.9502620545  -2.5818176265  -2.5513243811 
1.810 -2.9474288805  -2.5761600656  -2.5489302882 
1.815 -2.9445625478  -2.5704887589  -2.5464967417 
1.820 -2.9416670924  -2.5648104796  -2.5440260662 
1.825 -2.9387429456  -2.5591278480  -2.5415165525 
1.830 -2.9357867147  -2.5534400742  -2.5389612786 
1.835 -2.9328064482  -2.5477664507  -2.5363590486 
1.840 -2.9297948872  -2.5421169595  -2.5336834644 
1.845 -2.9267523415  -2.5365526863  -2.5308741129 
1.850 -2.9236871371  -2.5313238881  -2.5276993826 
1.855 -2.9205917550  -2.5271145980  -2.5234583125 
1.860 -2.9174665128  -2.5238920221  -2.5181843860 
1.865 -2.9143158736  -2.5209662690  -2.5125774412 
1.870 -2.9111361073  -2.5181047101  -2.5068617334 
1.875 -2.9079317742  -2.5152531260  -2.5011016199 
1.880 -2.9046990578  -2.5123887070  -2.4953113681 
1.885 -2.9014382878  -2.5095036873  -2.4894994587 
1.890 -2.8981541713  -2.5065983334  -2.4836760513 
1.895 -2.8948427608  -2.5036671018  -2.4778378905 
1.900 -2.8915043934  -2.5007091091  -2.4719865894 
1.905 -2.8881439248  -2.4977279273  -2.4661292929 
1.910 -2.8847527110  -2.4947155002  -2.4602549235 
1.915 -2.8813401769  -2.4916798634  -2.4543762472 
1.920 -2.8779021529  -2.4886171708  -2.4484878765 
1.925 -2.8744389880  -2.4855276272  -2.4425903595 
1.930 -2.8709510339  -2.4824114857  -2.4366842010 
1.935 -2.8674386447  -2.4792690331  -2.4307698761 
1.940 -2.8639021766  -2.4761005813  -2.4248478393 
1.945 -2.8603419884  -2.4729064603  -2.4189185312 
1.950 -2.8567584415  -2.4696870145  -2.4129823823 
1.955 -2.8531469000  -2.4664381693  -2.4070333251 
1.960 -2.8495176797  -2.4631691027  -2.4010847117 
1.965 -2.8458611005  -2.4598712800  -2.3951239258 
1.970 -2.8421876805  -2.4565540763  -2.3891645117 
1.975 -2.8384875466  -2.4532087832  -2.3831936525 
1.980 -2.8347661726  -2.4498403092  -2.3772183496 
1.985 -2.8310186385  -2.4464443358  -2.3712322264 
1.990 -2.8272505222  -2.4430258713  -2.3652423832 
1.995 -2.8234622062  -2.4395853120  -2.3592492321 
2.000 -2.8196540759  -2.4361230572  -2.3532531853 
2.005 -2.8158210179  -2.4326346107  -2.3472476676 
2.010 -2.8119632693  -2.4291202335  -2.3412329420 
2.015 -2.8080922752  -2.4255901763  -2.3352234501 
2.020 -2.8041916199  -2.4220298652  -2.3291983389 
2.025 -2.8002785107  -2.4184546931  -2.3231792915 
2.030 -2.7963419854  -2.4148549394  -2.3171523935 
2.035 -2.7923822903  -2.4112308732  -2.3111179094 
2.040 -2.7883996732  -2.4075827645  -2.3050761029 
2.045 -2.7844002987  -2.4039161700  -2.2990346314 
2.050 -2.7803845756  -2.4002315093  -2.2929939112 
2.055 -2.7763468948  -2.3965238203  -2.2869468633 
2.060 -2.7722875117  -2.3927933780  -2.2808937501 
2.065 -2.7682066835  -2.3890404590  -2.2748348336 
2.070 -2.7641108486  -2.3852708737  -2.2687780244 
2.075 -2.7599941945  -2.3814794675  -2.2627160355 
2.080 -2.7558569838  -2.3776665204  -2.2566491257 
2.085 -2.7516994808  -2.3738323134  -2.2505775521 
2.090 -2.7475283465  -2.3699828629  -2.2445094278 
2.095 -2.7433311131  -2.3661070345  -2.2384293440 
2.100 -2.7391208942  -2.3622166318  -2.2323533198 
2.105 -2.7348915670  -2.3583062067  -2.2262737481 
2.110 -2.7306434050  -2.3543760462  -2.2201908772 
2.115 -2.7263766836  -2.3504264385  -2.2141049528 
2.120 -2.7220984024  -2.3464637137  -2.2080243906 
2.125 -2.7177954507  -2.3424761327  -2.2019331399 
2.130 -2.7134747768  -2.3384699764  -2.1958395582 
2.135 -2.7091366632  -2.3344455378  -2.1897438812 
2.140 -2.7047813945  -2.3304031110  -2.1836463413 
2.145 -2.7004092570  -2.3263429914  -2.1775471686 
2.150 -2.6960275956  -2.3222718292  -2.1714550827 
2.155 -2.6916155306  -2.3181708623  -2.1653448288 
2.160 -2.6871945239  -2.3140594498  -2.1592421068 
2.165 -2.6827578126  -2.3099315392  -2.1531386419 
2.170 -2.6783056928  -2.3057874322  -2.1470346491 
2.175 -2.6738311225  -2.3016208139  -2.1409215756 
2.180 -2.6693416268  -2.2974385001  -2.1348082860 
2.185 -2.6648375069  -2.2932407965  -2.1286949865 
2.190 -2.6603190660  -2.2890280099  -2.1225818806 
2.195 -2.6557790398  -2.2847936153  -2.1164601825 
2.200 -2.6512251891  -2.2805446476  -2.1103389657 
2.205 -2.6466578225  -2.2762814175  -2.1042184260 
2.210 -2.6420772506  -2.2720042371  -2.0980987570 
2.215 -2.6374759844  -2.2677063694  -2.0919709385 
2.220 -2.6328620231  -2.2633950708  -2.0858442587 
2.225 -2.6282356831  -2.2590706575  -2.0797189056 
2.230 -2.6235893046  -2.2547262316  -2.0735856823 
2.235 -2.6189310679  -2.2503692176  -2.0674540425 
2.240 -2.6142531987  -2.2459926093  -2.0613146714 
2.245 -2.6095639984  -2.2416039442  -2.0551771352 
2.250 -2.6048637925  -2.2372035452  -2.0490416162 
2.255 -2.6001446339  -2.2327842433  -2.0428986228 
2.260 -2.5954066728  -2.2283461966  -2.0367481609 
2.265 -2.5906584552  -2.2238971700  -2.0306000276 
2.270 -2.5859003141  -2.2194374924  -2.0244544055 
2.275 -2.5811240694  -2.2149597749  -2.0183015664 
2.280 -2.5763298766  -2.2104641792  -2.0121415151 
2.285 -2.5715265293  -2.2059587011  -2.0059842884 
2.290 -2.5667143684  -2.2014436750  -1.9998300729 
2.295 -2.5618762189  -2.1969035428  -1.9936587505 
2.300 -2.5570296988  -2.1923543076  -1.9874905749 
2.305 -2.5521751542  -2.1877963083  -1.9813257382 
2.310 -2.5473039905  -2.1832217655  -1.9751540977 
2.315 -2.5424163733  -2.1786308481  -1.9689756654 
2.320 -2.5375124692  -2.1740237258  -1.9627904552 
2.325 -2.5326015750  -2.1694088635  -1.9566090072 
2.330 -2.5276748555  -2.1647782550  -1.9504209400 
2.335 -2.5227417352  -2.1601404843  -1.9442369249 
2.340 -2.5177839417  -2.1554789615  -1.9380357473 
2.345 -2.5128202186  -2.1508107426  -1.9318387975 
2.350 -2.5078414874  -2.1461275925  -1.9256354544 
2.355 -2.5028574298  -2.1414383352  -1.9194366554 
2.360 -2.4978492767  -2.1367259139  -1.9132206889 
2.365 -2.4928362811  -2.1320078615  -1.9070094691 
2.370 -2.4878091187  -2.1272757111  -1.9007921325 
2.375 -2.4827679719  -2.1225296442  -1.8945687247 
2.380 -2.4777228473  -2.1177787888  -1.8883505247 
2.385 -2.4726543478  -2.1130054973  -1.8821151905 
2.390 -2.4675823704  -2.1082279060  -1.8758853046 
2.395 -2.4624872639  -2.1034281285  -1.8696382693 
2.400 -2.4573891856  -2.0986245446  -1.8633969385 
2.405 -2.4522783745  -2.0938082762  -1.8571500182 
2.410 -2.4471550230  -2.0889795127  -1.8508975803 
2.415 -2.4420193248  -2.0841384443  -1.8446397005 
2.420 -2.4368714749  -2.0792852624  -1.8383764582 
2.425 -2.4317116698  -2.0744201598  -1.8321079370 
2.430 -2.4265401074  -2.0695433300  -1.8258342241 
2.435 -2.4213569869  -2.0646549678  -1.8195554110 
2.440 -2.4161625091  -2.0597552694  -1.8132715929 
2.445 -2.4109675461  -2.0548541723  -1.8069949725 
2.450 -2.4057510281  -2.0499324563  -1.8007015148 
2.455 -2.4005237637  -2.0449999990  -1.7944033617 
2.460 -2.3952859596  -2.0400570014  -1.7881006244 
2.465 -2.3900378238  -2.0351036654  -1.7817934177 
2.470 -2.3847795656  -2.0301401940  -1.7754818605 
2.475 -2.3795003260  -2.0251566750  -1.7691535554 
2.480 -2.3742223903  -2.0201734842  -1.7628335992 
2.485 -2.3689349694  -2.0151807747  -1.7565096719 
2.490 -2.3636270063  -2.0101684479  -1.7501691766 
2.495 -2.3583098547  -2.0051468926  -1.7438248409 
2.500 -2.3529951410  -2.0001267534  -1.7374896794 
2.505 -2.3476603361  -1.9950874368  -1.7311381614 
2.510 -2.3423170014  -1.9900395263  -1.7247832380 
2.515 -2.3369537462  -1.9849726087  -1.7184119735 
2.520 -2.3315939522  -1.9799080893  -1.7120506275 
2.525 -2.3262145497  -1.9748248655  -1.7056731116 
2.530 -2.3208273787  -1.9697337821  -1.6992926761 
2.535 -2.3154326672  -1.9646350579  -1.6929094869 
2.540 -2.3100306450  -1.9595289133  -1.6865237135 
2.545 -2.3046095162  -1.9544045529  -1.6801220066 
2.550 -2.2991814017  -1.9492730856  -1.6737179187 
2.555 -2.2937465355  -1.9441347352  -1.6673116290 
2.560 -2.2883051531  -1.9389897270  -1.6609033199 
2.565 -2.2828451850  -1.9338270078  -1.6544793616 
2.570 -2.2773790362  -1.9286579530  -1.6480536113 
2.575 -2.2719069463  -1.9234827918  -1.6416262609 
2.580 -2.2664291570  -1.9183017544  -1.6351975055 
2.585 -2.2609333224  -1.9131035272  -1.6287534310 
2.590 -2.2554321342  -1.9078997552  -1.6223082019 
2.595 -2.2499131073  -1.9026789933  -1.6158477603 
2.600 -2.2443890775  -1.8974530222  -1.6093864255 
2.605 -2.2388602932  -1.8922220785  -1.6029244071 
2.610 -2.2333270048  -1.8869864002  -1.5964619179 
2.615 -2.2277764471  -1.8817342780  -1.5899846102 
2.620 -2.2222086579  -1.8764657496  -1.5834924754 
2.625 -2.2166368364  -1.8711929375  -1.5770002220 
2.630 -2.2110612384  -1.8659160849  -1.5705080736 
2.635 -2.2054821212  -1.8606354360  -1.5640162568 
2.640 -2.1998863660  -1.8553389477  -1.5575100565 
2.645 -2.1942740152  -1.8500266616  -1.5509894748 
2.650 -2.1886721595  -1.8447234731  -1.5444847117 
2.655 -2.1830404910  -1.8393923522  -1.5379507099 
2.660 -2.1774061755  -1.8340582648  -1.5314177507 
2.665 -2.1717694789  -1.8287214632  -1.5248860760 
2.670 -2.1661306688  -1.8233822008  -1.5183559304 
2.675 -2.1604622335  -1.8180151876  -1.5117965907 
2.680 -2.1548058941  -1.8126587891  -1.5052545287 
2.685 -2.1491340674  -1.8072876477  -1.4986989479 
2.690 -2.1434468048  -1.8019018127  -1.4921298680 
2.695 -2.1377583454  -1.7965143863  -1.4855631087 
2.700 -2.1320547039  -1.7911125072  -1.4789830522 
2.705 -2.1263502706  -1.7857094202  -1.4724056792 
2.710 -2.1206309136  -1.7802921255  -1.4658152188 
2.715 -2.1149111750  -1.7748740111  -1.4592278135 
2.720 -2.1091767758  -1.7694419382  -1.4526275383 
2.725 -2.1034277739  -1.7639959615  -1.4460144254 
2.730 -2.0976789400  -1.7585496851  -1.4394048612 
2.735 -2.0919305605  -1.7531033793  -1.4327991204 
2.740 -2.0861531965  -1.7476299342  -1.4261644551 
2.745 -2.0803765610  -1.7421567187  -1.4195338495 
2.750 -2.0746009446  -1.7366840075  -1.4129075847 
2.755 -2.0688115477  -1.7311981695  -1.4062691905 
2.760 -2.0630084350  -1.7256992658  -1.3996187108 
2.765 -2.0572069171  -1.7202014097  -1.3929731064 
2.770 -2.0513919686  -1.7146907568  -1.3863156705 
2.775 -2.0455790560  -1.7091815679  -1.3796635295 
2.780 -2.0397375269  -1.7036455855  -1.3729826589 
2.785 -2.0339138788  -1.6981256852  -1.3663245885 
2.790 -2.0280617542  -1.6925791227  -1.3596378933 
2.795 -2.0222124083  -1.6870347246  -1.3529571916 
2.800 -2.0163503605  -1.6814782154  -1.3462652988 
2.805 -2.0104756837  -1.6759096638  -1.3395622724 
2.810 -2.0046043943  -1.6703438499  -1.3328658229 
2.815 -1.9987207813  -1.6647662807  -1.3261585239 
2.820 -1.9928410196  -1.6591918866  -1.3194582545 
2.825 -1.9869330671  -1.6535910955  -1.3127295268 
2.830 -1.9810292780  -1.6479937728  -1.3060081227 
2.835 -1.9751136324  -1.6423851333  -1.2992762912 
2.840 -1.9692026243  -1.6367804088  -1.2925522499 
2.845 -1.9632800785  -1.6311646672  -1.2858180849 
2.850 -1.9573460771  -1.6255379848  -1.2790738666 
2.855 -1.9514007027  -1.6199004389  -1.2723196669 
2.860 -1.9454440390  -1.6142521073  -1.2655555587 
2.865 -1.9394929819  -1.6086086027  -1.2588001858 
2.870 -1.9335309651  -1.6029546221  -1.2520352230 
2.875 -1.9275580751  -1.5972902460  -1.2452607473 
2.880 -1.9215743992  -1.5916155559  -1.2384768371 
2.885 -1.9155971583  -1.5859464721  -1.2317024804 
2.890 -1.9096094700  -1.5802673920  -1.2249190197 
2.895 -1.9036114247  -1.5745784000  -1.2181265374 
2.900 -1.8976031136  -1.5688795808  -1.2113251171 
2.905 -1.8915846285  -1.5631710201  -1.2045148435 
2.910 -1.8855736001  -1.5574690262  -1.1977151384 
2.915 -1.8795351282  -1.5517413199  -1.1908875034 
2.920 -1.8735044645  -1.5460205103  -1.1840707843 
2.925 -1.8674641671  -1.5402904648  -1.1772457355 
2.930 -1.8614143327  -1.5345512735  -1.1704124481 
2.935 -1.8553730056  -1.5288196367  -1.1635907812 
2.940 -1.8493044732  -1.5230625049  -1.1567413811 
2.945 -1.8432448106  -1.5173132678  -1.1499039633 
2.950 -1.8371579778  -1.5115385656  -1.1430388293 
2.955 -1.8310803815  -1.5057721023  -1.1361860445 
2.960 -1.8249940127  -1.4999972074  -1.1293257667 
2.965 -1.8188989744  -1.4942139768  -1.1224580956 
2.970 -1.8128138967  -1.4884396666  -1.1156035092 
2.975 -1.8067019161  -1.4826401353  -1.1087214422 
2.980 -1.8005815811  -1.4768325615  -1.1018322874 
2.985 -1.7944717747  -1.4710344412  -1.0949567902 
2.990 -1.7883351353  -1.4652111604  -1.0880538612 
2.995 -1.7822094086  -1.4593976937  -1.0811649782 
