#HF isntabilities: hessian eigenvalues
#y,rrhf,crhf,ruhf
0.25 0.4082262 0.0000308 -0.583809
.26 0.3952136 0.0000585 -0.5824086
.27 0.3820074 0.000106 -0.5807719
.28 0.3688579 0.000185 -0.5787957
.29 0.3560837 0.0003115 -0.5763584
.30 0.3440488 0.0005081 -0.5733183
.31 0.3331484 0.0008043 -0.5695131
.32 0.3237865 0.0012376 -0.5647621
.33 0.3163074 0.0018527 -0.5588719
.34 0.31056 0.0026998 -0.5516468
.35 0.2957075 0.0038307 -0.5429002
.36 0.2640866 0.0052937 -0.5324578
.37 0.2311648 0.0071271 -0.5201369
.38 0.1984636 0.0093527 -0.5056656
.39 0.1669523 0.0119654 -0.4884882
.40 0.1381601 0.0149038 -0.4673388
.41 0.1144482 0.0179218 -0.4395569
.42 0.097895 0.020134 -0.4011207
.43 0.0864703 0.0196749 -0.350199
.44 0.073601 0.0166577 -0.2910409
.45 0.0610891 0.0164664 -0.2313565
.46 0.0643411 0.0250584 -0.1871676
.47 0.0778993 0.0385165 -0.1573982
.48 0.0928198 0.0510106 -0.1336124
.49 0.105867 0.0598439 -0.1151709
.50 0.1138063 0.0644375 -0.1017067
.51 0.1146083 0.0655121 -0.0922084
.52 0.1112972 0.0641738 -0.0856617
.53 0.1068319 0.0614488 -0.08148
.54 0.1023543 0.058153 -0.0793595
.55 0.0982969 0.0548854 -0.0788805
.56 0.0948662 0.0520692 -0.0792611
.57 0.0921937 0.0500024 -0.0794986
.58 0.0903855 0.0488982 -0.0787022
.59 0.0895369 0.0489094 -0.0763079
.60 0.0897367 0.050136 -0.0721287
.61 0.0910626 0.0526212 -0.0663212
.62 0.0935648 0.0563442 -0.0593181
.63 0.0972448 0.0612199 -0.0517421
.64 0.1020436 0.06711 -0.0443195
.65 0.1078469 0.0738422 -0.0377798
.66 0.1145064 0.0812352 -0.0326654
.67 0.1218604 0.0891129 -0.0290651
.68 0.129749 0.0973134 -0.0265928
.69 0.1380253 0.1056924 -0.0247267
.70 0.146554 0.1141156 -0.0230766
.71 0.1552058 0.1224498 -0.0214124
.72 0.1638286 0.1305385 -0.0196087
.73 0.1721437 0.1381579 -0.0175938
.74 0.1790957 0.144911 -0.015322
.75 0.1806901 0.1500228 -0.0127555
.76 0.1771118 0.1522652 -0.0098598
.77 0.1718912 0.1509972 -0.0065974
.78 0.1659106 0.1471156 -0.0029272
.79 0.1594476 0.1418045 0.0011951
.80 0.1526864 0.1357699 0.0058165
.81 0.1458068 0.1294009 0.0109754
.82 0.1390052 0.1229545 0.0166917
.83 0.1325052 0.1166431 0.0229163
.84 0.1265568 0.1106666 0.0293536
.85 0.1214307 0.1052225 0.0312794
.86 0.1174 0.1005007 0.0255813
.87 0.1147104 0.0966687 0.0183902
.88 0.1135408 0.0938511 0.0098249
.89 0.113967 0.0921111 0.0002179
.90 0.1159456 0.0914434 -0.0096408
.91 0.1193228 0.0917808 -0.0188732
.92 0.1238652 0.0930116 -0.0268094
.93 0.129298 0.0950001 -0.0330618
.94 0.1353327 0.0975999 -0.0374874
.95 0.1416831 0.1006618 -0.0401208
.96 0.1480653 0.1040345 -0.0411086
.97 0.1541871 0.1075594 -0.0406614
.98 0.1597422 0.1110681 -0.0390215
.99 0.1644219 0.1143801 -0.0364483
1.00 0.1679851 0.1173152 -0.0332121
1.01 0.1703525 0.1197127 -0.0296011
1.02 0.1716439 0.1214648 -0.0259319
1.03 0.1721024 0.1225399 -0.0225586
1.04 0.1719855 0.1229805 -0.0198716
1.05 0.1715061 0.1228767 -0.0182624
1.06 0.1708239 0.1223366 -0.0180351
1.07 0.1700558 0.1214635 -0.0193041
1.08 0.169288 0.1203451 -0.0219613
1.09 0.1685862 0.1190517 -0.0257465
1.10 0.1680019 0.1176376 -0.0303582
1.11 0.1675751 0.1161438 -0.0355263
1.12 0.1673377 0.1146007 -0.0410378
1.13 0.1673136 0.1130302 -0.0467332
1.14 0.1675189 0.1114477 -0.0524953
1.15 0.1679621 0.1098631 -0.0582383
1.16 0.1686433 0.1082817 -0.0638989
1.17 0.1695527 0.1067053 -0.0694306
1.18 0.1706685 0.1051324 -0.0747989
1.19 0.1719525 0.1035586 -0.0799788
1.20 0.1733411 0.1019769 -0.0849535
1.21 0.1747225 0.1003774 -0.0897125
1.22 0.1758853 0.0987475 -0.0942523
1.23 0.1763934 0.0970714 -0.0985757
1.24 0.1754317 0.095329 -0.1026958
1.25 0.1722217 0.093495 -0.106639
1.26 0.1670997 0.0915378 -0.110453
1.27 0.1610046 0.089418 -0.1142213
1.28 0.1545608 0.0870874 -0.1180857
1.29 0.1480891 0.0844908 -0.122274
1.30 0.1417694 0.0815707 -0.1271085
1.31 0.1357262 0.07828 -0.1329341
1.32 0.1300589 0.0745988 -0.1399659
1.33 0.1248574 0.0705519 -0.1482044
1.34 0.1202058 0.0662141 -0.1575157
1.35 0.1161813 0.0616963 -0.1677499
1.36 0.1128533 0.0571263 -0.1787773
1.37 0.1102765 0.0526232 -0.1904931
1.38 0.1084864 0.048288 -0.2027927
1.39 0.1074926 0.0441948 -0.2155647
1.40
1.41 0.1077839 0.0369033 -0.2420153
1.42
1.43
1.44
1.45
1.46 0.0126736 -0.0497584 -0.2787475
1.47 0.0396673 -0.0401116 -0.3141133
1.48 0.0508611 -0.0351498 -0.3336156
1.49 0.0570766 -0.0314368 -0.3484852
1.50 0.0605959 -0.0284024 -0.3607232
1.51 0.0625062 -0.0258194 -0.3711691
1.52 0.0634176 -0.0235691 -0.3802784
1.53 0.0636927 -0.0215801 -0.3883314
1.54 0.0635555 -0.0198038 -0.3955232
1.55 0.0631483 -0.0182067 -0.4019876
1.56 0.0625644 -0.0167626 -0.4078308
1.57 0.0618666 -0.0154518 -0.4131307
1.58 0.0610984 -0.0142578 -0.417952
1.59 0.0602904 -0.0131675 -0.4223448
1.60 0.0594644 -0.0121698 -0.4263528
1.61 0.0586365 -0.0112551 -0.4300103
1.62 0.0578185 -0.0104152 -0.433348
1.63 0.0570188 -0.0096429 -0.4363932
1.64 0.0562439 -0.0089321 -0.4391673
1.65 0.0554987 -0.0082771 -0.4416898
1.66 0.0547863 -0.007673 -0.4439795
1.67 0.0541092 -0.0071155 -0.4460519
1.68 0.0534689 -0.0066005 -0.4479208
1.69 0.0528664 -0.0061245 -0.4495991
1.70 0.0523019 -0.0056843 -0.4510995
1.71 0.0517754 -0.005277 -0.4524322
1.72 0.0512864 -0.0049001 -0.4536077
1.73 0.0508341 -0.0045509 -0.4546354
1.74 0.0504174 -0.0042275 -0.4555246
1.75 0.0500351 -0.0039278 -0.4562836
1.76 0.0496856 -0.0036499 -0.4569206
1.77 0.0493675 -0.0033922 -0.4574428
1.78 0.0490788 -0.0031533 -0.4578577
1.79 0.0488177 -0.0029315 -0.4581726
1.80 0.0485824 -0.0027258 -0.4583938
1.81 0.0483709 -0.0025348 -0.4585278
1.82 0.0481812 -0.0023575 -0.4585808
1.83 0.0480113 -0.0021929 -0.4585586
1.84 0.0478591 -0.00204 -0.4584666
1.85 0.0477228 -0.001898 -0.4583103
1.86 0.0476006 -0.0017661 -0.458095
1.87 0.0474906 -0.0016436 -0.4578255
1.88 0.0473909 -0.0015297 -0.4575064
1.89 0.0473001 -0.0014239 -0.4571422
1.90 0.0472166 -0.0013256 -0.4567371
1.91 0.0471387 -0.0012341 -0.4562952
1.92 0.0470652 -0.0011491 -0.4558204
1.93 0.0469948 -0.0010701 -0.4553163
1.94 0.0469264 -0.0009966 -0.4547862
1.95 0.0468589 -0.0009282 -0.4542335
1.96 0.0466633 0.0005433 -0.4540913
1.97 0.0466431 0.0005032 -0.4534457
1.98 0.0466159 0.000466 -0.452791
1.99 0.0465814 0.0004315 -0.4521295
2.00 0.0465391 0.0003995 -0.4514638
2.01 0.0464894 0.0003699 -0.4507952
2.02 0.0464318 0.0003423 -0.4501262
2.03 0.0463662 0.0003168 -0.4494584
2.04 0.0462932 0.0002932 -0.448793
2.05 0.0462124 0.0002712 -0.4481321
2.06 0.0461241 0.0002509 -0.4474768
2.07 0.0460285 0.000232 -0.4468283
2.08 0.0459258 0.0002145 -0.4461878
2.09 0.0458162 0.0001982 -0.4455567
2.10 0.0457 0.0001832 -0.4449356
2.11 0.0455772 0.0001692 -0.4443258
2.12 0.0454481 0.0001563 -0.4437282
2.13 0.0453134 0.0001443 -0.4431431
2.14 0.045173 0.0001332 -0.4425716
2.15 0.045027 0.0001229 -0.4420147
2.16 0.0448763 0.0001133 -0.4414721
2.17 0.0447205 0.0001045 -0.4409452
2.18 0.0445606 0.0000963 -0.4404338
2.19 0.0443963 0.0000887 -0.4399389
2.20 0.0442284 0.0000817 -0.4394602
2.21 0.0440566 0.0000752 -0.4389989
2.22 0.0438816 0.0000691 -0.4385545
2.23 0.0437035 0.0000636 -0.4381276
2.24 0.0435227 0.0000584 -0.4377183
2.25 0.0433392 0.0000536 -0.4373269
2.26 0.0431537 0.0000492 -0.436953
2.27 0.042966 0.0000451 -0.4365974
2.28 0.0427767 0.0000413 -0.4362594
2.29 0.0425856 0.0000378 -0.4359399
2.30 0.0423935 0.0000346 -0.4356377
2.31 0.0421999 0.0000316 -0.4353539
2.32 0.0420057 0.0000289 -0.4350874
2.33 0.0418106 0.0000263 -0.4348389
2.34 0.041615 0.000024 -0.4346079
2.35 0.0414191 0.0000218 -0.4343943
2.36 0.0412229 0.0000199 -0.4341979
2.37 0.0410266 0.000018 -0.4340186
2.38 0.0408304 0.0000163 -0.4338562
2.39 0.0406346 0.0000148 -0.4337101
2.40 0.0404392 0.0000134 -0.4335802
2.41 0.0402442 0.000012 -0.4334666
2.42 0.0400499 0.0000108 -0.4333686
2.43 0.0398563 0.0000097 -0.433286
2.44 0.0396636 0.0000087 -0.4332186
2.45 0.0394716 0.0000078 -0.4331664
2.46 0.0392808 0.0000069 -0.4331284
2.47 0.0390911 0.0000062 -0.4331047
2.48 0.0389027 0.0000054 -0.4330946
2.49 0.0387154 0.0000048 -0.4330981
