   82.000000000000000        2.0268354180156947      -0.63283999999999996      -0.19983000000000001      -0.14732999999999999       0.43042999999999998       5.24999999999999981E-002
   81.000000000000000        1.9092530122354845      -0.60507999999999995      -0.19514999999999999      -0.13888000000000000       0.38562999999999997       5.62700000000000006E-002
   80.000000000000000        1.8095073443210954      -0.57840999999999998      -0.18897000000000000      -0.12862999999999999       0.34472000000000003       6.03399999999999978E-002
   79.000000000000000        1.7234297938777567      -0.55325999999999997      -0.18134000000000000      -0.11635000000000000       0.30658999999999997       6.49900000000000061E-002
   78.000000000000000        1.6480958607190197      -0.52995999999999999      -0.17241000000000001      -0.10190000000000000       0.27038000000000001       7.05100000000000032E-002
   77.000000000000000        1.5813852119866876      -0.50866999999999996      -0.16242999999999999      -8.52900000000000047E-002  0.23555000000000001       7.71400000000000002E-002
   76.000000000000000        1.5217180473945009      -0.48932999999999999      -0.15179999999999999      -6.66899999999999993E-002  0.20190000000000000       8.51100000000000051E-002
   75.000000000000000        1.4678899319530556      -0.47170000000000001      -0.14097000000000001      -4.64600000000000013E-002  0.16955999999999999       9.45099999999999968E-002
   74.000000000000000        1.4189643903365978      -0.45544000000000001      -0.13050000000000000      -2.51700000000000014E-002  0.13902999999999999       0.10532999999999999     
   73.000000000000000        1.3742008147382716      -0.44011000000000000      -0.12114999999999999      -4.00000000000000008E-003  0.11161000000000000       0.11715000000000000     
   72.000000000000000        1.3330047374615932      -0.42518000000000000      -0.11400000000000000       1.34299999999999992E-002  9.13100000000000023E-002  0.12742999999999999     
   71.000000000000000        1.2948927059181552      -0.38807000000000003      -0.12923000000000001       2.55900000000000016E-002  8.67900000000000060E-002  0.15482000000000001     
   70.000000000000000        1.2594669489559134      -0.34548000000000001      -0.16727000000000000       7.91000000000000036E-003  0.15737999999999999       0.17518000000000000     
   69.000000000000000        1.2263967642726714      -0.34066999999999997      -0.19117999999999999       1.92200000000000010E-002  0.14677999999999999       0.21040000000000000     
   68.000000000000000        1.1954046164231349      -0.33683000000000002      -0.21301000000000000       2.63999999999999999E-002  0.14207000000000000       0.23941000000000001     
   67.000000000000000        1.1662555983306084      -0.33341999999999999      -0.23308000000000001       2.94500000000000005E-002  0.14269000000000001       0.26252999999999999     
   66.000000000000000        1.1387493349689228      -0.33028000000000002      -0.25151000000000001       2.88400000000000011E-002  0.14796999999999999       0.28034999999999999     
   65.000000000000000        1.1127136872907215      -0.32739000000000001      -0.26835999999999999       2.56000000000000012E-002  0.15670999999999999       0.29396000000000000     
   64.000000000000000        1.0879998015825072      -0.32489000000000001      -0.28358000000000000       2.08300000000000013E-002  0.16769999999999999       0.30441000000000001     
   63.000000000000000        1.0644781770328475      -0.32321000000000000      -0.29676999999999998       1.53500000000000008E-002  0.18003000000000000       0.31212000000000001     
   62.000000000000000        1.0420355127918348      -0.32416000000000000      -0.30621999999999999       9.66999999999999978E-003  0.19306000000000001       0.31589000000000000     
   61.000000000000000        1.0205721581109972      -0.33049000000000001      -0.30923000000000000       4.08999999999999989E-003  0.20640000000000000       0.31331999999999999     
   60.000000000000000        1.0000000336490449      -0.33972000000000002      -0.30835000000000001      -1.19000000000000009E-003  0.21976999999999999       0.30715999999999999     
   59.000000000000000       0.98024092421724396      -0.34910999999999998      -0.30636999999999998      -6.10000000000000039E-003  0.23297000000000001       0.30026999999999998     
   58.000000000000000       0.96122506680355879      -0.35794999999999999      -0.30409999999999998      -1.05599999999999999E-002  0.23153000000000001       0.29354000000000002     
   57.000000000000000       0.94288997515969897      -0.36604999999999999      -0.30175000000000002      -1.45699999999999996E-002  0.22828999999999999       0.28717999999999999     
   56.000000000000000       0.92517945528340284      -0.42914999999999998      -0.27406999999999998      -4.79899999999999979E-002  0.19671000000000000       0.22608000000000000     
   55.000000000000000       0.90804277598219907      -0.42375000000000002      -0.27450000000000002      -4.79699999999999988E-002  0.19624000000000000       0.22653000000000001     
   54.000000000000000       0.89143396621364279      -0.42121999999999998      -0.27407999999999999      -4.84600000000000031E-002  0.19617999999999999       0.22561999999999999     
   53.000000000000000       0.87531121666696521      -0.42046000000000000      -0.27361999999999997      -4.88000000000000031E-002  0.19581000000000001       0.22481999999999999     
   52.000000000000000       0.85963636751982619      -0.42059000000000002      -0.27310000000000001      -4.90400000000000003E-002  0.19528999999999999       0.22406000000000001     
   51.000000000000000       0.84437446779034697      -0.42116999999999999      -0.27256999999999998      -4.92099999999999968E-002  0.19470000000000001       0.22336000000000000     
   50.000000000000000       0.82949339444344139      -0.42193000000000003      -0.27206000000000002      -4.93099999999999997E-002  0.19411000000000000       0.22275000000000000     
   49.000000000000000       0.81496352157574936      -0.42270999999999997      -0.27159000000000000      -4.93699999999999972E-002  0.19356000000000001       0.22222000000000000     
   48.000000000000000       0.80075743172543956      -0.42341000000000001      -0.27118999999999999      -4.93999999999999995E-002  0.19311000000000000       0.22178999999999999     
   47.000000000000000       0.78684966272995749      -0.42393999999999998      -0.27089000000000002      -4.94100000000000025E-002  0.19275999999999999       0.22148000000000001     
   46.000000000000000       0.77321648466098036      -0.46844000000000002      -0.31191000000000002      -1.32999999999999993E-002  0.15368000000000001       0.29860999999999999     
   45.000000000000000       0.75983570225832975      -0.46877000000000002      -0.31224000000000002      -1.29199999999999992E-002  0.15323000000000001       0.29931999999999997     
   45.000000000000000       0.75983570225832975      -0.46877000000000002      -0.31224000000000002      -1.29199999999999992E-002  0.15323000000000001       0.29931999999999997     
   44.000000000000000       0.74668647900714824      -0.46844000000000002      -0.31191000000000002      -1.32999999999999993E-002  0.15368000000000001       0.29860999999999999     
   43.000000000000000       0.73374917958905994      -0.42393999999999998      -0.27089000000000002      -4.94100000000000025E-002  0.19275999999999999       0.22148000000000001     
   42.000000000000000       0.72100522791448773      -0.42341000000000001      -0.27118999999999999      -4.93999999999999995E-002  0.19311000000000000       0.22178999999999999     
   41.000000000000000       0.70843697833015451      -0.42270999999999997      -0.27159000000000000      -4.93699999999999972E-002  0.19356000000000001       0.22222000000000000     
   40.000000000000000       0.69602759790885060      -0.42193000000000003      -0.27206000000000002      -4.93099999999999997E-002  0.19411000000000000       0.22275000000000000     
   39.000000000000000       0.68376095798003989      -0.42116999999999999      -0.27256999999999998      -4.92099999999999968E-002  0.19470000000000001       0.22336000000000000     
   38.000000000000000       0.67162153325915808      -0.42059000000000002      -0.27310000000000001      -4.90400000000000003E-002  0.19528999999999999       0.22406000000000001     
   37.000000000000000       0.65959430708758449      -0.42046000000000000      -0.27361999999999997      -4.88000000000000031E-002  0.19581000000000001       0.22481999999999999     
   36.000000000000000       0.64766468140925815      -0.42121999999999998      -0.27407999999999999      -4.84600000000000031E-002  0.19617999999999999       0.22561999999999999     
   35.000000000000000       0.63581839018712483      -0.42375000000000002      -0.27450000000000002      -4.79699999999999988E-002  0.19624000000000000       0.22653000000000001     
   34.000000000000000       0.62404141500474464      -0.42914999999999998      -0.27406999999999998      -4.79899999999999979E-002  0.19671000000000000       0.22608000000000000     
   33.000000000000000       0.61231990160563299      -0.36604999999999999      -0.30175000000000002      -1.45699999999999996E-002  0.22828999999999999       0.28717999999999999     
   32.000000000000000       0.60064007609376124      -0.35794999999999999      -0.30409999999999998      -1.05599999999999999E-002  0.23153000000000001       0.29354000000000002     
   31.000000000000000       0.58898815944976501      -0.34910999999999998      -0.30636999999999998      -6.10000000000000039E-003  0.23297000000000001       0.30026999999999998     
   30.000000000000000       0.57735027890326807      -0.33972000000000002      -0.30835000000000001      -1.19000000000000009E-003  0.21976999999999999       0.30715999999999999     
   29.000000000000000       0.56571237453403433      -0.33049000000000001      -0.30923000000000000       4.08999999999999989E-003  0.20640000000000000       0.31331999999999999     
   28.000000000000000       0.55406009924157285      -0.32416000000000000      -0.30621999999999999       9.66999999999999978E-003  0.19306000000000001       0.31589000000000000     
   27.000000000000000       0.54237870990772830      -0.32321000000000000      -0.29676999999999998       1.53500000000000008E-002  0.18003000000000000       0.31212000000000001     
   26.000000000000000       0.53065294715660993      -0.32489000000000001      -0.28358000000000000       2.08300000000000013E-002  0.16769999999999999       0.30441000000000001     
   25.000000000000000       0.51886690055881535      -0.32739000000000001      -0.26835999999999999       2.56000000000000012E-002  0.15670999999999999       0.29396000000000000     
   24.000000000000000       0.50700385538738835      -0.33028000000000002      -0.25151000000000001       2.88400000000000011E-002  0.14796999999999999       0.28034999999999999     
   23.000000000000000       0.49504611604806875      -0.33341999999999999      -0.23308000000000001       2.94500000000000005E-002  0.14269000000000001       0.26252999999999999     
   22.000000000000000       0.48297479998608267      -0.33683000000000002      -0.21301000000000000       2.63999999999999999E-002  0.14207000000000000       0.23941000000000001     
   21.000000000000000       0.47076959408630886      -0.34066999999999997      -0.19117999999999999       1.92200000000000010E-002  0.14677999999999999       0.21040000000000000     
   20.000000000000000       0.45840846314364242      -0.34548000000000001      -0.16727000000000000       7.91000000000000036E-003  0.15737999999999999       0.17518000000000000     
   19.000000000000000       0.44586729660476643      -0.38807000000000003      -0.12923000000000001       2.55900000000000016E-002  8.67900000000000060E-002  0.15482000000000001     
   18.000000000000000       0.43311947504735931      -0.42518000000000000      -0.11400000000000000       1.34299999999999992E-002  9.13100000000000023E-002  0.12742999999999999     
   17.000000000000000       0.42013533111630319      -0.44011000000000000      -0.12114999999999999      -4.00000000000000008E-003  0.11161000000000000       0.11715000000000000     
   16.000000000000000       0.40688146985598445      -0.45544000000000001      -0.13050000000000000      -2.51700000000000014E-002  0.13902999999999999       0.10532999999999999     
   15.000000000000000       0.39331989892118169      -0.47170000000000001      -0.14097000000000001      -4.64600000000000013E-002  0.16955999999999999       9.45099999999999968E-002
   14.000000000000000       0.37940689731182314      -0.48932999999999999      -0.15179999999999999      -6.66899999999999993E-002  0.20190000000000000       8.51100000000000051E-002
   13.000000000000000       0.36509151747647400      -0.50866999999999996      -0.16242999999999999      -8.52900000000000047E-002  0.23555000000000001       7.71400000000000002E-002
   12.000000000000000       0.35031356184872481      -0.52995999999999999      -0.17241000000000001      -0.10190000000000000       0.27038000000000001       7.05100000000000032E-002
   11.000000000000000       0.33500078657648524      -0.55325999999999997      -0.18134000000000000      -0.11635000000000000       0.30658999999999997       6.49900000000000061E-002
   10.000000000000000       0.31906493487798943      -0.57840999999999998      -0.18897000000000000      -0.12862999999999999       0.34472000000000003       6.03399999999999978E-002
   9.0000000000000000       0.30239593556098865      -0.60507999999999995      -0.19514999999999999      -0.13888000000000000       0.38562999999999997       5.62700000000000006E-002
   8.0000000000000000       0.28485310431016619      -0.63283999999999996      -0.19983000000000001      -0.14732999999999999       0.43042999999999998       5.24999999999999981E-002
   7.0000000000000000       0.26625119958804888      -0.66122000000000003      -0.20305000000000001      -0.15420000000000000       0.48048000000000002       4.88499999999999976E-002
