22 0.48297479998608267 -4.83468912483
21.999 0.48296266517661784 -4.83467362245
21.998 0.48295053023338502 -4.83465811679
21.997 0.48293839515636294 -4.83464260784
21.996 0.48292625994553057 -4.83462709561
21.995 0.48291412460086680 -4.83461158010
21.994 0.48290198912235049 -4.83459606130
21.993 0.48288985350996055 -4.83458053921
21.992 0.48287771776367600 -4.83456501383
21.991 0.48286558188347550 -4.83454948517
21.990 0.48285344586933820 -4.83453395323
21.989 0.48284130972124284 -4.83451841799
21.988 0.48282917343916826 -4.83450287947
21.987 0.48281703702309348 -4.83448733766
21.986 0.48280490047299734 -4.83447179256
21.985 0.48279276378885860 -4.83445624417
21.984 0.48278062697065638 -4.83444069249
21.983 0.48276849001836930 -4.83442513752
21.982 0.48275635293197638 -4.83440957926
21.981 0.48274421571145654 -4.83439401771
21.980 0.48273207835678850 -4.83437845287
21.979 0.48271994086795128 -4.83436288474
21.978 0.48270780324492363 -4.83434731332
21.977 0.48269566548768456 -4.83433173860
21.976 0.48268352759621286 -4.83431616060
21.975 0.48267138957048727 -4.83430057930
21.974 0.48265925141048688 -4.83428499470
21.973 0.48264711311619035 -4.83426940682
21.972 0.48263497468757677 -4.83425381564
21.971 0.48262283612462475 -4.83423822116
21.970 0.48261069742731327 -4.83422262339
21.969 0.48259855859562129 -4.83420702233
21.968 0.48258641962952747 -4.83419141796
21.967 0.48257428052901069 -4.83417581031
21.966 0.48256214129404995 -4.83416019936
21.965 0.48255000192462394 -4.83414458511
21.964 0.48253786242071156 -4.83412896756
21.963 0.48252572278229172 -4.83411334672
21.962 0.48251358300934316 -4.83409772257
21.961 0.48250144310184473 -4.83408209514
21.960 0.48248930305977533 -4.83406646440
21.959 0.48247716288311371 -4.83405083036
21.958 0.48246502257183882 -4.83403519302
21.957 0.48245288212592952 -4.83401955239
21.956 0.48244074154536443 -4.83400390845
21.955 0.48242860083012257 -4.83398826122
21.954 0.48241645998018273 -4.83397261068
21.953 0.48240431899552366 -4.83395695684
21.952 0.48239217787612432 -4.83394129970
21.951 0.48238003662196349 -4.83392563926
21.950 0.48236789523301982 -4.83390997552
21.949 0.48235575370927242 -4.83389430847
21.948 0.48234361205069987 -4.83387863812
21.947 0.48233147025728101 -4.83386296447
21.946 0.48231932832899488 -4.83384728752
21.945 0.48230718626582003 -4.83383160725
21.944 0.48229504406773538 -4.83381592369
21.943 0.48228290173471977 -4.83380023682
21.942 0.48227075926675200 -4.83378454665
21.941 0.48225861666381076 -4.83376885316
21.940 0.48224647392587511 -4.83375315638
21.939 0.48223433105292351 -4.83373745629
21.938 0.48222218804493505 -4.83372175289
21.937 0.48221004490188840 -4.83370604618
21.936 0.48219790162376236 -4.83369033617
21.935 0.48218575821053572 -4.83367462284
21.934 0.48217361466218739 -4.83365890621
21.933 0.48216147097869599 -4.83364318627
21.932 0.48214932716004039 -4.83362746303
21.931 0.48213718320619947 -4.83361173647
21.930 0.48212503911715188 -4.83359600660
21.929 0.48211289489287640 -4.83358027342
21.928 0.48210075053335194 -4.83356453694
21.927 0.48208860603855713 -4.83354879714
21.926 0.48207646140847094 -4.83353305403
21.925 0.48206431664307198 -4.83351730761
21.924 0.48205217174233911 -4.83350155788
21.923 0.48204002670625107 -4.83348580483
21.922 0.48202788153478671 -4.83347004847
21.921 0.48201573622792465 -4.83345428880
21.920 0.48200359078564381 -4.83343852582
21.919 0.48199144520792292 -4.83342275952
21.918 0.48197929949474061 -4.83340698991
21.917 0.48196715364607584 -4.83339121698
21.916 0.48195500766190730 -4.83337544074
21.915 0.48194286154221372 -4.83335966118
21.914 0.48193071528697384 -4.83334387831
21.913 0.48191856889616652 -4.83332809212
21.912 0.48190642236977038 -4.83331230261
21.911 0.48189427570776444 -4.83329650979
21.910 0.48188212891012711 -4.83328071365
21.909 0.48186998197683728 -4.83326491419
21.908 0.48185783490787382 -4.83324911142
21.907 0.48184568770321529 -4.83323330533
21.906 0.48183354036284054 -4.83321749591
21.905 0.48182139288672837 -4.83320168318
21.904 0.48180924527485730 -4.83318586713
21.903 0.48179709752720634 -4.83317004776
21.902 0.48178494964375412 -4.83315422507
21.901 0.48177280162447922 -4.83313839906
21.900 0.48176065346936059 -4.83312256973
21.899 0.48174850517837692 -4.83310673708
21.898 0.48173635675150683 -4.83309090111
21.897 0.48172420818872930 -4.83307506181
21.896 0.48171205949002271 -4.83305921919
21.895 0.48169991065536610 -4.83304337325
21.894 0.48168776168473793 -4.83302752399
21.893 0.48167561257811720 -4.83301167140
21.892 0.48166346333548243 -4.83299581549
21.891 0.48165131395681232 -4.83297995626
21.890 0.48163916444208577 -4.83296409370
21.889 0.48162701479128134 -4.83294822782
21.888 0.48161486500437783 -4.83293235861
21.887 0.48160271508135388 -4.83291648607
21.886 0.48159056502218828 -4.83290061021
21.885 0.48157841482685970 -4.83288473102
21.884 0.48156626449534679 -4.83286884851
21.883 0.48155411402762832 -4.83285296267
21.882 0.48154196342368299 -4.83283707350
21.881 0.48152981268348949 -4.83282118100
21.880 0.48151766180702654 -4.83280528518
21.879 0.48150551079427290 -4.83278938603
21.878 0.48149335964520706 -4.83277348354
21.877 0.48148120835980790 -4.83275757773
21.876 0.48146905693805420 -4.83274166859
21.875 0.48145690537992430 -4.83272575612
21.874 0.48144475368539724 -4.83270984032
21.873 0.48143260185445153 -4.83269392119
21.872 0.48142044988706584 -4.83267799873
21.871 0.48140829778321897 -4.83266207293
21.870 0.48139614554288962 -4.83264614381
21.869 0.48138399316605629 -4.83263021135
21.868 0.48137184065269778 -4.83261427556
21.867 0.48135968800279272 -4.83259833643
21.866 0.48134753521631990 -4.83258239398
21.865 0.48133538229325784 -4.83256644819
21.864 0.48132322923358539 -4.83255049906
21.863 0.48131107603728102 -4.83253454660
21.862 0.48129892270432351 -4.83251859081
21.861 0.48128676923469155 -4.83250263168
21.860 0.48127461562836377 -4.83248666922
21.859 0.48126246188531885 -4.83247070342
21.858 0.48125030800553537 -4.83245473428
21.857 0.48123815398899206 -4.83243876181
21.856 0.48122599983566761 -4.83242278600
21.855 0.48121384554554059 -4.83240680686
21.854 0.48120169111858974 -4.83239082437
21.853 0.48118953655479363 -4.83237483855
21.852 0.48117738185413106 -4.83235884939
21.851 0.48116522701658049 -4.83234285689
21.850 0.48115307204212066 -4.83232686106
21.849 0.48114091693073019 -4.83231086188
21.848 0.48112876168238772 -4.83229485936
21.847 0.48111660629707204 -4.83227885351
21.846 0.48110445077476161 -4.83226284431
21.845 0.48109229511543511 -4.83224683177
21.844 0.48108013931907129 -4.83223081589
21.843 0.48106798338564849 -4.83221479667
21.842 0.48105582731514568 -4.83219877411
21.841 0.48104367110754143 -4.83218274820
21.840 0.48103151476281408 -4.83216671895
21.839 0.48101935828094261 -4.83215068636
21.838 0.48100720166190553 -4.83213465043
21.837 0.48099504490568140 -4.83211861115
21.836 0.48098288801224892 -4.83210256853
21.835 0.48097073098158660 -4.83208652257
21.834 0.48095857381367324 -4.83207047326
21.833 0.48094641650848724 -4.83205442060
21.832 0.48093425906600745 -4.83203836460
21.831 0.48092210148621234 -4.83202230525
21.830 0.48090994376908047 -4.83200624256
21.829 0.48089778591459065 -4.83199017652
21.828 0.48088562792272133 -4.83197410713
21.827 0.48087346979345119 -4.83195803440
21.826 0.48086131152675871 -4.83194195832
21.825 0.48084915312262261 -4.83192587889
21.824 0.48083699458102153 -4.83190979611
21.823 0.48082483590193392 -4.83189370998
21.822 0.48081267708533854 -4.83187762051
21.821 0.48080051813121383 -4.83186152768
21.820 0.48078835903953848 -4.83184543151
21.819 0.48077619981029113 -4.83182933198
21.818 0.48076404044345034 -4.83181322911
21.817 0.48075188093899462 -4.83179712288
21.816 0.48073972129690257 -4.83178101331
21.815 0.48072756151715290 -4.83176490038
21.814 0.48071540159972409 -4.83174878410
21.813 0.48070324154459465 -4.83173266447
21.812 0.48069108135174338 -4.83171654148
21.811 0.48067892102114868 -4.83170041514
21.810 0.48066676055278912 -4.83168428545
21.809 0.48065459994664339 -4.83166815241
21.808 0.48064243920269001 -4.83165201601
21.807 0.48063027832090754 -4.83163587626
21.806 0.48061811730127457 -4.83161973315
21.805 0.48060595614376972 -4.83160358669
21.804 0.48059379484837139 -4.83158743687
21.803 0.48058163341505827 -4.83157128369
21.802 0.48056947184380888 -4.83155512717
21.801 0.48055731013460179 -4.83153896728
21.800 0.48054514828741574 -4.83152280404
21.799 0.48053298630222896 -4.83150663744
21.798 0.48052082417902015 -4.83149046748
21.797 0.48050866191776798 -4.83147429416
21.796 0.48049649951845086 -4.83145811749
21.795 0.48048433698104737 -4.83144193746
21.794 0.48047217430553607 -4.83142575407
21.793 0.48046001149189554 -4.83140956732
21.792 0.48044784854010431 -4.83139337721
21.791 0.48043568545014087 -4.83137718374
21.790 0.48042352222198376 -4.83136098691
21.789 0.48041135885561154 -4.83134478672
21.788 0.48039919535100284 -4.83132858317
21.787 0.48038703170813607 -4.83131237625
21.786 0.48037486792698991 -4.83129616598
21.785 0.48036270400754272 -4.83127995234
21.784 0.48035053994977306 -4.83126373534
21.783 0.48033837575365962 -4.83124751498
21.782 0.48032621141918080 -4.83123129126
21.781 0.48031404694631508 -4.83121506417
21.780 0.48030188233504117 -4.83119883372
21.779 0.48028971758533734 -4.83118259990
21.778 0.48027755269718225 -4.83116636272
21.777 0.48026538767055443 -4.83115012218
21.776 0.48025322250543240 -4.83113387827
21.775 0.48024105720179461 -4.83111763099
21.774 0.48022889175961964 -4.83110138035
21.773 0.48021672617888594 -4.83108512635
21.772 0.48020456045957211 -4.83106886897
21.771 0.48019239460165652 -4.83105260823
21.770 0.48018022860511778 -4.83103634412
21.769 0.48016806246993438 -4.83102007665
21.768 0.48015589619608490 -4.83100380581
21.767 0.48014372978354763 -4.83098753159
21.766 0.48013156323230122 -4.83097125401
21.765 0.48011939654232422 -4.83095497307
21.764 0.48010722971359493 -4.83093868875
21.763 0.48009506274609204 -4.83092240106
21.762 0.48008289563979389 -4.83090611000
21.761 0.48007072839467907 -4.83088981558
21.760 0.48005856101072614 -4.83087351778
21.759 0.48004639348791334 -4.83085721661
21.758 0.48003422582621930 -4.83084091207
21.757 0.48002205802562253 -4.83082460415
21.756 0.48000989008610145 -4.83080829287
21.755 0.47999772200763463 -4.83079197821
21.754 0.47998555379020053 -4.83077566018
21.753 0.47997338543377743 -4.83075933878
21.752 0.47996121693834409 -4.83074301401
21.751 0.47994904830387886 -4.83072668586
21.750 0.47993687953036013 -4.83071035433
21.749 0.47992471061776643 -4.83069401944
21.748 0.47991254156607627 -4.83067768116
21.747 0.47990037237526811 -4.83066133952
21.746 0.47988820304532026 -4.83064499449
21.745 0.47987603357621145 -4.83062864610
21.744 0.47986386396791991 -4.83061229432
21.743 0.47985169422042417 -4.83059593917
21.742 0.47983952433370269 -4.83057958064
21.741 0.47982735430773393 -4.83056321874
21.740 0.47981518414249635 -4.83054685346
21.739 0.47980301383796847 -4.83053048480
21.738 0.47979084339412859 -4.83051411276
21.737 0.47977867281095521 -4.83049773734
21.736 0.47976650208842692 -4.83048135855
21.735 0.47975433122652189 -4.83046497637
21.734 0.47974216022521876 -4.83044859082
21.733 0.47972998908449593 -4.83043220189
21.732 0.47971781780433181 -4.83041580957
21.731 0.47970564638470486 -4.83039941388
21.730 0.47969347482559349 -4.83038301481
21.729 0.47968130312697610 -4.83036661235
21.728 0.47966913128883126 -4.83035020651
21.727 0.47965695931113733 -4.83033379729
21.726 0.47964478719387260 -4.83031738469
21.725 0.47963261493701564 -4.83030096871
21.724 0.47962044254054487 -4.83028454934
21.723 0.47960827000443867 -4.83026812660
21.722 0.47959609732867553 -4.83025170046
21.721 0.47958392451323373 -4.83023527095
21.720 0.47957175155809179 -4.83021883805
21.719 0.47955957846322816 -4.83020240176
21.718 0.47954740522862110 -4.83018596209
21.717 0.47953523185424918 -4.83016951904
21.716 0.47952305834009079 -4.83015307260
21.715 0.47951088468612418 -4.83013662277
21.714 0.47949871089232798 -4.83012016956
21.713 0.47948653695868043 -4.83010371296
21.712 0.47947436288515993 -4.83008725298
21.711 0.47946218867174500 -4.83007078960
21.710 0.47945001431841394 -4.83005432284
21.709 0.47943783982514515 -4.83003785270
21.708 0.47942566519191709 -4.83002137916
21.707 0.47941349041870812 -4.83000490224
21.706 0.47940131550549664 -4.82998842192
21.705 0.47938914045226100 -4.82997193822
21.704 0.47937696525897966 -4.82995545113
21.703 0.47936478992563092 -4.82993896065
21.702 0.47935261445219318 -4.82992246678
21.701 0.47934043883864486 -4.82990596952
21.700 0.47932826308496429 -4.82988946887
21.699 0.47931608719113000 -4.82987296482
21.698 0.47930391115712018 -4.82985645739
21.697 0.47929173498291322 -4.82983994656
21.696 0.47927955866848759 -4.82982343235
21.695 0.47926738221382159 -4.82980691474
21.694 0.47925520561889362 -4.82979039373
21.693 0.47924302888368209 -4.82977386934
21.692 0.47923085200816529 -4.82975734155
21.691 0.47921867499232157 -4.82974081037
21.690 0.47920649783612945 -4.82972427579
21.689 0.47919432053956706 -4.82970773782
21.688 0.47918214310261292 -4.82969119645
21.687 0.47916996552524538 -4.82967465169
21.686 0.47915778780744273 -4.82965810354
21.685 0.47914560994918332 -4.82964155199
21.684 0.47913343195044555 -4.82962499704
21.683 0.47912125381120774 -4.82960843869
21.682 0.47910907553144821 -4.82959187695
21.681 0.47909689711114545 -4.82957531182
21.680 0.47908471855027762 -4.82955874328
21.679 0.47907253984882314 -4.82954217135
21.678 0.47906036100676030 -4.82952559602
21.677 0.47904818202406757 -4.82950901730
21.676 0.47903600290072312 -4.82949243517
21.675 0.47902382363670543 -4.82947584964
21.674 0.47901164423199277 -4.82945926072
21.673 0.47899946468656340 -4.82944266840
21.672 0.47898728500039583 -4.82942607267
21.671 0.47897510517346825 -4.82940947355
21.670 0.47896292520575900 -4.82939287103
21.669 0.47895074509724639 -4.82937626510
21.668 0.47893856484790881 -4.82935965578
21.667 0.47892638445772451 -4.82934304305
21.666 0.47891420392667189 -4.82932642692
21.665 0.47890202325472914 -4.82930980739
21.664 0.47888984244187466 -4.82929318446
21.663 0.47887766148808675 -4.82927655812
21.662 0.47886548039334370 -4.82925992839
21.661 0.47885329915762392 -4.82924329524
21.660 0.47884111778090560 -4.82922665870
21.659 0.47882893626316708 -4.82921001875
21.658 0.47881675460438677 -4.82919337540
21.657 0.47880457280454275 -4.82917672864
21.656 0.47879239086361347 -4.82916007848
21.655 0.47878020878157723 -4.82914342491
21.654 0.47876802655841227 -4.82912676794
21.653 0.47875584419409689 -4.82911010756
21.652 0.47874366168860949 -4.82909344377
21.651 0.47873147904192814 -4.82907677658
21.650 0.47871929625403137 -4.82906010598
21.649 0.47870711332489735 -4.82904343198
21.648 0.47869493025450432 -4.82902675456
21.647 0.47868274704283070 -4.82901007374
21.646 0.47867056368985467 -4.82899338952
21.645 0.47865838019555451 -4.82897670188
21.644 0.47864619655990848 -4.82896001083
21.643 0.47863401278289497 -4.82894331638
21.642 0.47862182886449217 -4.82892661852
21.641 0.47860964480467832 -4.82890991724
21.640 0.47859746060343183 -4.82889321256
21.639 0.47858527626073083 -4.82887650447
21.638 0.47857309177655361 -4.82885979297
21.637 0.47856090715087846 -4.82884307805
21.636 0.47854872238368368 -4.82882635973
21.635 0.47853653747494751 -4.82880963799
21.634 0.47852435242464808 -4.82879291284
21.633 0.47851216723276385 -4.82877618428
21.632 0.47849998189927290 -4.82875945231
21.631 0.47848779642415368 -4.82874271692
21.630 0.47847561080738421 -4.82872597813
21.629 0.47846342504894301 -4.82870923591
21.628 0.47845123914880816 -4.82869249029
21.627 0.47843905310695783 -4.82867574125
21.626 0.47842686692337050 -4.82865898880
21.625 0.47841468059802417 -4.82864223293
21.624 0.47840249413089725 -4.82862547365
21.623 0.47839030752196793 -4.82860871095
21.622 0.47837812077121444 -4.82859194484
21.621 0.47836593387861498 -4.82857517531
21.620 0.47835374684414783 -4.82855840237
21.619 0.47834155966779124 -4.82854162601
21.618 0.47832937234952333 -4.82852484623
21.617 0.47831718488932246 -4.82850806303
21.616 0.47830499728716680 -4.82849127642
21.615 0.47829280954303460 -4.82847448639
21.614 0.47828062165690416 -4.82845769295
21.613 0.47826843362875343 -4.82844089608
21.612 0.47825624545856094 -4.82842409580
21.611 0.47824405714630475 -4.82840729210
21.610 0.47823186869196305 -4.82839048498
21.609 0.47821968009551419 -4.82837367444
21.608 0.47820749135693619 -4.82835686048
21.607 0.47819530247620740 -4.82834004310
21.606 0.47818311345330611 -4.82832322230
21.605 0.47817092428821029 -4.82830639808
21.604 0.47815873498089834 -4.82828957044
21.603 0.47814654553134828 -4.82827273937
21.602 0.47813435593953857 -4.82825590489
21.601 0.47812216620544717 -4.82823906698
21.600 0.47810997632905239 -4.82822222566
21.599 0.47809778631033240 -4.82820538091
21.598 0.47808559614926538 -4.82818853273
21.597 0.47807340584582958 -4.82817168114
21.596 0.47806121540000313 -4.82815482612
21.595 0.47804902481176420 -4.82813796768
21.594 0.47803683408109116 -4.82812110581
21.593 0.47802464320796190 -4.82810424052
21.592 0.47801245219235478 -4.82808737181
21.591 0.47800026103424803 -4.82807049967
21.590 0.47798806973361968 -4.82805362410
21.589 0.47797587829044796 -4.82803674512
21.588 0.47796368670471112 -4.82801986270
21.587 0.47795149497638734 -4.82800297686
21.586 0.47793930310545457 -4.82798608759
21.585 0.47792711109189123 -4.82796919490
21.584 0.47791491893567539 -4.82795229878
21.583 0.47790272663678524 -4.82793539923
21.582 0.47789053419519895 -4.82791849626
21.581 0.47787834161089460 -4.82790158986
21.580 0.47786614888385043 -4.82788468003
21.579 0.47785395601404457 -4.82786776677
21.578 0.47784176300145520 -4.82785085008
21.577 0.47782956984606051 -4.82783392997
21.576 0.47781737654783857 -4.82781700642
21.575 0.47780518310676751 -4.82780007945
21.574 0.47779298952282567 -4.82778314904
21.573 0.47778079579599098 -4.82776621521
21.572 0.47776860192624160 -4.82774927795
21.571 0.47775640791355584 -4.82773233725
21.570 0.47774421375791165 -4.82771539313
21.569 0.47773201945928734 -4.82769844557
21.568 0.47771982501766097 -4.82768149459
21.567 0.47770763043301068 -4.82766454017
21.566 0.47769543570531453 -4.82764758232
21.565 0.47768324083455083 -4.82763062103
21.564 0.47767104582069758 -4.82761365632
21.563 0.47765885066373293 -4.82759668817
21.562 0.47764665536363504 -4.82757971659
21.561 0.47763445992038195 -4.82756274157
21.560 0.47762226433395183 -4.82754576312
21.559 0.47761006860432292 -4.82752878124
21.558 0.47759787273147314 -4.82751179593
21.557 0.47758567671538071 -4.82749480717
21.556 0.47757348055602383 -4.82747781499
21.555 0.47756128425338046 -4.82746081937
21.554 0.47754908780742872 -4.82744382031
21.553 0.47753689121814680 -4.82742681782
21.552 0.47752469448551277 -4.82740981189
21.551 0.47751249760950482 -4.82739280253
21.550 0.47750030059010101 -4.82737578973
21.549 0.47748810342727932 -4.82735877349
21.548 0.47747590612101798 -4.82734175382
21.547 0.47746370867129512 -4.82732473070
21.546 0.47745151107808870 -4.82730770416
21.545 0.47743931334137696 -4.82729067417
21.544 0.47742711546113786 -4.82727364074
21.543 0.47741491743734960 -4.82725660388
21.542 0.47740271926999023 -4.82723956358
21.541 0.47739052095903778 -4.82722251984
21.540 0.47737832250447043 -4.82720547266
21.539 0.47736612390626620 -4.82718842204
21.538 0.47735392516440323 -4.82717136798
21.537 0.47734172627885951 -4.82715431048
21.536 0.47732952724961331 -4.82713724954
21.535 0.47731732807664246 -4.82712018516
21.534 0.47730512875992515 -4.82710311734
21.533 0.47729292929943956 -4.82708604607
21.532 0.47728072969516355 -4.82706897137
21.531 0.47726852994707530 -4.82705189322
21.530 0.47725633005515300 -4.82703481163
21.529 0.47724413001937438 -4.82701772660
21.528 0.47723192983971791 -4.82700063813
21.527 0.47721972951616137 -4.82698354622
21.526 0.47720752904868285 -4.82696645086
21.525 0.47719532843726054 -4.82694935206
21.524 0.47718312768187232 -4.82693224981
21.523 0.47717092678249640 -4.82691514412
21.522 0.47715872573911083 -4.82689803499
21.521 0.47714652455169354 -4.82688092241
21.520 0.47713432322022270 -4.82686380639
21.519 0.47712212174467622 -4.82684668692
21.518 0.47710992012503234 -4.82682956401
21.517 0.47709771836126891 -4.82681243765
21.516 0.47708551645336400 -4.82679530785
21.515 0.47707331440129580 -4.82677817460
21.514 0.47706111220504216 -4.82676103790
21.513 0.47704890986458137 -4.82674389776
21.512 0.47703670737989118 -4.82672675417
21.511 0.47702450475094971 -4.82670960713
21.510 0.47701230197773509 -4.82669245665
21.509 0.47700009906022522 -4.82667530272
21.508 0.47698789599839825 -4.82665814534
21.507 0.47697569279223206 -4.82664098451
21.506 0.47696348944170480 -4.82662382024
21.505 0.47695128594679442 -4.82660665251
21.504 0.47693908230747906 -4.82658948134
21.503 0.47692687852373655 -4.82657230672
21.502 0.47691467459554499 -4.82655512864
21.501 0.47690247052288248 -4.82653794712
