52.557 0.86831414223786196 0.032896 -0.017793 -0.1458212
52.55701 0.86831429921738290 0.0328959 -0.0177931 -0.1458212
52.55702 0.86831445619694714 0.0328958 -0.0177932 -0.1458212
52.55703 0.86831461317655456 0.0328957 -0.0177932 -0.1458213
52.55704 0.86831477015620506 0.0328956 -0.0177933 -0.1458213
52.55705 0.86831492713589886 0.0328955 -0.0177934 -0.1458213
52.55706 0.86831508411563574 0.0328954 -0.0177934 -0.1458214
52.55707 0.86831524109541591 0.0328953 -0.0177935 -0.1458214
52.55708 0.86831539807523916 0.0328952 -0.0177936 -0.1458214
52.55709 0.86831555505510560 0.0328951 -0.0177937 -0.1458214
52.55710 0.86831571203501523 0.032895 -0.0177937 -0.1458215
52.55711 0.86831586901496804 0.0328949 -0.0177938 -0.1458215
52.55712 0.86831602599496405 0.0328948 -0.0177939 -0.1458215
52.55713 0.86831618297500324 0.0328947 -0.017794 -0.1458216
52.55714 0.86831633995508561 0.0328946 -0.017794 -0.1458216
52.55715 0.86831649693521129 0.0328946 -0.0177941 -0.1458216
52.55716 0.86831665391537993 0.0328945 -0.0177942 -0.1458217
52.55717 0.86831681089559187 0.0328944 -0.0177942 -0.1458217
52.55718 0.86831696787584700 0.0328943 -0.0177943 -0.1458217
52.55719 0.86831712485614521 0.0328942 -0.0177944 -0.1458218
52.55720 0.86831728183648671 0.0328941 -0.0177945 -0.1458218
52.55721 0.86831743881687129 0.032894 -0.0177945 -0.1458218
52.55722 0.86831759579729917 0.0328939 -0.0177946 -0.1458219
52.55723 0.86831775277777001 0.0328938 -0.0177947 -0.1458219
52.55724 0.86831790975828438 0.0328937 -0.0177948 -0.1458219
52.55725 0.86831806673884171 0.0328936 -0.0177948 -0.1458219
52.55726 0.86831822371944234 0.0328935 -0.0177949 -0.145822
52.55727 0.86831838070008605 0.0328934 -0.017795 -0.145822
52.55728 0.86831853768077283 0.0328933 -0.017795 -0.145822
52.55729 0.86831869466150291 0.0328933 -0.0177951 -0.1458221
52.55730 0.86831885164227607 0.0328932 -0.0177952 -0.1458221
52.55731 0.86831900862309264 0.0328931 -0.0177953 -0.1458221
52.55732 0.86831916560395217 0.032893 -0.0177953 -0.1458222
52.55733 0.86831932258485511 0.0328929 -0.0177954 -0.1458222
52.55734 0.86831947956580091 0.0328928 -0.0177955 -0.1458222
52.55735 0.86831963654679001 0.0328927 -0.0177955 -0.1458223
52.55736 0.86831979352782240 0.0328926 -0.0177956 -0.1458223
52.55737 0.86831995050889776 0.0328925 -0.0177957 -0.1458223
52.55738 0.86832010749001665 0.0328924 -0.0177958 -0.1458224
52.55739 0.86832026447117838 0.0328923 -0.0177958 -0.1458224
52.55740 0.86832042145238364 0.0328922 -0.0177959 -0.1458224
52.55741 0.86832057843363175 0.0328921 -0.017796 -0.1458224
52.55742 0.86832073541492316 0.032892 -0.0177961 -0.1458225
52.55743 0.86832089239625776 0.032892 -0.0177961 -0.1458225
52.55744 0.86832104937763555 0.0328919 -0.0177962 -0.1458225
52.55745 0.86832120635905652 0.0328918 -0.0177963 -0.1458226
52.55746 0.86832136334052068 0.0328917 -0.0177963 -0.1458226
52.55747 0.86832152032202803 0.0328916 -0.0177964 -0.1458226
52.55748 0.86832167730357857 0.0328915 -0.0177965 -0.1458227
52.55749 0.86832183428517229 0.0328914 -0.0177966 -0.1458227
52.55750 0.86832199126680898 0.0328913 -0.0177966 -0.1458227
52.55751 0.86832214824848908 0.0328912 -0.0177967 -0.1458228
52.55752 0.86832230523021225 0.0328911 -0.0177968 -0.1458228
52.55753 0.86832246221197873 0.032891 -0.0177969 -0.1458228
52.55754 0.86832261919378839 0.0328909 -0.0177969 -0.1458229
52.55755 0.86832277617564113 0.0328908 -0.017797 -0.1458229
52.55756 0.86832293315753717 0.0328907 -0.0177971 -0.1458229
52.55757 0.86832309013947617 0.0328907 -0.0177971 -0.1458229
52.55758 0.86832324712145847 0.0328906 -0.0177972 -0.145823
52.55759 0.86832340410348396 0.0328905 -0.0177973 -0.145823
52.55760 0.86832356108555264 0.0328904 -0.0177974 -0.145823
52.55761 0.86832371806766440 0.0328903 -0.0177974 -0.1458231
52.55762 0.86832387504981945 0.0328902 -0.0177975 -0.1458231
52.55763 0.86832403203201780 0.0328901 -0.0177976 -0.1458231
52.55764 0.86832418901425912 0.03289 -0.0177977 -0.1458232
52.55765 0.86832434599654373 0.0328899 -0.0177977 -0.1458232
52.55766 0.86832450297887154 0.0328898 -0.0177978 -0.1458232
52.55767 0.86832465996124253 0.0328897 -0.0177979 -0.1458233
52.55768 0.86832481694365649 0.0328896 -0.0177979 -0.1458233
52.55769 0.86832497392611396 0.0328895 -0.017798 -0.1458233
52.55770 0.86832513090861441 0.0328894 -0.0177981 -0.1458234
52.55771 0.86832528789115804 0.0328893 -0.0177982 -0.1458234
52.55772 0.86832544487374497 0.0328893 -0.0177982 -0.1458234
52.55773 0.86832560185637497 0.0328892 -0.0177983 -0.1458234
52.55774 0.86832575883904839 0.0328891 -0.0177984 -0.1458235
52.55775 0.86832591582176455 0.032889 -0.0177985 -0.1458235
52.55776 0.86832607280452423 0.0328889 -0.0177985 -0.1458235
52.55777 0.86832622978732699 0.0328888 -0.0177986 -0.1458236
52.55778 0.86832638677017293 0.0328887 -0.0177987 -0.1458236
52.55779 0.86832654375306195 0.0328886 -0.0177987 -0.1458236
52.55780 0.86832670073599438 0.0328885 -0.0177988 -0.1458237
52.55781 0.86832685771897000 0.0328884 -0.0177989 -0.1458237
52.55782 0.86832701470198859 0.0328883 -0.017799 -0.1458237
52.55783 0.86832717168505025 0.0328882 -0.017799 -0.1458238
52.55784 0.86832732866815543 0.0328881 -0.0177991 -0.1458238
52.55785 0.86832748565130358 0.032888 -0.0177992 -0.1458238
52.55786 0.86832764263449491 0.032888 -0.0177993 -0.1458239
52.55787 0.86832779961772955 0.0328879 -0.0177993 -0.1458239
52.55788 0.86832795660100726 0.0328878 -0.0177994 -0.1458239
52.55789 0.86832811358432826 0.0328877 -0.0177995 -0.1458239
52.55790 0.86832827056769235 0.0328876 -0.0177995 -0.145824
52.55791 0.86832842755109974 0.0328875 -0.0177996 -0.145824
52.55792 0.86832858453455031 0.0328874 -0.0177997 -0.145824
52.55793 0.86832874151804396 0.0328873 -0.0177998 -0.1458241
52.55794 0.86832889850158090 0.0328872 -0.0177998 -0.1458241
52.55795 0.86832905548516093 0.0328871 -0.0177999 -0.1458241
52.55796 0.86832921246878414 0.032887 -0.0178 -0.1458242
52.55797 0.86832936945245054 0.0328869 -0.0178001 -0.1458242
52.55798 0.86832952643616013 0.0328868 -0.0178001 -0.1458242
52.5579801 0.86832952800599750 0.0328868 -0.0178001 -0.1458242
52.5579802 0.86832952957583476 0.0328868 -0.0178001 -0.1458242
52.5579803 0.86832953114567213 0.0328868 -0.0178001 -0.1458242
52.5579804 0.86832953271550939 0.0328868 -0.0178001 -0.1458242
52.5579805 0.86832953428534676 0.0328868 -0.0178001 -0.1458242
52.5579806 0.86832953585518413 0.0328868 -0.0178001 -0.1458242
52.5579807 0.86832953742502150 0.0328868 -0.0178001 -0.1458242
52.5579808 0.86832953899485887 0.0328868 -0.0178001 -0.1458242
52.5579809 0.86832954056469613 0.0328868 -0.0178001 -0.1458242
52.5579810 0.86832954213453351 0.0328868 -0.0178001 -0.1458242
52.5579811 0.86832954370437088 0.0328868 -0.0178001 -0.1458242
52.5579812 0.86832954527420814 0.0328868 -0.0178001 -0.1458242
52.5579813 0.86832954684404540 0.0328868 -0.0178001 -0.1458242
52.5579814 0.86832954841388288 0.0328868 -0.0178001 -0.1458242
52.5579815 0.86832954998372014 0.0328868 -0.0178001 -0.1458242
52.5579816 0.86832955155355751 0.0328868 -0.0178001 -0.1458242
52.5579817 0.86832955312339499 0.0328868 -0.0178001 -0.1458242
52.5579818 0.86832955469323236 0.0328868 -0.0178001 -0.1458242
52.5579819 0.86832955626306985 0.0328868 -0.0178001 -0.1458242
52.5579820 0.86832955783290711 0.0328868 -0.0178001 -0.1458242
52.5579821 0.86832955940274448 0.0328868 -0.0178001 -0.1458242
52.5579822 0.86832956097258196 0.0328868 -0.0178001 -0.1458242
52.5579823 0.86832956254241944 0.0328868 -0.0178001 -0.1458242
52.5579824 0.86832956411225681 0.0328868 -0.0178001 -0.1458242
52.5579825 0.86832956568209430 0.0328868 -0.0178001 -0.1458242
52.5579826 0.86832956725193167 0.0328868 -0.0178001 -0.1458242
52.5579827 0.86832956882176904 0.0328868 -0.0178001 -0.1458242
52.5579828 0.86832957039160652 0.0328868 -0.0178001 -0.1458242
52.5579829 0.86832957196144400 0.0328868 -0.0178001 -0.1458242
52.5579830 0.86832957353128148 0.0328868 -0.0178001 -0.1458242
52.5579831 0.86832957510111886 0.0328868 -0.0178001 -0.1458242
52.5579832 0.86832957667095634 0.0328868 -0.0178001 -0.1458242
52.5579833 0.86832957824079371 0.0328868 -0.0178001 -0.1458242
52.5579834 0.86832957981063119 0.0328868 -0.0178001 -0.1458242
52.5579835 0.86832958138046867 0.0328868 -0.0178001 -0.1458242
52.5579836 0.86832958295030616 0.0328868 -0.0178002 -0.1458242
52.5579837 0.86832958452014364 0.0328868 -0.0178002 -0.1458242
52.5579838 0.86832958608998112 0.0328868 -0.0178002 -0.1458242
52.5579839 0.86832958765981860 0.0328868 -0.0178002 -0.1458242
52.5579840 0.86832958922965597 0.0328868 -0.0178002 -0.1458242
52.5579841 0.86832959079949357 0.0328868 -0.0178002 -0.1458242
52.5579842 0.86832959236933094 0.0328868 -0.0178002 -0.1458242
52.5579843 0.86832959393916853 0.0328868 -0.0178002 -0.1458242
52.5579844 0.86832959550900601 0.0328868 -0.0178002 -0.1458242
52.5579845 0.86832959707884361 0.0328868 -0.0178002 -0.1458242
52.5579846 0.86832959864868098 0.0328868 -0.0178002 -0.1458242
52.5579847 0.86832960021851857 0.0328868 -0.0178002 -0.1458242
52.5579848 0.86832960178835605 0.0328868 -0.0178002 -0.1458242
52.5579849 0.86832960335819365 0.0328868 -0.0178002 -0.1458242
52.5579850 0.86832960492803113 0.0328868 -0.0178002 -0.1458242
52.5579851 0.86832960649786872 0.0328868 -0.0178002 -0.1458242
52.5579852 0.86832960806770620 0.0328868 -0.0178002 -0.1458242
52.5579853 0.86832960963754380 0.0328868 -0.0178002 -0.1458242
52.5579854 0.86832961120738128 0.0328868 -0.0178002 -0.1458242
52.5579855 0.86832961277721887 0.0328868 -0.0178002 -0.1458242
52.5579856 0.86832961434705647 0.0328868 -0.0178002 -0.1458242
52.5579857 0.86832961591689395 0.0328868 -0.0178002 -0.1458242
52.5579858 0.86832961748673143 0.0328868 -0.0178002 -0.1458242
52.5579859 0.86832961905656902 0.0328868 -0.0178002 -0.1458242
52.5579860 0.86832962062640673 0.0328868 -0.0178002 -0.1458242
52.5579861 0.86832962219624399 0.0328868 -0.0178002 -0.1458242
52.5579862 0.86832962376608169 0.0328868 -0.0178002 -0.1458242
52.5579863 0.86832962533591929 0.0328868 -0.0178002 -0.1458242
52.5579864 0.86832962690575677 0.0328868 -0.0178002 -0.1458242
52.5579865 0.86832962847559436 0.0328868 -0.0178002 -0.1458242
52.5579866 0.86832963004543195 0.0328868 -0.0178002 -0.1458242
52.5579867 0.86832963161526966 0.0328868 -0.0178002 -0.1458242
52.5579868 0.86832963318510725 0.0328868 -0.0178002 -0.1458242
52.5579869 0.86832963475494485 0.0328868 -0.0178002 -0.1458242
52.5579870 0.86832963632478244 0.0328868 -0.0178002 -0.1458242
52.5579871 0.86832963789462014 0.0328868 -0.0178002 -0.1458242
52.5579872 0.86832963946445763 0.0328868 -0.0178002 -0.1458242
52.5579873 0.86832964103429533 0.0328868 -0.0178002 -0.1458242
52.5579874 0.86832964260413303 0.0328868 -0.0178002 -0.1458242
52.5579875 0.86832964417397063 0.0328868 -0.0178002 -0.1458242
52.5579876 0.86832964574380822 0.0328868 -0.0178002 -0.1458242
52.5579877 0.86832964731364592 0.0328868 -0.0178002 -0.1458242
52.5579878 0.86832964888348352 0.0328868 -0.0178002 -0.1458242
52.5579879 0.86832965045332122 0.0328868 -0.0178002 -0.1458242
52.5579880 0.86832965202315882 0.0328868 -0.0178002 -0.1458242
52.5579881 0.86832965359299663 0.0328868 -0.0178002 -0.1458242
52.5579882 0.86832965516283422 0.0328868 -0.0178002 -0.1458242
52.5579883 0.86832965673267182 0.0328868 -0.0178002 -0.1458242
52.5579884 0.86832965830250952 0.0328868 -0.0178002 -0.1458243
52.5579885 0.86832965987234711 0.0328868 -0.0178002 -0.1458243
52.5579886 0.86832966144218482 0.0328868 -0.0178002 -0.1458243
52.5579887 0.86832966301202252 0.0328868 -0.0178002 -0.1458243
52.5579888 0.86832966458186023 0.0328868 -0.0178002 -0.1458243
52.5579889 0.86832966615169793 0.0328868 -0.0178002 -0.1458243
52.5579890 0.86832966772153564 0.0328868 -0.0178002 -0.1458243
52.5579891 0.86832966929137334 0.0328868 -0.0178002 -0.1458243
52.5579892 0.86832967086121104 0.0328868 -0.0178002 -0.1458243
52.5579893 0.86832967243104886 0.0328868 -0.0178002 -0.1458243
52.5579894 0.86832967400088645 0.0328868 -0.0178002 -0.1458243
52.5579895 0.86832967557072416 0.0328868 -0.0178002 -0.1458243
52.5579896 0.86832967714056197 0.0328868 -0.0178002 -0.1458243
52.5579897 0.86832967871039968 0.0328868 -0.0178002 -0.1458243
52.5579898 0.86832968028023749 0.0328868 -0.0178002 -0.1458243
52.5579899 0.86832968185007520 0.0328867 -0.0178002 -0.1458243
