52.557 0.86831414223786196 -4.85362738421
52.55701 0.86831429921738290 -4.85362729294
52.55702 0.86831445619694714 -4.85362720167
52.55703 0.86831461317655456 -4.85362711040
52.55704 0.86831477015620506 -4.85362701913
52.55705 0.86831492713589886 -4.85362692786
52.55706 0.86831508411563574 -4.85362683659
52.55707 0.86831524109541591 -4.85362674532
52.55708 0.86831539807523916 -4.85362665404
52.55709 0.86831555505510560 -4.85362656277
52.55710 0.86831571203501523 -4.85362647150
52.55711 0.86831586901496804 -4.85362638023
52.55712 0.86831602599496405 -4.85362628896
52.55713 0.86831618297500324 -4.85362619769
52.55714 0.86831633995508561 -4.85362610642
52.55715 0.86831649693521129 -4.85362601514
52.55716 0.86831665391537993 -4.85362592387
52.55717 0.86831681089559187 -4.85362583260
52.55718 0.86831696787584700 -4.85362574133
52.55719 0.86831712485614521 -4.85362565005
52.55720 0.86831728183648671 -4.85362555878
52.55721 0.86831743881687129 -4.85362546751
52.55722 0.86831759579729917 -4.85362537624
52.55723 0.86831775277777001 -4.85362528496
52.55724 0.86831790975828438 -4.85362519369
52.55725 0.86831806673884171 -4.85362510242
52.55726 0.86831822371944234 -4.85362501114
52.55727 0.86831838070008605 -4.85362491987
52.55728 0.86831853768077283 -4.85362482860
52.55729 0.86831869466150291 -4.85362473732
52.55730 0.86831885164227607 -4.85362464605
52.55731 0.86831900862309264 -4.85362455477
52.55732 0.86831916560395217 -4.85362446350
52.55733 0.86831932258485511 -4.85362437222
52.55734 0.86831947956580091 -4.85362428095
52.55735 0.86831963654679001 -4.85362418967
52.55736 0.86831979352782240 -4.85362409840
52.55737 0.86831995050889776 -4.85362400712
52.55738 0.86832010749001665 -4.85362391585
52.55739 0.86832026447117838 -4.85362382457
52.55740 0.86832042145238364 -4.85362373330
52.55741 0.86832057843363175 -4.85362364202
52.55742 0.86832073541492316 -4.85362355075
52.55743 0.86832089239625776 -4.85362345947
52.55744 0.86832104937763555 -4.85362336820
52.55745 0.86832120635905652 -4.85362327692
52.55746 0.86832136334052068 -4.85362318564
52.55747 0.86832152032202803 -4.85362309437
52.55748 0.86832167730357857 -4.85362300309
52.55749 0.86832183428517229 -4.85362291181
52.55750 0.86832199126680898 -4.85362282054
52.55751 0.86832214824848908 -4.85362272926
52.55752 0.86832230523021225 -4.85362263798
52.55753 0.86832246221197873 -4.85362254670
52.55754 0.86832261919378839 -4.85362245543
52.55755 0.86832277617564113 -4.85362236415
52.55756 0.86832293315753717 -4.85362227287
52.55757 0.86832309013947617 -4.85362218159
52.55758 0.86832324712145847 -4.85362209032
52.55759 0.86832340410348396 -4.85362199904
52.55760 0.86832356108555264 -4.85362190776
52.55761 0.86832371806766440 -4.85362181648
52.55762 0.86832387504981945 -4.85362172520
52.55763 0.86832403203201780 -4.85362163392
52.55764 0.86832418901425912 -4.85362154264
52.55765 0.86832434599654373 -4.85362145137
52.55766 0.86832450297887154 -4.85362136009
52.55767 0.86832465996124253 -4.85362126881
52.55768 0.86832481694365649 -4.85362117753
52.55769 0.86832497392611396 -4.85362108625
52.55770 0.86832513090861441 -4.85362099497
52.55771 0.86832528789115804 -4.85362090369
52.55772 0.86832544487374497 -4.85362081241
52.55773 0.86832560185637497 -4.85362072113
52.55774 0.86832575883904839 -4.85362062985
52.55775 0.86832591582176455 -4.85362053857
52.55776 0.86832607280452423 -4.85362044729
52.55777 0.86832622978732699 -4.85362035601
52.55778 0.86832638677017293 -4.85362026473
52.55779 0.86832654375306195 -4.85362017345
52.55780 0.86832670073599438 -4.85362008216
52.55781 0.86832685771897000 -4.85361999088
52.55782 0.86832701470198859 -4.85361989960
52.55783 0.86832717168505025 -4.85361980832
52.55784 0.86832732866815543 -4.85361971704
52.55785 0.86832748565130358 -4.85361962576
52.55786 0.86832764263449491 -4.85361953447
52.55787 0.86832779961772955 -4.85361944319
52.55788 0.86832795660100726 -4.85361935191
52.55789 0.86832811358432826 -4.85361926063
52.55790 0.86832827056769235 -4.85361916935
52.55791 0.86832842755109974 -4.85361907806
52.55792 0.86832858453455031 -4.85361898678
52.55793 0.86832874151804396 -4.85361889550
52.55794 0.86832889850158090 -4.85361880421
52.55795 0.86832905548516093 -4.85361871293
52.55796 0.86832921246878414 -4.85361862165
52.55797 0.86832936945245054 -4.85361853036
52.55798 0.86832952643616013 -4.85361843908
52.5579801 0.86832952800599750 -4.85361843817
52.5579802 0.86832952957583476 -4.85361843725
52.5579803 0.86832953114567213 -4.85361843634
52.5579804 0.86832953271550939 -4.85361843543
52.5579805 0.86832953428534676 -4.85361843452
52.5579806 0.86832953585518413 -4.85361843360
52.5579807 0.86832953742502150 -4.85361843269
52.5579808 0.86832953899485887 -4.85361843178
52.5579809 0.86832954056469613 -4.85361843086
52.5579810 0.86832954213453351 -4.85361842995
52.5579811 0.86832954370437088 -4.85361842904
52.5579812 0.86832954527420814 -4.85361842813
52.5579813 0.86832954684404540 -4.85361842721
52.5579814 0.86832954841388288 -4.85361842630
52.5579815 0.86832954998372014 -4.85361842539
52.5579816 0.86832955155355751 -4.85361842447
52.5579817 0.86832955312339499 -4.85361842356
52.5579818 0.86832955469323236 -4.85361842265
52.5579819 0.86832955626306985 -4.85361842174
52.5579820 0.86832955783290711 -4.85361842082
52.5579821 0.86832955940274448 -4.85361841991
52.5579822 0.86832956097258196 -4.85361841900
52.5579823 0.86832956254241944 -4.85361841808
52.5579824 0.86832956411225681 -4.85361841717
52.5579825 0.86832956568209430 -4.85361841626
52.5579826 0.86832956725193167 -4.85361841535
52.5579827 0.86832956882176904 -4.85361841443
52.5579828 0.86832957039160652 -4.85361841352
52.5579829 0.86832957196144400 -4.85361841261
52.5579830 0.86832957353128148 -4.85361841170
52.5579831 0.86832957510111886 -4.85361841078
52.5579832 0.86832957667095634 -4.85361840987
52.5579833 0.86832957824079371 -4.85361840896
52.5579834 0.86832957981063119 -4.85361840804
52.5579835 0.86832958138046867 -4.85361840713
52.5579836 0.86832958295030616 -4.85361840622
52.5579837 0.86832958452014364 -4.85361840531
52.5579838 0.86832958608998112 -4.85361840439
52.5579839 0.86832958765981860 -4.85361840348
52.5579840 0.86832958922965597 -4.85361840257
52.5579841 0.86832959079949357 -4.85361840165
52.5579842 0.86832959236933094 -4.85361840074
52.5579843 0.86832959393916853 -4.85361839983
52.5579844 0.86832959550900601 -4.85361839892
52.5579845 0.86832959707884361 -4.85361839800
52.5579846 0.86832959864868098 -4.85361839709
52.5579847 0.86832960021851857 -4.85361839618
52.5579848 0.86832960178835605 -4.85361839526
52.5579849 0.86832960335819365 -4.85361839435
52.5579850 0.86832960492803113 -4.85361839344
52.5579851 0.86832960649786872 -4.85361839253
52.5579852 0.86832960806770620 -4.85361839161
52.5579853 0.86832960963754380 -4.85361839070
52.5579854 0.86832961120738128 -4.85361838979
52.5579855 0.86832961277721887 -4.85361838887
52.5579856 0.86832961434705647 -4.85361838796
52.5579857 0.86832961591689395 -4.85361838705
52.5579858 0.86832961748673143 -4.85361838614
52.5579859 0.86832961905656902 -4.85361838522
52.5579860 0.86832962062640673 -4.85361838431
52.5579861 0.86832962219624399 -4.85361838340
52.5579862 0.86832962376608169 -4.85361838248
52.5579863 0.86832962533591929 -4.85361838157
52.5579864 0.86832962690575677 -4.85361838066
52.5579865 0.86832962847559436 -4.85361837975
52.5579866 0.86832963004543195 -4.85361837883
52.5579867 0.86832963161526966 -4.85361837792
52.5579868 0.86832963318510725 -4.85361837701
52.5579869 0.86832963475494485 -4.85361837609
52.5579870 0.86832963632478244 -4.85361837518
52.5579871 0.86832963789462014 -4.85361837427
52.5579872 0.86832963946445763 -4.85361837336
52.5579873 0.86832964103429533 -4.85361837244
52.5579874 0.86832964260413303 -4.85361837153
52.5579875 0.86832964417397063 -4.85361837062
52.5579876 0.86832964574380822 -4.85361836970
52.5579877 0.86832964731364592 -4.85361836879
52.5579878 0.86832964888348352 -4.85361836788
52.5579879 0.86832965045332122 -4.85361836697
52.5579880 0.86832965202315882 -4.85361836605
52.5579881 0.86832965359299663 -4.85361836514
52.5579882 0.86832965516283422 -4.85361836423
52.5579883 0.86832965673267182 -4.85361836331
52.5579884 0.86832965830250952 -4.85361836240
52.5579885 0.86832965987234711 -4.85361836149
52.5579886 0.86832966144218482 -4.85361836058
52.5579887 0.86832966301202252 -4.85361835966
52.5579888 0.86832966458186023 -4.85361835875
52.5579889 0.86832966615169793 -4.85361835784
52.5579890 0.86832966772153564 -4.85361835692
52.5579891 0.86832966929137334 -4.85361835601
52.5579892 0.86832967086121104 -4.85361835510
52.5579893 0.86832967243104886 -4.85361835419
52.5579894 0.86832967400088645 -4.85361835327
52.5579895 0.86832967557072416 -4.85361835236
52.5579896 0.86832967714056197 -4.85361835145
52.5579897 0.86832967871039968 -4.85361835053
52.5579898 0.86832968028023749 -4.85361834962
52.5579899 0.86832968185007520 -4.85361834871
