   84.750000000000000        2.5066432657105051       -4.3150158178700000     
   84.500000000000000        2.4486760461856742       -4.3811991064200004     
   84.250000000000000        2.3945089138952178       -4.4410630302199996     
   84.000000000000000        2.3437412473608381       -4.4952687425100004     
   83.750000000000000        2.2960291063410230       -4.5443813476799999     
   83.500000000000000        2.2510753219802888       -4.5888873506900003     
   83.250000000000000        2.2086216254199424       -4.6292084214899996     
   83.000000000000000        2.1684423371644423       -4.6657123485999996     
   82.750000000000000        2.1303392641794385       -4.6987218266999999     
   82.500000000000000        2.0941375407372735       -4.7285215595399999     
   82.250000000000000        2.0596822134404817       -4.7553640414400000     
   82.000000000000000        2.0268354180156947       -4.7794742940399999     
   81.750000000000000        1.9954740303864316       -4.8010537712100003     
   81.500000000000000        1.9654877006520655       -4.8202835973199996     
   81.250000000000000        1.9367771983277440       -4.8373272678900001     
   81.000000000000000        1.9092530122354845       -4.8523329142399998     
   80.750000000000000        1.8828341599932619       -4.8654352129899996     
   80.500000000000000        1.8574471710024862       -4.8767570043699999     
   80.250000000000000        1.8330252138232914       -4.8864106712600002     
   80.000000000000000        1.8095073443210954       -4.8944993203299996     
   79.750000000000000        1.7868378553155890       -4.9011177993999997     
   79.500000000000000        1.7649657119256603       -4.9063535781000001     
   79.250000000000000        1.7438440595774944       -4.9102875147600002     
   79.000000000000000        1.7234297938777567       -4.9129945280299996     
   78.750000000000000        1.7036831833639368       -4.9145441886299999     
   78.500000000000000        1.6845675376176648       -4.9150012442600000     
   78.250000000000000        1.6660489144325314       -4.9144260885500000     
   78.000000000000000        1.6480958607190197       -4.9128751836499998     
   77.750000000000000        1.6306791826473761       -4.9104014445099997     
   77.500000000000000        1.6137717412076256       -4.9070545927199998     
   77.250000000000000        1.5973482699307082       -4.9028814868700001     
   77.000000000000000        1.5813852119866876       -4.8979264365999997     
   76.750000000000000        1.5658605742718710       -4.8922315080400001     
   76.500000000000000        1.5507537964299845       -4.8858368296699997     
   76.250000000000000        1.5360456330340897       -4.8787809084799996     
   76.000000000000000        1.5217180473945009       -4.8711009711999997     
   75.750000000000000        1.5077541156608558       -4.8628333489099997     
   75.500000000000000        1.4941379400594756       -4.8540139316099999     
   75.250000000000000        1.4808545702551064       -4.8446787314900002     
   75.000000000000000        1.4678899319530556       -4.8348646125999997     
   74.750000000000000        1.4552307619668963       -4.8246102740300003     
   74.500000000000000        1.4428645490710084       -4.8139576206600001     
   74.250000000000000        1.4307794800386300       -4.8029537274800003     
   74.000000000000000        1.4189643903365978       -4.7916537127299996     
   73.750000000000000        1.4074087190092159       -4.7801249900000000     
   73.500000000000000        1.3961024673370386       -4.7684535666099999     
   73.250000000000000        1.3850361609029067       -4.7567532544300004     
   73.000000000000000        1.3742008147382716       -4.7451787873900004     
   72.750000000000000        1.3635879012585173       -4.7339439644999999     
   72.500000000000000        1.3531893207273342       -4.7233468532099998     
   72.250000000000000        1.3429973740177321       -4.7138081821600002     
   72.000000000000000        1.3330047374615932       -4.7059399762499998     
   71.750000000000000        1.3232044396011293       -4.7006733090699999     
   71.500000000000000        1.3135898396745678       -4.6993119346099999     
   71.250000000000000        1.3041546076852373       -4.7023152002700002     
   71.000000000000000        1.2948927059181552       -4.7080247809499998     
   70.750000000000000        1.2857983717814927       -4.7149161388699996     
   70.500000000000000        1.2768661018621295       -4.7222728723599996     
   70.250000000000000        1.2680906370950717       -4.7297605187700000     
   70.000000000000000        1.2594669489559134       -4.7372079336899997     
   69.750000000000000        1.2509902265939778       -4.7445211099900000     
   69.500000000000000        1.2426558648313226       -4.7516461063900000     
   69.250000000000000        1.2344594529595776       -4.7585513993099999     
   69.000000000000000        1.2263967642726714       -4.7652187503799999     
   68.750000000000000        1.2184637462790018       -4.7716381548099998     
   68.500000000000000        1.2106565115415191       -4.7778048926899999     
   68.250000000000000        1.2029713290986654       -4.7837177301000002     
   68.000000000000000        1.1954046164231349       -4.7893777807199998     
   67.750000000000000        1.1879529318790409       -4.7947877628000004     
   67.500000000000000        1.1806129676413906       -4.7999515012799998     
   67.250000000000000        1.1733815430447392       -4.8048735867700003     
   67.000000000000000        1.1662555983306084       -4.8095591374000000     
   66.750000000000000        1.1592321887657087       -4.8140136298099998     
   66.500000000000000        1.1523084791052536       -4.8182427776500001     
   66.250000000000000        1.1454817383776770       -4.8222524430900000     
   66.000000000000000        1.1387493349689228       -4.8260485719500004     
   65.750000000000000        1.1321087319861824       -4.8296371456399996     
   65.500000000000000        1.1255574828824770       -4.8330241455699996     
   65.250000000000000        1.1190932273249123       -4.8362155265100002     
   65.000000000000000        1.1127136872907215       -4.8392171968700000     
   64.750000000000000        1.1064166633763877       -4.8420350039500004     
   64.500000000000000        1.1002000313062268       -4.8446747231199998     
   64.250000000000000        1.0940617386278098       -4.8471420498700004     
   64.000000000000000        1.0879998015825072       -4.8494425942000001     
   63.750000000000000        1.0820123021402799       -4.8515818766100001     
   63.500000000000000        1.0760973851886237       -4.8535653255300000     
   63.250000000000000        1.0702532558662603       -4.8553982757299998     
   63.000000000000000        1.0644781770328475       -4.8570859675199998     
   62.750000000000000        1.0587704668665670       -4.8586335465900001     
   62.500000000000000        1.0531284965820111       -4.8600460642699996     
   62.250000000000000        1.0475506882612993       -4.8613284782099999     
   62.000000000000000        1.0420355127918348       -4.8624856532500003     
   61.750000000000000        1.0365814879045478       -4.8635223626000004     
   61.500000000000000        1.0311871763068714       -4.8644432890699996     
   61.250000000000000        1.0258511839050852       -4.8652530264099996     
   61.000000000000000        1.0205721581109972       -4.8659560807900002     
   60.750000000000000        1.0153487862282633       -4.8665568722300003     
   60.500000000000000        1.0101797939139427       -4.8670597360999999     
   60.250000000000000        1.0050639437111659       -4.8674689246099998     
   60.000000000000000        1.0000000336490449       -4.8677886082799997     
   59.750000000000000       0.99498689590620693       -4.8680228773599996     
   59.500000000000000       0.99002339553454166       -4.8681757432700001     
   59.250000000000000       0.98510842923997155       -4.8682511399499999     
   59.000000000000000       0.98024092421724396       -4.8682529251700002     
   58.750000000000000       0.97541983703592194       -4.8681848818000004     
   58.500000000000000       0.97064415257492132       -4.8680507190600002     
   58.250000000000000       0.96591288300310196       -4.8678540736100002     
   58.000000000000000       0.96122506680355879       -4.8675985106899997     
   57.750000000000000       0.95657976783940157       -4.8672875251600001     
   57.500000000000000       0.95197607445894206       -4.8669245424599996     
   57.250000000000000       0.94741309863831702       -4.8665129195099999     
   57.000000000000000       0.94288997515969897       -4.8660559456200003     
   56.750000000000000       0.93840586082334254       -4.8655568432100003     
   56.500000000000000       0.93395993369181618       -4.8650187685999997     
   56.250000000000000       0.92955139236486140       -4.8644448126700004     
   56.000000000000000       0.92517945528340284       -4.8638380014599996     
   55.750000000000000       0.92084336006132139       -4.8632012967199998     
   55.500000000000000       0.91654236284366797       -4.8625375964300002     
   55.250000000000000       0.91227573769007742       -4.8618497352399999     
   55.000000000000000       0.90804277598219907       -4.8611404848199999     
   54.750000000000000       0.90384278585403033       -4.8604125542099998     
   54.500000000000000       0.89967509164409376       -4.8596685901000001     
   54.250000000000000       0.89553903336845653       -4.8589111770400004     
   54.000000000000000       0.89143396621364279       -4.8581428375800000     
   53.750000000000000       0.88735926004853483       -4.8573660324199999     
   53.500000000000000       0.88331429895441260       -4.8565831604699996     
   53.250000000000000       0.87929848077231665       -4.8557965588499998     
   53.000000000000000       0.87531121666696521       -4.8550085028399996     
   52.750000000000000       0.87135193070649397       -4.8542212058500001     
   52.500000000000000       0.86742005945732381       -4.8534368192299997     
   52.250000000000000       0.86351505159349251       -4.8526574321600000     
   52.000000000000000       0.85963636751982619       -4.8518850713999999     
   51.750000000000000       0.85578347900834917       -4.8511217010500003     
   51.500000000000000       0.85195586884736429       -4.8503692222700003     
   51.250000000000000       0.84815303050266300       -4.8496294729300002     
   51.000000000000000       0.84437446779034697       -4.8489042272700003     
   50.750000000000000       0.84061969456077290       -4.8481951955199998     
   50.500000000000000       0.83688823439314863       -4.8475040234700000     
   50.250000000000000       0.83317962030033754       -4.8468322920100002     
   50.000000000000000       0.82949339444344139       -4.8461815166899997     
   49.750000000000000       0.82582910785575958       -4.8455531472600004     
   49.500000000000000       0.82218632017573356       -4.8449485671100003     
   49.250000000000000       0.81856459938850701       -4.8443690927900001     
   49.000000000000000       0.81496352157574936       -4.8438159735299999     
   48.750000000000000       0.81138267067340353       -4.8432903906500000     
   48.500000000000000       0.80782163823703412       -4.8427934570900000     
   48.250000000000000       0.80428002321446923       -4.8423262168800001     
   48.000000000000000       0.80075743172543956       -4.8418896446200002     
   47.750000000000000       0.79725347684792980       -4.8414846449900004     
   47.500000000000000       0.79376777841097601       -4.8411120522799997     
   47.250000000000000       0.79029996279364645       -4.8407726299300000     
   47.000000000000000       0.78684966272995749       -4.8404670700799999     
   46.750000000000000       0.78341651711948912       -4.8401959931900000     
   46.500000000000000       0.78000017084346973       -4.8399599476299997     
   46.250000000000000       0.77660027458611014       -4.8397594094000000     
   46.000000000000000       0.77321648466098036       -4.8395947817599998     
   45.750000000000000       0.76984846284222430       -4.8394663950299996     
   45.500000000000000       0.76649587620041937       -4.8393745063500004     
   45.250000000000000       0.76315839694289456       -4.8393192995099996     
   45.000000000000000       0.75983570225832975       -4.8393008848400001     
   44.750000000000000       0.75652747416546084       -4.8393192991099996     
   44.500000000000000       0.75323339936572720       -4.8393745055500004     
   44.250000000000000       0.74995316909970178       -4.8394663938400004     
   44.000000000000000       0.74668647900714824       -4.8395947801699997     
   43.750000000000000       0.74343302899055930       -4.8397594074099999     
   43.500000000000000       0.74019252308203054       -4.8399599452500004     
   43.250000000000000       0.73696466931333482       -4.8401959904099998     
   43.000000000000000       0.73374917958905994       -4.8404670669099996     
   42.750000000000000       0.73054576956268569       -4.8407726263699997     
   42.500000000000000       0.72735415851547003       -4.8411120483300003     
   42.250000000000000       0.72417406923802852       -4.8414846406500001     
   42.000000000000000       0.72100522791448773       -4.8418896398999998     
   41.750000000000000       0.71784736400909988       -4.8423262117799997     
   41.500000000000000       0.71470021015520846       -4.8427934516100004     
   41.250000000000000       0.71156350204645979       -4.8432903847900004     
   41.000000000000000       0.70843697833015451       -4.8438159672900003     
   40.750000000000000       0.70532038050263912       -4.8443690861900004     
   40.500000000000000       0.70221345280664171       -4.8449485601299997     
   40.250000000000000       0.69911594213045092       -4.8455531399199998     
   40.000000000000000       0.69602759790885060       -4.8461815089900000     
   39.750000000000000       0.69294817202571524       -4.8468322839500004     
   39.500000000000000       0.68987741871817743       -4.8475040150600002     
   39.250000000000000       0.68681509448228206       -4.8481951867599999     
   39.000000000000000       0.68376095798003989       -4.8489042181700004     
   38.750000000000000       0.68071476994779589       -4.8496294634800003     
   38.500000000000000       0.67767629310583211       -4.8503692124900004     
   38.250000000000000       0.67464529206912238       -4.8511216909400003     
   38.000000000000000       0.67162153325915808       -4.8518850609699999     
   37.750000000000000       0.66860478481676788       -4.8526574214100000     
   37.500000000000000       0.66559481651585173       -4.8534368081599997     
   37.250000000000000       0.66259139967795155       -4.8542211944700000     
   37.000000000000000       0.65959430708758449       -4.8550084911600004     
   36.750000000000000       0.65660331290825846       -4.8557965468599997     
   36.500000000000000       0.65361819259909770       -4.8565831481900004     
   36.250000000000000       0.65063872283200119       -4.8573660198599997     
   36.000000000000000       0.64766468140925815       -4.8581428247299998     
   35.750000000000000       0.64469584718154593       -4.8589111639200002     
   35.500000000000000       0.64173199996623487       -4.8596685767099999     
   35.250000000000000       0.63877292046592293       -4.8604125405499996     
   35.000000000000000       0.63581839018712483       -4.8611404708999997     
   34.750000000000000       0.63286819135903882       -4.8618497210699996     
   34.500000000000000       0.62992210685231265       -4.8625375820199999     
   34.250000000000000       0.62697992009773107       -4.8632012820700004     
   34.000000000000000       0.62404141500474464       -4.8638379865800001     
   33.750000000000000       0.62110637587975959       -4.8644447975700000     
   33.500000000000000       0.61817458734410646       -4.8650187532800002     
   33.250000000000000       0.61524583425160395       -4.8655568276699999     
   33.000000000000000       0.61231990160563299       -4.8660559298799999     
   32.750000000000000       0.60939657447563289       -4.8665129035800003     
   32.500000000000000       0.60647563791293169       -4.8669245263300001     
   32.250000000000000       0.60355687686581816       -4.8672875088399996     
   32.000000000000000       0.60064007609376124       -4.8675984941900001     
   31.750000000000000       0.59772502008068074       -4.8678540569399997     
   31.500000000000000       0.59481149294717062       -4.8680507022299997     
   31.250000000000000       0.59189927836156764       -4.8681848648099999     
   31.000000000000000       0.58898815944976501       -4.8682529080199997     
   30.750000000000000       0.58607791870365555       -4.8682511226600003     
   30.500000000000000       0.58316833788809341       -4.8681757258499996     
   30.250000000000000       0.58025919794625369       -4.8680228597999999     
   30.000000000000000       0.57735027890326807       -4.8677885905900000     
   29.750000000000000       0.57444135976800692       -4.8674689068000001     
   29.500000000000000       0.57153221843287527       -4.8670597181700002     
   29.250000000000000       0.56862263157148163       -4.8665568541899997     
   29.000000000000000       0.56571237453403433       -4.8659560626499996     
   28.750000000000000       0.56280122124031395       -4.8652530081699998     
   28.500000000000000       0.55988894407005929       -4.8644432707399998     
   28.250000000000000       0.55697531375060216       -4.8635223441799997     
   28.000000000000000       0.55406009924157285       -4.8624856347399996     
   27.750000000000000       0.55114306761649301       -4.8613284596200002     
   27.500000000000000       0.54822398394106098       -4.8600460456099999     
   27.250000000000000       0.54530261114792489       -4.8586335278600004     
   27.000000000000000       0.54237870990772830       -4.8570859487200000     
   26.750000000000000       0.53945203849620049       -4.8553982568500000     
   26.500000000000000       0.53652235265705239       -4.8535653065900002     
   26.250000000000000       0.53358940546042311       -4.8515818576000003     
   26.000000000000000       0.53065294715660993       -4.8494425751400003     
   25.750000000000000       0.52771272502479782       -4.8471420307499997     
   25.500000000000000       0.52476848321648584       -4.8446747039300000     
   25.250000000000000       0.52181996259329522       -4.8420349847099997     
   25.000000000000000       0.51886690055881535       -4.8392171775600001     
   25.000000000000000       0.51886690055881535       -4.8392171775600001     
   24.750000000000000       0.51590903088413309       -4.8362155071300004     
   24.500000000000000       0.51294608352666027       -4.8330241261199998     
   24.250000000000000       0.50997778444185260       -4.8296371261299997     
   24.000000000000000       0.50700385538738835       -4.8260485523499996     
   23.750000000000000       0.50402401371934424       -4.8222524234200002     
   23.500000000000000       0.50103797217987622       -4.8182427578800002     
   23.250000000000000       0.49804543867587991       -4.8140136099399999     
   23.000000000000000       0.49504611604806875       -4.8095591174100001     
   22.750000000000000       0.49203970182987000       -4.8048735666600004     
   22.500000000000000       0.48902588799549546       -4.7999514810299999     
   22.250000000000000       0.48600436069649899       -4.7947877423899996     
   22.000000000000000       0.48297479998608267       -4.7893777601399998     
   21.750000000000000       0.47993687953036013       -4.7837177093100003     
   21.500000000000000       0.47689026630572684       -4.7778048716599999     
   21.250000000000000       0.47383462028142359       -4.7716381335099998     
   21.000000000000000       0.47076959408630886       -4.7652187287699999     
   20.750000000000000       0.46769483265878409       -4.7585513773299999     
   20.500000000000000       0.46460997287872730       -4.7516460839699999     
   20.250000000000000       0.46151464318020630       -4.7445210870399999     
   20.000000000000000       0.45840846314364242       -4.7372079100600004     
   19.750000000000000       0.45529104306598517       -4.7297604942599998     
   19.500000000000000       0.45216198350734593       -4.7222728466600001     
   19.250000000000000       0.44902087481240505       -4.7149161114000000     
   19.000000000000000       0.44586729660476643       -4.7080247505899999     
   18.750000000000000       0.44270081725227745       -4.7023151645199999     
   18.500000000000000       0.43952099330116196       -4.6993118885499996     
   18.250000000000000       0.43632736887662232       -4.7006732503600004     
   18.000000000000000       0.43311947504735931       -4.7059399078100004     
   17.750000000000000       0.42989682915123001       -4.7138081068100002     
   17.500000000000000       0.42665893407900496       -4.7233467728600003     
   17.250000000000000       0.42340527751290741       -4.7339438804100000     
   17.000000000000000       0.42013533111630319       -4.7451787004400003     
   16.750000000000000       0.41684854967056112       -4.7567531652300001     
   16.500000000000000       0.41354437015471773       -4.7684534755500003     
   16.250000000000000       0.41022221076315113       -4.7801248973300003     
   16.000000000000000       0.40688146985598445       -4.7916536186199998     
   15.750000000000000       0.40352152483640419       -4.8029536320100004     
   15.500000000000000       0.40014173094847860       -4.8139575238500001     
   15.250000000000000       0.39674141998838264       -4.8246101758800002     
   15.000000000000000       0.39331989892118169       -4.8348645130600003     
   14.750000000000000       0.38987644839447261       -4.8446786304999998     
   14.500000000000000       0.38641032113921558       -4.8540138290700003     
   14.250000000000000       0.38292074024700901       -4.8628332447200000     
   14.000000000000000       0.37940689731182314       -4.8711008652199999     
   13.750000000000000       0.37586795042281695       -4.8787808005600004     
   13.500000000000000       0.37230302199327187       -4.8858367196600003     
   13.250000000000000       0.36871119640886968       -4.8922313957199997     
   13.000000000000000       0.36509151747647400       -4.8979263217800000     
   12.750000000000000       0.36144298565221100       -4.9028813693100002     
   12.500000000000000       0.35776455502492738       -4.9070544721599996     
   12.250000000000000       0.35405513002798283       -4.9104013206500001     
   12.000000000000000       0.35031356184872481       -4.9128750561899999     
   11.750000000000000       0.34653864450082428       -4.9144259571399997     
   11.500000000000000       0.34272911051981081       -4.9150011085000003     
   11.250000000000000       0.33888362623650670       -4.9145440481099998     
   11.000000000000000       0.33500078657648524       -4.9129943822700000     
   10.750000000000000       0.33107910932596624       -4.9102873632400001     
   10.500000000000000       0.32711702879550453       -4.9063534202500003     
   10.250000000000000       0.32311288880213562       -4.9011176345900003     
   10.000000000000000       0.31906493487798943       -4.8944991478500004     
   9.7500000000000000       0.31497130559833353       -4.8864104903200003     
   9.5000000000000000       0.31083002290405076       -4.8767568141200002     
   9.2500000000000000       0.30663898127202549       -4.8654350124599999     
   9.0000000000000000       0.30239593556098865       -4.8523327023500000     
   8.7500000000000000       0.29809848732900202       -4.8373270434200002     
   8.5000000000000000       0.29374406938062309       -4.8202833589500003     
   8.2500000000000000       0.28932992825516618       -4.8010535174199997     
   8.0000000000000000       0.28485310431016619       -4.7794740231299997     
   7.7500000000000000       0.28031040898329512       -4.7553637515100000     
   7.5000000000000000       0.27569839872782342       -4.7285212484199999     
   7.2500000000000000       0.27101334500631991       -4.6987214919399998     
   7.0000000000000000       0.26625119958804888       -4.6657119874299999     
   6.7500000000000000       0.26140755421862366       -4.6292080307200001     
   6.5000000000000000       0.25647759350390792       -4.5888869266999999     
   6.2500000000000000       0.25145603955751983       -4.5443808862999999     
   6.0000000000000000       0.24633708657984518       -4.4952682389099996     
