5 0.22474786951272291 0.5868133 0.5868133 0.5868133 0.
5.1 0.22699590357274410 0.5865471 0.5865471 0.5865471 0.
5.2 0.22922258189255645 0.5862824 0.5862824 0.5862824 0.
5.3 0.23142853458965695 0.5860186 0.5860186 0.5860186 0.
5.4 0.23361436236885605 0.5857551 0.5857551 0.5857551 0.
5.5 0.23578063841929153 0.5854912 0.5854912 0.5854912 0.
5.6 0.23792791015694406 0.5852262 0.5852262 0.5852262 0.
5.7 0.24005670082776287 0.5849595 0.5849595 0.5849595 0.
5.8 0.24216751098479444 0.5846905 0.5846905 0.5846905 0.
5.9 0.24426081985121312 0.5844185 0.5844185 0.5844185 0.
6.0 0.24633708657984518 0.5841428 0.5841429 0.5841429 0.
6.1 0.24839675141863690 0.5838629 0.5838629 0.5838629 0.
6.2 0.25044023679051242 0.5821648 0.5835779 0.5835779 0.
6.3 0.25246794829518643 0.5757437 0.5832872 0.5832872 0.
6.4 0.25448027563971826 0.5693731 0.5829902 0.5829902 0.
6.5 0.25647759350390792 0.5630509 0.5826861 0.5826861 0.
6.6 0.25846026234602637 0.5567751 0.582374 0.582374 0.
6.7 0.26042862915383336 0.5505438 0.5820531 0.5820531 0.
6.8 0.26238302814535797 0.5443554 0.5817223 0.5817223 0.
6.9 0.26432378142348961 0.5382081 0.5813801 0.5813801 0.
7.0 0.26625119958804888 0.5321005 0.5810245 0.5810245 0.
7.1 0.26816558230866605 0.5260309 0.5806514 0.5806514 0.
7.2 0.27006721886149349 0.5199981 0.5802518 0.5802518 0.
7.3 0.27195638863250449 0.5140007 0.5797954 0.5797954 0.
7.4 0.27383336158988730 0.5080375 0.5791102 0.5791102 0.
7.5 0.27569839872782342 0.5021073 0.5773879 0.5773879 0.
7.6 0.27755175248374220 0.496209 0.5748715 0.5748715 0.
7.7 0.27939366713096336 0.4903416 0.5722341 0.5722341 0.
7.8 0.28122437914848114 0.484504 0.569583 0.569583 0.
7.9 0.28304411756949560 0.4786954 0.5669391 0.5669391 0.
8.0 0.28485310431016619 0.4729149 0.5643084 0.5643084 0.
8.1 0.28665155447994300 0.4671616 0.5616932 0.5616932 0.
8.2 0.28843967667472209 0.4614348 0.5590942 0.5590942 0.
8.3 0.29021767325397441 0.4557338 0.5565116 0.5565116 0.
8.4 0.29198574060290522 0.4500578 0.5539452 0.5539452 0.
8.5 0.29374406938062309 0.4444062 0.551395 0.551395 0.
8.6 0.29549284475521920 0.4387784 0.5488606 0.5488606 0.
8.7 0.29723224662659264 0.4331738 0.5463416 0.5463416 0.
8.8 0.29896244983779341 0.427592 0.5438376 0.5438376 0.
8.9 0.30068362437559926 0.4220323 0.5413483 0.5413483 0.
9.0 0.30239593556098865 0.4164943 0.5388733 0.5388733 0.
9.1 0.30409954423012653 0.4109776 0.5364122 0.5364122 0.
9.2 0.30579460690643406 0.4054818 0.5339647 0.5339647 0.
9.3 0.30748127596427399 0.4000064 0.5315302 0.5315302 0.
9.4 0.30915969978474567 0.3945511 0.5291086 0.5291086 0.
9.5 0.31083002290405076 0.3891156 0.5266993 0.5266993 0.
9.6 0.31249238615485792 0.3836995 0.5243019 0.5243019 0.
9.7 0.31414692680106648 0.3783025 0.5219161 0.5219161 0.
9.8 0.31579377866634295 0.3729245 0.5195415 0.5195415 0.
9.9 0.31743307225677786 0.367565 0.5171775 0.5171775 0.
10.0 0.31906493487798943 0.3622239 0.5148238 0.5148238 0.
10.1 0.32068949074697878 0.356901 0.5124797 0.5124797 0.
10.2 0.32230686109902068 0.3515961 0.5101447 0.5101447 0.
10.3 0.32391716428985806 0.3463089 0.507818 0.507818 0.
10.4 0.32552051589344949 0.3410394 0.5054988 0.5054988 0.
10.5 0.32711702879550453 0.3357873 0.5031859 0.5031859 0.
10.6 0.32870681328302698 0.3305525 0.5008776 0.5008776 0.
10.7 0.33028997713007269 0.3253349 0.4985717 0.4985717 0.
10.8 0.33186662567991565 0.3201344 0.4962643 0.4962643 0.
10.9 0.33343686192380506 0.3149508 0.4939491 0.4939491 0.
11.0 0.33500078657648524 0.3097842 0.4916135 0.4916135 0.
11.1 0.33655849814863903 0.3046343 0.4892299 0.4892299 0.
11.2 0.33811009301640765 0.2995013 0.4867223 0.4867223 0.
11.3 0.33965566548812931 0.2943849 0.4838365 0.4838365 0.
11.4 0.34119530786843266 0.2892851 0.4798759 0.4798759 0.
11.5 0.34272911051981081 0.284202 0.4746386 0.4746386 0.
11.6 0.34425716192179839 0.2791355 0.4688744 0.4688744 0.
11.7 0.34577954872786260 0.2740855 0.4629542 0.4629542 0.
11.8 0.34729635582011686 0.2690521 0.4569853 0.4569853 0.
11.9 0.34880766636195842 0.2640353 0.451004 0.451004 0.
12.0 0.35031356184872481 0.2590351 0.4450255 0.4450255 0.
12.1 0.35181412215645985 0.2540515 0.4390571 0.4390571 0.
12.2 0.35330942558887629 0.2490846 0.4331028 0.4331028 0.
12.3 0.35479954892259385 0.2441344 0.4271649 0.4271649 0.
12.4 0.35628456745073178 0.2392008 0.4212449 0.4212449 0.
12.5 0.35776455502492738 0.2342841 0.4153438 0.4153438 0.
12.6 0.35923958409585033 0.2293843 0.4094621 0.4094621 0.
12.7 0.36070972575227789 0.2245014 0.4036005 0.4036005 0.
12.8 0.36217504975879339 0.2196355 0.3977592 0.3977592 0.
12.9 0.36363562459216681 0.2147868 0.3919386 0.3919386 0.
13.0 0.36509151747647400 0.2099553 0.3861388 0.3861388 0.
13.1 0.36654279441700738 0.2051411 0.3803601 0.3803601 0.
13.2 0.36798952023302828 0.2003445 0.3746026 0.3746026 0.
13.3 0.36943175858941057 0.1955655 0.3688665 0.3688665 0.
13.4 0.37086957202721976 0.1908043 0.3631518 0.3631518 0.
13.5 0.37230302199327187 0.1860611 0.3574588 0.3574588 0.
13.6 0.37373216886871380 0.181336 0.3517875 0.3517875 0.
13.7 0.37515707199666415 0.1766294 0.346138 0.346138 0.
13.8 0.37657778970895234 0.1719412 0.3405106 0.3405106 0.
13.9 0.37799437935199204 0.167272 0.3349052 0.3349052 0.
14.0 0.37940689731182314 0.1626218 0.3293221 0.3293221 0.
14.1 0.38081539903835421 0.157991 0.3237614 0.3237614 0.
14.2 0.38221993906883789 0.1533799 0.3182232 0.3182232 0.
14.3 0.38362057105060715 0.1487888 0.3127079 0.3127079 0.
14.4 0.38501734776310242 0.1442182 0.3072154 0.3072154 0.
14.5 0.38641032113921558 0.1396684 0.3017461 0.3017461 0.
14.6 0.38779954228597707 0.1351398 0.2963002 0.2963002 0.
14.7 0.38918506150461102 0.1306331 0.290878 0.290878 0.
14.8 0.39056692830998108 0.1261486 0.2854798 0.2854798 0.
14.9 0.39194519144945134 0.1216871 0.2801058 0.2801058 0.
15.0 0.39331989892118169 0.1172492 0.2747566 0.2747566 0.
15.1 0.39469109799188024 0.1128356 0.2694324 0.2694324 0.
15.2 0.39605883521403118 0.1084471 0.2641337 0.2641337 0.
15.3 0.39742315644261811 0.1040847 0.258861 0.258861 0.
15.4 0.39878410685136023 0.0997493 0.253615 0.253615 0.
15.5 0.40014173094847860 0.0954421 0.2483963 0.2483963 0.
15.6 0.40149607259201053 0.0911643 0.2432055 0.2432055 0.
15.7 0.40284717500468581 0.0869174 0.2380436 0.2380436 0.
15.8 0.40419508078838223 0.0827029 0.2329113 0.2329113 0.
15.9 0.40553983193817339 0.0785225 0.2278097 0.2278097 0.
16.0 0.40688146985598445 0.0743784 0.22274 0.22274 0.
16.1 0.40822003536386753 0.0702726 0.2177034 0.2177034 0.
16.2 0.40955556871691118 0.0662078 0.2127014 0.2127014 -0.0000022
16.3 0.41088810961579586 0.0621867 0.2077356 0.2077356 -0.0000691
16.4 0.41221769721900697 0.0582125 0.2028078 0.2028078 -0.0001576
16.5 0.41354437015471773 0.054289 0.1979201 0.1979201 -0.0002736
16.6 0.41486816653235176 0.0504201 0.1930747 0.1930747 -0.0004247
16.7 0.41618912395383745 0.0466104 0.1882742 0.1882742 -0.000621
16.8 0.41750727952456318 0.0428651 0.1835216 0.1835216 -0.000875
16.9 0.41882266986404287 0.0391901 0.1788199 0.1788199 -0.0012027
17.0 0.42013533111630319 0.0355917 0.1741729 0.1741729 -0.001624
17.1 0.42144529895999888 0.0320773 0.1695844 0.1695844 -0.002163
17.2 0.42275260861826658 0.0286549 0.1650589 0.1650589 -0.0028471
17.3 0.42405729486832622 0.0253332 0.1606012 0.1606012 -0.0037059
17.4 0.42535939205083484 0.022122 0.1562164 0.1562164 -0.0047669
17.5 0.42665893407900496 0.0190317 0.1519102 0.1519102 -0.0060508
17.6 0.42795595444749102 0.0160734 0.1476885 0.1476885 -0.007566
17.7 0.42925048624105394 0.0132587 0.1435575 0.1435575 -0.009305
17.8 0.43054256214300907 0.0105994 0.1395236 0.1395236 -0.0112446
17.9 0.43183221444346498 0.0081075 0.1355931 0.1355931 -0.0133506
18.0 0.43311947504735931 0.0057943 0.1317721 0.1317721 -0.0155829
18.1 0.43440437548229766 0.0036703 0.1280662 0.1280662 -0.0179015
18.2 0.43568694690620202 0.0017447 0.1244804 0.1244804 -0.0202691
18.3 0.43696722011477462 0.0000248 0.1210189 0.1210189 -0.0226536
18.4 0.43824522554878126 -0.0014847 0.1176843 0.1176843 -0.0250285
18.5 0.43952099330116196 -0.0027815 0.1144784 0.1144784 -0.0273721
18.6 0.44079455312397198 -0.0038664 0.1114013 0.1114013 -0.029668
18.7 0.44206593443515912 -0.004743 0.1084515 0.1084515 -0.0319033
18.8 0.44333516632518272 -0.0054177 0.1056264 0.1056264 -0.0340691
18.9 0.44460227756347698 -0.0058992 0.1029221 0.1029221 -0.0361591
19.0 0.44586729660476643 -0.0061983 0.1003335 0.1003335 -0.0381694
19.1 0.44713025159523395 -0.0063272 0.0978549 0.0978549 -0.0400979
19.2 0.44839117037854909 -0.0062987 0.0954797 0.0954797 -0.041944
19.3 0.44965008050175848 -0.0061261 0.0932014 0.0932014 -0.0437079
19.4 0.45090700922104293 -0.0058226 0.0910131 0.0910131 -0.0453904
19.5 0.45216198350734593 -0.0054004 0.088908 0.088908 -0.0469928
19.6 0.45341503005187517 -0.0048712 0.0868795 0.0868795 -0.0485161
19.7 0.45466617527148268 -0.0042448 0.0849213 0.0849213 -0.0499613
19.8 0.45591544531392630 -0.0035298 0.0830277 0.0830277 -0.051329
19.9 0.45716286606301498 -0.0027329 0.0811931 0.0811931 -0.0526188
20.0 0.45840846314364242 -0.0018587 0.0794127 0.0794127 -0.05383
20.1 0.45965226192671138 -0.0009096 0.0776823 0.0776823 -0.0549604
20.2 0.46089428753395190 0.0001148 0.0759982 0.0759982 -0.0560068
20.3 0.46213456484263626 0.0012177 0.0743575 0.0743575 -0.0569642
20.4 0.46337311849019369 0.0024059 0.0727584 0.0727584 -0.0578256
20.5 0.46460997287872730 0.0036901 0.0711998 0.0711998 -0.0585815
20.6 0.46584515217943595 0.0050862 0.0696826 0.0696826 -0.0592193
20.7 0.46707868033694405 0.0066156 0.0682093 0.0682093 -0.0597223
20.8 0.46831058107354084 0.0083069 0.0667855 0.0667855 -0.0600684
20.9 0.46954087789333243 0.0101954 0.0654212 0.0654212 -0.0602286
21.0 0.47076959408630886 0.0123216 0.0641325 0.0641325 -0.0601653
21.1 0.47199675273232761 0.0147195 0.0629457 0.0629457 -0.0598298
21.2 0.47322237670501677 0.0173679 0.0619018 0.0619018 -0.0591604
21.3 0.47444648867559963 0.0199541 0.0610647 0.0610647 -0.0580823
21.4 0.47566911111664228 0.020484 0.0605303 0.0605303 -0.0565134
21.5 0.47689026630572684 0.0144495 0.0604355 0.0604355 -0.0543813
21.6 0.47810997632905239 0.0048953 0.0609614 0.0609614 -0.0516576
21.7 0.47932826308496429 -0.0046983 0.0623331 0.0623331 -0.0484043
21.8 0.48054514828741574 -0.0133429 0.0648694 0.0648694 -0.0448152
21.9 0.48176065346936059 -0.0213044 0.0694995 0.0694995 -0.0413193
22.0 0.48297479998608267
22.1 0.48418760901845936
22.2 0.48539910157616445
22.3 0.48660929850080958
22.4 0.48781822046902723 0.0517285 0.139785 0.139785 -0.0342242
22.5 0.48902588799549546 0.0532746 0.1413619 0.1413619 -0.0316784
22.6 0.49023232143590700 0.0547891 0.1428879 0.1428879 -0.02918
22.7 0.49143754098988363 0.0555742 0.1443603 0.1443603 -0.0267297
22.8 0.49264156670383669 0.0560709 0.1457761 0.1457761 -0.0243284
22.9 0.49384441847377619 0.056508 0.1471316 0.1471316 -0.0219768
23.0 0.49504611604806875 0.0568877 0.1484229 0.1484229 -0.0196757
23.1 0.49624667903014597 0.057212 0.1496452 0.1496452 -0.0174258
23.2 0.49744612688116491 0.0574826 0.1507935 0.1507935 -0.0152279
23.3 0.49864447892262104 0.0577015 0.1518616 0.1518616 -0.0130828
23.4 0.49984175433891520 0.0578701 0.1528428 0.1528428 -0.0109912
23.5 0.50103797217987622 0.05799 0.1537298 0.1537298 -0.0089537
23.6 0.50223315136323943 0.0580629 0.1545142 0.1545142 -0.0069711
23.7 0.50342731067708213 0.0580899 0.155187 0.155187 -0.0050438
23.8 0.50462046878221822 0.0580726 0.1557389 0.1557389 -0.0031726
23.9 0.50581264421455108 0.0580121 0.1561604 0.1561604 -0.0013577
24.0 0.50700385538738835 0.0579098 0.1564422 0.1564422 0.
24.1 0.50819412059371571 0.0577668 0.1565766 0.1565766 0.
24.2 0.50938345800843532 0.0575844 0.1565578 0.1565578 0.
24.3 0.51057188569056522 0.0573637 0.156383 0.156383 0.
24.4 0.51175942158540400 0.0571057 0.1560528 0.1560528 0.
24.5 0.51294608352666027 0.0568117 0.1555719 0.1555719 0.
24.6 0.51413188923854658 0.0564825 0.1549485 0.1549485 0.
24.7 0.51531685633784119 0.0561192 0.1541937 0.1541937 0.
24.8 0.51650100233591645 0.0557229 0.1533207 0.1533207 0.
24.9 0.51768434464073498 0.0552945 0.1523435 0.1523435 0.
25.0 0.51886690055881535 0.054835 0.1512764 0.1512764 0.
25.1 0.52004868729716613 0.0543454 0.1501329 0.1501329 0.
25.2 0.52122972196519191 0.0538265 0.1489255 0.1489255 0.
25.3 0.52241002157656802 0.0532792 0.1476656 0.1476656 0.
25.4 0.52358960305108848 0.0527045 0.1463633 0.1463633 0.
25.5 0.52476848321648584 0.0521032 0.1450275 0.1450275 0.
25.6 0.52594667881022350 0.0514762 0.1436657 0.1436657 0.
25.7 0.52712420648126190 0.0508244 0.1422848 0.1422848 0.
25.8 0.52830108279179877 0.0501485 0.1408908 0.1408908 0.
25.9 0.52947732421898386 0.0494494 0.1394887 0.1394887 0.
26.0 0.53065294715660993 0.0487279 0.1380832 0.1380832 0.
26.1 0.53182796791677822 0.0479848 0.1366784 0.1366784 0.
26.2 0.53300240273154131 0.0472209 0.1352781 0.1352781 0.
26.3 0.53417626775452287 0.0464368 0.1338856 0.1338856 0.
26.4 0.53534957906251479 0.0456334 0.1325042 0.1325042 0.
26.5 0.53652235265705239 0.0448113 0.1311368 0.1311368 0.
26.6 0.53769460446596806 0.0439712 0.1297864 0.1297864 0.
26.7 0.53886635034492414 0.0431137 0.1284558 0.1284558 0.
26.8 0.54003760607892537 0.0422395 0.1271478 0.1271478 0.
26.9 0.54120838738381127 0.0413491 0.1258654 0.1258654 0.
27.0 0.54237870990772830 0.040443 0.1246115 0.1246115 0.
27.1 0.54354858923258453 0.0395219 0.1233891 0.1233891 0.
27.2 0.54471804087548426 0.0385864 0.1222016 0.1222016 0.
27.3 0.54588708029014499 0.0376371 0.1210524 0.1210524 0.
27.4 0.54705572286829596 0.0366748 0.1199453 0.1199453 0.
27.5 0.54822398394106098 0.0357006 0.1188844 0.1188844 0.
27.6 0.54939187878032203 0.0347159 0.1178742 0.1178742 0.
27.7 0.55055942260006829 0.0337229 0.1169196 0.1169196 0.
27.8 0.55172663055772764 0.0327245 0.1160259 0.1160259 0.
27.9 0.55289351775548301 0.0317251 0.115199 0.115199 0.
28.0 0.55406009924157285 0.0307311 0.114445 0.114445 0.
28.1 0.55522639001157725 0.0297514 0.1137707 0.1137707 0.
28.2 0.55639240500968834 0.0287984 0.1131827 0.1131827 0.
28.3 0.55755815912996731 0.0278893 0.1126873 0.1126873 0.
28.4 0.55872366721758682 0.0270466 0.1122901 0.1122901 0.
28.5 0.55988894407005929 0.0262993 0.1119948 0.1119948 0.
28.6 0.56105400443845332 0.0256824 0.111802 0.111802 0.
28.7 0.56221886302859492 0.0252357 0.1117082 0.1117082 0.
28.8 0.56338353450225820 0.0249999 0.1117046 0.1117046 0.
28.9 0.56454803347834170 0.0250117 0.1117771 0.1117771 0.
29.0 0.56571237453403433 0.0252971 0.1119073 0.1119073 0.
29.1 0.56687657220596777 0.0258667 0.1120752 0.1120752 0.
29.2 0.56804064099135865 0.026714 0.1122622 0.1122622 0.
29.3 0.56920459534913859 0.0278175 0.1124537 0.1124537 0.
29.4 0.57036844970107436 0.0291455 0.1126403 0.1126403 0.
29.5 0.57153221843287527 0.0306623 0.1128175 0.1128175 0.
29.6 0.57269591589529301 0.0323321 0.112985 0.112985 0.
29.7 0.57385955640520825 0.0341227 0.1131449 0.1131449 0.
29.8 0.57502315424671002 0.0360061 0.1133004 0.1133004 0.
29.9 0.57618672367216306 0.0379596 0.1134553 0.1134553 0.
30.0 0.57735027890326807 0.0399646 0.1136133 0.1136133 0.
30.1 0.57851383413211033 0.0420064 0.1137772 0.1137772 0.
30.2 0.57967740352220132 0.0440736 0.1139497 0.1139497 0.
30.3 0.58084100120951132 0.046157 0.1141326 0.1141326 0.
30.4 0.58200464130349217 0.0482497 0.1143273 0.1143273 0.
30.5 0.58316833788809341 0.050346 0.1145347 0.1145347 0.
30.6 0.58433210502276955 0.0524414 0.1147555 0.1147555 0.
30.7 0.58549595674348021 0.0545325 0.1149898 0.1149898 0.
30.8 0.58665990706368132 0.0566163 0.1152378 0.1152378 0.
30.9 0.58782396997531072 0.0586906 0.1154994 0.1154994 0.
31.0 0.58898815944976501 0.0607534 0.1157744 0.1157744 0.
31.1 0.59015248943887078 0.0617726 0.1160624 0.1160624 0.
31.2 0.59131697387584792 0.0620094 0.1163631 0.1163631 0.
31.3 0.59248162667626747 0.0622845 0.1166761 0.1166761 0.
31.4 0.59364646173900193 0.0625956 0.117001 0.117001 0.
31.5 0.59481149294717062 0.0629407 0.1173372 0.1173372 0.
31.6 0.59597673416907782 0.0633178 0.1176844 0.1176844 0.
31.7 0.59714219925914636 0.0637252 0.1180421 0.1180421 0.
31.8 0.59830790205884488 0.0641612 0.1184098 0.1184098 0.
31.9 0.59947385639760953 0.0646243 0.118787 0.118787 0.
32.0 0.60064007609376124 0.065113 0.1191735 0.1191735 0.
32.1 0.60180657495541667 0.0656258 0.1195687 0.1195687 0.
32.2 0.60297336678139601 0.0661615 0.1199722 0.1199722 0.
32.3 0.60414046536212396 0.0667189 0.1203838 0.1203838 0.
32.4 0.60530788448052819 0.0672968 0.1208028 0.1208028 0.
32.5 0.60647563791293169 0.067894 0.1212291 0.1212291 0.
32.6 0.60764373942994288 0.0685096 0.1216623 0.1216623 0.
32.7 0.60881220279733894 0.0691425 0.122102 0.122102 0.
32.8 0.60998104177694812 0.0697917 0.1225479 0.1225479 0.
32.9 0.61115027012752698 0.0704564 0.1229998 0.1229998 0.
33.0 0.61231990160563299 0.0711357 0.1234572 0.1234572 0.
33.1 0.61348994996649608 0.0718288 0.1239199 0.1239199 0.
33.2 0.61466042896488526 0.0725349 0.1243877 0.1243877 0.
33.3 0.61583135235597231 0.0732532 0.1248603 0.1248603 0.
33.4 0.61700273389619331 0.073983 0.1253373 0.1253373 0.
33.5 0.61817458734410646 0.0747237 0.1258186 0.1258186 0.
33.6 0.61934692646124778 0.0754744 0.126304 0.126304 0.
33.7 0.62051976501298423 0.0762347 0.1267931 0.1267931 0.
33.8 0.62169311676936412 0.077004 0.1272857 0.1272857 0.
33.9 0.62286699550596603 0.0777815 0.1277818 0.1277818 0.
34.0 0.62404141500474464 0.0785669 0.1282809 0.1282809 0.
34.1 0.62521638905487575 0.0793594 0.1287829 0.1287829 0.
34.2 0.62639193145359873 0.0801587 0.1292876 0.1292876 0.
34.3 0.62756805600705678 0.0809643 0.1297949 0.1297949 0.
34.4 0.62874477653113825 0.0817756 0.1303045 0.1303045 0.
34.5 0.62992210685231265 0.0825921 0.1308161 0.1308161 0.
34.6 0.63110006080846870 0.0834136 0.1313298 0.1313298 0.
34.7 0.63227865224975011 0.0842395 0.1318452 0.1318452 0.
34.8 0.63345789503938943 0.0850694 0.1323622 0.1323622 0.
34.9 0.63463780305454343 0.0859029 0.1328806 0.1328806 0.
35.0 0.63581839018712483 0.0867397 0.1334002 0.1334002 0.
35.1 0.63699967034463578 0.0875794 0.1339209 0.1339209 0.
35.2 0.63818165745099997 0.0884217 0.1344426 0.1344426 0.
35.3 0.63936436544739395 0.0892661 0.134965 0.134965 0.
35.4 0.64054780829307956 0.0901125 0.135488 0.135488 0.
35.5 0.64173199996623487 0.0909604 0.1360114 0.1360114 0.
35.6 0.64291695446478636 0.0918095 0.1365352 0.1365352 0.
35.7 0.64410268580724028 0.0926597 0.137059 0.137059 0.
35.8 0.64528920803351497 0.0935104 0.1375829 0.1375829 0.
35.9 0.64647653520577386 0.0943616 0.1381066 0.1381066 0.
36.0 0.64766468140925815 0.095213 0.13863 0.13863 0.
36.1 0.64885366075312068 0.0960642 0.139153 0.139153 0.
36.2 0.65004348737126105 0.096915 0.1396753 0.1396753 0.
36.3 0.65123417542316075 0.0977651 0.140197 0.140197 0.
36.4 0.65242573909472057 0.0986144 0.1407178 0.1407178 0.
36.5 0.65361819259909770 0.0994627 0.1412375 0.1412375 0.
36.6 0.65481155017754511 0.1003095 0.1417561 0.1417561 0.
36.7 0.65600582610025293 0.1011548 0.1422735 0.1422735 0.
36.8 0.65720103466718971 0.1019984 0.1427894 0.1427894 0.
36.9 0.65839719020894694 0.10284 0.1433038 0.1433038 0.
37.0 0.65959430708758449 0.1036793 0.1438165 0.1438165 0.
37.1 0.66079239969747838 0.1045163 0.1443273 0.1443273 0.
37.2 0.66199148246617079 0.1053507 0.1448362 0.1448362 0.
37.3 0.66319156985522110 0.1061823 0.1453431 0.1453431 0.
37.4 0.66439267636106136 0.107011 0.1458477 0.1458477 0.
37.5 0.66559481651585173 0.1078364 0.14635 0.14635 0.
37.6 0.66679800488834029 0.1086585 0.1468499 0.1468499 0.
37.7 0.66800225608472497 0.109477 0.1473471 0.1473471 0.
37.8 0.66920758474951780 0.1102918 0.1478416 0.1478416 0.
37.9 0.67041400556641328 0.1111027 0.1483332 0.1483332 0.
38.0 0.67162153325915808 0.1119096 0.1488219 0.1488219 0.
38.1 0.67283018259242555 0.1127121 0.1493075 0.1493075 0.
38.2 0.67403996837269264 0.1135102 0.1497898 0.1497898 0.
38.3 0.67525090544912036 0.1143037 0.1502688 0.1502688 0.
38.4 0.67646300871443843 0.1150923 0.1507442 0.1507442 0.
38.5 0.67767629310583211 0.115876 0.1512161 0.1512161 0.
38.6 0.67889077360583494 0.1166546 0.1516842 0.1516842 0.
38.7 0.68010646524322338 0.1174278 0.1521485 0.1521485 0.
38.8 0.68132338309391693 0.1181955 0.1526088 0.1526088 0.
38.9 0.68254154228188213 0.1189575 0.1530649 0.1530649 0.
39.0 0.68376095798003989 0.1197137 0.1535168 0.1535168 0.
39.1 0.68498164541117901 0.1204638 0.1539644 0.1539644 0.
39.2 0.68620361984887257 0.1212077 0.1544075 0.1544075 0.
39.3 0.68742689661840040 0.1219452 0.1548459 0.1548459 0.
39.4 0.68865149109767598 0.1226762 0.1552797 0.1552797 0.
39.5 0.68987741871817743 0.1234003 0.1557085 0.1557085 0.
39.6 0.69110469496588456 0.1241175 0.1561324 0.1561324 0.
39.7 0.69233333538222186 0.1248276 0.1565512 0.1565512 0.
39.8 0.69356335556500459 0.1255303 0.1569648 0.1569648 0.
39.9 0.69479477116939314 0.1262256 0.157373 0.157373 0.
40.0 0.69602759790885060 0.1269131 0.1577758 0.1577758 0.
40.1 0.69726185155610820 0.1275927 0.1581729 0.1581729 0.
40.2 0.69849754794413488 0.1282641 0.1585644 0.1585644 0.
40.3 0.69973470296711415 0.1289273 0.1589501 0.1589501 0.
40.4 0.70097333258142724 0.1295819 0.1593298 0.1593298 0.
40.5 0.70221345280664171 0.1302278 0.1597034 0.1597034 0.
40.6 0.70345507972650678 0.1308648 0.1600709 0.1600709 0.
40.7 0.70469822948995642 0.1314926 0.1604321 0.1604321 0.
40.8 0.70594291831211764 0.132111 0.1607868 0.1607868 0.
40.9 0.70718916247532726 0.1327197 0.1611351 0.1611351 0.
41.0 0.70843697833015451 0.1333187 0.1614767 0.1614767 0.
41.1 0.70968638229643122 0.1339076 0.1618115 0.1618115 0.
41.2 0.71093739086429042 0.1344862 0.1621395 0.1621395 0.
41.3 0.71219002059521097 0.1350543 0.1624606 0.1624606 0.
41.4 0.71344428812307092 0.1356116 0.1627745 0.1627745 0.
41.5 0.71470021015520846 0.1361579 0.1630813 0.1630813 0.
41.6 0.71595780347349092 0.1366929 0.1633807 0.1633807 0.
41.7 0.71721708493539160 0.1372164 0.1636728 0.1636728 0.
41.8 0.71847807147507592 0.1377281 0.1639574 0.1639574 0.
41.9 0.71974078010449472 0.1382278 0.1642344 0.1642344 0.
42.0 0.72100522791448773 0.1387153 0.1645036 0.1645036 0.
42.1 0.72227143207589473 0.1391902 0.1647651 0.1647651 0.
42.2 0.72353940984067577 0.1396523 0.1650187 0.1650187 0.
42.3 0.72480917854304194 0.1401013 0.1652643 0.1652643 0.
42.4 0.72608075560059371 0.140537 0.1655018 0.1655018 0.
42.5 0.72735415851547003 0.1409591 0.1657312 0.1657312 0.
42.6 0.72862940487550631 0.1413673 0.1659523 0.1659523 0.
42.7 0.72990651235540349 0.1417614 0.166165 0.166165 0.
42.8 0.73118549871790539 0.1421412 0.1663694 0.1663694 0.
42.9 0.73246638181498858 0.1425062 0.1665652 0.1665652 0.
43.0 0.73374917958905994 0.1428564 0.1667525 0.1667525 0.
43.1 0.73503391007416841 0.1431914 0.1669311 0.1669311 0.
43.2 0.73632059139722317 0.1435109 0.167101 0.167101 0.
43.3 0.73760924177922782 0.1438148 0.1672621 0.1672621 0.
43.4 0.73889987953652059 0.1441029 0.1674144 0.1674144 0.
43.5 0.74019252308203054 0.1443747 0.1675577 0.1675577 0.
43.6 0.74148719092654247 0.1446302 0.1676921 0.1676921 0.
43.7 0.74278390167997466 0.1448691 0.1678174 0.1678174 0.
43.8 0.74408267405266870 0.1450912 0.1679337 0.1679337 0.
43.9 0.74538352685669107 0.1452964 0.1680409 0.1680409 0.
44.0 0.74668647900714824 0.1454843 0.1681389 0.1681389 0.
44.1 0.74799154952351277 0.1456549 0.1682276 0.1682276 0.
44.2 0.74929875753096364 0.145808 0.1683072 0.1683072 0.
44.3 0.75060812226173934 0.1459434 0.1683774 0.1683774 0.
44.4 0.75191966305650404 0.1460611 0.1684384 0.1684384 0.
44.5 0.75323339936572720 0.1461608 0.16849 0.16849 0.
44.6 0.75454935075107776 0.1462426 0.1685323 0.1685323 0.
44.7 0.75586753688683117 0.1463062 0.1685651 0.1685651 0.
44.8 0.75718797756129208 0.1463517 0.1685886 0.1685886 0.
44.9 0.75851069267822968 0.1463791 0.1686028 0.1686028 0.
45.0 0.75983570225832975 0.1463882 0.1686075 0.1686075 0.
45.1 0.76116302644066036 0.1463791 0.1686028 0.1686028 0.
45.2 0.76249268548415305 0.1463517 0.1685886 0.1685886 0.
45.3 0.76382469976910006 0.1463062 0.1685651 0.1685651 0.
45.4 0.76515908979866654 0.1462426 0.1685323 0.1685323 0.
45.5 0.76649587620041937 0.1461608 0.16849 0.16849 0.
45.6 0.76783507972787179 0.1460611 0.1684384 0.1684384 0.
45.7 0.76917672126204495 0.1459434 0.1683774 0.1683774 0.
45.8 0.77052082181304604 0.145808 0.1683072 0.1683072 0.
45.9 0.77186740252166364 0.1456549 0.1682276 0.1682276 0.
46.0 0.77321648466098036 0.1454843 0.1681389 0.1681389 0.
46.1 0.77456808963800328 0.1452963 0.1680409 0.1680409 0.
46.2 0.77592223899531199 0.1450912 0.1679337 0.1679337 0.
46.3 0.77727895441272554 0.1448691 0.1678174 0.1678174 0.
46.4 0.77863825770898754 0.1446302 0.1676921 0.1676921 0.
46.5 0.78000017084346973 0.1443747 0.1675577 0.1675577 0.
46.6 0.78136471591789569 0.1441028 0.1674143 0.1674143 0.
46.7 0.78273191517808294 0.1438148 0.1672621 0.1672621 0.
46.8 0.78410179101570610 0.1435109 0.167101 0.167101 0.
46.9 0.78547436597007880 0.1431914 0.1669311 0.1669311 0.
47.0 0.78684966272995749 0.1428564 0.1667525 0.1667525 0.
47.1 0.78822770413536436 0.1425062 0.1665652 0.1665652 0.
47.2 0.78960851317943370 0.1421412 0.1663694 0.1663694 0.
47.3 0.79099211301027716 0.1417614 0.166165 0.166165 0.
47.4 0.79237852693287303 0.1413673 0.1659523 0.1659523 0.
47.5 0.79376777841097601 0.1409591 0.1657312 0.1657312 0.
47.6 0.79515989106905183 0.140537 0.1655018 0.1655018 0.
47.7 0.79655488869423152 0.1401013 0.1652643 0.1652643 0.
47.8 0.79795279523829266 0.1396523 0.1650187 0.1650187 0.
47.9 0.79935363481966115 0.1391902 0.1647651 0.1647651 0.
48.0 0.80075743172543956 0.1387153 0.1645036 0.1645036 0.
48.1 0.80216421041345820 0.1382278 0.1642344 0.1642344 0.
48.2 0.80357399551435238 0.1377281 0.1639574 0.1639574 0.
48.3 0.80498681183366394 0.1372164 0.1636728 0.1636728 0.
48.4 0.80640268435396956 0.1366929 0.1633807 0.1633807 0.
48.5 0.80782163823703412 0.1361579 0.1630813 0.1630813 0.
48.6 0.80924369882599168 0.1356116 0.1627745 0.1627745 0.
48.7 0.81066889164755318 0.1350543 0.1624606 0.1624606 0.
48.8 0.81209724241424064 0.1344862 0.1621395 0.1621395 0.
48.9 0.81352877702665161 0.1339076 0.1618115 0.1618115 0.
49.0 0.81496352157574936 0.1333187 0.1614767 0.1614767 0.
49.1 0.81640150234518361 0.1327197 0.1611351 0.1611351 0.
49.2 0.81784274581364047 0.132111 0.1607868 0.1607868 0.
49.3 0.81928727865722173 0.1314925 0.1604321 0.1604321 0.
49.4 0.82073512775185475 0.1308648 0.1600709 0.1600709 0.
49.5 0.82218632017573356 0.1302278 0.1597034 0.1597034 0.
49.6 0.82364088321179052 0.1295819 0.1593298 0.1593298 0.
49.7 0.82509884435020076 0.1289273 0.1589501 0.1589501 0.
49.8 0.82656023129091882 0.1282641 0.1585644 0.1585644 0.
49.9 0.82802507194624730 0.1275927 0.1581729 0.1581729 0.
50.0 0.82949339444344139 0.1269131 0.1577758 0.1577758 0.
50.1 0.83096522712734444 0.1262256 0.157373 0.157373 0.
50.2 0.83244059856306107 0.1255303 0.1569648 0.1569648 0.
50.3 0.83391953753866332 0.1248276 0.1565512 0.1565512 0.
50.4 0.83540207306793479 0.1241175 0.1561324 0.1561324 0.
50.5 0.83688823439314863 0.1234003 0.1557085 0.1557085 0.
50.6 0.83837805098788598 0.1226762 0.1552797 0.1552797 0.
50.7 0.83987155255988821 0.1219452 0.1548459 0.1548459 0.
50.8 0.84136876905395186 0.1212077 0.1544075 0.1544075 0.
50.9 0.84286973065485837 0.1204638 0.1539644 0.1539644 0.
51.0 0.84437446779034697 0.1197137 0.1535168 0.1535168 0.
51.1 0.84588301113412578 0.1189575 0.1530649 0.1530649 0.
51.2 0.84739539160892485 0.1181955 0.1526088 0.1526088 0.
51.3 0.84891164038959133 0.1174278 0.1521485 0.1521485 0.
51.4 0.85043178890622606 0.1166546 0.1516842 0.1516842 0.
51.5 0.85195586884736429 0.115876 0.1512161 0.1512161 0.
51.6 0.85348391216320041 0.1150923 0.1507442 0.1507442 0.
51.7 0.85501595106885664 0.1143037 0.1502688 0.1502688 0.
51.8 0.85655201804769820 0.1135102 0.1497898 0.1497898 0.
51.9 0.85809214585469440 0.1127121 0.1493075 0.1493075 0.
52.0 0.85963636751982619 0.1119096 0.1488219 0.1488219 0.
52.1 0.86118471635154337 0.1111028 0.1483332 0.1483332 0.
52.2 0.86273722594026869 0.1102918 0.1478416 0.1478416 0.
52.3 0.86429393016195311 0.109477 0.1473471 0.1473471 0.
52.4 0.86585486318168026 0.1086585 0.1468499 0.1468499 0.
52.5 0.86742005945732381 0.1078364 0.14635 0.14635 0.
52.6 0.86898955374325570 0.107011 0.1458477 0.1458477 0.
52.7 0.87056338109410869 0.1061823 0.1453431 0.1453431 0.
52.8 0.87214157686859295 0.1053507 0.1448363 0.1448363 0.
52.9 0.87372417673336666 0.1045163 0.1443273 0.1443273 0.
53.0 0.87531121666696521 0.1036794 0.1438165 0.1438165 0.
53.1 0.87690273296378440 0.10284 0.1433038 0.1433038 0.
53.2 0.87849876223812495 0.1019984 0.1427894 0.1427894 0.
53.3 0.88009934142829360 0.1011549 0.1422735 0.1422735 0.
53.4 0.88170450780076659 0.1003095 0.1417561 0.1417561 0.
53.5 0.88331429895441260 0.0994627 0.1412375 0.1412375 0.
53.6 0.88492875282478045 0.0986145 0.1407178 0.1407178 0.
53.7 0.88654790768844782 0.0977651 0.140197 0.140197 0.
53.8 0.88817180216743707 0.096915 0.1396754 0.1396754 0.
53.9 0.88980047523369521 0.0960642 0.139153 0.139153 0.
54.0 0.89143396621364279 0.095213 0.13863 0.13863 0.
54.1 0.89307231479278926 0.0943616 0.1381066 0.1381066 0.
54.2 0.89471556102041949 0.0935105 0.1375829 0.1375829 0.
54.3 0.89636374531435070 0.0926597 0.1370591 0.1370591 0.
54.4 0.89801690846576132 0.0918095 0.1365352 0.1365352 0.
54.5 0.89967509164409376 0.0909604 0.1360114 0.1360114 0.
54.6 0.90133833640203209 0.0901125 0.135488 0.135488 0.
54.7 0.90300668468055645 0.0892661 0.134965 0.134965 0.
54.8 0.90468017881407381 0.0884217 0.1344426 0.1344426 0.
54.9 0.90635886153562961 0.0875794 0.133921 0.133921 0.
55.0 0.90804277598219907 0.0867397 0.1334002 0.1334002 0.
55.1 0.90973196570006132 0.0859029 0.1328806 0.1328806 0.
55.2 0.91142647465025639 0.0850694 0.1323622 0.1323622 0.
55.3 0.91312634721412855 0.0842395 0.1318452 0.1318452 0.
55.4 0.91483162819895569 0.0834136 0.1313298 0.1313298 0.
55.5 0.91654236284366797 0.0825921 0.1308161 0.1308161 0.
55.6 0.91825859682465660 0.0817756 0.1303045 0.1303045 0.
55.7 0.91998037626167417 0.0809643 0.1297949 0.1297949 0.
55.8 0.92170774772382924 0.0801587 0.1292876 0.1292876 0.
55.9 0.92344075823567617 0.0793594 0.1287829 0.1287829 0.
56.0 0.92517945528340284 0.0785669 0.1282809 0.1282809 0.
56.1 0.92692388682111693 0.0777815 0.1277818 0.1277818 0.
56.2 0.92867410127723360 0.077004 0.1272858 0.1272858 0.
56.3 0.93043014756096676 0.0762347 0.1267931 0.1267931 0.
56.4 0.93219207506892543 0.0754744 0.126304 0.126304 0.
56.5 0.93395993369181618 0.0747237 0.1258186 0.1258186 0.
56.6 0.93573377382125700 0.073983 0.1253373 0.1253373 0.
56.7 0.93751364635670031 0.0732532 0.1248603 0.1248603 0.
56.8 0.93929960271247126 0.0725349 0.1243877 0.1243877 0.
56.9 0.94109169482492094 0.0718288 0.1239199 0.1239199 0.
57.0 0.94288997515969897 0.0711358 0.1234572 0.1234572 0.
57.1 0.94469449671914496 0.0704564 0.1229998 0.1229998 0.
57.2 0.94650531304980356 0.0697917 0.1225479 0.1225479 0.
57.3 0.94832247825006655 0.0691425 0.122102 0.122102 0.
57.4 0.95014604697793958 0.0685096 0.1216623 0.1216623 0.
57.5 0.95197607445894206 0.067894 0.1212291 0.1212291 0.
57.6 0.95381261649413907 0.0672968 0.1208028 0.1208028 0.
57.7 0.95565572946830857 0.0667189 0.1203838 0.1203838 0.
57.8 0.95750547035824851 0.0661615 0.1199723 0.1199723 0.
57.9 0.95936189674122396 0.0656258 0.1195687 0.1195687 0.
58.0 0.96122506680355879 0.065113 0.1191735 0.1191735 0.
58.1 0.96309503934937468 0.0646243 0.118787 0.118787 0.
58.2 0.96497187380948068 0.0641612 0.1184098 0.1184098 0.
58.3 0.96685563025041488 0.0637252 0.1180421 0.1180421 0.
58.4 0.96874636938364433 0.0633178 0.1176844 0.1176844 0.
58.5 0.97064415257492132 0.0629407 0.1173372 0.1173372 0.
58.6 0.97254904185380731 0.0625956 0.117001 0.117001 0.
58.7 0.97446109992335961 0.0622845 0.1166761 0.1166761 0.
58.8 0.97638039016998779 0.0620094 0.1163632 0.1163632 0.
58.9 0.97830697667348698 0.0617726 0.1160624 0.1160624 0.
59.0 0.98024092421724396 0.0607534 0.1157744 0.1157744 0.
59.1 0.98218229829862735 0.0586906 0.1154994 0.1154994 0.
59.2 0.98413116513955912 0.0566163 0.1152378 0.1152378 0.
59.3 0.98608759169727866 0.0545325 0.1149898 0.1149898 0.
59.4 0.98805164567529558 0.0524414 0.1147555 0.1147555 0.
59.5 0.99002339553454166 0.050346 0.1145347 0.1145347 0.
59.6 0.99200291050472111 0.0482497 0.1143273 0.1143273 0.
59.7 0.99399026059587003 0.046157 0.1141326 0.1141326 0.
59.8 0.99598551661012047 0.0440736 0.1139497 0.1139497 0.
59.9 0.99798875015368327 0.0420064 0.1137772 0.1137772 0.
60.0 1.0000000336490449 0.0399646 0.1136133 0.1136133 0.
60.1 1.0020194403473930 0.0379596 0.1134554 0.1134554 0.
60.2 1.0040470443412663 0.0360061 0.1133004 0.1133004 0.
60.3 1.0060829205774386 0.0341227 0.1131449 0.1131449 0.
60.4 1.0081271448700442 0.0323321 0.112985 0.112985 0.
60.5 1.0101797939139427 0.0306623 0.1128175 0.1128175 0.
60.6 1.0122409452983365 0.0291455 0.1126403 0.1126403 0.
60.7 1.0143106775206405 0.0278175 0.1124537 0.1124537 0.
60.8 1.0163890700006153 0.026714 0.1122622 0.1122622 0.
60.9 1.0184762030947627 0.0258667 0.1120752 0.1120752 0.
61.0 1.0205721581109972 0.0252971 0.1119073 0.1119073 0.
61.1 1.0226770173235920 0.0250117 0.1117771 0.1117771 0.
61.2 1.0247908639884131 0.0249999 0.1117046 0.1117046 0.
61.3 1.0269137823584431 0.0252357 0.1117082 0.1117082 0.
61.4 1.0290458576996018 0.0256824 0.111802 0.111802 0.
61.5 1.0311871763068714 0.0262993 0.1119948 0.1119948 0.
61.6 1.0333378255207359 0.0270466 0.1122901 0.1122901 0.
61.7 1.0354978937439347 0.0278893 0.1126873 0.1126873 0.
61.8 1.0376674704585451 0.0287984 0.1131827 0.1131827 0.
61.9 1.0398466462433982 0.0297514 0.1137707 0.1137707 0.
62.0 1.0420355127918348 0.0307311 0.114445 0.114445 0.
62.1 1.0442341629298113 0.0317251 0.115199 0.115199 0.
62.2 1.0464426906343616 0.0327245 0.1160259 0.1160259 0.
62.3 1.0486611910524275 0.0337229 0.1169196 0.1169196 0.
62.4 1.0508897605200611 0.0347159 0.1178742 0.1178742 0.
62.5 1.0531284965820111 0.0357006 0.1188844 0.1188844 0.
62.6 1.0553774980117010 0.0366748 0.1199453 0.1199453 0.
62.7 1.0576368648316092 0.0376371 0.1210524 0.1210524 0.
62.8 1.0599066983340624 0.0385864 0.1222016 0.1222016 0.
62.9 1.0621871011024460 0.0395219 0.1233891 0.1233891 0.
63.0 1.0644781770328475 0.040443 0.1246115 0.1246115 0.
63.1 1.0667800313561446 0.0413491 0.1258654 0.1258654 0.
63.2 1.0690927706605413 0.0422395 0.1271478 0.1271478 0.
63.3 1.0714165029145688 0.0431137 0.1284558 0.1284558 0.
63.4 1.0737513374905625 0.0439712 0.1297864 0.1297864 0.
63.5 1.0760973851886237 0.0448113 0.1311368 0.1311368 0.
63.6 1.0784547582610808 0.0456334 0.1325042 0.1325042 0.
63.7 1.0808235704374589 0.0464368 0.1338856 0.1338856 0.
63.8 1.0832039369499773 0.0472209 0.1352781 0.1352781 0.
63.9 1.0855959745595780 0.0479848 0.1366785 0.1366785 0.
64.0 1.0879998015825072 0.0487279 0.1380832 0.1380832 0.
64.1 1.0904155379174589 0.0494494 0.1394887 0.1394887 0.
64.2 1.0928433050732997 0.0501485 0.1408908 0.1408908 0.
64.3 1.0952832261973782 0.0508244 0.1422849 0.1422849 0.
64.4 1.0977354261044516 0.0514762 0.1436657 0.1436657 0.
64.5 1.1002000313062268 0.0521032 0.1450275 0.1450275 0.
64.6 1.1026771700415456 0.0527045 0.1463633 0.1463633 0.
64.7 1.1051669723072235 0.0532792 0.1476656 0.1476656 0.
64.8 1.1076695698895584 0.0538265 0.1489255 0.1489255 0.
64.9 1.1101850963965334 0.0543454 0.1501329 0.1501329 0.
65.0 1.1127136872907215 0.0548351 0.1512764 0.1512764 0.
65.1 1.1152554799229231 0.0552946 0.1523435 0.1523435 0.
65.2 1.1178106135665402 0.0557229 0.1533207 0.1533207 0.
65.3 1.1203792294527217 0.0561192 0.1541937 0.1541937 0.
65.4 1.1229614708062909 0.0564825 0.1549485 0.1549485 0.
65.5 1.1255574828824770 0.0568117 0.1555719 0.1555719 0.
65.6 1.1281674130044770 0.0571058 0.1560528 0.1560528 0.
65.7 1.1307914106018655 0.0573637 0.156383 0.156383 0.
65.8 1.1334296272498716 0.0575844 0.1565578 0.1565578 0.
65.9 1.1360822167095599 0.0577669 0.1565766 0.1565766 0.
66.0 1.1387493349689228 0.0579098 0.1564422 0.1564422 0.
66.1 1.1414311402849235 0.0580121 0.1561604 0.1561604 -0.0013577
66.2 1.1441277932265064 0.0580726 0.1557389 0.1557389 -0.0031726
66.3 1.1468394567186027 0.0580899 0.155187 0.155187 -0.0050439
66.4 1.1495662960871658 0.0580629 0.1545142 0.1545142 -0.0069711
66.5 1.1523084791052536 0.0579901 0.1537298 0.1537298 -0.0089538
66.6 1.1550661760401986 0.0578701 0.1528429 0.1528429 -0.0109912
66.7 1.1578395597018831 0.0577015 0.1518616 0.1518616 -0.0130829
66.8 1.1606288054921641 0.0574826 0.1507935 0.1507935 -0.0152279
66.9 1.1634340914554704 0.057212 0.1496453 0.1496453 -0.0174258
67.0 1.1662555983306084 0.0568878 0.1484229 0.1484229 -0.0196757
67.1 1.1690935096038124 0.0565081 0.1471316 0.1471316 -0.0219768
67.2 1.1719480115630720 0.0560709 0.1457761 0.1457761 -0.0243284
67.3 1.1748192933537724 0.0555742 0.1443603 0.1443603 -0.0267297
67.4 1.1777075470356930 0.0547891 0.1428879 0.1428879 -0.02918
67.5 1.1806129676413906 0.0532746 0.1413619 0.1413619 -0.0316784
67.6 1.1835357532360211 0.0517285 0.139785 0.139785 -0.0342242
67.7 1.1864761049786312 0.0501485 0.1381594 0.1381594 -0.0368167
67.8 1.1894342271849665 0.048532 0.136487 0.136487 -0.0394552
67.9 1.1924103273918456 0.046876 0.1347695 0.1347695 -0.0421389
68.0 1.1954046164231349 0.0451769 0.1330079 0.1330079 -0.0448673
68.1 1.1984173084573870 0.0434303 0.1312032 0.1312032 -0.0476398
68.2 1.2014486210971758 0.0416312 0.1293558 0.1293558 -0.0504557
68.3 1.2044987754401906 0.0397736 0.1274657 0.1274657 -0.0533149
68.4 1.2075679961521408 0.0378498 0.1255326 0.1255326 -0.0562167
68.5 1.2106565115415191 0.0358509 0.1235555 0.1235555 -0.0591612
68.6 1.2137645536362878 0.0337654 0.1215327 0.1215327 -0.0621482
68.7 1.2168923582625433 0.0315789 0.1194615 0.1194615 -0.0651779
68.8 1.2200401651252133 0.0292725 0.1173381 0.1173381 -0.068251
68.9 1.2232082178908650 0.0268214 0.1151566 0.1151566 -0.0713683
69.0 1.2263967642726714 0.0241911 0.1129087 0.1129087 -0.0745318
69.1 1.2296060561176163 0.0213319 0.1105811 0.1105811 -0.0777443
69.2 1.2328363494960013 0.0181678 0.1081528 0.1081528 -0.0810108
69.3 1.2360879047933260 0.0145713 0.1055869 0.1055869 -0.0843405
69.4 1.2393609868046243 0.0102955 0.1028092 0.1028092 -0.087752
69.5 1.2426558648313226 0.0047108 0.0996237 0.0996237 -0.0912944
69.6 1.2459728127807141 -0.0074976 0.0943055 0.0943055 -0.0953892
69.7 1.2493121092681172
69.8 1.2526740377218175
69.9 1.2560588864908790
70.0 1.2594669489559134
70.1 1.2628985236429111
70.2 1.2663539143402289
70.3 1.2698334302188394
70.4 1.2733373859559551
70.5 1.2768661018621295
70.6 1.2804199040119650
70.7 1.2839991243785358
70.8 1.2876041009716590
70.9 1.2912351779801445
71.0 1.2948927059181552
71.1 1.2985770417758264
71.2 1.3022885491742811
71.3 1.3060275985252012
71.4 1.3097945671951174
71.5 1.3135898396745678
71.6 1.3174138077523165
71.7 1.3212668706947988
71.8 1.3251494354309783
71.9 1.3290619167428244
72.0 1.3330047374615932 0.0057943 0.1317721 0.1317721 -0.0155829
72.1 1.3369783286701415 0.0081075 0.1355931 0.1355931 -0.0133505
72.2 1.3409831299114769 0.0105994 0.1395237 0.1395237 -0.0112446
72.3 1.3450195894037844 0.0132587 0.1435576 0.1435576 -0.009305
72.4 1.3490881642621655 0.0160734 0.1476885 0.1476885 -0.007566
72.5 1.3531893207273342 0.0190317 0.1519102 0.1519102 -0.0060508
72.6 1.3573235344015393 0.022122 0.1562164 0.1562164 -0.0047669
72.7 1.3614912904919696 0.0253332 0.1606012 0.1606012 -0.0037058
72.8 1.3656930840619386 0.0286549 0.165059 0.165059 -0.0028471
72.9 1.3699294202901398 0.0320773 0.1695845 0.1695845 -0.002163
73.0 1.3742008147382716 0.0355917 0.1741729 0.1741729 -0.001624
73.1 1.3785077936273700 0.0391901 0.1788199 0.1788199 -0.0012027
73.2 1.3828508941231716 0.0428651 0.1835216 0.1835216 -0.000875
73.3 1.3872306646308596 0.0466104 0.1882743 0.1882743 -0.000621
73.4 1.3916476650995724 0.0504201 0.1930747 0.1930747 -0.0004247
73.5 1.3961024673370386 0.054289 0.1979201 0.1979201 -0.0002736
73.6 1.4005956553347587 0.0582125 0.2028078 0.2028078 -0.0001576
73.7 1.4051278256041408 0.0621867 0.2077356 0.2077356 -0.0000692
73.8 1.4096995875240308 0.0662077 0.2127015 0.2127015 -0.0000022
73.9 1.4143115637001062 0.0702726 0.2177035 0.2177035 0.
74.0 1.4189643903365978 0.0743784 0.22274 0.22274 0.
74.1 1.4236587176208633 0.0785225 0.2278098 0.2278098 0.
74.2 1.4283952101213191 0.0827029 0.2329113 0.2329113 0.
74.3 1.4331745471992983 0.0869174 0.2380436 0.2380436 0.
74.4 1.4379974234354114 0.0911643 0.2432056 0.2432056 0.
74.5 1.4428645490710084 0.0954421 0.2483963 0.2483963 0.
74.6 1.4477766504653917 0.0997493 0.2536151 0.2536151 0.
74.7 1.4527344705694387 0.1040847 0.2588611 0.2588611 0.
74.8 1.4577387694163313 0.1084471 0.2641337 0.2641337 0.
74.9 1.4627903246301464 0.1128356 0.2694324 0.2694324 0.
75.0 1.4678899319530556 0.1172492 0.2747566 0.2747566 0.
75.1 1.4730384057919645 0.1216871 0.2801059 0.2801059 0.
75.2 1.4782365797854315 0.1261486 0.2854798 0.2854798 0.
75.3 1.4834853073917655 0.1306331 0.2908781 0.2908781 0.
75.4 1.4887854624992518 0.1351398 0.2963003 0.2963003 0.
75.5 1.4941379400594756 0.1396684 0.3017461 0.3017461 0.
75.6 1.4995436567448153 0.1442182 0.3072154 0.3072154 0.
75.7 1.5050035516311675 0.1487888 0.3127079 0.3127079 0.
75.8 1.5105185869070827 0.1533799 0.3182233 0.3182233 0.
75.9 1.5160897486105220 0.157991 0.3237614 0.3237614 0.
76.0 1.5217180473945009 0.1626218 0.3293221 0.3293221 0.
76.1 1.5274045193229899 0.167272 0.3349052 0.3349052 0.
76.2 1.5331502266984804 0.1719412 0.3405106 0.3405106 0.
76.3 1.5389562589227139 0.1766293 0.346138 0.346138 0.
76.4 1.5448237333921728 0.181336 0.3517875 0.3517875 0.
76.5 1.5507537964299845 0.1860611 0.3574588 0.3574588 0.
76.6 1.5567476242560161 0.1908043 0.3631519 0.3631519 0.
76.7 1.5628064239970156 0.1955655 0.3688665 0.3688665 0.
76.8 1.5689314347387666 0.2003445 0.3746027 0.3746027 0.
76.9 1.5751239286223491 0.2051411 0.3803601 0.3803601 0.
77.0 1.5813852119866876 0.2099553 0.3861389 0.3861389 0.
77.1 1.5877166265597418 0.2147867 0.3919386 0.3919386 0.
77.2 1.5941195507007735 0.2196355 0.3977592 0.3977592 0.
77.3 1.6005954006963241 0.2245013 0.4036005 0.4036005 0.
77.4 1.6071456321126634 0.2293842 0.4094621 0.4094621 0.
77.5 1.6137717412076256 0.2342841 0.4153438 0.4153438 0.
77.6 1.6204752664049629 0.2392008 0.4212449 0.4212449 0.
77.7 1.6272577898344955 0.2441343 0.4271649 0.4271649 0.
77.8 1.6341209389415596 0.2490846 0.4331028 0.4331028 0.
77.9 1.6410663881694845 0.2540515 0.4390571 0.4390571 0.
78.0 1.6480958607190197 0.2590351 0.4450255 0.4450255 0.
78.1 1.6552111303889363 0.2640353 0.451004 0.451004 0.
78.2 1.6624140235022404 0.2690521 0.4569853 0.4569853 0.
78.3 1.6697064209227548 0.2740855 0.4629542 0.4629542 0.
78.4 1.6770902601671336 0.2791354 0.4688744 0.4688744 0.
78.5 1.6845675376176648 0.284202 0.4746386 0.4746386 0.
78.6 1.6921403108416329 0.2892851 0.4798759 0.4798759 0.
78.7 1.6998107010233166 0.2943848 0.4838365 0.4838365 0.
78.8 1.7075808955151763 0.2995012 0.4867223 0.4867223 0.
78.9 1.7154531505151902 0.3046343 0.4892299 0.4892299 0.
79.0 1.7234297938777567 0.3097841 0.4916135 0.4916135 0.
79.1 1.7315132280661407 0.3149508 0.4939491 0.4939491 0.
79.2 1.7397059332549434 0.3201343 0.4962643 0.4962643 0.
79.3 1.7480104705916841 0.3253348 0.4985717 0.4985717 0.
79.4 1.7564294856272575 0.3305524 0.5008776 0.5008776 0.
79.5 1.7649657119256603 0.3357872 0.5031859 0.5031859 0.
79.6 1.7736219748641979 0.3410393 0.5054988 0.5054988 0.
79.7 1.7824011956361372 0.3463089 0.507818 0.507818 0.
79.8 1.7913063954686912 0.351596 0.5101447 0.5101447 0.
79.9 1.8003407000701643 0.356901 0.5124797 0.5124797 0.
80.0 1.8095073443210954 0.3622239 0.5148238 0.5148238 0.
80.1 1.8188096772254154 0.367565 0.5171775 0.5171775 0.
80.2 1.8282511671387802 0.3729244 0.5195415 0.5195415 0.
80.3 1.8378354072926408 0.3783025 0.5219161 0.5219161 0.
80.4 1.8475661216340147 0.3836994 0.5243019 0.5243019 0.
80.5 1.8574471710024862 0.3891155 0.5266993 0.5266993 0.
80.6 1.8674825596677291 0.3945511 0.5291086 0.5291086 0.
80.7 1.8776764422526515 0.4000063 0.5315302 0.5315302 0.
80.8 1.8880331310693452 0.4054817 0.5339647 0.5339647 0.
80.9 1.8985571038972699 0.4109776 0.5364122 0.5364122 0.
81.0 1.9092530122354845 0.4164943 0.5388733 0.5388733 0.
81.1 1.9201256900634951 0.4220322 0.5413483 0.5413483 0.
81.2 1.9311801631481520 0.4275919 0.5438376 0.5438376 0.
81.3 1.9424216589372902 0.4331738 0.5463415 0.5463415 0.
81.4 1.9538556170843520 0.4387783 0.5488606 0.5488606 0.
81.5 1.9654877006520655 0.4444061 0.551395 0.551395 0.
81.6 1.9773238080476301 0.4500577 0.5539452 0.5539452 0.
81.7 1.9893700857464571 0.4557337 0.5565115 0.5565115 0.
81.8 2.0016329418668652 0.4614347 0.5590942 0.5590942 0.
81.9 2.0141190606637487 0.4671615 0.5616932 0.5616932 0.
82.0 2.0268354180156947 0.4729148 0.5643084 0.5643084 0.
82.1 2.0397892979870225 0.4786953 0.5669391 0.5669391 0.
82.2 2.0529883105540567 0.4845039 0.569583 0.569583 0.
82.3 2.0664404105935832 0.4903415 0.5722341 0.5722341 0.
82.4 2.0801539182411148 0.4962089 0.5748715 0.5748715 0.
82.5 2.0941375407372735 0.5021072 0.5773879 0.5773879 0.
82.6 2.1084003958926107 0.5080374 0.5791102 0.5791102 0.
82.7 2.1229520373144530 0.5140006 0.5797954 0.5797954 0.
82.8 2.1378024815543255 0.519998 0.5802518 0.5802518 0.
82.9 2.1529622373511956 0.5260308 0.5806514 0.5806514 0.
83.0 2.1684423371644423 0.5321004 0.5810245 0.5810245 0.
83.1 2.1842543712115088 0.538208 0.5813801 0.5813801 0.
83.2 2.2004105242487957 0.5443553 0.5817223 0.5817223 0.
83.3 2.2169236153609786 0.5505437 0.5820531 0.5820531 0.
83.4 2.2338071410539140 0.556775 0.582374 0.582374 0.
83.5 2.2510753219802888 0.5630508 0.5826861 0.5826861 0.
83.6 2.2687431536655347 0.569373 0.5829902 0.5829902 0.
83.7 2.2868264616451803 0.5757436 0.5832873 0.5832873 0.
83.8 2.3053419614742690 0.5821647 0.5835779 0.5835779 0.
83.9 2.3243073241259733 0.5838629 0.5838629 0.5838629 0.
84.0 2.3437412473608381 0.5841429 0.5841429 0.5841429 0.
84.1 2.3636635337217689 0.5844185 0.5844185 0.5844185 0.
84.2 2.3840951758941467 0.5846905 0.5846905 0.5846905 0.
84.3 2.4050584502674064 0.5849595 0.5849595 0.5849595 0.
84.4 2.4265770196459231 0.5852262 0.5852262 0.5852262 0.
84.5 2.4486760461856742 0.5854912 0.5854912 0.5854912 0.
84.6 2.4713823157820722 0.5857551 0.5857551 0.5857551 0.
84.7 2.4947243753068959 0.5860186 0.5860186 0.5860186 0.
84.8 2.5187326842930178 0.5862824 0.5862824 0.5862824 0.
84.9 2.5434397828995103 0.5865471 0.5865471 0.5865471 0.
