5 0.22474786951272291 -0.74281 -0.73563 -0.72609 -0.71792 -0.49880 0.12918 0.60342 0.64165 0.69308 0.73842 .62798
5.1 0.22699590357274410 -0.74198 -0.73427 -0.72398 -0.71510 -0.49866 0.12946 0.59639 0.63577 0.68888 0.73582 .62812
5.2 0.22922258189255645 -0.74118 -0.73295 -0.72189 -0.71227 -0.49852 0.12975 0.58947 0.63000 0.68478 0.73333 .62827
5.3 0.23142853458965695 -0.74043 -0.73167 -0.71982 -0.70943 -0.49837 0.13005 0.58266 0.62432 0.68078 0.73093 .62842
5.4 0.23361436236885605 -0.73972 -0.73042 -0.71777 -0.70659 -0.49820 0.13036 0.57596 0.61875 0.67686 0.72863 .62856
5.5 0.23578063841929153 -0.73905 -0.72920 -0.71573 -0.70375 -0.49802 0.13067 0.56937 0.61326 0.67304 0.72641 .62869
5.6 0.23792791015694406 -0.73842 -0.72802 -0.71372 -0.70089 -0.49783 0.13100 0.56288 0.60787 0.66929 0.72428 .62883
5.7 0.24005670082776287 -0.73782 -0.72687 -0.71172 -0.69804 -0.49762 0.13134 0.55649 0.60257 0.66563 0.72223 .62896
5.8 0.24216751098479444 -0.73726 -0.72576 -0.70974 -0.69517 -0.49740 0.13168 0.55020 0.59736 0.66205 0.72026 .62908
5.9 0.24426081985121312 -0.73674 -0.72467 -0.70778 -0.69231 -0.49717 0.13204 0.54400 0.59223 0.65854 0.71836 .62921
6.0 0.24633708657984518 -0.73625 -0.72361 -0.70584 -0.68944 -0.49692 0.13240 0.53790 0.58718 0.65511 0.71653 .62932
6.1 0.24839675141863690 -0.73579 -0.72258 -0.70391 -0.68657 -0.49665 0.13277 0.53188 0.58221 0.65174 0.71477 .62942
6.2 0.25044023679051242 -0.73536 -0.72159 -0.70201 -0.68369 -0.49637 0.13315 0.52596 0.57731 0.64844 0.71307 .62952
6.3 0.25246794829518643 -0.73496 -0.72062 -0.70012 -0.68081 -0.49608 0.13355 0.52012 0.57250 0.64521 0.71143 .62963
6.4 0.25448027563971826 -0.73460 -0.71967 -0.69825 -0.67793 -0.49576 0.13395 0.51437 0.56775 0.64203 0.70985 .62971
6.5 0.25647759350390792 -0.73426 -0.71876 -0.69640 -0.67505 -0.49543 0.13436 0.50870 0.56308 0.63892 0.70832 .62979
6.6 0.25846026234602637 -0.73394 -0.71787 -0.69456 -0.67216 -0.49509 0.13477 0.50311 0.55847 0.63586 0.70684 .62986
6.7 0.26042862915383336 -0.73366 -0.71700 -0.69275 -0.66928 -0.49472 0.13520 0.49760 0.55393 0.63286 0.70541 .62992
6.8 0.26238302814535797 -0.73340 -0.71617 -0.69095 -0.66639 -0.49434 0.13564 0.49216 0.54946 0.62991 0.70404 .62998
6.9 0.26432378142348961 -0.73316 -0.71535 -0.68917 -0.66350 -0.49393 0.13608 0.48680 0.54505 0.62701 0.70270 .63001
7.0 0.26625119958804888 -0.73295 -0.71456 -0.68741 -0.66062 -0.49351 0.13654 0.48152 0.54070 0.62416 0.70141 .63005
7.1 0.26816558230866605 -0.73276 -0.71380 -0.68567 -0.65773 -0.49307 0.13700 0.47631 0.53641 0.62136 0.70016 .63007
7.2 0.27006721886149349 -0.73260 -0.71305 -0.68395 -0.65485 -0.49261 0.13747 0.47117 0.53218 0.61860 0.69894 .63008
7.3 0.27195638863250449 -0.73245 -0.71233 -0.68224 -0.65197 -0.49213 0.13795 0.46609 0.52801 0.61589 0.69777 .63008
7.4 0.27383336158988730 -0.73233 -0.71164 -0.68055 -0.64909 -0.49162 0.13844 0.46109 0.52389 0.61322 0.69663 .63006
7.5 0.27569839872782342 -0.73223 -0.71096 -0.67888 -0.64621 -0.49110 0.13894 0.45615 0.51983 0.61060 0.69552 .63004
7.6 0.27755175248374220 -0.73215 -0.71030 -0.67723 -0.64334 -0.49055 0.13945 0.45127 0.51581 0.60801 0.69444 .63000
7.7 0.27939366713096336 -0.73209 -0.70967 -0.67560 -0.64047 -0.48998 0.13997 0.44646 0.51186 0.60546 0.69339 .62995
7.8 0.28122437914848114 -0.73204 -0.70905 -0.67399 -0.63761 -0.48939 0.14049 0.44171 0.50795 0.60295 0.69238 .62988
7.9 0.28304411756949560 -0.73202 -0.70846 -0.67239 -0.63475 -0.48878 0.14103 0.43702 0.50409 0.60047 0.69138 .62981
8.0 0.28485310431016619 -0.73201 -0.70788 -0.67081 -0.63190 -0.48814 0.14157 0.43239 0.50027 0.59803 0.69042 .62971
8.1 0.28665155447994300 -0.73202 -0.70733 -0.66925 -0.62905 -0.48748 0.14212 0.42781 0.49651 0.59562 0.68947 .62960
8.2 0.28843967667472209 -0.73204 -0.70679 -0.66771 -0.62621 -0.48679 0.14268 0.42330 0.49279 0.59325 0.68855 .62947
8.3 0.29021767325397441 -0.73208 -0.70627 -0.66619 -0.62338 -0.48608 0.14325 0.41883 0.48911 0.59090 0.68766 .62933
8.4 0.29198574060290522 -0.73214 -0.70577 -0.66469 -0.62056 -0.48535 0.14382 0.41442 0.48548 0.58859 0.68678 .62917
8.5 0.29374406938062309 -0.73222 -0.70529 -0.66320 -0.61774 -0.48459 0.14441 0.41007 0.48189 0.58630 0.68592 .62900
8.6 0.29549284475521920 -0.73230 -0.70482 -0.66173 -0.61494 -0.48380 0.14500 0.40576 0.47834 0.58405 0.68508 .62880
8.7 0.29723224662659264 -0.73241 -0.70437 -0.66028 -0.61214 -0.48299 0.14561 0.40151 0.47483 0.58182 0.68426 .62860
8.8 0.29896244983779341 -0.73252 -0.70394 -0.65885 -0.60935 -0.48215 0.14622 0.39730 0.47136 0.57962 0.68345 .62837
8.9 0.30068362437559926 -0.73265 -0.70352 -0.65744 -0.60658 -0.48128 0.14684 0.39314 0.46793 0.57744 0.68266 .62812
9.0 0.30239593556098865 -0.73280 -0.70312 -0.65604 -0.60382 -0.48038 0.14747 0.38903 0.46454 0.57529 0.68188 .62785
9.1 0.30409954423012653 -0.73295 -0.70273 -0.65467 -0.60107 -0.47946 0.14810 0.38497 0.46118 0.57316 0.68111 .62756
9.2 0.30579460690643406 -0.73312 -0.70236 -0.65331 -0.59834 -0.47851 0.14875 0.38095 0.45786 0.57106 0.68036 .62726
9.3 0.30748127596427399 -0.73330 -0.70200 -0.65197 -0.59561 -0.47753 0.14940 0.37697 0.45457 0.56898 0.67962 .62693
9.4 0.30915969978474567 -0.73350 -0.70166 -0.65064 -0.59291 -0.47652 0.15006 0.37304 0.45132 0.56692 0.67889 .62658
9.5 0.31083002290405076 -0.73370 -0.70134 -0.64934 -0.59022 -0.47548 0.15073 0.36914 0.44810 0.56488 0.67817 .62621
9.6 0.31249238615485792 -0.73392 -0.70102 -0.64805 -0.58754 -0.47440 0.15141 0.36529 0.44492 0.56286 0.67745 .62581
9.7 0.31414692680106648 -0.73415 -0.70072 -0.64678 -0.58488 -0.47330 0.15209 0.36148 0.44176 0.56086 0.67675 .62539
9.8 0.31579377866634295 -0.73439 -0.70044 -0.64553 -0.58224 -0.47217 0.15279 0.35771 0.43864 0.55889 0.67606 .62496
9.9 0.31743307225677786 -0.73464 -0.70016 -0.64429 -0.57962 -0.47101 0.15349 0.35398 0.43555 0.55693 0.67537 .62450
10.0 0.31906493487798943 -0.73490 -0.69990 -0.64307 -0.57702 -0.46982 0.15420 0.35028 0.43249 0.55498 0.67468 .62402
10.1 0.32068949074697878 -0.73518 -0.69966 -0.64187 -0.57443 -0.46859 0.15492 0.34662 0.42945 0.55306 0.67401 .62351
10.2 0.32230686109902068 -0.73546 -0.69942 -0.64069 -0.57187 -0.46733 0.15564 0.34300 0.42645 0.55115 0.67334 .62297
10.3 0.32391716428985806 -0.73575 -0.69920 -0.63952 -0.56933 -0.46604 0.15638 0.33941 0.42347 0.54926 0.67267 .62242
10.4 0.32552051589344949 -0.73605 -0.69899 -0.63837 -0.56681 -0.46472 0.15712 0.33585 0.42053 0.54739 0.67201 .62184
10.5 0.32711702879550453 -0.73637 -0.69879 -0.63724 -0.56431 -0.46336 0.15787 0.33233 0.41760 0.54553 0.67135 .62123
10.6 0.32870681328302698 -0.73669 -0.69860 -0.63612 -0.56183 -0.46197 0.15863 0.32885 0.41471 0.54369 0.67069 .62060
10.7 0.33028997713007269 -0.73702 -0.69843 -0.63502 -0.55938 -0.46055 0.15939 0.32539 0.41184 0.54186 0.67004 .61994
10.8 0.33186662567991565 -0.73736 -0.69826 -0.63394 -0.55695 -0.45909 0.16016 0.32197 0.40899 0.54005 0.66939 .61925
10.9 0.33343686192380506 -0.73771 -0.69811 -0.63287 -0.55454 -0.45760 0.16094 0.31857 0.40617 0.53825 0.66874 .61854
11.0 0.33500078657648524 -0.73807 -0.69797 -0.63182 -0.55216 -0.45608 0.16173 0.31521 0.40337 0.53646 0.66809 .61781
11.1 0.33655849814863903 -0.73844 -0.69783 -0.63078 -0.54981 -0.45452 0.16253 0.31187 0.40060 0.53468 0.66744 .61705
11.2 0.33811009301640765 -0.73881 -0.69771 -0.62976 -0.54748 -0.45293 0.16333 0.30857 0.39785 0.53292 0.66679 .61626
11.3 0.33965566548812931 -0.73920 -0.69760 -0.62876 -0.54517 -0.45130 0.16414 0.30529 0.39512 0.53117 0.66614 .61544
11.4 0.34119530786843266 -0.73959 -0.69750 -0.62777 -0.54290 -0.44964 0.16495 0.30204 0.39242 0.52944 0.66549 .61459
11.5 0.34272911051981081 -0.73999 -0.69741 -0.62680 -0.54064 -0.44795 0.16578 0.29882 0.38974 0.52771 0.66484 .61373
11.6 0.34425716192179839 -0.74040 -0.69733 -0.62584 -0.53842 -0.44623 0.16661 0.29562 0.38707 0.52600 0.66419 .61284
11.7 0.34577954872786260 -0.74082 -0.69726 -0.62490 -0.53622 -0.44447 0.16744 0.29245 0.38443 0.52429 0.66354 .61191
11.8 0.34729635582011686 -0.74125 -0.69719 -0.62397 -0.53405 -0.44268 0.16829 0.28931 0.38181 0.52260 0.66288 .61097
11.9 0.34880766636195842 -0.74169 -0.69714 -0.62305 -0.53190 -0.44086 0.16914 0.28619 0.37921 0.52092 0.66222 .61000
12.0 0.35031356184872481 -0.74213 -0.69710 -0.62215 -0.52978 -0.43901 0.16999 0.28309 0.37663 0.51924 0.66156 .60900
12.1 0.35181412215645985 -0.74258 -0.69706 -0.62127 -0.52769 -0.43713 0.17085 0.28002 0.37407 0.51758 0.66090 .60798
12.2 0.35330942558887629 -0.74304 -0.69704 -0.62040 -0.52563 -0.43522 0.17172 0.27697 0.37153 0.51593 0.66023 .60694
12.3 0.35479954892259385 -0.74351 -0.69702 -0.61954 -0.52359 -0.43327 0.17259 0.27395 0.36900 0.51428 0.65956 .60586
12.4 0.35628456745073178 -0.74399 -0.69701 -0.61869 -0.52157 -0.43130 0.17347 0.27095 0.36650 0.51264 0.65888 .60477
12.5 0.35776455502492738 -0.74447 -0.69701 -0.61786 -0.51958 -0.42930 0.17435 0.26797 0.36401 0.51102 0.65820 .60365
12.6 0.35923958409585033 -0.74497 -0.69702 -0.61705 -0.51762 -0.42728 0.17524 0.26502 0.36154 0.50940 0.65752 .60252
12.7 0.36070972575227789 -0.74547 -0.69704 -0.61624 -0.51568 -0.42522 0.17613 0.26209 0.35909 0.50779 0.65683 .60135
12.8 0.36217504975879339 -0.74597 -0.69707 -0.61545 -0.51377 -0.42314 0.17702 0.25918 0.35665 0.50618 0.65613 .60016
12.9 0.36363562459216681 -0.74649 -0.69710 -0.61467 -0.51188 -0.42104 0.17792 0.25629 0.35423 0.50459 0.65543 .59896
13.0 0.36509151747647400 -0.74701 -0.69715 -0.61390 -0.51001 -0.41891 0.17882 0.25343 0.35183 0.50300 0.65473 .59773
13.1 0.36654279441700738 -0.74755 -0.69720 -0.61315 -0.50817 -0.41676 0.17972 0.25059 0.34945 0.50142 0.65401 .59648
13.2 0.36798952023302828 -0.74809 -0.69726 -0.61241 -0.50635 -0.41458 0.18062 0.24777 0.34708 0.49984 0.65330 .59520
13.3 0.36943175858941057 -0.74863 -0.69732 -0.61168 -0.50455 -0.41239 0.18152 0.24498 0.34472 0.49828 0.65257 .59391
13.4 0.37086957202721976 -0.74919 -0.69740 -0.61096 -0.50278 -0.41017 0.18241 0.24222 0.34238 0.49672 0.65184 .59258
13.5 0.37230302199327187 -0.74975 -0.69748 -0.61025 -0.50102 -0.40794 0.18331 0.23948 0.34006 0.49516 0.65110 .59125
13.6 0.37373216886871380 -0.75032 -0.69757 -0.60956 -0.49929 -0.40568 0.18419 0.23677 0.33775 0.49361 0.65036 .58987
13.7 0.37515707199666415 -0.75090 -0.69767 -0.60888 -0.49757 -0.40341 0.18507 0.23409 0.33546 0.49207 0.64961 .58848
13.8 0.37657778970895234 -0.75149 -0.69777 -0.60820 -0.49588 -0.40112 0.18593 0.23144 0.33318 0.49053 0.64885 .58705
13.9 0.37799437935199204 -0.75209 -0.69789 -0.60754 -0.49420 -0.39882 0.18677 0.22883 0.33091 0.48900 0.64808 .58559
14.0 0.37940689731182314 -0.75269 -0.69801 -0.60689 -0.49254 -0.39651 0.18759 0.22627 0.32866 0.48748 0.64731 .58410
14.1 0.38081539903835421 -0.75330 -0.69814 -0.60625 -0.49090 -0.39417 0.18838 0.22376 0.32642 0.48596 0.64652 .58255
14.2 0.38221993906883789 -0.75392 -0.69827 -0.60562 -0.48928 -0.39183 0.18912 0.22131 0.32420 0.48444 0.64573 .58095
14.3 0.38362057105060715 -0.75455 -0.69841 -0.60500 -0.48767 -0.38948 0.18980 0.21895 0.32199 0.48293 0.64493 .57928
14.4 0.38501734776310242 -0.75519 -0.69857 -0.60439 -0.48608 -0.38711 0.19039 0.21668 0.31980 0.48142 0.64413 .57750
14.5 0.38641032113921558 -0.75583 -0.69872 -0.60380 -0.48450 -0.38474 0.19087 0.21455 0.31761 0.47992 0.64331 .57561
14.6 0.38779954228597707 -0.75648 -0.69889 -0.60321 -0.48294 -0.38236 0.19119 0.21260 0.31544 0.47842 0.64249 .57355
14.7 0.38918506150461102 -0.75715 -0.69906 -0.60263 -0.48139 -0.37996 0.19129 0.21088 0.31329 0.47693 0.64165 .57125
14.8 0.39056692830998108 -0.75782 -0.69925 -0.60206 -0.47986 -0.37757 0.19110 0.20947 0.31115 0.47544 0.64081 .56867
14.9 0.39194519144945134 -0.75849 -0.69943 -0.60150 -0.47834 -0.37516 0.19057 0.20841 0.30902 0.47396 0.63996 .56573
15.0 0.39331989892118169 -0.75918 -0.69963 -0.60095 -0.47683 -0.37276 0.18967 0.20773 0.30690 0.47248 0.63910 .56243
15.1 0.39469109799188024 -0.75988 -0.69984 -0.60041 -0.47534 -0.37035 0.18842 0.20743 0.30480 0.47100 0.63823 .55877
15.2 0.39605883521403118 -0.76058 -0.70005 -0.59988 -0.47385 -0.36793 0.18686 0.20744 0.30271 0.46953 0.63735 .55479
15.3 0.39742315644261811 -0.76130 -0.70027 -0.59935 -0.47238 -0.36551 0.18507 0.20770 0.30063 0.46806 0.63647 .55058
15.4 0.39878410685136023 -0.76202 -0.70050 -0.59884 -0.47092 -0.36310 0.18310 0.20815 0.29856 0.46659 0.63557 .54620
15.5 0.40014173094847860 -0.76275 -0.70073 -0.59834 -0.46947 -0.36068 0.18100 0.20874 0.29651 0.46512 0.63466 .54168
15.6 0.40149607259201053 -0.76349 -0.70098 -0.59784 -0.46803 -0.35826 0.17881 0.20943 0.29447 0.46366 0.63374 .53707
15.7 0.40284717500468581 -0.76425 -0.70123 -0.59736 -0.46661 -0.35585 0.17656 0.21020 0.29244 0.46220 0.63282 .53241
15.8 0.40419508078838223 -0.76501 -0.70149 -0.59688 -0.46519 -0.35344 0.17426 0.21103 0.29043 0.46075 0.63188 .52770
15.9 0.40553983193817339 -0.76578 -0.70176 -0.59642 -0.46378 -0.35103 0.17193 0.21190 0.28842 0.45929 0.63094 .52296
16.0 0.40688146985598445 -0.76656 -0.70204 -0.59596 -0.46238 -0.34863 0.16958 0.21280 0.28643 0.45784 0.62998 .51821
16.1 0.40822003536386753 -0.76735 -0.70233 -0.59551 -0.46098 -0.34624 0.16721 0.21373 0.28446 0.45639 0.62902 .51345
16.2 0.40955556871691118 -0.76816 -0.70263 -0.59507 -0.45960 -0.34385 0.16482 0.21467 0.28249 0.45494 0.62804 .50867
16.3 0.41088810961579586 -0.76897 -0.70294 -0.59464 -0.45822 -0.34148 0.16244 0.21564 0.28054 0.45349 0.62706 .50392
16.4 0.41221769721900697 -0.76980 -0.70326 -0.59422 -0.45686 -0.33911 0.16005 0.21661 0.27860 0.45204 0.62606 .49916
16.5 0.41354437015471773 -0.77064 -0.70358 -0.59381 -0.45550 -0.33676 0.15765 0.21760 0.27667 0.45060 0.62506 .49441
16.6 0.41486816653235176 -0.77149 -0.70392 -0.59341 -0.45414 -0.33442 0.15526 0.21859 0.27475 0.44915 0.62405 .48968
16.7 0.41618912395383745 -0.77235 -0.70428 -0.59302 -0.45280 -0.33210 0.15288 0.21959 0.27285 0.44770 0.62303 .48498
16.8 0.41750727952456318 -0.77323 -0.70464 -0.59264 -0.45146 -0.32980 0.15049 0.22060 0.27096 0.44626 0.62200 .48029
16.9 0.41882266986404287 -0.77412 -0.70502 -0.59228 -0.45013 -0.32752 0.14812 0.22160 0.26908 0.44481 0.62096 .47564
17.0 0.42013533111630319 -0.77502 -0.70541 -0.59192 -0.44880 -0.32526 0.14575 0.22261 0.26722 0.44336 0.61992 .47101
17.1 0.42144529895999888 -0.77594 -0.70581 -0.59158 -0.44748 -0.32303 0.14339 0.22362 0.26537 0.44192 0.61887 .46642
17.2 0.42275260861826658 -0.77687 -0.70623 -0.59125 -0.44617 -0.32082 0.14105 0.22462 0.26353 0.44047 0.61781 .46187
17.3 0.42405729486832622 -0.77782 -0.70666 -0.59093 -0.44486 -0.31865 0.13871 0.22563 0.26170 0.43901 0.61675 .45736
17.4 0.42535939205083484 -0.77879 -0.70711 -0.59063 -0.44356 -0.31652 0.13639 0.22664 0.25989 0.43756 0.61568 .45291
17.5 0.42665893407900496 -0.77977 -0.70758 -0.59034 -0.44227 -0.31442 0.13408 0.22764 0.25808 0.43611 0.61461 .44850
17.6 0.42795595444749102 -0.78078 -0.70807 -0.59007 -0.44098 -0.31237 0.13180 0.22865 0.25629 0.43465 0.61353 .44417
17.7 0.42925048624105394 -0.78180 -0.70857 -0.58981 -0.43970 -0.31036 0.12953 0.22965 0.25452 0.43318 0.61246 .43989
17.8 0.43054256214300907 -0.78284 -0.70909 -0.58957 -0.43843 -0.30840 0.12729 0.23065 0.25275 0.43172 0.61138 .43569
17.9 0.43183221444346498 -0.78389 -0.70963 -0.58935 -0.43716 -0.30650 0.12506 0.23165 0.25100 0.43025 0.61031 .43156
18.0 0.43311947504735931 -0.78497 -0.71019 -0.58914 -0.43591 -0.30466 0.12287 0.23264 0.24926 0.42878 0.60925 .42753
18.1 0.43440437548229766 -0.78607 -0.71077 -0.58895 -0.43466 -0.30288 0.12070 0.23364 0.24754 0.42731 0.60819 .42358
18.2 0.43568694690620202 -0.78719 -0.71137 -0.58879 -0.43341 -0.30117 0.11857 0.23463 0.24583 0.42583 0.60714 .41974
18.3 0.43696722011477462 -0.78832 -0.71198 -0.58864 -0.43218 -0.29952 0.11647 0.23561 0.24414 0.42434 0.60610 .41599
18.4 0.43824522554878126 -0.78947 -0.71262 -0.58851 -0.43095 -0.29795 0.11440 0.23658 0.24248 0.42286 0.60508 .41235
18.5 0.43952099330116196 -0.79064 -0.71327 -0.58839 -0.42973 -0.29645 0.11237 0.23751 0.24087 0.42137 0.60407 .40882
18.6 0.44079455312397198 -0.79183 -0.71393 -0.58829 -0.42852 -0.29502 0.11037 0.23813 0.23957 0.41988 0.60308 .40539
18.7 0.44206593443515912 -0.79302 -0.71461 -0.58821 -0.42731 -0.29366 0.10841 0.23722 0.23982 0.41839 0.60211 .40207
18.8 0.44333516632518272 -0.79423 -0.71531 -0.58814 -0.42610 -0.29237 0.10649 0.23568 0.24069 0.41689 0.60115 .39886
18.9 0.44460227756347698 -0.79545 -0.71601 -0.58808 -0.42490 -0.29115 0.10461 0.23409 0.24162 0.41539 0.60022 .39576
19.0 0.44586729660476643 -0.79668 -0.71671 -0.58802 -0.42369 -0.28999 0.10276 0.23250 0.24255 0.41389 0.59931 .39275
19.1 0.44713025159523395 -0.79791 -0.71743 -0.58797 -0.42248 -0.28890 0.10096 0.23091 0.24346 0.41239 0.59842 .38986
19.2 0.44839117037854909 -0.79914 -0.71814 -0.58792 -0.42127 -0.28786 0.09918 0.22932 0.24436 0.41089 0.59755 .38704
19.3 0.44965008050175848 -0.80037 -0.71886 -0.58787 -0.42005 -0.28688 0.09744 0.22774 0.24523 0.40938 0.59670 .38432
19.4 0.45090700922104293 -0.80160 -0.71957 -0.58781 -0.41881 -0.28594 0.09574 0.22615 0.24608 0.40787 0.59587 .38168
19.5 0.45216198350734593 -0.80283 -0.72028 -0.58774 -0.41756 -0.28506 0.09406 0.22457 0.24689 0.40636 0.59507 .37912
19.6 0.45341503005187517 -0.80405 -0.72098 -0.58766 -0.41629 -0.28421 0.09242 0.22298 0.24765 0.40485 0.59428 .37663
19.7 0.45466617527148268 -0.80525 -0.72167 -0.58757 -0.41500 -0.28340 0.09080 0.22139 0.24837 0.40334 0.59351 .37420
19.8 0.45591544531392630 -0.80645 -0.72236 -0.58745 -0.41368 -0.28262 0.08921 0.21978 0.24904 0.40182 0.59276 .37183
19.9 0.45716286606301498 -0.80763 -0.72303 -0.58731 -0.41232 -0.28188 0.08765 0.21815 0.24964 0.40030 0.59203 .36953
20.0 0.45840846314364242 -0.80880 -0.72368 -0.58714 -0.41092 -0.28116 0.08612 0.21649 0.25017 0.39879 0.59132 .36728
20.1 0.45965226192671138 -0.80995 -0.72432 -0.58693 -0.40948 -0.28046 0.08461 0.21481 0.25062 0.39727 0.59062 .36507
20.2 0.46089428753395190 -0.81108 -0.72494 -0.58668 -0.40799 -0.27978 0.08312 0.21308 0.25098 0.39575 0.58995 .36290
20.3 0.46213456484263626 -0.81218 -0.72553 -0.58639 -0.40643 -0.27912 0.08167 0.21130 0.25124 0.39424 0.58929 .36079
20.4 0.46337311849019369 -0.81326 -0.72610 -0.58605 -0.40481 -0.27847 0.08024 0.20946 0.25138 0.39273 0.58866 .35871
20.5 0.46460997287872730 -0.81430 -0.72663 -0.58564 -0.40310 -0.27782 0.07883 0.20755 0.25139 0.39123 0.58805 .35665
20.6 0.46584515217943595 -0.81532 -0.72713 -0.58517 -0.40130 -0.27719 0.07746 0.20555 0.25124 0.38973 0.58747 .35465
20.7 0.46707868033694405 -0.81629 -0.72758 -0.58462 -0.39939 -0.27656 0.07612 0.20346 0.25091 0.38825 0.58692 .35268
20.8 0.46831058107354084 -0.81722 -0.72798 -0.58397 -0.39736 -0.27593 0.07482 0.20124 0.25038 0.38679 0.58641 .35075
20.9 0.46954087789333243 -0.81810 -0.72832 -0.58322 -0.39517 -0.27530 0.07356 0.19889 0.24960 0.38535 0.58595 .34886
21.0 0.47076959408630886 -0.81892 -0.72857 -0.58234 -0.39282 -0.27467 0.07235 0.19637 0.24854 0.38396 0.58556 .34702
21.1 0.47199675273232761 -0.81968 -0.72872 -0.58132 -0.39025 -0.27405 0.07121 0.19368 0.24715 0.38262 0.58525 .34526
21.2 0.47322237670501677 -0.82035 -0.72875 -0.58014 -0.38745 -0.27344 0.07015 0.19078 0.24539 0.38137 0.58507 .34359
21.3 0.47444648867559963 -0.82094 -0.72861 -0.57876 -0.38437 -0.27287 0.06918 0.18767 0.24319 0.38023 0.58504 .34205
21.4 0.47566911111664228 -0.82142 -0.72828 -0.57719 -0.38098 -0.27235 0.06835 0.18437 0.24054 0.37926 0.58521 .34070
21.5 0.47689026630572684 -0.82179 -0.72771 -0.57541 -0.37726 -0.27194 0.06766 0.18092 0.23744 0.37850 0.58564 .33960
21.6 0.47810997632905239 -0.82206 -0.72686 -0.57345 -0.37323 -0.27172 0.06716 0.17743 0.23396 0.37804 0.58638 .33888
21.7 0.47932826308496429 -0.82225 -0.72573 -0.57136 -0.36891 -0.27175 0.06687 0.17402 0.23021 0.37791 0.58747 .33862
21.8 0.48054514828741574 -0.82240 -0.72427 -0.56919 -0.36429 -0.27215 0.06679 0.17080 0.22629 0.37815 0.58897 .33894
21.9 0.48176065346936059 -0.82257 -0.72223 -0.56686 -0.35900 -0.27303 0.06706 0.16762 0.22188 0.37880 0.59119 .34009
22.0 0.48297479998608267
22.1 0.48418760901845936
22.2 0.48539910157616445
22.3 0.48660929850080958
22.4 0.48781822046902723 -0.82713 -0.70768 -0.56835 -0.36275 -0.28525 0.08641 0.16460 0.23066 0.38821 0.60983 .37166
22.5 0.48902588799549546 -0.82763 -0.70815 -0.56817 -0.36197 -0.28677 0.08656 0.16430 0.23212 0.38883 0.60906 .37333
22.6 0.49023232143590700 -0.82812 -0.70862 -0.56798 -0.36120 -0.28828 0.08665 0.16403 0.23355 0.38950 0.60828 .37493
22.7 0.49143754098988363 -0.82862 -0.70908 -0.56780 -0.36042 -0.28978 0.08670 0.16379 0.23494 0.39024 0.60751 .37648
22.8 0.49264156670383669 -0.82912 -0.70954 -0.56762 -0.35965 -0.29127 0.08670 0.16359 0.23630 0.39103 0.60673 .37797
22.9 0.49384441847377619 -0.82961 -0.71000 -0.56744 -0.35888 -0.29274 0.08665 0.16343 0.23763 0.39189 0.60595 .37939
23.0 0.49504611604806875 -0.83010 -0.71045 -0.56726 -0.35812 -0.29421 0.08656 0.16331 0.23892 0.39281 0.60518 .38077
23.1 0.49624667903014597 -0.83060 -0.71090 -0.56708 -0.35736 -0.29566 0.08641 0.16323 0.24017 0.39380 0.60441 .38207
23.2 0.49744612688116491 -0.83109 -0.71135 -0.56690 -0.35660 -0.29710 0.08622 0.16319 0.24138 0.39484 0.60363 .38332
23.3 0.49864447892262104 -0.83157 -0.71179 -0.56672 -0.35585 -0.29854 0.08598 0.16319 0.24256 0.39596 0.60286 .38452
23.4 0.49984175433891520 -0.83206 -0.71223 -0.56655 -0.35510 -0.29996 0.08570 0.16323 0.24369 0.39713 0.60209 .38566
23.5 0.50103797217987622 -0.83255 -0.71266 -0.56638 -0.35436 -0.30137 0.08538 0.16331 0.24478 0.39837 0.60132 .38675
23.6 0.50223315136323943 -0.83303 -0.71309 -0.56621 -0.35363 -0.30277 0.08501 0.16343 0.24582 0.39968 0.60056 .38778
23.7 0.50342731067708213 -0.83352 -0.71351 -0.56604 -0.35290 -0.30416 0.08461 0.16359 0.24683 0.40104 0.59979 .38877
23.8 0.50462046878221822 -0.83400 -0.71393 -0.56587 -0.35218 -0.30554 0.08416 0.16379 0.24780 0.40247 0.59903 .38970
23.9 0.50581264421455108 -0.83448 -0.71435 -0.56570 -0.35146 -0.30690 0.08368 0.16403 0.24872 0.40397 0.59827 .39058
24.0 0.50700385538738835 -0.83495 -0.71476 -0.56554 -0.35076 -0.30826 0.08317 0.16430 0.24960 0.40552 0.59752 .39143
24.1 0.50819412059371571 -0.83543 -0.71516 -0.56538 -0.35005 -0.30961 0.08261 0.16461 0.25044 0.40714 0.59676 .39222
24.2 0.50938345800843532 -0.83590 -0.71557 -0.56522 -0.34936 -0.31094 0.08203 0.16495 0.25124 0.40882 0.59601 .39297
24.3 0.51057188569056522 -0.83638 -0.71596 -0.56506 -0.34868 -0.31227 0.08142 0.16532 0.25200 0.41055 0.59526 .39369
24.4 0.51175942158540400 -0.83685 -0.71636 -0.56491 -0.34800 -0.31358 0.08078 0.16573 0.25272 0.41235 0.59452 .39436
24.5 0.51294608352666027 -0.83731 -0.71674 -0.56475 -0.34733 -0.31488 0.08011 0.16616 0.25341 0.41420 0.59378 .39499
24.6 0.51413188923854658 -0.83778 -0.71713 -0.56460 -0.34667 -0.31617 0.07942 0.16662 0.25406 0.41611 0.59304 .39559
24.7 0.51531685633784119 -0.83824 -0.71751 -0.56446 -0.34602 -0.31746 0.07870 0.16711 0.25468 0.41807 0.59231 .39616
24.8 0.51650100233591645 -0.83870 -0.71788 -0.56431 -0.34538 -0.31872 0.07797 0.16762 0.25526 0.42009 0.59158 .39669
24.9 0.51768434464073498 -0.83916 -0.71825 -0.56417 -0.34475 -0.31998 0.07721 0.16816 0.25581 0.42216 0.59086 .39719
25.0 0.51886690055881535 -0.83961 -0.71862 -0.56403 -0.34413 -0.32123 0.07643 0.16872 0.25633 0.42428 0.59014 .39766
25.1 0.52004868729716613 -0.84007 -0.71898 -0.56389 -0.34352 -0.32246 0.07564 0.16930 0.25682 0.42645 0.58943 .39810
25.2 0.52122972196519191 -0.84051 -0.71934 -0.56376 -0.34292 -0.32369 0.07483 0.16989 0.25728 0.42866 0.58872 .39852
25.3 0.52241002157656802 -0.84096 -0.71970 -0.56362 -0.34233 -0.32490 0.07401 0.17051 0.25772 0.43092 0.58802 .39891
25.4 0.52358960305108848 -0.84140 -0.72005 -0.56350 -0.34176 -0.32609 0.07318 0.17114 0.25814 0.43323 0.58733 .39927
25.5 0.52476848321648584 -0.84184 -0.72040 -0.56337 -0.34120 -0.32728 0.07233 0.17179 0.25853 0.43558 0.58664 .39961
25.6 0.52594667881022350 -0.84228 -0.72074 -0.56325 -0.34066 -0.32844 0.07148 0.17245 0.25890 0.43797 0.58596 .39992
25.7 0.52712420648126190 -0.84271 -0.72108 -0.56313 -0.34013 -0.32960 0.07061 0.17312 0.25926 0.44040 0.58529 .40021
25.8 0.52830108279179877 -0.84313 -0.72142 -0.56302 -0.33963 -0.33073 0.06974 0.17381 0.25960 0.44286 0.58462 .40047
25.9 0.52947732421898386 -0.84356 -0.72175 -0.56291 -0.33914 -0.33184 0.06886 0.17450 0.25992 0.44536 0.58397 .40070
26.0 0.53065294715660993 -0.84398 -0.72209 -0.56280 -0.33870 -0.33292 0.06797 0.17520 0.26024 0.44790 0.58332 .40089
26.1 0.53182796791677822 -0.84439 -0.72242 -0.56270 -0.33830 -0.33394 0.06708 0.17591 0.26054 0.45047 0.58268 .40102
26.2 0.53300240273154131 -0.84480 -0.72274 -0.56260 -0.33802 -0.33486 0.06619 0.17663 0.26084 0.45307 0.58205 .40105
26.3 0.53417626775452287 -0.84520 -0.72307 -0.56250 -0.33797 -0.33555 0.06529 0.17735 0.26113 0.45570 0.58144 .40084
26.4 0.53534957906251479 -0.84559 -0.72339 -0.56241 -0.33836 -0.33580 0.06439 0.17807 0.26141 0.45836 0.58084 .40019
26.5 0.53652235265705239 -0.84598 -0.72371 -0.56233 -0.33911 -0.33569 0.06348 0.17880 0.26170 0.46105 0.58024 .39917
26.6 0.53769460446596806 -0.84636 -0.72403 -0.56225 -0.34001 -0.33544 0.06258 0.17952 0.26199 0.46376 0.57967 .39802
26.7 0.53886635034492414 -0.84674 -0.72436 -0.56218 -0.34096 -0.33514 0.06167 0.18024 0.26228 0.46649 0.57911 .39681
26.8 0.54003760607892537 -0.84710 -0.72468 -0.56211 -0.34193 -0.33483 0.06077 0.18096 0.26257 0.46924 0.57856 .39560
26.9 0.54120838738381127 -0.84746 -0.72500 -0.56205 -0.34290 -0.33453 0.05986 0.18168 0.26288 0.47201 0.57804 .39439
27.0 0.54237870990772830 -0.84781 -0.72533 -0.56199 -0.34385 -0.33425 0.05896 0.18239 0.26319 0.47480 0.57753 .39321
27.1 0.54354858923258453 -0.84814 -0.72565 -0.56194 -0.34480 -0.33399 0.05806 0.18310 0.26352 0.47760 0.57705 .39205
27.2 0.54471804087548426 -0.84846 -0.72598 -0.56190 -0.34572 -0.33376 0.05716 0.18380 0.26387 0.48042 0.57659 .39092
27.3 0.54588708029014499 -0.84877 -0.72632 -0.56186 -0.34663 -0.33355 0.05626 0.18449 0.26424 0.48325 0.57615 .38981
27.4 0.54705572286829596 -0.84906 -0.72666 -0.56183 -0.34751 -0.33338 0.05537 0.18517 0.26463 0.48608 0.57575 .38875
27.5 0.54822398394106098 -0.84934 -0.72701 -0.56181 -0.34837 -0.33325 0.05448 0.18585 0.26504 0.48892 0.57538 .38773
27.6 0.54939187878032203 -0.84959 -0.72736 -0.56180 -0.34920 -0.33316 0.05360 0.18651 0.26548 0.49177 0.57505 .38676
27.7 0.55055942260006829 -0.84983 -0.72773 -0.56179 -0.35000 -0.33312 0.05272 0.18716 0.26594 0.49461 0.57477 .38584
27.8 0.55172663055772764 -0.85004 -0.72810 -0.56179 -0.35077 -0.33313 0.05185 0.18780 0.26644 0.49746 0.57453 .38498
27.9 0.55289351775548301 -0.85022 -0.72849 -0.56181 -0.35150 -0.33320 0.05099 0.18843 0.26698 0.50029 0.57434 .38419
28.0 0.55406009924157285 -0.85037 -0.72890 -0.56183 -0.35219 -0.33333 0.05013 0.18905 0.26754 0.50312 0.57421 .38346
28.1 0.55522639001157725 -0.85049 -0.72932 -0.56185 -0.35285 -0.33354 0.04929 0.18966 0.26815 0.50593 0.57416 .38283
28.2 0.55639240500968834 -0.85057 -0.72977 -0.56189 -0.35345 -0.33382 0.04846 0.19028 0.26878 0.50873 0.57417 .38228
28.3 0.55755815912996731 -0.85061 -0.73023 -0.56193 -0.35401 -0.33419 0.04765 0.19089 0.26945 0.51150 0.57428 .38184
28.4 0.55872366721758682 -0.85061 -0.73072 -0.56198 -0.35451 -0.33465 0.04686 0.19151 0.27014 0.51425 0.57448 .38151
28.5 0.55988894407005929 -0.85057 -0.73123 -0.56203 -0.35497 -0.33521 0.04609 0.19214 0.27086 0.51697 0.57478 .38130
28.6 0.56105400443845332 -0.85048 -0.73176 -0.56209 -0.35537 -0.33587 0.04536 0.19278 0.27159 0.51965 0.57520 .38123
28.7 0.56221886302859492 -0.85034 -0.73231 -0.56215 -0.35573 -0.33663 0.04467 0.19346 0.27233 0.52229 0.57574 .38130
28.8 0.56338353450225820 -0.85018 -0.73287 -0.56221 -0.35606 -0.33749 0.04403 0.19416 0.27306 0.52488 0.57640 .38152
28.9 0.56454803347834170 -0.84998 -0.73344 -0.56227 -0.35636 -0.33843 0.04345 0.19490 0.27377 0.52741 0.57718 .38188
29.0 0.56571237453403433 -0.84978 -0.73401 -0.56233 -0.35667 -0.33943 0.04293 0.19567 0.27445 0.52987 0.57810 .38236
29.1 0.56687657220596777 -0.84958 -0.73456 -0.56238 -0.35700 -0.34046 0.04248 0.19648 0.27510 0.53225 0.57915 .38294
29.2 0.56804064099135865 -0.84938 -0.73510 -0.56242 -0.35738 -0.34150 0.04210 0.19732 0.27570 0.53452 0.58033 .38360
29.3 0.56920459534913859 -0.84922 -0.73560 -0.56246 -0.35782 -0.34252 0.04178 0.19818 0.27627 0.53668 0.58164 .38430
29.4 0.57036844970107436 -0.84909 -0.73608 -0.56249 -0.35835 -0.34349 0.04153 0.19906 0.27679 0.53870 0.58308 .38502
29.5 0.57153221843287527 -0.84899 -0.73652 -0.56251 -0.35897 -0.34441 0.04134 0.19996 0.27729 0.54059 0.58466 .38575
29.6 0.57269591589529301 -0.84893 -0.73692 -0.56253 -0.35968 -0.34526 0.04119 0.20085 0.27776 0.54231 0.58638 .38645
29.7 0.57385955640520825 -0.84891 -0.73730 -0.56255 -0.36049 -0.34605 0.04109 0.20175 0.27822 0.54388 0.58824 .38714
29.8 0.57502315424671002 -0.84893 -0.73764 -0.56256 -0.36138 -0.34676 0.04103 0.20264 0.27866 0.54529 0.59024 .38779
29.9 0.57618672367216306 -0.84898 -0.73796 -0.56257 -0.36235 -0.34742 0.04100 0.20353 0.27909 0.54655 0.59237 .38842
30.0 0.57735027890326807 -0.84906 -0.73825 -0.56257 -0.36337 -0.34803 0.04099 0.20440 0.27952 0.54765 0.59463 .38902
30.1 0.57851383413211033 -0.84916 -0.73853 -0.56257 -0.36445 -0.34859 0.04102 0.20525 0.27995 0.54863 0.59700 .38961
30.2 0.57967740352220132 -0.84929 -0.73878 -0.56258 -0.36557 -0.34912 0.04106 0.20610 0.28039 0.54947 0.59948 .39018
30.3 0.58084100120951132 -0.84944 -0.73901 -0.56258 -0.36672 -0.34963 0.04113 0.20692 0.28083 0.55020 0.60205 .39076
30.4 0.58200464130349217 -0.84961 -0.73923 -0.56258 -0.36790 -0.35011 0.04121 0.20772 0.28129 0.55083 0.60472 .39132
30.5 0.58316833788809341 -0.84979 -0.73944 -0.56257 -0.36909 -0.35058 0.04130 0.20851 0.28175 0.55137 0.60745 .39188
30.6 0.58433210502276955 -0.84999 -0.73964 -0.56257 -0.37029 -0.35104 0.04141 0.20927 0.28223 0.55182 0.61026 .39245
30.7 0.58549595674348021 -0.85020 -0.73983 -0.56257 -0.37150 -0.35148 0.04153 0.21001 0.28271 0.55220 0.61312 .39301
30.8 0.58665990706368132 -0.85042 -0.74000 -0.56257 -0.37272 -0.35192 0.04166 0.21073 0.28322 0.55252 0.61604 .39358
30.9 0.58782396997531072 -0.85065 -0.74017 -0.56256 -0.37394 -0.35236 0.04180 0.21143 0.28373 0.55278 0.61900 .39416
31.0 0.58898815944976501 -0.85089 -0.74034 -0.56256 -0.37516 -0.35279 0.04195 0.21210 0.28427 0.55299 0.62200 .39474
31.1 0.59015248943887078 -0.85113 -0.74050 -0.56256 -0.37637 -0.35322 0.04211 0.21274 0.28481 0.55316 0.62503 .39533
31.2 0.59131697387584792 -0.85138 -0.74065 -0.56255 -0.37759 -0.35365 0.04228 0.21336 0.28538 0.55329 0.62809 .39593
31.3 0.59248162667626747 -0.85163 -0.74079 -0.56255 -0.37880 -0.35408 0.04245 0.21396 0.28596 0.55338 0.63117 .39653
31.4 0.59364646173900193 -0.85189 -0.74094 -0.56254 -0.38000 -0.35451 0.04263 0.21453 0.28656 0.55345 0.63427 .39714
31.5 0.59481149294717062 -0.85215 -0.74108 -0.56254 -0.38120 -0.35493 0.04281 0.21508 0.28717 0.55348 0.63740 .39774
31.6 0.59597673416907782 -0.85242 -0.74121 -0.56253 -0.38238 -0.35536 0.04301 0.21560 0.28780 0.55350 0.64053 .39837
31.7 0.59714219925914636 -0.85268 -0.74134 -0.56252 -0.38357 -0.35578 0.04320 0.21609 0.28845 0.55349 0.64368 .39898
31.8 0.59830790205884488 -0.85295 -0.74147 -0.56251 -0.38474 -0.35621 0.04341 0.21656 0.28911 0.55346 0.64684 .39962
31.9 0.59947385639760953 -0.85322 -0.74160 -0.56250 -0.38590 -0.35664 0.04361 0.21700 0.28979 0.55341 0.65001 .40025
32.0 0.60064007609376124 -0.85349 -0.74173 -0.56249 -0.38706 -0.35706 0.04383 0.21742 0.29049 0.55334 0.65318 .40089
32.1 0.60180657495541667 -0.85377 -0.74185 -0.56248 -0.38820 -0.35749 0.04404 0.21781 0.29120 0.55327 0.65636 .40153
32.2 0.60297336678139601 -0.85404 -0.74197 -0.56247 -0.38934 -0.35791 0.04426 0.21818 0.29192 0.55317 0.65954 .40217
32.3 0.60414046536212396 -0.85431 -0.74209 -0.56246 -0.39047 -0.35834 0.04449 0.21852 0.29266 0.55307 0.66272 .40283
32.4 0.60530788448052819 -0.85459 -0.74221 -0.56245 -0.39159 -0.35876 0.04471 0.21884 0.29342 0.55295 0.66591 .40347
32.5 0.60647563791293169 -0.85486 -0.74232 -0.56243 -0.39269 -0.35918 0.04495 0.21913 0.29419 0.55283 0.66909 .40413
32.6 0.60764373942994288 -0.85513 -0.74244 -0.56242 -0.39379 -0.35961 0.04518 0.21940 0.29497 0.55269 0.67228 .40479
32.7 0.60881220279733894 -0.85540 -0.74255 -0.56240 -0.39488 -0.36003 0.04542 0.21965 0.29577 0.55255 0.67546 .40545
32.8 0.60998104177694812 -0.85568 -0.74267 -0.56238 -0.39595 -0.36045 0.04566 0.21987 0.29658 0.55240 0.67864 .40611
32.9 0.61115027012752698 -0.85595 -0.74278 -0.56236 -0.39702 -0.36087 0.04591 0.22007 0.29740 0.55224 0.68181 .40678
33.0 0.61231990160563299 -0.85622 -0.74289 -0.56234 -0.39808 -0.36130 0.04615 0.22025 0.29823 0.55207 0.68498 .40745
33.1 0.61348994996649608 -0.85649 -0.74300 -0.56232 -0.39912 -0.36172 0.04640 0.22041 0.29908 0.55189 0.68815 .40812
33.2 0.61466042896488526 -0.85676 -0.74311 -0.56230 -0.40016 -0.36213 0.04666 0.22055 0.29993 0.55171 0.69131 .40879
33.3 0.61583135235597231 -0.85703 -0.74321 -0.56228 -0.40118 -0.36255 0.04691 0.22067 0.30080 0.55153 0.69446 .40946
33.4 0.61700273389619331 -0.85729 -0.74332 -0.56225 -0.40219 -0.36297 0.04717 0.22076 0.30167 0.55134 0.69761 .41014
33.5 0.61817458734410646 -0.85756 -0.74343 -0.56223 -0.40320 -0.36338 0.04743 0.22084 0.30256 0.55114 0.70075 .41081
33.6 0.61934692646124778 -0.85782 -0.74353 -0.56220 -0.40419 -0.36380 0.04769 0.22090 0.30345 0.55094 0.70388 .41149
33.7 0.62051976501298423 -0.85808 -0.74363 -0.56218 -0.40517 -0.36421 0.04795 0.22094 0.30435 0.55073 0.70701 .41216
33.8 0.62169311676936412 -0.85834 -0.74374 -0.56215 -0.40614 -0.36462 0.04822 0.22096 0.30526 0.55052 0.71012 .41284
33.9 0.62286699550596603 -0.85860 -0.74384 -0.56212 -0.40710 -0.36503 0.04849 0.22097 0.30617 0.55030 0.71323 .41352
34.0 0.62404141500474464 -0.85886 -0.74394 -0.56209 -0.40805 -0.36544 0.04876 0.22096 0.30709 0.55008 0.71632 .41420
34.1 0.62521638905487575 -0.85912 -0.74404 -0.56206 -0.40899 -0.36584 0.04903 0.22094 0.30802 0.54986 0.71941 .41487
34.2 0.62639193145359873 -0.85937 -0.74414 -0.56202 -0.40992 -0.36624 0.04930 0.22090 0.30895 0.54963 0.72248 .41554
34.3 0.62756805600705678 -0.85962 -0.74424 -0.56199 -0.41084 -0.36665 0.04957 0.22084 0.30989 0.54940 0.72555 .41622
34.4 0.62874477653113825 -0.85988 -0.74434 -0.56195 -0.41175 -0.36705 0.04985 0.22077 0.31083 0.54917 0.72860 .41690
34.5 0.62992210685231265 -0.86012 -0.74444 -0.56192 -0.41264 -0.36744 0.05013 0.22069 0.31177 0.54893 0.73164 .41757
34.6 0.63110006080846870 -0.86037 -0.74454 -0.56188 -0.41353 -0.36784 0.05040 0.22059 0.31272 0.54869 0.73467 .41824
34.7 0.63227865224975011 -0.86062 -0.74464 -0.56184 -0.41441 -0.36823 0.05068 0.22048 0.31367 0.54845 0.73768 .41891
34.8 0.63345789503938943 -0.86086 -0.74473 -0.56180 -0.41527 -0.36863 0.05096 0.22036 0.31463 0.54821 0.74068 .41959
34.9 0.63463780305454343 -0.86110 -0.74483 -0.56176 -0.41613 -0.36902 0.05125 0.22023 0.31558 0.54796 0.74367 .42027
35.0 0.63581839018712483 -0.86134 -0.74492 -0.56172 -0.41698 -0.36940 0.05153 0.22008 0.31654 0.54771 0.74664 .42093
35.1 0.63699967034463578 -0.86158 -0.74502 -0.56168 -0.41781 -0.36979 0.05181 0.21993 0.31750 0.54745 0.74960 .42160
35.2 0.63818165745099997 -0.86182 -0.74511 -0.56164 -0.41864 -0.37017 0.05210 0.21976 0.31846 0.54720 0.75255 .42227
35.3 0.63936436544739395 -0.86205 -0.74520 -0.56159 -0.41945 -0.37055 0.05238 0.21958 0.31942 0.54694 0.75548 .42293
35.4 0.64054780829307956 -0.86228 -0.74529 -0.56155 -0.42026 -0.37093 0.05267 0.21940 0.32038 0.54668 0.75839 .42360
35.5 0.64173199996623487 -0.86251 -0.74539 -0.56150 -0.42105 -0.37130 0.05295 0.21921 0.32134 0.54642 0.76129 .42425
35.6 0.64291695446478636 -0.86274 -0.74548 -0.56146 -0.42184 -0.37168 0.05324 0.21900 0.32230 0.54616 0.76417 .42492
35.7 0.64410268580724028 -0.86297 -0.74557 -0.56141 -0.42261 -0.37205 0.05353 0.21879 0.32326 0.54589 0.76704 .42558
35.8 0.64528920803351497 -0.86319 -0.74565 -0.56136 -0.42338 -0.37241 0.05381 0.21857 0.32421 0.54563 0.76989 .42622
35.9 0.64647653520577386 -0.86341 -0.74574 -0.56131 -0.42413 -0.37278 0.05410 0.21835 0.32517 0.54536 0.77272 .42688
36.0 0.64766468140925815 -0.86363 -0.74583 -0.56127 -0.42488 -0.37314 0.05439 0.21812 0.32612 0.54509 0.77553 .42753
36.1 0.64885366075312068 -0.86385 -0.74592 -0.56122 -0.42562 -0.37350 0.05468 0.21788 0.32707 0.54482 0.77833 .42818
36.2 0.65004348737126105 -0.86406 -0.74600 -0.56117 -0.42634 -0.37385 0.05497 0.21763 0.32802 0.54455 0.78110 .42882
36.3 0.65123417542316075 -0.86428 -0.74609 -0.56111 -0.42706 -0.37421 0.05526 0.21738 0.32897 0.54427 0.78386 .42947
36.4 0.65242573909472057 -0.86449 -0.74617 -0.56106 -0.42777 -0.37456 0.05554 0.21712 0.32991 0.54400 0.78660 .43010
36.5 0.65361819259909770 -0.86470 -0.74626 -0.56101 -0.42846 -0.37490 0.05583 0.21686 0.33085 0.54373 0.78932 .43073
36.6 0.65481155017754511 -0.86490 -0.74634 -0.56096 -0.42915 -0.37525 0.05612 0.21659 0.33179 0.54345 0.79203 .43137
36.7 0.65600582610025293 -0.86511 -0.74642 -0.56090 -0.42983 -0.37559 0.05641 0.21632 0.33272 0.54317 0.79471 .43200
36.8 0.65720103466718971 -0.86531 -0.74650 -0.56085 -0.43050 -0.37593 0.05670 0.21604 0.33365 0.54289 0.79737 .43263
36.9 0.65839719020894694 -0.86551 -0.74658 -0.56080 -0.43116 -0.37626 0.05698 0.21576 0.33457 0.54262 0.80001 .43324
37.0 0.65959430708758449 -0.86571 -0.74666 -0.56074 -0.43181 -0.37660 0.05727 0.21548 0.33549 0.54234 0.80263 .43387
37.1 0.66079239969747838 -0.86590 -0.74674 -0.56069 -0.43245 -0.37693 0.05756 0.21519 0.33640 0.54206 0.80522 .43449
37.2 0.66199148246617079 -0.86609 -0.74682 -0.56063 -0.43308 -0.37725 0.05784 0.21490 0.33731 0.54178 0.80780 .43509
37.3 0.66319156985522110 -0.86628 -0.74690 -0.56058 -0.43370 -0.37757 0.05813 0.21461 0.33822 0.54150 0.81035 .43570
37.4 0.66439267636106136 -0.86647 -0.74697 -0.56052 -0.43432 -0.37789 0.05841 0.21431 0.33912 0.54122 0.81289 .43630
37.5 0.66559481651585173 -0.86666 -0.74705 -0.56047 -0.43492 -0.37821 0.05869 0.21401 0.34001 0.54094 0.81539 .43690
37.6 0.66679800488834029 -0.86684 -0.74712 -0.56041 -0.43552 -0.37852 0.05897 0.21371 0.34089 0.54066 0.81788 .43749
37.7 0.66800225608472497 -0.86702 -0.74720 -0.56035 -0.43610 -0.37883 0.05925 0.21341 0.34177 0.54038 0.82034 .43808
37.8 0.66920758474951780 -0.86720 -0.74727 -0.56030 -0.43668 -0.37914 0.05953 0.21310 0.34265 0.54010 0.82278 .43867
37.9 0.67041400556641328 -0.86738 -0.74734 -0.56024 -0.43725 -0.37944 0.05981 0.21279 0.34352 0.53982 0.82519 .43925
38.0 0.67162153325915808 -0.86756 -0.74741 -0.56018 -0.43781 -0.37974 0.06009 0.21249 0.34438 0.53954 0.82758 .43983
38.1 0.67283018259242555 -0.86773 -0.74748 -0.56013 -0.43836 -0.38003 0.06037 0.21218 0.34523 0.53926 0.82995 .44040
38.2 0.67403996837269264 -0.86790 -0.74755 -0.56007 -0.43890 -0.38032 0.06064 0.21187 0.34608 0.53898 0.83229 .44096
38.3 0.67525090544912036 -0.86807 -0.74762 -0.56001 -0.43943 -0.38061 0.06092 0.21156 0.34692 0.53870 0.83460 .44153
38.4 0.67646300871443843 -0.86823 -0.74769 -0.55996 -0.43996 -0.38090 0.06119 0.21125 0.34775 0.53842 0.83689 .44209
38.5 0.67767629310583211 -0.86839 -0.74775 -0.55990 -0.44047 -0.38118 0.06146 0.21094 0.34857 0.53815 0.83916 .44264
38.6 0.67889077360583494 -0.86855 -0.74782 -0.55985 -0.44098 -0.38146 0.06173 0.21063 0.34939 0.53787 0.84139 .44319
38.7 0.68010646524322338 -0.86871 -0.74788 -0.55979 -0.44148 -0.38173 0.06199 0.21032 0.35020 0.53760 0.84360 .44372
38.8 0.68132338309391693 -0.86887 -0.74795 -0.55973 -0.44197 -0.38200 0.06226 0.21001 0.35100 0.53732 0.84579 .44426
38.9 0.68254154228188213 -0.86902 -0.74801 -0.55968 -0.44245 -0.38227 0.06252 0.20971 0.35179 0.53705 0.84794 .44479
39.0 0.68376095798003989 -0.86917 -0.74807 -0.55962 -0.44292 -0.38253 0.06278 0.20940 0.35257 0.53678 0.85007 .44531
39.1 0.68498164541117901 -0.86932 -0.74813 -0.55957 -0.44339 -0.38279 0.06304 0.20909 0.35334 0.53651 0.85217 .44583
39.2 0.68620361984887257 -0.86947 -0.74819 -0.55951 -0.44384 -0.38304 0.06330 0.20879 0.35411 0.53624 0.85424 .44634
39.3 0.68742689661840040 -0.86961 -0.74825 -0.55946 -0.44429 -0.38330 0.06355 0.20848 0.35487 0.53598 0.85628 .44685
39.4 0.68865149109767598 -0.86975 -0.74831 -0.55940 -0.44473 -0.38354 0.06380 0.20818 0.35561 0.53571 0.85830 .44734
39.5 0.68987741871817743 -0.86989 -0.74837 -0.55935 -0.44516 -0.38379 0.06405 0.20788 0.35635 0.53545 0.86028 .44784
39.6 0.69110469496588456 -0.87003 -0.74842 -0.55930 -0.44558 -0.38403 0.06430 0.20759 0.35708 0.53519 0.86224 .44833
39.7 0.69233333538222186 -0.87016 -0.74848 -0.55924 -0.44599 -0.38426 0.06454 0.20729 0.35780 0.53493 0.86416 .44880
39.8 0.69356335556500459 -0.87029 -0.74853 -0.55919 -0.44640 -0.38449 0.06478 0.20700 0.35850 0.53467 0.86606 .44927
39.9 0.69479477116939314 -0.87042 -0.74859 -0.55914 -0.44680 -0.38472 0.06502 0.20671 0.35920 0.53442 0.86792 .44974
40.0 0.69602759790885060 -0.87055 -0.74864 -0.55909 -0.44719 -0.38495 0.06526 0.20642 0.35989 0.53417 0.86975 .45021
40.1 0.69726185155610820 -0.87067 -0.74869 -0.55904 -0.44757 -0.38517 0.06549 0.20613 0.36057 0.53392 0.87156 .45066
40.2 0.69849754794413488 -0.87079 -0.74874 -0.55899 -0.44794 -0.38538 0.06572 0.20585 0.36123 0.53367 0.87333 .45110
40.3 0.69973470296711415 -0.87091 -0.74879 -0.55894 -0.44831 -0.38559 0.06595 0.20557 0.36189 0.53343 0.87507 .45154
40.4 0.70097333258142724 -0.87103 -0.74884 -0.55889 -0.44866 -0.38580 0.06617 0.20530 0.36253 0.53319 0.87678 .45197
40.5 0.70221345280664171 -0.87115 -0.74889 -0.55884 -0.44901 -0.38600 0.06639 0.20502 0.36317 0.53295 0.87845 .45239
40.6 0.70345507972650678 -0.87126 -0.74893 -0.55879 -0.44935 -0.38620 0.06661 0.20476 0.36379 0.53272 0.88010 .45281
40.7 0.70469822948995642 -0.87137 -0.74898 -0.55875 -0.44969 -0.38640 0.06682 0.20449 0.36440 0.53248 0.88171 .45322
40.8 0.70594291831211764 -0.87147 -0.74902 -0.55870 -0.45001 -0.38659 0.06703 0.20423 0.36500 0.53226 0.88328 .45362
40.9 0.70718916247532726 -0.87158 -0.74906 -0.55866 -0.45033 -0.38678 0.06724 0.20397 0.36559 0.53203 0.88483 .45402
41.0 0.70843697833015451 -0.87168 -0.74911 -0.55861 -0.45064 -0.38696 0.06744 0.20372 0.36617 0.53181 0.88634 .45440
41.1 0.70968638229643122 -0.87178 -0.74915 -0.55857 -0.45094 -0.38714 0.06764 0.20347 0.36673 0.53159 0.88782 .45478
41.2 0.71093739086429042 -0.87188 -0.74919 -0.55853 -0.45123 -0.38731 0.06784 0.20323 0.36729 0.53138 0.88926 .45515
41.3 0.71219002059521097 -0.87197 -0.74923 -0.55848 -0.45151 -0.38748 0.06803 0.20299 0.36783 0.53117 0.89067 .45551
41.4 0.71344428812307092 -0.87206 -0.74927 -0.55844 -0.45179 -0.38765 0.06822 0.20276 0.36835 0.53096 0.89204 .45587
41.5 0.71470021015520846 -0.87215 -0.74930 -0.55840 -0.45206 -0.38781 0.06840 0.20253 0.36887 0.53076 0.89338 .45621
41.6 0.71595780347349092 -0.87224 -0.74934 -0.55836 -0.45232 -0.38796 0.06858 0.20230 0.36937 0.53056 0.89468 .45654
41.7 0.71721708493539160 -0.87233 -0.74937 -0.55832 -0.45258 -0.38812 0.06875 0.20208 0.36986 0.53037 0.89595 .45687
41.8 0.71847807147507592 -0.87241 -0.74941 -0.55829 -0.45282 -0.38826 0.06892 0.20187 0.37034 0.53018 0.89719 .45718
41.9 0.71974078010449472 -0.87249 -0.74944 -0.55825 -0.45306 -0.38841 0.06909 0.20166 0.37080 0.52999 0.89839 .45750
42.0 0.72100522791448773 -0.87256 -0.74947 -0.55822 -0.45329 -0.38855 0.06925 0.20146 0.37125 0.52981 0.89955 .45780
42.1 0.72227143207589473 -0.87264 -0.74951 -0.55818 -0.45351 -0.38868 0.06941 0.20126 0.37169 0.52964 0.90067 .45809
42.2 0.72353940984067577 -0.87271 -0.74954 -0.55815 -0.45373 -0.38881 0.06956 0.20107 0.37211 0.52947 0.90176 .45837
42.3 0.72480917854304194 -0.87278 -0.74956 -0.55811 -0.45394 -0.38894 0.06971 0.20088 0.37252 0.52930 0.90282 .45865
42.4 0.72608075560059371 -0.87285 -0.74959 -0.55808 -0.45414 -0.38906 0.06985 0.20070 0.37292 0.52914 0.90383 .45891
42.5 0.72735415851547003 -0.87291 -0.74962 -0.55805 -0.45433 -0.38918 0.06999 0.20052 0.37330 0.52898 0.90481 .45917
42.6 0.72862940487550631 -0.87297 -0.74965 -0.55802 -0.45451 -0.38929 0.07013 0.20036 0.37367 0.52883 0.90576 .45942
42.7 0.72990651235540349 -0.87303 -0.74967 -0.55800 -0.45469 -0.38940 0.07025 0.20019 0.37402 0.52869 0.90666 .45965
42.8 0.73118549871790539 -0.87309 -0.74969 -0.55797 -0.45486 -0.38950 0.07038 0.20004 0.37436 0.52855 0.90753 .45988
42.9 0.73246638181498858 -0.87315 -0.74972 -0.55794 -0.45502 -0.38960 0.07050 0.19989 0.37469 0.52842 0.90836 .46010
43.0 0.73374917958905994 -0.87320 -0.74974 -0.55792 -0.45517 -0.38970 0.07061 0.19974 0.37500 0.52829 0.90916 .46031
43.1 0.73503391007416841 -0.87325 -0.74976 -0.55789 -0.45532 -0.38979 0.07072 0.19961 0.37530 0.52816 0.90991 .46051
43.2 0.73632059139722317 -0.87329 -0.74978 -0.55787 -0.45546 -0.38987 0.07082 0.19948 0.37558 0.52805 0.91063 .46069
43.3 0.73760924177922782 -0.87334 -0.74980 -0.55785 -0.45559 -0.38995 0.07092 0.19935 0.37585 0.52794 0.91131 .46087
43.4 0.73889987953652059 -0.87338 -0.74981 -0.55783 -0.45571 -0.39003 0.07101 0.19923 0.37610 0.52783 0.91195 .46104
43.5 0.74019252308203054 -0.87342 -0.74983 -0.55781 -0.45583 -0.39010 0.07110 0.19912 0.37634 0.52773 0.91256 .46120
43.6 0.74148719092654247 -0.87346 -0.74985 -0.55779 -0.45594 -0.39017 0.07118 0.19902 0.37656 0.52764 0.91312 .46135
43.7 0.74278390167997466 -0.87349 -0.74986 -0.55778 -0.45604 -0.39023 0.07126 0.19892 0.37677 0.52755 0.91365 .46149
43.8 0.74408267405266870 -0.87352 -0.74987 -0.55776 -0.45613 -0.39029 0.07133 0.19883 0.37696 0.52747 0.91413 .46162
43.9 0.74538352685669107 -0.87355 -0.74989 -0.55775 -0.45622 -0.39034 0.07139 0.19875 0.37714 0.52740 0.91458 .46173
44.0 0.74668647900714824 -0.87358 -0.74990 -0.55773 -0.45630 -0.39039 0.07145 0.19868 0.37730 0.52733 0.91499 .46184
44.1 0.74799154952351277 -0.87360 -0.74991 -0.55772 -0.45637 -0.39043 0.07150 0.19861 0.37745 0.52727 0.91537 .46193
44.2 0.74929875753096364 -0.87362 -0.74992 -0.55771 -0.45643 -0.39047 0.07155 0.19855 0.37758 0.52721 0.91570 .46202
44.3 0.75060812226173934 -0.87364 -0.74992 -0.55770 -0.45649 -0.39051 0.07160 0.19849 0.37770 0.52716 0.91599 .46211
44.4 0.75191966305650404 -0.87366 -0.74993 -0.55769 -0.45654 -0.39054 0.07163 0.19844 0.37780 0.52712 0.91625 .46217
44.5 0.75323339936572720 -0.87367 -0.74994 -0.55769 -0.45658 -0.39056 0.07166 0.19840 0.37788 0.52708 0.91646 .46222
44.6 0.75454935075107776 -0.87369 -0.74994 -0.55768 -0.45661 -0.39059 0.07169 0.19837 0.37795 0.52705 0.91664 .46228
44.7 0.75586753688683117 -0.87369 -0.74995 -0.55768 -0.45664 -0.39060 0.07171 0.19835 0.37801 0.52703 0.91678 .46231
44.8 0.75718797756129208 -0.87370 -0.74995 -0.55767 -0.45666 -0.39061 0.07172 0.19833 0.37805 0.52701 0.91687 .46233
44.9 0.75851069267822968 -0.87370 -0.74995 -0.55767 -0.45667 -0.39062 0.07173 0.19832 0.37807 0.52700 0.91693 .46235
45.0 0.75983570225832975 -0.87371 -0.74995 -0.55767 -0.45667 -0.39062 0.07174 0.19831 0.37808 0.52700 0.91695 .46236
45.1 0.76116302644066036 -0.87370 -0.74995 -0.55767 -0.45667 -0.39062 0.07173 0.19832 0.37807 0.52700 0.91693 .46235
45.2 0.76249268548415305 -0.87370 -0.74995 -0.55767 -0.45666 -0.39061 0.07172 0.19833 0.37805 0.52701 0.91687 .46233
45.3 0.76382469976910006 -0.87369 -0.74995 -0.55768 -0.45664 -0.39060 0.07171 0.19835 0.37801 0.52703 0.91678 .46231
45.4 0.76515908979866654 -0.87369 -0.74994 -0.55768 -0.45661 -0.39059 0.07169 0.19837 0.37795 0.52705 0.91664 .46228
45.5 0.76649587620041937 -0.87367 -0.74994 -0.55769 -0.45658 -0.39056 0.07166 0.19840 0.37788 0.52708 0.91646 .46222
45.6 0.76783507972787179 -0.87366 -0.74993 -0.55769 -0.45654 -0.39054 0.07163 0.19844 0.37780 0.52712 0.91625 .46217
45.7 0.76917672126204495 -0.87364 -0.74992 -0.55770 -0.45649 -0.39051 0.07160 0.19849 0.37770 0.52716 0.91599 .46211
45.8 0.77052082181304604 -0.87362 -0.74992 -0.55771 -0.45643 -0.39047 0.07155 0.19855 0.37758 0.52721 0.91570 .46202
45.9 0.77186740252166364 -0.87360 -0.74991 -0.55772 -0.45637 -0.39043 0.07150 0.19861 0.37745 0.52727 0.91537 .46193
46.0 0.77321648466098036 -0.87358 -0.74990 -0.55773 -0.45630 -0.39039 0.07145 0.19868 0.37730 0.52733 0.91499 .46184
46.1 0.77456808963800328 -0.87355 -0.74989 -0.55775 -0.45622 -0.39034 0.07139 0.19875 0.37714 0.52740 0.91458 .46173
46.2 0.77592223899531199 -0.87352 -0.74987 -0.55776 -0.45613 -0.39029 0.07133 0.19883 0.37696 0.52747 0.91413 .46162
46.3 0.77727895441272554 -0.87349 -0.74986 -0.55778 -0.45604 -0.39023 0.07126 0.19892 0.37677 0.52755 0.91365 .46149
46.4 0.77863825770898754 -0.87346 -0.74985 -0.55779 -0.45594 -0.39017 0.07118 0.19902 0.37656 0.52764 0.91312 .46135
46.5 0.78000017084346973 -0.87342 -0.74983 -0.55781 -0.45583 -0.39010 0.07110 0.19912 0.37634 0.52773 0.91256 .46120
46.6 0.78136471591789569 -0.87338 -0.74981 -0.55783 -0.45571 -0.39003 0.07101 0.19923 0.37610 0.52783 0.91195 .46104
46.7 0.78273191517808294 -0.87334 -0.74980 -0.55785 -0.45559 -0.38995 0.07092 0.19935 0.37585 0.52794 0.91131 .46087
46.8 0.78410179101570610 -0.87329 -0.74978 -0.55787 -0.45546 -0.38987 0.07082 0.19948 0.37558 0.52805 0.91063 .46069
46.9 0.78547436597007880 -0.87325 -0.74976 -0.55789 -0.45532 -0.38979 0.07072 0.19961 0.37530 0.52816 0.90991 .46051
47.0 0.78684966272995749 -0.87320 -0.74974 -0.55792 -0.45517 -0.38970 0.07061 0.19974 0.37500 0.52829 0.90916 .46031
47.1 0.78822770413536436 -0.87315 -0.74972 -0.55794 -0.45502 -0.38960 0.07050 0.19989 0.37469 0.52842 0.90836 .46010
47.2 0.78960851317943370 -0.87309 -0.74969 -0.55797 -0.45486 -0.38950 0.07038 0.20004 0.37436 0.52855 0.90753 .45988
47.3 0.79099211301027716 -0.87303 -0.74967 -0.55800 -0.45469 -0.38940 0.07025 0.20019 0.37402 0.52869 0.90666 .45965
47.4 0.79237852693287303 -0.87297 -0.74965 -0.55802 -0.45451 -0.38929 0.07013 0.20036 0.37367 0.52883 0.90576 .45942
47.5 0.79376777841097601 -0.87291 -0.74962 -0.55805 -0.45433 -0.38918 0.06999 0.20052 0.37330 0.52898 0.90481 .45917
47.6 0.79515989106905183 -0.87285 -0.74959 -0.55808 -0.45414 -0.38906 0.06985 0.20070 0.37292 0.52914 0.90383 .45891
47.7 0.79655488869423152 -0.87278 -0.74956 -0.55811 -0.45394 -0.38894 0.06971 0.20088 0.37252 0.52930 0.90282 .45865
47.8 0.79795279523829266 -0.87271 -0.74954 -0.55815 -0.45373 -0.38881 0.06956 0.20107 0.37211 0.52947 0.90176 .45837
47.9 0.79935363481966115 -0.87264 -0.74951 -0.55818 -0.45351 -0.38868 0.06941 0.20126 0.37169 0.52964 0.90067 .45809
48.0 0.80075743172543956 -0.87256 -0.74947 -0.55822 -0.45329 -0.38855 0.06925 0.20146 0.37125 0.52981 0.89955 .45780
48.1 0.80216421041345820 -0.87249 -0.74944 -0.55825 -0.45306 -0.38841 0.06909 0.20166 0.37080 0.52999 0.89839 .45750
48.2 0.80357399551435238 -0.87241 -0.74941 -0.55829 -0.45282 -0.38826 0.06892 0.20187 0.37034 0.53018 0.89719 .45718
48.3 0.80498681183366394 -0.87233 -0.74937 -0.55832 -0.45258 -0.38812 0.06875 0.20208 0.36986 0.53037 0.89595 .45687
48.4 0.80640268435396956 -0.87224 -0.74934 -0.55836 -0.45232 -0.38796 0.06858 0.20230 0.36937 0.53056 0.89468 .45654
48.5 0.80782163823703412 -0.87215 -0.74930 -0.55840 -0.45206 -0.38781 0.06840 0.20253 0.36887 0.53076 0.89338 .45621
48.6 0.80924369882599168 -0.87206 -0.74927 -0.55844 -0.45179 -0.38765 0.06822 0.20276 0.36835 0.53096 0.89204 .45587
48.7 0.81066889164755318 -0.87197 -0.74923 -0.55848 -0.45151 -0.38748 0.06803 0.20299 0.36783 0.53117 0.89067 .45551
48.8 0.81209724241424064 -0.87188 -0.74919 -0.55853 -0.45123 -0.38731 0.06784 0.20323 0.36729 0.53138 0.88926 .45515
48.9 0.81352877702665161 -0.87178 -0.74915 -0.55857 -0.45094 -0.38714 0.06764 0.20347 0.36673 0.53159 0.88782 .45478
49.0 0.81496352157574936 -0.87168 -0.74911 -0.55861 -0.45064 -0.38696 0.06744 0.20372 0.36617 0.53181 0.88634 .45440
49.1 0.81640150234518361 -0.87158 -0.74906 -0.55866 -0.45033 -0.38678 0.06724 0.20397 0.36559 0.53203 0.88483 .45402
49.2 0.81784274581364047 -0.87147 -0.74902 -0.55870 -0.45001 -0.38659 0.06703 0.20423 0.36500 0.53226 0.88328 .45362
49.3 0.81928727865722173 -0.87137 -0.74898 -0.55875 -0.44969 -0.38640 0.06682 0.20449 0.36440 0.53248 0.88171 .45322
49.4 0.82073512775185475 -0.87126 -0.74893 -0.55879 -0.44935 -0.38620 0.06661 0.20476 0.36379 0.53272 0.88010 .45281
49.5 0.82218632017573356 -0.87115 -0.74889 -0.55884 -0.44901 -0.38600 0.06639 0.20502 0.36317 0.53295 0.87845 .45239
49.6 0.82364088321179052 -0.87103 -0.74884 -0.55889 -0.44866 -0.38580 0.06617 0.20530 0.36253 0.53319 0.87678 .45197
49.7 0.82509884435020076 -0.87091 -0.74879 -0.55894 -0.44831 -0.38559 0.06595 0.20557 0.36189 0.53343 0.87507 .45154
49.8 0.82656023129091882 -0.87079 -0.74874 -0.55899 -0.44794 -0.38538 0.06572 0.20585 0.36123 0.53367 0.87333 .45110
49.9 0.82802507194624730 -0.87067 -0.74869 -0.55904 -0.44757 -0.38517 0.06549 0.20613 0.36057 0.53392 0.87156 .45066
50.0 0.82949339444344139 -0.87055 -0.74864 -0.55909 -0.44719 -0.38495 0.06526 0.20642 0.35989 0.53417 0.86975 .45021
50.1 0.83096522712734444 -0.87042 -0.74859 -0.55914 -0.44680 -0.38472 0.06502 0.20671 0.35920 0.53442 0.86792 .44974
50.2 0.83244059856306107 -0.87029 -0.74853 -0.55919 -0.44640 -0.38449 0.06478 0.20700 0.35850 0.53467 0.86606 .44927
50.3 0.83391953753866332 -0.87016 -0.74848 -0.55924 -0.44599 -0.38426 0.06454 0.20729 0.35780 0.53493 0.86416 .44880
50.4 0.83540207306793479 -0.87003 -0.74842 -0.55930 -0.44558 -0.38403 0.06430 0.20759 0.35708 0.53519 0.86224 .44833
50.5 0.83688823439314863 -0.86989 -0.74837 -0.55935 -0.44516 -0.38379 0.06405 0.20788 0.35635 0.53545 0.86028 .44784
50.6 0.83837805098788598 -0.86975 -0.74831 -0.55940 -0.44473 -0.38354 0.06380 0.20818 0.35561 0.53571 0.85830 .44734
50.7 0.83987155255988821 -0.86961 -0.74825 -0.55946 -0.44429 -0.38330 0.06355 0.20848 0.35487 0.53598 0.85628 .44685
50.8 0.84136876905395186 -0.86947 -0.74819 -0.55951 -0.44384 -0.38304 0.06330 0.20879 0.35411 0.53624 0.85424 .44634
50.9 0.84286973065485837 -0.86932 -0.74813 -0.55957 -0.44339 -0.38279 0.06304 0.20909 0.35334 0.53651 0.85217 .44583
51.0 0.84437446779034697 -0.86917 -0.74807 -0.55962 -0.44292 -0.38253 0.06278 0.20940 0.35257 0.53678 0.85007 .44531
51.1 0.84588301113412578 -0.86902 -0.74801 -0.55968 -0.44245 -0.38227 0.06252 0.20971 0.35179 0.53705 0.84794 .44479
51.2 0.84739539160892485 -0.86887 -0.74795 -0.55973 -0.44197 -0.38200 0.06226 0.21001 0.35100 0.53732 0.84579 .44426
51.3 0.84891164038959133 -0.86871 -0.74788 -0.55979 -0.44148 -0.38173 0.06199 0.21032 0.35020 0.53760 0.84360 .44372
51.4 0.85043178890622606 -0.86855 -0.74782 -0.55985 -0.44098 -0.38146 0.06173 0.21063 0.34939 0.53787 0.84139 .44319
51.5 0.85195586884736429 -0.86839 -0.74775 -0.55990 -0.44047 -0.38118 0.06146 0.21094 0.34857 0.53815 0.83916 .44264
51.6 0.85348391216320041 -0.86823 -0.74769 -0.55996 -0.43996 -0.38090 0.06119 0.21125 0.34775 0.53842 0.83689 .44209
51.7 0.85501595106885664 -0.86807 -0.74762 -0.56001 -0.43943 -0.38061 0.06092 0.21156 0.34692 0.53870 0.83460 .44153
51.8 0.85655201804769820 -0.86790 -0.74755 -0.56007 -0.43890 -0.38032 0.06064 0.21187 0.34608 0.53898 0.83229 .44096
51.9 0.85809214585469440 -0.86773 -0.74748 -0.56013 -0.43836 -0.38003 0.06037 0.21218 0.34523 0.53926 0.82995 .44040
52.0 0.85963636751982619 -0.86756 -0.74741 -0.56018 -0.43781 -0.37974 0.06009 0.21249 0.34438 0.53954 0.82758 .43983
52.1 0.86118471635154337 -0.86738 -0.74734 -0.56024 -0.43725 -0.37944 0.05981 0.21279 0.34352 0.53982 0.82519 .43925
52.2 0.86273722594026869 -0.86720 -0.74727 -0.56030 -0.43668 -0.37914 0.05953 0.21310 0.34265 0.54010 0.82278 .43867
52.3 0.86429393016195311 -0.86702 -0.74720 -0.56035 -0.43610 -0.37883 0.05925 0.21341 0.34177 0.54038 0.82034 .43808
52.4 0.86585486318168026 -0.86684 -0.74712 -0.56041 -0.43552 -0.37852 0.05897 0.21371 0.34089 0.54066 0.81788 .43749
52.5 0.86742005945732381 -0.86666 -0.74705 -0.56047 -0.43492 -0.37821 0.05869 0.21401 0.34001 0.54094 0.81539 .43690
52.6 0.86898955374325570 -0.86647 -0.74697 -0.56052 -0.43432 -0.37789 0.05841 0.21431 0.33912 0.54122 0.81289 .43630
52.7 0.87056338109410869 -0.86628 -0.74690 -0.56058 -0.43370 -0.37757 0.05813 0.21461 0.33822 0.54150 0.81035 .43570
52.8 0.87214157686859295 -0.86609 -0.74682 -0.56063 -0.43308 -0.37725 0.05784 0.21490 0.33731 0.54178 0.80780 .43509
52.9 0.87372417673336666 -0.86590 -0.74674 -0.56069 -0.43245 -0.37693 0.05756 0.21519 0.33640 0.54206 0.80522 .43449
53.0 0.87531121666696521 -0.86571 -0.74666 -0.56074 -0.43181 -0.37660 0.05727 0.21548 0.33549 0.54234 0.80263 .43387
53.1 0.87690273296378440 -0.86551 -0.74658 -0.56080 -0.43116 -0.37626 0.05698 0.21576 0.33457 0.54262 0.80001 .43324
53.2 0.87849876223812495 -0.86531 -0.74650 -0.56085 -0.43050 -0.37593 0.05670 0.21604 0.33365 0.54289 0.79737 .43263
53.3 0.88009934142829360 -0.86511 -0.74642 -0.56090 -0.42983 -0.37559 0.05641 0.21632 0.33272 0.54317 0.79471 .43200
53.4 0.88170450780076659 -0.86490 -0.74634 -0.56096 -0.42915 -0.37525 0.05612 0.21659 0.33179 0.54345 0.79203 .43137
53.5 0.88331429895441260 -0.86470 -0.74626 -0.56101 -0.42846 -0.37490 0.05583 0.21686 0.33085 0.54373 0.78932 .43073
53.6 0.88492875282478045 -0.86449 -0.74617 -0.56106 -0.42777 -0.37456 0.05554 0.21712 0.32991 0.54400 0.78660 .43010
53.7 0.88654790768844782 -0.86428 -0.74609 -0.56111 -0.42706 -0.37421 0.05526 0.21738 0.32897 0.54427 0.78386 .42947
53.8 0.88817180216743707 -0.86406 -0.74600 -0.56117 -0.42634 -0.37385 0.05497 0.21763 0.32802 0.54455 0.78110 .42882
53.9 0.88980047523369521 -0.86385 -0.74592 -0.56122 -0.42562 -0.37350 0.05468 0.21788 0.32707 0.54482 0.77833 .42818
54.0 0.89143396621364279 -0.86363 -0.74583 -0.56127 -0.42488 -0.37314 0.05439 0.21812 0.32612 0.54509 0.77553 .42753
54.1 0.89307231479278926 -0.86341 -0.74574 -0.56131 -0.42413 -0.37278 0.05410 0.21835 0.32517 0.54536 0.77272 .42688
54.2 0.89471556102041949 -0.86319 -0.74565 -0.56136 -0.42338 -0.37241 0.05381 0.21857 0.32421 0.54563 0.76989 .42622
54.3 0.89636374531435070 -0.86297 -0.74557 -0.56141 -0.42261 -0.37205 0.05353 0.21879 0.32326 0.54589 0.76704 .42558
54.4 0.89801690846576132 -0.86274 -0.74548 -0.56146 -0.42184 -0.37168 0.05324 0.21900 0.32230 0.54616 0.76417 .42492
54.5 0.89967509164409376 -0.86251 -0.74539 -0.56150 -0.42105 -0.37130 0.05295 0.21921 0.32134 0.54642 0.76129 .42425
54.6 0.90133833640203209 -0.86228 -0.74529 -0.56155 -0.42026 -0.37093 0.05267 0.21940 0.32038 0.54668 0.75839 .42360
54.7 0.90300668468055645 -0.86205 -0.74520 -0.56159 -0.41945 -0.37055 0.05238 0.21958 0.31942 0.54694 0.75548 .42293
54.8 0.90468017881407381 -0.86182 -0.74511 -0.56164 -0.41864 -0.37017 0.05210 0.21976 0.31846 0.54720 0.75255 .42227
54.9 0.90635886153562961 -0.86158 -0.74502 -0.56168 -0.41781 -0.36979 0.05181 0.21993 0.31750 0.54745 0.74960 .42160
55.0 0.90804277598219907 -0.86134 -0.74492 -0.56172 -0.41698 -0.36940 0.05153 0.22008 0.31654 0.54771 0.74664 .42093
55.1 0.90973196570006132 -0.86110 -0.74483 -0.56176 -0.41613 -0.36902 0.05125 0.22023 0.31558 0.54796 0.74367 .42027
55.2 0.91142647465025639 -0.86086 -0.74473 -0.56180 -0.41527 -0.36863 0.05096 0.22036 0.31463 0.54821 0.74068 .41959
55.3 0.91312634721412855 -0.86062 -0.74464 -0.56184 -0.41441 -0.36823 0.05068 0.22048 0.31367 0.54845 0.73768 .41891
55.4 0.91483162819895569 -0.86037 -0.74454 -0.56188 -0.41353 -0.36784 0.05040 0.22059 0.31272 0.54869 0.73467 .41824
55.5 0.91654236284366797 -0.86012 -0.74444 -0.56192 -0.41264 -0.36744 0.05013 0.22069 0.31177 0.54893 0.73164 .41757
55.6 0.91825859682465660 -0.85988 -0.74434 -0.56195 -0.41175 -0.36705 0.04985 0.22077 0.31083 0.54917 0.72860 .41690
55.7 0.91998037626167417 -0.85962 -0.74424 -0.56199 -0.41084 -0.36665 0.04957 0.22084 0.30989 0.54940 0.72555 .41622
55.8 0.92170774772382924 -0.85937 -0.74414 -0.56202 -0.40992 -0.36624 0.04930 0.22090 0.30895 0.54963 0.72248 .41554
55.9 0.92344075823567617 -0.85912 -0.74404 -0.56206 -0.40899 -0.36584 0.04903 0.22094 0.30802 0.54986 0.71941 .41487
56.0 0.92517945528340284 -0.85886 -0.74394 -0.56209 -0.40805 -0.36544 0.04876 0.22096 0.30709 0.55008 0.71632 .41420
56.1 0.92692388682111693 -0.85860 -0.74384 -0.56212 -0.40710 -0.36503 0.04849 0.22097 0.30617 0.55030 0.71323 .41352
56.2 0.92867410127723360 -0.85834 -0.74374 -0.56215 -0.40614 -0.36462 0.04822 0.22096 0.30526 0.55052 0.71012 .41284
56.3 0.93043014756096676 -0.85808 -0.74363 -0.56218 -0.40517 -0.36421 0.04795 0.22094 0.30435 0.55073 0.70701 .41216
56.4 0.93219207506892543 -0.85782 -0.74353 -0.56220 -0.40419 -0.36380 0.04769 0.22090 0.30345 0.55094 0.70388 .41149
56.5 0.93395993369181618 -0.85756 -0.74343 -0.56223 -0.40320 -0.36338 0.04743 0.22084 0.30256 0.55114 0.70075 .41081
56.6 0.93573377382125700 -0.85729 -0.74332 -0.56225 -0.40219 -0.36297 0.04717 0.22076 0.30167 0.55134 0.69761 .41014
56.7 0.93751364635670031 -0.85703 -0.74321 -0.56228 -0.40118 -0.36255 0.04691 0.22067 0.30080 0.55153 0.69446 .40946
56.8 0.93929960271247126 -0.85676 -0.74311 -0.56230 -0.40016 -0.36213 0.04666 0.22055 0.29993 0.55171 0.69131 .40879
56.9 0.94109169482492094 -0.85649 -0.74300 -0.56232 -0.39912 -0.36172 0.04640 0.22041 0.29908 0.55189 0.68815 .40812
57.0 0.94288997515969897 -0.85622 -0.74289 -0.56234 -0.39808 -0.36130 0.04615 0.22025 0.29823 0.55207 0.68498 .40745
57.1 0.94469449671914496 -0.85595 -0.74278 -0.56236 -0.39702 -0.36087 0.04591 0.22007 0.29740 0.55224 0.68181 .40678
57.2 0.94650531304980356 -0.85568 -0.74267 -0.56238 -0.39595 -0.36045 0.04566 0.21987 0.29658 0.55240 0.67864 .40611
57.3 0.94832247825006655 -0.85540 -0.74255 -0.56240 -0.39488 -0.36003 0.04542 0.21965 0.29577 0.55255 0.67546 .40545
57.4 0.95014604697793958 -0.85513 -0.74244 -0.56242 -0.39379 -0.35961 0.04518 0.21940 0.29497 0.55269 0.67228 .40479
57.5 0.95197607445894206 -0.85486 -0.74232 -0.56243 -0.39269 -0.35918 0.04495 0.21913 0.29419 0.55283 0.66909 .40413
57.6 0.95381261649413907 -0.85459 -0.74221 -0.56245 -0.39159 -0.35876 0.04471 0.21884 0.29342 0.55295 0.66591 .40347
57.7 0.95565572946830857 -0.85431 -0.74209 -0.56246 -0.39047 -0.35834 0.04449 0.21852 0.29266 0.55307 0.66272 .40283
57.8 0.95750547035824851 -0.85404 -0.74197 -0.56247 -0.38934 -0.35791 0.04426 0.21818 0.29192 0.55317 0.65954 .40217
57.9 0.95936189674122396 -0.85377 -0.74185 -0.56248 -0.38820 -0.35749 0.04404 0.21781 0.29120 0.55327 0.65636 .40153
58.0 0.96122506680355879 -0.85349 -0.74173 -0.56249 -0.38706 -0.35706 0.04383 0.21742 0.29049 0.55334 0.65318 .40089
58.1 0.96309503934937468 -0.85322 -0.74160 -0.56250 -0.38590 -0.35664 0.04361 0.21700 0.28979 0.55341 0.65001 .40025
58.2 0.96497187380948068 -0.85295 -0.74147 -0.56251 -0.38474 -0.35621 0.04341 0.21656 0.28911 0.55346 0.64684 .39962
58.3 0.96685563025041488 -0.85268 -0.74134 -0.56252 -0.38357 -0.35578 0.04320 0.21609 0.28845 0.55349 0.64368 .39898
58.4 0.96874636938364433 -0.85242 -0.74121 -0.56253 -0.38238 -0.35536 0.04301 0.21560 0.28780 0.55350 0.64053 .39837
58.5 0.97064415257492132 -0.85215 -0.74108 -0.56254 -0.38120 -0.35493 0.04281 0.21508 0.28717 0.55348 0.63740 .39774
58.6 0.97254904185380731 -0.85189 -0.74094 -0.56254 -0.38000 -0.35451 0.04263 0.21453 0.28656 0.55345 0.63427 .39714
58.7 0.97446109992335961 -0.85163 -0.74079 -0.56255 -0.37880 -0.35408 0.04245 0.21396 0.28596 0.55338 0.63117 .39653
58.8 0.97638039016998779 -0.85138 -0.74065 -0.56255 -0.37759 -0.35365 0.04228 0.21336 0.28538 0.55329 0.62809 .39593
58.9 0.97830697667348698 -0.85113 -0.74050 -0.56256 -0.37637 -0.35322 0.04211 0.21274 0.28481 0.55316 0.62503 .39533
59.0 0.98024092421724396 -0.85089 -0.74034 -0.56256 -0.37516 -0.35279 0.04195 0.21210 0.28427 0.55299 0.62200 .39474
59.1 0.98218229829862735 -0.85065 -0.74017 -0.56256 -0.37394 -0.35236 0.04180 0.21143 0.28373 0.55278 0.61900 .39416
59.2 0.98413116513955912 -0.85042 -0.74000 -0.56257 -0.37272 -0.35192 0.04166 0.21073 0.28322 0.55252 0.61604 .39358
59.3 0.98608759169727866 -0.85020 -0.73983 -0.56257 -0.37150 -0.35148 0.04153 0.21001 0.28271 0.55220 0.61312 .39301
59.4 0.98805164567529558 -0.84999 -0.73964 -0.56257 -0.37029 -0.35104 0.04141 0.20927 0.28223 0.55182 0.61026 .39245
59.5 0.99002339553454166 -0.84979 -0.73944 -0.56257 -0.36909 -0.35058 0.04130 0.20851 0.28175 0.55137 0.60745 .39188
59.6 0.99200291050472111 -0.84961 -0.73923 -0.56258 -0.36790 -0.35011 0.04121 0.20772 0.28129 0.55083 0.60472 .39132
59.7 0.99399026059587003 -0.84944 -0.73901 -0.56258 -0.36672 -0.34963 0.04113 0.20692 0.28083 0.55020 0.60205 .39076
59.8 0.99598551661012047 -0.84929 -0.73878 -0.56258 -0.36557 -0.34912 0.04106 0.20610 0.28039 0.54947 0.59948 .39018
59.9 0.99798875015368327 -0.84916 -0.73853 -0.56257 -0.36445 -0.34859 0.04102 0.20525 0.27995 0.54863 0.59700 .38961
60.0 1.0000000336490449 -0.84906 -0.73825 -0.56257 -0.36337 -0.34803 0.04099 0.20440 0.27952 0.54765 0.59463 .38902
60.1 1.0020194403473930 -0.84898 -0.73796 -0.56257 -0.36235 -0.34742 0.04100 0.20353 0.27909 0.54655 0.59237 .38842
60.2 1.0040470443412663 -0.84893 -0.73764 -0.56256 -0.36138 -0.34676 0.04103 0.20264 0.27866 0.54529 0.59024 .38779
60.3 1.0060829205774386 -0.84891 -0.73730 -0.56255 -0.36049 -0.34605 0.04109 0.20175 0.27822 0.54388 0.58824 .38714
60.4 1.0081271448700442 -0.84893 -0.73692 -0.56253 -0.35968 -0.34526 0.04119 0.20085 0.27776 0.54231 0.58638 .38645
60.5 1.0101797939139427 -0.84899 -0.73652 -0.56251 -0.35897 -0.34441 0.04134 0.19996 0.27729 0.54059 0.58466 .38575
60.6 1.0122409452983365 -0.84909 -0.73608 -0.56249 -0.35835 -0.34349 0.04153 0.19906 0.27679 0.53870 0.58308 .38502
60.7 1.0143106775206405 -0.84922 -0.73560 -0.56246 -0.35782 -0.34252 0.04178 0.19818 0.27627 0.53668 0.58164 .38430
60.8 1.0163890700006153 -0.84938 -0.73510 -0.56242 -0.35738 -0.34150 0.04210 0.19732 0.27570 0.53452 0.58033 .38360
60.9 1.0184762030947627 -0.84958 -0.73456 -0.56238 -0.35700 -0.34046 0.04248 0.19648 0.27510 0.53225 0.57915 .38294
61.0 1.0205721581109972 -0.84978 -0.73401 -0.56233 -0.35667 -0.33943 0.04293 0.19567 0.27445 0.52987 0.57810 .38236
61.1 1.0226770173235920 -0.84998 -0.73344 -0.56227 -0.35636 -0.33843 0.04345 0.19490 0.27377 0.52741 0.57718 .38188
61.2 1.0247908639884131 -0.85018 -0.73287 -0.56221 -0.35606 -0.33749 0.04403 0.19416 0.27306 0.52488 0.57640 .38152
61.3 1.0269137823584431 -0.85034 -0.73231 -0.56215 -0.35573 -0.33663 0.04467 0.19346 0.27233 0.52229 0.57574 .38130
61.4 1.0290458576996018 -0.85048 -0.73176 -0.56209 -0.35537 -0.33587 0.04536 0.19278 0.27159 0.51965 0.57520 .38123
61.5 1.0311871763068714 -0.85057 -0.73123 -0.56203 -0.35497 -0.33521 0.04609 0.19214 0.27086 0.51697 0.57478 .38130
61.6 1.0333378255207359 -0.85061 -0.73072 -0.56198 -0.35451 -0.33465 0.04686 0.19151 0.27014 0.51425 0.57448 .38151
61.7 1.0354978937439347 -0.85061 -0.73023 -0.56193 -0.35401 -0.33419 0.04765 0.19089 0.26945 0.51150 0.57428 .38184
61.8 1.0376674704585451 -0.85057 -0.72977 -0.56189 -0.35345 -0.33382 0.04846 0.19028 0.26878 0.50873 0.57417 .38228
61.9 1.0398466462433982 -0.85049 -0.72932 -0.56185 -0.35285 -0.33354 0.04929 0.18966 0.26815 0.50593 0.57416 .38283
62.0 1.0420355127918348 -0.85037 -0.72890 -0.56183 -0.35219 -0.33333 0.05013 0.18905 0.26754 0.50312 0.57421 .38346
62.1 1.0442341629298113 -0.85022 -0.72849 -0.56181 -0.35150 -0.33320 0.05099 0.18843 0.26698 0.50029 0.57434 .38419
62.2 1.0464426906343616 -0.85004 -0.72810 -0.56179 -0.35077 -0.33313 0.05185 0.18780 0.26644 0.49746 0.57453 .38498
62.3 1.0486611910524275 -0.84983 -0.72773 -0.56179 -0.35000 -0.33312 0.05272 0.18716 0.26594 0.49461 0.57477 .38584
62.4 1.0508897605200611 -0.84959 -0.72736 -0.56180 -0.34920 -0.33316 0.05360 0.18651 0.26548 0.49177 0.57505 .38676
62.5 1.0531284965820111 -0.84934 -0.72701 -0.56181 -0.34837 -0.33325 0.05448 0.18585 0.26504 0.48892 0.57538 .38773
62.6 1.0553774980117010 -0.84906 -0.72666 -0.56183 -0.34751 -0.33338 0.05537 0.18517 0.26463 0.48608 0.57575 .38875
62.7 1.0576368648316092 -0.84877 -0.72632 -0.56186 -0.34663 -0.33355 0.05626 0.18449 0.26424 0.48325 0.57615 .38981
62.8 1.0599066983340624 -0.84846 -0.72598 -0.56190 -0.34572 -0.33376 0.05716 0.18380 0.26387 0.48042 0.57659 .39092
62.9 1.0621871011024460 -0.84814 -0.72565 -0.56194 -0.34480 -0.33399 0.05806 0.18310 0.26352 0.47760 0.57705 .39205
63.0 1.0644781770328475 -0.84781 -0.72533 -0.56199 -0.34385 -0.33425 0.05896 0.18239 0.26319 0.47480 0.57753 .39321
63.1 1.0667800313561446 -0.84746 -0.72500 -0.56205 -0.34290 -0.33453 0.05986 0.18168 0.26288 0.47201 0.57804 .39439
63.2 1.0690927706605413 -0.84710 -0.72468 -0.56211 -0.34193 -0.33483 0.06077 0.18096 0.26257 0.46924 0.57856 .39560
63.3 1.0714165029145688 -0.84674 -0.72436 -0.56218 -0.34096 -0.33514 0.06167 0.18024 0.26228 0.46649 0.57911 .39681
63.4 1.0737513374905625 -0.84636 -0.72403 -0.56225 -0.34001 -0.33544 0.06258 0.17952 0.26199 0.46376 0.57967 .39802
63.5 1.0760973851886237 -0.84598 -0.72371 -0.56233 -0.33911 -0.33569 0.06348 0.17880 0.26170 0.46105 0.58024 .39917
63.6 1.0784547582610808 -0.84559 -0.72339 -0.56241 -0.33836 -0.33580 0.06439 0.17807 0.26141 0.45836 0.58084 .40019
63.7 1.0808235704374589 -0.84520 -0.72307 -0.56250 -0.33797 -0.33555 0.06529 0.17735 0.26113 0.45570 0.58144 .40084
63.8 1.0832039369499773 -0.84480 -0.72274 -0.56260 -0.33802 -0.33486 0.06619 0.17663 0.26084 0.45307 0.58205 .40105
63.9 1.0855959745595780 -0.84439 -0.72242 -0.56270 -0.33830 -0.33394 0.06708 0.17591 0.26054 0.45047 0.58268 .40102
64.0 1.0879998015825072 -0.84398 -0.72209 -0.56280 -0.33870 -0.33292 0.06797 0.17520 0.26024 0.44790 0.58332 .40089
64.1 1.0904155379174589 -0.84356 -0.72175 -0.56291 -0.33914 -0.33184 0.06886 0.17450 0.25992 0.44536 0.58397 .40070
64.2 1.0928433050732997 -0.84313 -0.72142 -0.56302 -0.33963 -0.33073 0.06974 0.17381 0.25960 0.44286 0.58462 .40047
64.3 1.0952832261973782 -0.84271 -0.72108 -0.56313 -0.34013 -0.32960 0.07061 0.17312 0.25926 0.44040 0.58529 .40021
64.4 1.0977354261044516 -0.84228 -0.72074 -0.56325 -0.34066 -0.32844 0.07148 0.17245 0.25890 0.43797 0.58596 .39992
64.5 1.1002000313062268 -0.84184 -0.72040 -0.56337 -0.34120 -0.32728 0.07233 0.17179 0.25853 0.43558 0.58664 .39961
64.6 1.1026771700415456 -0.84140 -0.72005 -0.56350 -0.34176 -0.32609 0.07318 0.17114 0.25814 0.43323 0.58733 .39927
64.7 1.1051669723072235 -0.84096 -0.71970 -0.56362 -0.34233 -0.32490 0.07401 0.17051 0.25772 0.43092 0.58802 .39891
64.8 1.1076695698895584 -0.84051 -0.71934 -0.56376 -0.34292 -0.32369 0.07483 0.16989 0.25728 0.42866 0.58872 .39852
64.9 1.1101850963965334 -0.84007 -0.71898 -0.56389 -0.34352 -0.32246 0.07564 0.16930 0.25682 0.42645 0.58943 .39810
65.0 1.1127136872907215 -0.83961 -0.71862 -0.56403 -0.34413 -0.32123 0.07643 0.16872 0.25633 0.42428 0.59014 .39766
65.1 1.1152554799229231 -0.83916 -0.71825 -0.56417 -0.34475 -0.31998 0.07721 0.16816 0.25581 0.42216 0.59086 .39719
65.2 1.1178106135665402 -0.83870 -0.71788 -0.56431 -0.34538 -0.31872 0.07797 0.16762 0.25526 0.42009 0.59158 .39669
65.3 1.1203792294527217 -0.83824 -0.71751 -0.56446 -0.34602 -0.31746 0.07870 0.16711 0.25468 0.41807 0.59231 .39616
65.4 1.1229614708062909 -0.83778 -0.71713 -0.56460 -0.34667 -0.31617 0.07942 0.16662 0.25406 0.41611 0.59304 .39559
65.5 1.1255574828824770 -0.83731 -0.71674 -0.56475 -0.34733 -0.31488 0.08011 0.16616 0.25341 0.41420 0.59378 .39499
65.6 1.1281674130044770 -0.83685 -0.71636 -0.56491 -0.34800 -0.31358 0.08078 0.16573 0.25272 0.41235 0.59452 .39436
65.7 1.1307914106018655 -0.83638 -0.71596 -0.56506 -0.34868 -0.31227 0.08142 0.16532 0.25200 0.41055 0.59526 .39369
65.8 1.1334296272498716 -0.83590 -0.71557 -0.56522 -0.34936 -0.31094 0.08203 0.16495 0.25124 0.40882 0.59601 .39297
65.9 1.1360822167095599 -0.83543 -0.71516 -0.56538 -0.35005 -0.30961 0.08261 0.16461 0.25044 0.40714 0.59676 .39222
66.0 1.1387493349689228 -0.83495 -0.71476 -0.56554 -0.35076 -0.30826 0.08317 0.16430 0.24960 0.40552 0.59752 .39143
66.1 1.1414311402849235 -0.83448 -0.71435 -0.56570 -0.35146 -0.30690 0.08368 0.16403 0.24872 0.40397 0.59827 .39058
66.2 1.1441277932265064 -0.83400 -0.71393 -0.56587 -0.35218 -0.30554 0.08416 0.16379 0.24780 0.40247 0.59903 .38970
66.3 1.1468394567186027 -0.83352 -0.71351 -0.56604 -0.35290 -0.30416 0.08461 0.16359 0.24683 0.40104 0.59979 .38877
66.4 1.1495662960871658 -0.83303 -0.71309 -0.56621 -0.35363 -0.30277 0.08501 0.16343 0.24582 0.39968 0.60056 .38778
66.5 1.1523084791052536 -0.83255 -0.71266 -0.56638 -0.35436 -0.30137 0.08538 0.16331 0.24478 0.39837 0.60132 .38675
66.6 1.1550661760401986 -0.83206 -0.71223 -0.56655 -0.35510 -0.29996 0.08570 0.16323 0.24369 0.39713 0.60209 .38566
66.7 1.1578395597018831 -0.83157 -0.71179 -0.56672 -0.35585 -0.29854 0.08598 0.16319 0.24256 0.39596 0.60286 .38452
66.8 1.1606288054921641 -0.83109 -0.71135 -0.56690 -0.35660 -0.29710 0.08622 0.16319 0.24138 0.39484 0.60363 .38332
66.9 1.1634340914554704 -0.83060 -0.71090 -0.56708 -0.35736 -0.29566 0.08641 0.16323 0.24017 0.39380 0.60441 .38207
67.0 1.1662555983306084 -0.83010 -0.71045 -0.56726 -0.35812 -0.29421 0.08656 0.16331 0.23892 0.39281 0.60518 .38077
67.1 1.1690935096038124 -0.82961 -0.71000 -0.56744 -0.35888 -0.29274 0.08665 0.16343 0.23763 0.39189 0.60595 .37939
67.2 1.1719480115630720 -0.82912 -0.70954 -0.56762 -0.35965 -0.29127 0.08670 0.16359 0.23630 0.39103 0.60673 .37797
67.3 1.1748192933537724 -0.82862 -0.70908 -0.56780 -0.36042 -0.28978 0.08670 0.16379 0.23494 0.39024 0.60751 .37648
67.4 1.1777075470356930 -0.82812 -0.70862 -0.56798 -0.36120 -0.28828 0.08665 0.16403 0.23355 0.38950 0.60828 .37493
67.5 1.1806129676413906 -0.82763 -0.70815 -0.56817 -0.36197 -0.28677 0.08656 0.16430 0.23212 0.38883 0.60906 .37333
67.6 1.1835357532360211 -0.82713 -0.70768 -0.56835 -0.36275 -0.28525 0.08641 0.16460 0.23066 0.38821 0.60983 .37166
67.7 1.1864761049786312 -0.82663 -0.70720 -0.56853 -0.36353 -0.28372 0.08622 0.16493 0.22918 0.38766 0.61060 .36994
67.8 1.1894342271849665 -0.82613 -0.70672 -0.56872 -0.36431 -0.28217 0.08597 0.16529 0.22768 0.38716 0.61138 .36814
67.9 1.1924103273918456 -0.82563 -0.70624 -0.56891 -0.36510 -0.28061 0.08568 0.16566 0.22616 0.38672 0.61215 .36629
68.0 1.1954046164231349 -0.82512 -0.70576 -0.56909 -0.36588 -0.27904 0.08534 0.16606 0.22462 0.38633 0.61292 .36438
68.1 1.1984173084573870 -0.82462 -0.70528 -0.56927 -0.36666 -0.27746 0.08495 0.16646 0.22307 0.38600 0.61368 .36241
68.2 1.2014486210971758 -0.82411 -0.70479 -0.56946 -0.36743 -0.27587 0.08452 0.16687 0.22152 0.38572 0.61444 .36039
68.3 1.2044987754401906 -0.82361 -0.70430 -0.56964 -0.36821 -0.27426 0.08404 0.16727 0.21997 0.38550 0.61520 .35830
68.4 1.2075679961521408 -0.82310 -0.70381 -0.56982 -0.36897 -0.27264 0.08352 0.16766 0.21843 0.38532 0.61596 .35616
68.5 1.2106565115415191 -0.82259 -0.70333 -0.57000 -0.36973 -0.27101 0.08295 0.16802 0.21691 0.38519 0.61670 .35396
68.6 1.2137645536362878 -0.82209 -0.70284 -0.57017 -0.37049 -0.26936 0.08233 0.16834 0.21542 0.38511 0.61744 .35169
68.7 1.2168923582625433 -0.82158 -0.70236 -0.57034 -0.37123 -0.26770 0.08168 0.16861 0.21396 0.38507 0.61817 .34938
68.8 1.2200401651252133 -0.82106 -0.70188 -0.57050 -0.37195 -0.26602 0.08098 0.16880 0.21256 0.38508 0.61889 .34700
68.9 1.2232082178908650 -0.82055 -0.70140 -0.57066 -0.37266 -0.26433 0.08024 0.16890 0.21122 0.38513 0.61960 .34457
69.0 1.2263967642726714 -0.82004 -0.70094 -0.57080 -0.37334 -0.26262 0.07945 0.16887 0.20996 0.38522 0.62028 .34207
69.1 1.2296060561176163 -0.81952 -0.70048 -0.57093 -0.37398 -0.26089 0.07862 0.16868 0.20881 0.38534 0.62095 .33951
69.2 1.2328363494960013 -0.81900 -0.70005 -0.57104 -0.37458 -0.25913 0.07774 0.16830 0.20776 0.38551 0.62158 .33687
69.3 1.2360879047933260 -0.81848 -0.69965 -0.57113 -0.37511 -0.25735 0.07681 0.16768 0.20685 0.38570 0.62216 .33416
69.4 1.2393609868046243 -0.81795 -0.69930 -0.57117 -0.37552 -0.25553 0.07582 0.16671 0.20606 0.38591 0.62267 .33135
69.5 1.2426558648313226 -0.81740 -0.69906 -0.57112 -0.37570 -0.25366 0.07473 0.16525 0.20538 0.38613 0.62303 .32839
69.6 1.2459728127807141 -0.81677 -0.69941 -0.57062 -0.37466 -0.25153 0.07319 0.16195 0.20448 0.38616 0.62260 .32472
69.7 1.2493121092681172
69.8 1.2526740377218175
69.9 1.2560588864908790
70.0 1.2594669489559134
70.1 1.2628985236429111
70.2 1.2663539143402289
70.3 1.2698334302188394
70.4 1.2733373859559551
70.5 1.2768661018621295
70.6 1.2804199040119650
70.7 1.2839991243785358
70.8 1.2876041009716590
70.9 1.2912351779801445
71.0 1.2948927059181552
71.1 1.2985770417758264
71.2 1.3022885491742811
71.3 1.3060275985252012
71.4 1.3097945671951174
71.5 1.3135898396745678
71.6 1.3174138077523165
71.7 1.3212668706947988
71.8 1.3251494354309783
71.9 1.3290619167428244
72.0 1.3330047374615932 -0.78497 -0.71019 -0.58914 -0.43591 -0.30466 0.12287 0.23264 0.24926 0.42878 0.60925 .42753
72.1 1.3369783286701415 -0.78389 -0.70963 -0.58935 -0.43716 -0.30650 0.12506 0.23165 0.25100 0.43025 0.61031 .43156
72.2 1.3409831299114769 -0.78284 -0.70909 -0.58957 -0.43843 -0.30840 0.12729 0.23065 0.25275 0.43172 0.61138 .43569
72.3 1.3450195894037844 -0.78180 -0.70857 -0.58981 -0.43970 -0.31036 0.12953 0.22965 0.25452 0.43318 0.61246 .43989
72.4 1.3490881642621655 -0.78078 -0.70807 -0.59007 -0.44098 -0.31237 0.13180 0.22865 0.25629 0.43465 0.61353 .44417
72.5 1.3531893207273342 -0.77977 -0.70758 -0.59034 -0.44227 -0.31442 0.13408 0.22764 0.25808 0.43611 0.61461 .44850
72.6 1.3573235344015393 -0.77879 -0.70711 -0.59063 -0.44356 -0.31652 0.13639 0.22664 0.25989 0.43756 0.61568 .45291
72.7 1.3614912904919696 -0.77782 -0.70666 -0.59093 -0.44486 -0.31865 0.13871 0.22563 0.26170 0.43901 0.61675 .45736
72.8 1.3656930840619386 -0.77687 -0.70623 -0.59125 -0.44617 -0.32082 0.14105 0.22462 0.26353 0.44047 0.61781 .46187
72.9 1.3699294202901398 -0.77594 -0.70581 -0.59158 -0.44748 -0.32303 0.14339 0.22362 0.26537 0.44192 0.61887 .46642
73.0 1.3742008147382716 -0.77502 -0.70541 -0.59192 -0.44880 -0.32526 0.14575 0.22261 0.26722 0.44336 0.61992 .47101
73.1 1.3785077936273700 -0.77412 -0.70502 -0.59228 -0.45013 -0.32752 0.14812 0.22160 0.26908 0.44481 0.62096 .47564
73.2 1.3828508941231716 -0.77323 -0.70464 -0.59264 -0.45146 -0.32980 0.15049 0.22060 0.27096 0.44626 0.62200 .48029
73.3 1.3872306646308596 -0.77235 -0.70428 -0.59302 -0.45280 -0.33210 0.15288 0.21959 0.27285 0.44770 0.62303 .48498
73.4 1.3916476650995724 -0.77149 -0.70392 -0.59341 -0.45414 -0.33442 0.15526 0.21859 0.27475 0.44915 0.62405 .48968
73.5 1.3961024673370386 -0.77064 -0.70358 -0.59381 -0.45550 -0.33676 0.15765 0.21760 0.27667 0.45060 0.62506 .49441
73.6 1.4005956553347587 -0.76980 -0.70326 -0.59422 -0.45686 -0.33911 0.16005 0.21661 0.27860 0.45204 0.62606 .49916
73.7 1.4051278256041408 -0.76897 -0.70294 -0.59464 -0.45822 -0.34148 0.16244 0.21564 0.28054 0.45349 0.62706 .50392
73.8 1.4096995875240308 -0.76816 -0.70263 -0.59507 -0.45960 -0.34385 0.16482 0.21467 0.28249 0.45494 0.62804 .50867
73.9 1.4143115637001062 -0.76735 -0.70233 -0.59551 -0.46098 -0.34624 0.16721 0.21373 0.28446 0.45639 0.62902 .51345
74.0 1.4189643903365978 -0.76656 -0.70204 -0.59596 -0.46238 -0.34863 0.16958 0.21280 0.28643 0.45784 0.62998 .51821
74.1 1.4236587176208633 -0.76578 -0.70176 -0.59642 -0.46378 -0.35103 0.17193 0.21190 0.28842 0.45929 0.63094 .52296
74.2 1.4283952101213191 -0.76501 -0.70149 -0.59688 -0.46519 -0.35344 0.17426 0.21103 0.29043 0.46075 0.63188 .52770
74.3 1.4331745471992983 -0.76425 -0.70123 -0.59736 -0.46661 -0.35585 0.17656 0.21020 0.29244 0.46220 0.63282 .53241
74.4 1.4379974234354114 -0.76349 -0.70098 -0.59784 -0.46803 -0.35826 0.17881 0.20943 0.29447 0.46366 0.63374 .53707
74.5 1.4428645490710084 -0.76275 -0.70073 -0.59834 -0.46947 -0.36068 0.18100 0.20874 0.29651 0.46512 0.63466 .54168
74.6 1.4477766504653917 -0.76202 -0.70050 -0.59884 -0.47092 -0.36310 0.18310 0.20815 0.29856 0.46659 0.63557 .54620
74.7 1.4527344705694387 -0.76130 -0.70027 -0.59935 -0.47238 -0.36551 0.18507 0.20770 0.30063 0.46806 0.63647 .55058
74.8 1.4577387694163313 -0.76058 -0.70005 -0.59988 -0.47385 -0.36793 0.18686 0.20744 0.30271 0.46953 0.63735 .55479
74.9 1.4627903246301464 -0.75988 -0.69984 -0.60041 -0.47534 -0.37035 0.18842 0.20743 0.30480 0.47100 0.63823 .55877
75.0 1.4678899319530556 -0.75918 -0.69963 -0.60095 -0.47683 -0.37276 0.18967 0.20773 0.30690 0.47248 0.63910 .56243
75.1 1.4730384057919645 -0.75849 -0.69943 -0.60150 -0.47834 -0.37516 0.19057 0.20841 0.30902 0.47396 0.63996 .56573
75.2 1.4782365797854315 -0.75782 -0.69925 -0.60206 -0.47986 -0.37757 0.19110 0.20947 0.31115 0.47544 0.64081 .56867
75.3 1.4834853073917655 -0.75715 -0.69906 -0.60263 -0.48139 -0.37996 0.19129 0.21088 0.31329 0.47693 0.64165 .57125
75.4 1.4887854624992518 -0.75648 -0.69889 -0.60321 -0.48294 -0.38236 0.19119 0.21260 0.31544 0.47842 0.64249 .57355
75.5 1.4941379400594756 -0.75583 -0.69872 -0.60380 -0.48450 -0.38474 0.19087 0.21455 0.31761 0.47992 0.64331 .57561
75.6 1.4995436567448153 -0.75519 -0.69857 -0.60439 -0.48608 -0.38711 0.19039 0.21668 0.31980 0.48142 0.64413 .57750
75.7 1.5050035516311675 -0.75455 -0.69841 -0.60500 -0.48767 -0.38948 0.18980 0.21895 0.32199 0.48293 0.64493 .57928
75.8 1.5105185869070827 -0.75392 -0.69827 -0.60562 -0.48928 -0.39183 0.18912 0.22131 0.32420 0.48444 0.64573 .58095
75.9 1.5160897486105220 -0.75330 -0.69814 -0.60625 -0.49090 -0.39417 0.18838 0.22376 0.32642 0.48595 0.64652 .58255
76.0 1.5217180473945009 -0.75269 -0.69801 -0.60689 -0.49254 -0.39651 0.18759 0.22627 0.32866 0.48748 0.64731 .58410
76.1 1.5274045193229899 -0.75209 -0.69789 -0.60754 -0.49420 -0.39882 0.18677 0.22883 0.33091 0.48900 0.64808 .58559
76.2 1.5331502266984804 -0.75149 -0.69777 -0.60820 -0.49588 -0.40112 0.18593 0.23144 0.33318 0.49053 0.64885 .58705
76.3 1.5389562589227139 -0.75090 -0.69767 -0.60888 -0.49757 -0.40341 0.18507 0.23409 0.33546 0.49207 0.64961 .58848
76.4 1.5448237333921728 -0.75032 -0.69757 -0.60956 -0.49929 -0.40568 0.18419 0.23677 0.33775 0.49361 0.65036 .58987
76.5 1.5507537964299845 -0.74975 -0.69748 -0.61025 -0.50102 -0.40794 0.18331 0.23948 0.34006 0.49516 0.65110 .59125
76.6 1.5567476242560161 -0.74919 -0.69740 -0.61096 -0.50278 -0.41017 0.18241 0.24222 0.34238 0.49672 0.65184 .59258
76.7 1.5628064239970156 -0.74863 -0.69732 -0.61168 -0.50455 -0.41239 0.18152 0.24498 0.34472 0.49828 0.65257 .59391
76.8 1.5689314347387666 -0.74809 -0.69726 -0.61241 -0.50635 -0.41458 0.18062 0.24777 0.34708 0.49984 0.65330 .59520
76.9 1.5751239286223491 -0.74755 -0.69720 -0.61315 -0.50817 -0.41676 0.17972 0.25059 0.34945 0.50142 0.65401 .59648
77.0 1.5813852119866876 -0.74701 -0.69715 -0.61390 -0.51001 -0.41891 0.17882 0.25343 0.35183 0.50300 0.65473 .59773
77.1 1.5877166265597418 -0.74649 -0.69710 -0.61467 -0.51188 -0.42104 0.17792 0.25629 0.35423 0.50459 0.65543 .59896
77.2 1.5941195507007735 -0.74597 -0.69707 -0.61545 -0.51377 -0.42314 0.17702 0.25918 0.35665 0.50618 0.65613 .60016
77.3 1.6005954006963241 -0.74547 -0.69704 -0.61624 -0.51568 -0.42522 0.17613 0.26209 0.35909 0.50779 0.65683 .60135
77.4 1.6071456321126634 -0.74497 -0.69702 -0.61705 -0.51762 -0.42728 0.17524 0.26502 0.36154 0.50940 0.65752 .60252
77.5 1.6137717412076256 -0.74447 -0.69701 -0.61786 -0.51958 -0.42930 0.17435 0.26797 0.36401 0.51102 0.65820 .60365
77.6 1.6204752664049629 -0.74399 -0.69701 -0.61869 -0.52157 -0.43130 0.17347 0.27095 0.36650 0.51264 0.65888 .60477
77.7 1.6272577898344955 -0.74351 -0.69702 -0.61954 -0.52359 -0.43327 0.17259 0.27395 0.36900 0.51428 0.65956 .60586
77.8 1.6341209389415596 -0.74304 -0.69704 -0.62040 -0.52563 -0.43522 0.17172 0.27697 0.37153 0.51593 0.66023 .60694
77.9 1.6410663881694845 -0.74258 -0.69706 -0.62127 -0.52769 -0.43713 0.17085 0.28002 0.37407 0.51758 0.66090 .60798
78.0 1.6480958607190197 -0.74213 -0.69710 -0.62215 -0.52978 -0.43901 0.16999 0.28309 0.37663 0.51924 0.66156 .60900
78.1 1.6552111303889363 -0.74169 -0.69714 -0.62305 -0.53190 -0.44086 0.16914 0.28619 0.37921 0.52092 0.66222 .61000
78.2 1.6624140235022404 -0.74125 -0.69719 -0.62397 -0.53405 -0.44268 0.16829 0.28931 0.38181 0.52260 0.66288 .61097
78.3 1.6697064209227548 -0.74082 -0.69726 -0.62490 -0.53622 -0.44447 0.16744 0.29245 0.38443 0.52429 0.66354 .61191
78.4 1.6770902601671336 -0.74040 -0.69733 -0.62584 -0.53842 -0.44623 0.16661 0.29562 0.38707 0.52600 0.66419 .61284
78.5 1.6845675376176648 -0.73999 -0.69741 -0.62680 -0.54064 -0.44795 0.16578 0.29882 0.38974 0.52771 0.66484 .61373
78.6 1.6921403108416329 -0.73959 -0.69750 -0.62777 -0.54290 -0.44964 0.16495 0.30204 0.39242 0.52944 0.66549 .61459
78.7 1.6998107010233166 -0.73920 -0.69760 -0.62876 -0.54517 -0.45130 0.16414 0.30529 0.39512 0.53117 0.66614 .61544
78.8 1.7075808955151763 -0.73881 -0.69771 -0.62976 -0.54748 -0.45293 0.16333 0.30857 0.39785 0.53292 0.66679 .61626
78.9 1.7154531505151902 -0.73844 -0.69783 -0.63078 -0.54981 -0.45452 0.16253 0.31187 0.40060 0.53468 0.66744 .61705
79.0 1.7234297938777567 -0.73807 -0.69797 -0.63182 -0.55216 -0.45608 0.16173 0.31521 0.40337 0.53646 0.66809 .61781
79.1 1.7315132280661407 -0.73771 -0.69811 -0.63287 -0.55454 -0.45760 0.16094 0.31857 0.40617 0.53825 0.66874 .61854
79.2 1.7397059332549434 -0.73736 -0.69826 -0.63394 -0.55695 -0.45909 0.16016 0.32197 0.40899 0.54005 0.66939 .61925
79.3 1.7480104705916841 -0.73702 -0.69843 -0.63502 -0.55938 -0.46055 0.15939 0.32539 0.41184 0.54186 0.67004 .61994
79.4 1.7564294856272575 -0.73669 -0.69860 -0.63612 -0.56183 -0.46197 0.15863 0.32885 0.41471 0.54369 0.67069 .62060
79.5 1.7649657119256603 -0.73637 -0.69879 -0.63724 -0.56431 -0.46336 0.15787 0.33233 0.41760 0.54553 0.67135 .62123
79.6 1.7736219748641979 -0.73605 -0.69899 -0.63837 -0.56681 -0.46472 0.15712 0.33585 0.42053 0.54739 0.67201 .62184
79.7 1.7824011956361372 -0.73575 -0.69920 -0.63952 -0.56933 -0.46604 0.15638 0.33941 0.42347 0.54926 0.67267 .62242
79.8 1.7913063954686912 -0.73546 -0.69942 -0.64069 -0.57187 -0.46733 0.15564 0.34300 0.42645 0.55115 0.67334 .62297
79.9 1.8003407000701643 -0.73518 -0.69966 -0.64187 -0.57443 -0.46859 0.15492 0.34662 0.42945 0.55306 0.67401 .62351
80.0 1.8095073443210954 -0.73490 -0.69990 -0.64307 -0.57702 -0.46982 0.15420 0.35028 0.43249 0.55498 0.67468 .62402
80.1 1.8188096772254154 -0.73464 -0.70016 -0.64429 -0.57962 -0.47101 0.15349 0.35398 0.43555 0.55693 0.67537 .62450
80.2 1.8282511671387802 -0.73439 -0.70044 -0.64552 -0.58224 -0.47217 0.15279 0.35771 0.43864 0.55889 0.67606 .62496
80.3 1.8378354072926408 -0.73415 -0.70072 -0.64678 -0.58488 -0.47330 0.15209 0.36148 0.44176 0.56086 0.67675 .62539
80.4 1.8475661216340147 -0.73392 -0.70102 -0.64805 -0.58754 -0.47440 0.15141 0.36529 0.44492 0.56286 0.67745 .62581
80.5 1.8574471710024862 -0.73370 -0.70134 -0.64934 -0.59022 -0.47548 0.15073 0.36914 0.44810 0.56488 0.67817 .62621
80.6 1.8674825596677291 -0.73350 -0.70166 -0.65064 -0.59291 -0.47652 0.15006 0.37304 0.45132 0.56692 0.67889 .62658
80.7 1.8776764422526515 -0.73330 -0.70200 -0.65197 -0.59561 -0.47753 0.14940 0.37697 0.45457 0.56898 0.67962 .62693
80.8 1.8880331310693452 -0.73312 -0.70236 -0.65331 -0.59834 -0.47851 0.14875 0.38095 0.45786 0.57106 0.68036 .62726
80.9 1.8985571038972699 -0.73295 -0.70273 -0.65467 -0.60107 -0.47946 0.14810 0.38497 0.46118 0.57316 0.68111 .62756
81.0 1.9092530122354845 -0.73280 -0.70312 -0.65604 -0.60382 -0.48038 0.14747 0.38903 0.46454 0.57529 0.68188 .62785
81.1 1.9201256900634951 -0.73265 -0.70352 -0.65744 -0.60658 -0.48128 0.14684 0.39314 0.46793 0.57744 0.68266 .62812
81.2 1.9311801631481520 -0.73252 -0.70394 -0.65885 -0.60935 -0.48215 0.14622 0.39730 0.47136 0.57962 0.68345 .62837
81.3 1.9424216589372902 -0.73241 -0.70437 -0.66028 -0.61214 -0.48299 0.14561 0.40151 0.47483 0.58182 0.68426 .62860
81.4 1.9538556170843520 -0.73230 -0.70482 -0.66173 -0.61494 -0.48380 0.14500 0.40576 0.47834 0.58405 0.68508 .62880
81.5 1.9654877006520655 -0.73222 -0.70529 -0.66320 -0.61774 -0.48459 0.14441 0.41007 0.48189 0.58630 0.68592 .62900
81.6 1.9773238080476301 -0.73214 -0.70577 -0.66469 -0.62056 -0.48535 0.14382 0.41442 0.48548 0.58859 0.68678 .62917
81.7 1.9893700857464571 -0.73208 -0.70627 -0.66619 -0.62338 -0.48608 0.14325 0.41883 0.48911 0.59090 0.68766 .62933
81.8 2.0016329418668652 -0.73204 -0.70679 -0.66771 -0.62621 -0.48679 0.14268 0.42330 0.49279 0.59325 0.68855 .62947
81.9 2.0141190606637487 -0.73202 -0.70733 -0.66925 -0.62905 -0.48748 0.14212 0.42781 0.49651 0.59562 0.68947 .62960
82.0 2.0268354180156947 -0.73201 -0.70788 -0.67081 -0.63190 -0.48814 0.14157 0.43239 0.50027 0.59803 0.69042 .62971
82.1 2.0397892979870225 -0.73202 -0.70846 -0.67239 -0.63475 -0.48878 0.14103 0.43702 0.50409 0.60047 0.69138 .62981
82.2 2.0529883105540567 -0.73204 -0.70905 -0.67399 -0.63761 -0.48939 0.14049 0.44171 0.50795 0.60295 0.69237 .62988
82.3 2.0664404105935832 -0.73209 -0.70967 -0.67560 -0.64047 -0.48998 0.13997 0.44646 0.51186 0.60546 0.69339 .62995
82.4 2.0801539182411148 -0.73215 -0.71030 -0.67723 -0.64334 -0.49055 0.13945 0.45127 0.51581 0.60801 0.69444 .63000
82.5 2.0941375407372735 -0.73223 -0.71096 -0.67888 -0.64621 -0.49110 0.13894 0.45615 0.51983 0.61060 0.69552 .63004
82.6 2.1084003958926107 -0.73233 -0.71164 -0.68055 -0.64909 -0.49162 0.13844 0.46109 0.52389 0.61322 0.69663 .63006
82.7 2.1229520373144530 -0.73245 -0.71233 -0.68224 -0.65197 -0.49213 0.13795 0.46609 0.52801 0.61589 0.69777 .63008
82.8 2.1378024815543255 -0.73260 -0.71305 -0.68395 -0.65485 -0.49261 0.13747 0.47117 0.53218 0.61860 0.69894 .63008
82.9 2.1529622373511956 -0.73276 -0.71380 -0.68567 -0.65773 -0.49307 0.13700 0.47631 0.53641 0.62136 0.70016 .63007
83.0 2.1684423371644423 -0.73295 -0.71456 -0.68741 -0.66062 -0.49351 0.13654 0.48152 0.54070 0.62416 0.70141 .63005
83.1 2.1842543712115088 -0.73316 -0.71535 -0.68917 -0.66350 -0.49393 0.13608 0.48680 0.54505 0.62701 0.70270 .63001
83.2 2.2004105242487957 -0.73340 -0.71617 -0.69095 -0.66639 -0.49434 0.13564 0.49216 0.54946 0.62991 0.70404 .62998
83.3 2.2169236153609786 -0.73366 -0.71700 -0.69275 -0.66928 -0.49472 0.13520 0.49760 0.55393 0.63286 0.70541 .62992
83.4 2.2338071410539140 -0.73394 -0.71787 -0.69456 -0.67216 -0.49509 0.13477 0.50311 0.55847 0.63586 0.70684 .62986
83.5 2.2510753219802888 -0.73426 -0.71876 -0.69640 -0.67505 -0.49543 0.13436 0.50870 0.56308 0.63892 0.70832 .62979
83.6 2.2687431536655347 -0.73460 -0.71967 -0.69825 -0.67793 -0.49576 0.13395 0.51437 0.56775 0.64203 0.70985 .62971
83.7 2.2868264616451803 -0.73496 -0.72062 -0.70012 -0.68081 -0.49608 0.13355 0.52012 0.57250 0.64521 0.71143 .62963
83.8 2.3053419614742690 -0.73536 -0.72159 -0.70201 -0.68369 -0.49637 0.13315 0.52596 0.57731 0.64844 0.71307 .62952
83.9 2.3243073241259733 -0.73579 -0.72258 -0.70391 -0.68657 -0.49665 0.13277 0.53188 0.58221 0.65174 0.71477 .62942
84.0 2.3437412473608381 -0.73625 -0.72361 -0.70584 -0.68944 -0.49692 0.13240 0.53790 0.58718 0.65511 0.71653 .62932
84.1 2.3636635337217689 -0.73674 -0.72467 -0.70778 -0.69231 -0.49717 0.13204 0.54400 0.59223 0.65854 0.71836 .62921
84.2 2.3840951758941467 -0.73726 -0.72576 -0.70974 -0.69517 -0.49740 0.13168 0.55020 0.59736 0.66205 0.72026 .62908
84.3 2.4050584502674064 -0.73782 -0.72687 -0.71172 -0.69804 -0.49762 0.13134 0.55649 0.60257 0.66563 0.72223 .62896
84.4 2.4265770196459231 -0.73842 -0.72802 -0.71372 -0.70089 -0.49783 0.13100 0.56288 0.60787 0.66929 0.72428 .62883
84.5 2.4486760461856742 -0.73905 -0.72920 -0.71573 -0.70375 -0.49802 0.13067 0.56937 0.61326 0.67304 0.72641 .62869
84.6 2.4713823157820722 -0.73972 -0.73042 -0.71777 -0.70659 -0.49820 0.13036 0.57596 0.61875 0.67686 0.72863 .62856
84.7 2.4947243753068959 -0.74043 -0.73167 -0.71982 -0.70943 -0.49837 0.13005 0.58266 0.62432 0.68078 0.73093 .62842
84.8 2.5187326842930178 -0.74118 -0.73295 -0.72189 -0.71227 -0.49852 0.12975 0.58947 0.63000 0.68478 0.73332 .62827
84.9 2.5434397828995103 -0.74198 -0.73427 -0.72398 -0.71510 -0.49866 0.12946 0.59639 0.63577 0.68888 0.73582 .62812
