5 0.22474786951272291 -4.53523316836
5.1 0.22699590357274410 -4.56533304437
5.2 0.22922258189255645 -4.59421521217
5.3 0.23142853458965695 -4.62193745818
5.4 0.23361436236885605 -4.64855366478
5.5 0.23578063841929153 -4.67411414336
5.6 0.23792791015694406 -4.69866593396
5.7 0.24005670082776287 -4.72225307520
5.8 0.24216751098479444 -4.74491684791
5.9 0.24426081985121312 -4.76669599542
6.0 0.24633708657984518 -4.78762692308
6.1 0.24839675141863690 -4.80774387917
6.2 0.25044023679051242 -4.82707911931
6.3 0.25246794829518643 -4.84566305605
6.4 0.25448027563971826 -4.86352439508
6.5 0.25647759350390792 -4.88069025961
6.6 0.25846026234602637 -4.89718630391
6.7 0.26042862915383336 -4.91303681724
6.8 0.26238302814535797 -4.92826481897
6.9 0.26432378142348961 -4.94289214588
7.0 0.26625119958804888 -4.95693953226
7.1 0.26816558230866605 -4.97042668352
7.2 0.27006721886149349 -4.98337234402
7.3 0.27195638863250449 -4.99579435940
7.4 0.27383336158988730 -5.00770973420
7.5 0.27569839872782342 -5.01913468497
7.6 0.27755175248374220 -5.03008468935
7.7 0.27939366713096336 -5.04057453151
7.8 0.28122437914848114 -5.05061834411
7.9 0.28304411756949560 -5.06022964734
8.0 0.28485310431016619 -5.06942138505
8.1 0.28665155447994300 -5.07820595818
8.2 0.28843967667472209 -5.08659525609
8.3 0.29021767325397441 -5.09460068537
8.4 0.29198574060290522 -5.10223319698
8.5 0.29374406938062309 -5.10950331127
8.6 0.29549284475521920 -5.11642114146
8.7 0.29723224662659264 -5.12299641547
8.8 0.29896244983779341 -5.12923849638
8.9 0.30068362437559926 -5.13515640146
9.0 0.30239593556098865 -5.14075882005
9.1 0.30409954423012653 -5.14605413025
9.2 0.30579460690643406 -5.15105041456
9.3 0.30748127596427399 -5.15575547458
9.4 0.30915969978474567 -5.16017684473
9.5 0.31083002290405076 -5.16432180519
9.6 0.31249238615485792 -5.16819739405
9.7 0.31414692680106648 -5.17181041869
9.8 0.31579377866634295 -5.17516746656
9.9 0.31743307225677786 -5.17827491527
10.0 0.31906493487798943 -5.18113894211
10.1 0.32068949074697878 -5.18376553304
10.2 0.32230686109902068 -5.18616049120
10.3 0.32391716428985806 -5.18832944486
10.4 0.32552051589344949 -5.19027785503
10.5 0.32711702879550453 -5.19201102258
10.6 0.32870681328302698 -5.19353409506
10.7 0.33028997713007269 -5.19485207304
10.8 0.33186662567991565 -5.19596981625
10.9 0.33343686192380506 -5.19689204930
11.0 0.33500078657648524 -5.19762336718
11.1 0.33655849814863903 -5.19816824043
11.2 0.33811009301640765 -5.19853102005
11.3 0.33965566548812931 -5.19871594227
11.4 0.34119530786843266 -5.19872713295
11.5 0.34272911051981081 -5.19856861185
11.6 0.34425716192179839 -5.19824429671
11.7 0.34577954872786260 -5.19775800711
11.8 0.34729635582011686 -5.19711346815
11.9 0.34880766636195842 -5.19631431403
12.0 0.35031356184872481 -5.19536409135
12.1 0.35181412215645985 -5.19426626245
12.2 0.35330942558887629 -5.19302420843
12.3 0.35479954892259385 -5.19164123216
12.4 0.35628456745073178 -5.19012056115
12.5 0.35776455502492738 -5.18846535030
12.6 0.35923958409585033 -5.18667868452
12.7 0.36070972575227789 -5.18476358133
12.8 0.36217504975879339 -5.18272299330
12.9 0.36363562459216681 -5.18055981046
13.0 0.36509151747647400 -5.17827686259
13.1 0.36654279441700738 -5.17587692149
13.2 0.36798952023302828 -5.17336270318
13.3 0.36943175858941057 -5.17073687001
13.4 0.37086957202721976 -5.16800203274
13.5 0.37230302199327187 -5.16516075265
13.6 0.37373216886871380 -5.16221554347
13.7 0.37515707199666415 -5.15916887345
13.8 0.37657778970895234 -5.15602316725
13.9 0.37799437935199204 -5.15278080799
14.0 0.37940689731182314 -5.14944413911
14.1 0.38081539903835421 -5.14601546640
14.2 0.38221993906883789 -5.14249705994
14.3 0.38362057105060715 -5.13889115612
14.4 0.38501734776310242 -5.13519995967
14.5 0.38641032113921558 -5.13142564572
14.6 0.38779954228597707 -5.12757036201
14.7 0.38918506150461102 -5.12363623103
14.8 0.39056692830998108 -5.11962535241
14.9 0.39194519144945134 -5.11553980531
15.0 0.39331989892118169 -5.11138165098
15.1 0.39469109799188024 -5.10715293550
15.2 0.39605883521403118 -5.10285569264
15.3 0.39742315644261811 -5.09849194704
15.4 0.39878410685136023 -5.09406371748
15.5 0.40014173094847860 -5.08957302060
15.6 0.40149607259201053 -5.08502187482
15.7 0.40284717500468581 -5.08041230471
15.8 0.40419508078838223 -5.07574634577
15.9 0.40553983193817339 -5.07102604968
16.0 0.40688146985598445 -5.06625349013
16.1 0.40822003536386753 -5.06143076930
16.2 0.40955556871691118 -5.05656002505
16.3 0.41088810961579586 -5.05164343885
16.4 0.41221769721900697 -5.04668324474
16.5 0.41354437015471773 -5.04168173916
16.6 0.41486816653235176 -5.03664129194
16.7 0.41618912395383745 -5.03156435842
16.8 0.41750727952456318 -5.02645349287
16.9 0.41882266986404287 -5.02131136307
17.0 0.42013533111630319 -5.01614076629
17.1 0.42144529895999888 -5.01094464632
17.2 0.42275260861826658 -5.00572611152
17.3 0.42405729486832622 -5.00048845352
17.4 0.42535939205083484 -4.99523516603
17.5 0.42665893407900496 -4.98996996305
17.6 0.42795595444749102 -4.98469679547
17.7 0.42925048624105394 -4.97941986490
17.8 0.43054256214300907 -4.97414363320
17.9 0.43183221444346498 -4.96887282600
18.0 0.43311947504735931 -4.96361242881
18.1 0.43440437548229766 -4.95836767394
18.2 0.43568694690620202 -4.95314401761
18.3 0.43696722011477462 -4.94794710678
18.4 0.43824522554878126 -4.94278273654
18.5 0.43952099330116196 -4.93765680000
18.6 0.44079455312397198 -4.93257523345
18.7 0.44206593443515912 -4.92754396041
18.8 0.44333516632518272 -4.92256883845
18.9 0.44460227756347698 -4.91765561257
19.0 0.44586729660476643 -4.91280987790
19.1 0.44713025159523395 -4.90803705410
19.2 0.44839117037854909 -4.90334237227
19.3 0.44965008050175848 -4.89873087462
19.4 0.45090700922104293 -4.89420742637
19.5 0.45216198350734593 -4.88977673878
19.6 0.45341503005187517 -4.88544340247
19.7 0.45466617527148268 -4.88121192998
19.8 0.45591544531392630 -4.87708680712
19.9 0.45716286606301498 -4.87307255304
20.0 0.45840846314364242 -4.86917378957
20.1 0.45965226192671138 -4.86539532099
20.2 0.46089428753395190 -4.86174222644
20.3 0.46213456484263626 -4.85821996765
20.4 0.46337311849019369 -4.85483451606
20.5 0.46460997287872730 -4.85159250444
20.6 0.46584515217943595 -4.84850140927
20.7 0.46707868033694405 -4.84556977117
20.8 0.46831058107354084 -4.84280746085
20.9 0.46954087789333243 -4.84022599557
21.0 0.47076959408630886 -4.83783890252
21.1 0.47199675273232761 -4.83566210285
21.2 0.47322237670501677 -4.83371423853
21.3 0.47444648867559963 -4.83201675924
21.4 0.47566911111664228 -4.83059340895
21.5 0.47689026630572684 -4.82946855797
21.6 0.47810997632905239 -4.82866393618
21.7 0.47932826308496429 -4.82819445538
21.8 0.48054514828741574 -4.82806656356
21.9 0.48176065346936059 -4.82828905054
22.0 0.48297479998608267 -4.82892828618
22.4 0.48781822046902723 -4.84063089301
22.5 0.48902588799549546 -4.84203721329
22.6 0.49023232143590700 -4.84341270064
22.7 0.49143754098988363 -4.84475776825
22.8 0.49264156670383669 -4.84607283055
22.9 0.49384441847377619 -4.84735830237
23.0 0.49504611604806875 -4.84861459827
23.1 0.49624667903014597 -4.84984213200
23.2 0.49744612688116491 -4.85104131606
23.3 0.49864447892262104 -4.85221256134
23.4 0.49984175433891520 -4.85335627687
23.5 0.50103797217987622 -4.85447286958
23.6 0.50223315136323943 -4.85556274423
23.7 0.50342731067708213 -4.85662630325
23.8 0.50462046878221822 -4.85766394678
23.9 0.50581264421455108 -4.85867607264
24.0 0.50700385538738835 -4.85966307642
24.1 0.50819412059371571 -4.86062535159
24.2 0.50938345800843532 -4.86156328962
24.3 0.51057188569056522 -4.86247728023
24.4 0.51175942158540400 -4.86336771160
24.5 0.51294608352666027 -4.86423497068
24.6 0.51413188923854658 -4.86507944349
24.7 0.51531685633784119 -4.86590151555
24.8 0.51650100233591645 -4.86670157231
24.9 0.51768434464073498 -4.86747999966
25.0 0.51886690055881535 -4.86823718450
25.1 0.52004868729716613 -4.86897351538
25.2 0.52122972196519191 -4.86968938325
25.3 0.52241002157656802 -4.87038518223
25.4 0.52358960305108848 -4.87106131058
25.5 0.52476848321648584 -4.87171817170
25.6 0.52594667881022350 -4.87235617529
25.7 0.52712420648126190 -4.87297573869
25.8 0.52830108279179877 -4.87357728829
25.9 0.52947732421898386 -4.87416126127
26.0 0.53065294715660993 -4.87472810741
26.1 0.53182796791677822 -4.87527829125
26.2 0.53300240273154131 -4.87581229452
26.3 0.53417626775452287 -4.87633061884
26.4 0.53534957906251479 -4.87683378886
26.5 0.53652235265705239 -4.87732235583
26.6 0.53769460446596806 -4.87779690159
26.7 0.53886635034492414 -4.87825804326
26.8 0.54003760607892537 -4.87870643847
26.9 0.54120838738381127 -4.87914279143
27.0 0.54237870990772830 -4.87956785977
27.1 0.54354858923258453 -4.87998246244
27.2 0.54471804087548426 -4.88038748863
27.3 0.54588708029014499 -4.88078390791
27.4 0.54705572286829596 -4.88117278166
27.5 0.54822398394106098 -4.88155527587
27.6 0.54939187878032203 -4.88193267520
27.7 0.55055942260006829 -4.88230639826
27.8 0.55172663055772764 -4.88267801363
27.9 0.55289351775548301 -4.88304925583
28.0 0.55406009924157285 -4.88342203987
28.1 0.55522639001157725 -4.88379847218
28.2 0.55639240500968834 -4.88418085412
28.3 0.55755815912996731 -4.88457167308
28.4 0.55872366721758682 -4.88497357371
28.5 0.55988894407005929 -4.88538930054
28.6 0.56105400443845332 -4.88582160313
28.7 0.56221886302859492 -4.88627309878
28.8 0.56338353450225820 -4.88674609786
28.9 0.56454803347834170 -4.88724241315
29.0 0.56571237453403433 -4.88776319209
29.1 0.56687657220596777 -4.88830881767
29.2 0.56804064099135865 -4.88887890985
29.3 0.56920459534913859 -4.88947242696
29.4 0.57036844970107436 -4.89008783469
29.5 0.57153221843287527 -4.89072329535
29.6 0.57269591589529301 -4.89137683832
29.7 0.57385955640520825 -4.89204649046
29.8 0.57502315424671002 -4.89273036293
29.9 0.57618672367216306 -4.89342670067
30.0 0.57735027890326807 -4.89413390461
30.1 0.57851383413211033 -4.89485053581
30.2 0.57967740352220132 -4.89557530902
30.3 0.58084100120951132 -4.89630708057
30.4 0.58200464130349217 -4.89704483406
30.5 0.58316833788809341 -4.89778766553
30.6 0.58433210502276955 -4.89853476947
30.7 0.58549595674348021 -4.89928542590
30.8 0.58665990706368132 -4.90003898899
30.9 0.58782396997531072 -4.90079487705
31.0 0.58898815944976501 -4.90155256389
31.1 0.59015248943887078 -4.90231157136
31.2 0.59131697387584792 -4.90307146305
31.3 0.59248162667626747 -4.90383183880
31.4 0.59364646173900193 -4.90459233016
31.5 0.59481149294717062 -4.90535259641
31.6 0.59597673416907782 -4.90611232121
31.7 0.59714219925914636 -4.90687120980
31.8 0.59830790205884488 -4.90762898651
31.9 0.59947385639760953 -4.90838539272
32.0 0.60064007609376124 -4.90914018506
32.1 0.60180657495541667 -4.90989313388
32.2 0.60297336678139601 -4.91064402194
32.3 0.60414046536212396 -4.91139264329
32.4 0.60530788448052819 -4.91213880228
32.5 0.60647563791293169 -4.91288231270
32.6 0.60764373942994288 -4.91362299706
32.7 0.60881220279733894 -4.91436068592
32.8 0.60998104177694812 -4.91509521735
32.9 0.61115027012752698 -4.91582643645
33.0 0.61231990160563299 -4.91655419484
33.1 0.61348994996649608 -4.91727835036
33.2 0.61466042896488526 -4.91799876666
33.3 0.61583135235597231 -4.91871531292
33.4 0.61700273389619331 -4.91942786359
33.5 0.61817458734410646 -4.92013629809
33.6 0.61934692646124778 -4.92084050062
33.7 0.62051976501298423 -4.92154035995
33.8 0.62169311676936412 -4.92223576922
33.9 0.62286699550596603 -4.92292662578
34.0 0.62404141500474464 -4.92361283101
34.1 0.62521638905487575 -4.92429429020
34.2 0.62639193145359873 -4.92497091237
34.3 0.62756805600705678 -4.92564261018
34.4 0.62874477653113825 -4.92630929976
34.5 0.62992210685231265 -4.92697090066
34.6 0.63110006080846870 -4.92762733568
34.7 0.63227865224975011 -4.92827853077
34.8 0.63345789503938943 -4.92892441497
34.9 0.63463780305454343 -4.92956492027
35.0 0.63581839018712483 -4.93019998156
35.1 0.63699967034463578 -4.93082953648
35.2 0.63818165745099997 -4.93145352540
35.3 0.63936436544739395 -4.93207189129
35.4 0.64054780829307956 -4.93268457966
35.5 0.64173199996623487 -4.93329153848
35.6 0.64291695446478636 -4.93389271809
35.7 0.64410268580724028 -4.93448807116
35.8 0.64528920803351497 -4.93507755257
35.9 0.64647653520577386 -4.93566111938
36.0 0.64766468140925815 -4.93623873074
36.1 0.64885366075312068 -4.93681034783
36.2 0.65004348737126105 -4.93737593379
36.3 0.65123417542316075 -4.93793545366
36.4 0.65242573909472057 -4.93848887434
36.5 0.65361819259909770 -4.93903616447
36.6 0.65481155017754511 -4.93957729445
36.7 0.65600582610025293 -4.94011223629
36.8 0.65720103466718971 -4.94064096365
36.9 0.65839719020894694 -4.94116345172
37.0 0.65959430708758449 -4.94167967718
37.1 0.66079239969747838 -4.94218961814
37.2 0.66199148246617079 -4.94269325414
37.3 0.66319156985522110 -4.94319056600
37.4 0.66439267636106136 -4.94368153589
37.5 0.66559481651585173 -4.94416614717
37.6 0.66679800488834029 -4.94464438442
37.7 0.66800225608472497 -4.94511623338
37.8 0.66920758474951780 -4.94558168085
37.9 0.67041400556641328 -4.94604071474
38.0 0.67162153325915808 -4.94649332394
38.1 0.67283018259242555 -4.94693949833
38.2 0.67403996837269264 -4.94737922873
38.3 0.67525090544912036 -4.94781250683
38.4 0.67646300871443843 -4.94823932520
38.5 0.67767629310583211 -4.94865967723
38.6 0.67889077360583494 -4.94907355706
38.7 0.68010646524322338 -4.94948095961
38.8 0.68132338309391693 -4.94988188049
38.9 0.68254154228188213 -4.95027631600
39.0 0.68376095798003989 -4.95066426306
39.1 0.68498164541117901 -4.95104571923
39.2 0.68620361984887257 -4.95142068263
39.3 0.68742689661840040 -4.95178915193
39.4 0.68865149109767598 -4.95215112633
39.5 0.68987741871817743 -4.95250660550
39.6 0.69110469496588456 -4.95285558960
39.7 0.69233333538222186 -4.95319807919
39.8 0.69356335556500459 -4.95353407527
39.9 0.69479477116939314 -4.95386357920
40.0 0.69602759790885060 -4.95418659271
40.1 0.69726185155610820 -4.95450311784
40.2 0.69849754794413488 -4.95481315697
40.3 0.69973470296711415 -4.95511671274
40.4 0.70097333258142724 -4.95541378806
40.5 0.70221345280664171 -4.95570438609
40.6 0.70345507972650678 -4.95598851021
40.7 0.70469822948995642 -4.95626616397
40.8 0.70594291831211764 -4.95653735114
40.9 0.70718916247532726 -4.95680207564
41.0 0.70843697833015451 -4.95706034150
41.1 0.70968638229643122 -4.95731215293
41.2 0.71093739086429042 -4.95755751419
41.3 0.71219002059521097 -4.95779642967
41.4 0.71344428812307092 -4.95802890383
41.5 0.71470021015520846 -4.95825494116
41.6 0.71595780347349092 -4.95847454623
41.7 0.71721708493539160 -4.95868772360
41.8 0.71847807147507592 -4.95889447789
41.9 0.71974078010449472 -4.95909481367
42.0 0.72100522791448773 -4.95928873554
42.1 0.72227143207589473 -4.95947624805
42.2 0.72353940984067577 -4.95965735572
42.3 0.72480917854304194 -4.95983206302
42.4 0.72608075560059371 -4.96000037437
42.5 0.72735415851547003 -4.96016229410
42.6 0.72862940487550631 -4.96031782648
42.7 0.72990651235540349 -4.96046697567
42.8 0.73118549871790539 -4.96060974574
42.9 0.73246638181498858 -4.96074614066
43.0 0.73374917958905994 -4.96087616425
43.1 0.73503391007416841 -4.96099982025
43.2 0.73632059139722317 -4.96111711223
43.3 0.73760924177922782 -4.96122804363
43.4 0.73889987953652059 -4.96133261774
43.5 0.74019252308203054 -4.96143083772
43.6 0.74148719092654247 -4.96152270653
43.7 0.74278390167997466 -4.96160822699
43.8 0.74408267405266870 -4.96168740174
43.9 0.74538352685669107 -4.96176023324
44.0 0.74668647900714824 -4.96182672380
44.1 0.74799154952351277 -4.96188687549
44.2 0.74929875753096364 -4.96194069024
44.3 0.75060812226173934 -4.96198816977
44.4 0.75191966305650404 -4.96202931560
44.5 0.75323339936572720 -4.96206412905
44.6 0.75454935075107776 -4.96209261126
44.7 0.75586753688683117 -4.96211476315
44.8 0.75718797756129208 -4.96213058544
44.9 0.75851069267822968 -4.96214007864
45.0 0.75983570225832975 -4.96214324306
45.1 0.76116302644066036 -4.96214007882
45.2 0.76249268548415305 -4.96213058579
45.3 0.76382469976910006 -4.96211476369
45.4 0.76515908979866654 -4.96209261198
45.5 0.76649587620041937 -4.96206412995
45.6 0.76783507972787179 -4.96202931667
45.7 0.76917672126204495 -4.96198817102
45.8 0.77052082181304604 -4.96194069167
45.9 0.77186740252166364 -4.96188687710
46.0 0.77321648466098036 -4.96182672558
46.1 0.77456808963800328 -4.96176023521
46.2 0.77592223899531199 -4.96168740388
46.3 0.77727895441272554 -4.96160822931
46.4 0.77863825770898754 -4.96152270903
46.5 0.78000017084346973 -4.96143084040
46.6 0.78136471591789569 -4.96133262060
46.7 0.78273191517808294 -4.96122804666
46.8 0.78410179101570610 -4.96111711544
46.9 0.78547436597007880 -4.96099982364
47.0 0.78684966272995749 -4.96087616782
47.1 0.78822770413536436 -4.96074614440
47.2 0.78960851317943370 -4.96060974967
47.3 0.79099211301027716 -4.96046697977
47.4 0.79237852693287303 -4.96031783076
47.5 0.79376777841097601 -4.96016229856
47.6 0.79515989106905183 -4.96000037900
47.7 0.79655488869423152 -4.95983206783
47.8 0.79795279523829266 -4.95965736070
47.9 0.79935363481966115 -4.95947625321
48.0 0.80075743172543956 -4.95928874088
48.1 0.80216421041345820 -4.95909481919
48.2 0.80357399551435238 -4.95889448358
48.3 0.80498681183366394 -4.95868772947
48.4 0.80640268435396956 -4.95847455227
48.5 0.80782163823703412 -4.95825494738
48.6 0.80924369882599168 -4.95802891022
48.7 0.81066889164755318 -4.95779643624
48.8 0.81209724241424064 -4.95755752093
48.9 0.81352877702665161 -4.95731215984
49.0 0.81496352157574936 -4.95706034859
49.1 0.81640150234518361 -4.95680208290
49.2 0.81784274581364047 -4.95653735858
49.3 0.81928727865722173 -4.95626617158
49.4 0.82073512775185475 -4.95598851798
49.5 0.82218632017573356 -4.95570439404
49.6 0.82364088321179052 -4.95541379618
49.7 0.82509884435020076 -4.95511672103
49.8 0.82656023129091882 -4.95481316543
49.9 0.82802507194624730 -4.95450312648
50.0 0.82949339444344139 -4.95418660151
50.1 0.83096522712734444 -4.95386358818
50.2 0.83244059856306107 -4.95353408442
50.3 0.83391953753866332 -4.95319808851
50.4 0.83540207306793479 -4.95285559908
50.5 0.83688823439314863 -4.95250661516
50.6 0.83837805098788598 -4.95215113615
50.7 0.83987155255988821 -4.95178916192
50.8 0.84136876905395186 -4.95142069278
50.9 0.84286973065485837 -4.95104572955
51.0 0.84437446779034697 -4.95066427355
51.1 0.84588301113412578 -4.95027632665
51.2 0.84739539160892485 -4.94988189131
51.3 0.84891164038959133 -4.94948097059
51.4 0.85043178890622606 -4.94907356821
51.5 0.85195586884736429 -4.94865968854
51.6 0.85348391216320041 -4.94823933668
51.7 0.85501595106885664 -4.94781251847
51.8 0.85655201804769820 -4.94737924052
51.9 0.85809214585469440 -4.94693951029
52.0 0.85963636751982619 -4.94649333606
52.1 0.86118471635154337 -4.94604072702
52.2 0.86273722594026869 -4.94558169329
52.3 0.86429393016195311 -4.94511624597
52.4 0.86585486318168026 -4.94464439718
52.5 0.86742005945732381 -4.94416616008
52.6 0.86898955374325570 -4.94368154896
52.7 0.87056338109410869 -4.94319057923
52.8 0.87214157686859295 -4.94269326752
52.9 0.87372417673336666 -4.94218963168
53.0 0.87531121666696521 -4.94167969086
53.1 0.87690273296378440 -4.94116346556
53.2 0.87849876223812495 -4.94064097765
53.3 0.88009934142829360 -4.94011225043
53.4 0.88170450780076659 -4.93957730874
53.5 0.88331429895441260 -4.93903617891
53.6 0.88492875282478045 -4.93848888893
53.7 0.88654790768844782 -4.93793546840
53.8 0.88817180216743707 -4.93737594867
53.9 0.88980047523369521 -4.93681036286
54.0 0.89143396621364279 -4.93623874591
54.1 0.89307231479278926 -4.93566113470
54.2 0.89471556102041949 -4.93507756803
54.3 0.89636374531435070 -4.93448808676
54.4 0.89801690846576132 -4.93389273383
54.5 0.89967509164409376 -4.93329155435
54.6 0.90133833640203209 -4.93268459567
54.7 0.90300668468055645 -4.93207190743
54.8 0.90468017881407381 -4.93145354168
54.9 0.90635886153562961 -4.93082955290
55.0 0.90804277598219907 -4.93019999811
55.1 0.90973196570006132 -4.92956493695
55.2 0.91142647465025639 -4.92892443178
55.3 0.91312634721412855 -4.92827854771
55.4 0.91483162819895569 -4.92762735274
55.5 0.91654236284366797 -4.92697091786
55.6 0.91825859682465660 -4.92630931708
55.7 0.91998037626167417 -4.92564262761
55.8 0.92170774772382924 -4.92497092993
55.9 0.92344075823567617 -4.92429430788
56.0 0.92517945528340284 -4.92361284881
56.1 0.92692388682111693 -4.92292664369
56.2 0.92867410127723360 -4.92223578725
56.3 0.93043014756096676 -4.92154037809
56.4 0.93219207506892543 -4.92084051887
56.5 0.93395993369181618 -4.92013631646
56.6 0.93573377382125700 -4.91942788207
56.7 0.93751364635670031 -4.91871533151
56.8 0.93929960271247126 -4.91799878535
56.9 0.94109169482492094 -4.91727836915
57.0 0.94288997515969897 -4.91655421373
57.1 0.94469449671914496 -4.91582645544
57.2 0.94650531304980356 -4.91509523645
57.3 0.94832247825006655 -4.91436070510
57.4 0.95014604697793958 -4.91362301634
57.5 0.95197607445894206 -4.91288233208
57.6 0.95381261649413907 -4.91213882175
57.7 0.95565572946830857 -4.91139266285
57.8 0.95750547035824851 -4.91064404158
57.9 0.95936189674122396 -4.90989315360
58.0 0.96122506680355879 -4.90914020487
58.1 0.96309503934937468 -4.90838541262
58.2 0.96497187380948068 -4.90762900649
58.3 0.96685563025041488 -4.90687122985
58.4 0.96874636938364433 -4.90611234134
58.5 0.97064415257492132 -4.90535261661
58.6 0.97254904185380731 -4.90459235043
58.7 0.97446109992335961 -4.90383185914
58.8 0.97638039016998779 -4.90307148345
58.9 0.97830697667348698 -4.90231159184
59.0 0.98024092421724396 -4.90155258442
59.1 0.98218229829862735 -4.90079489765
59.2 0.98413116513955912 -4.90003900965
59.3 0.98608759169727866 -4.89928544662
59.4 0.98805164567529558 -4.89853479025
59.5 0.99002339553454166 -4.89778768636
59.6 0.99200291050472111 -4.89704485494
59.7 0.99399026059587003 -4.89630710150
59.8 0.99598551661012047 -4.89557533000
59.9 0.99798875015368327 -4.89485055685
60.0 1.0000000336490449 -4.89413392570
60.1 1.0020194403473930 -4.89342672181
60.2 1.0040470443412663 -4.89273038411
60.3 1.0060829205774386 -4.89204651169
60.4 1.0081271448700442 -4.89137685960
60.5 1.0101797939139427 -4.89072331668
60.6 1.0122409452983365 -4.89008785607
60.7 1.0143106775206405 -4.88947244839
60.8 1.0163890700006153 -4.88887893133
60.9 1.0184762030947627 -4.88830883922
61.0 1.0205721581109972 -4.88776321369
61.1 1.0226770173235920 -4.88724243483
61.2 1.0247908639884131 -4.88674611961
61.3 1.0269137823584431 -4.88627312060
61.4 1.0290458576996018 -4.88582162503
61.5 1.0311871763068714 -4.88538932253
61.6 1.0333378255207359 -4.88497359579
61.7 1.0354978937439347 -4.88457169525
61.8 1.0376674704585451 -4.88418087638
61.9 1.0398466462433982 -4.88379849453
62.0 1.0420355127918348 -4.88342206232
62.1 1.0442341629298113 -4.88304927837
62.2 1.0464426906343616 -4.88267803628
62.3 1.0486611910524275 -4.88230642100
62.4 1.0508897605200611 -4.88193269804
62.5 1.0531284965820111 -4.88155529881
62.6 1.0553774980117010 -4.88117280471
62.7 1.0576368648316092 -4.88078393105
62.8 1.0599066983340624 -4.88038751188
62.9 1.0621871011024460 -4.87998248580
63.0 1.0644781770328475 -4.87956788323
63.1 1.0667800313561446 -4.87914281500
63.2 1.0690927706605413 -4.87870646216
63.3 1.0714165029145688 -4.87825806706
63.4 1.0737513374905625 -4.87779692550
63.5 1.0760973851886237 -4.87732237985
63.6 1.0784547582610808 -4.87683381301
63.7 1.0808235704374589 -4.87633064310
63.8 1.0832039369499773 -4.87581231890
63.9 1.0855959745595780 -4.87527831575
64.0 1.0879998015825072 -4.87472813203
64.1 1.0904155379174589 -4.87416128602
64.2 1.0928433050732997 -4.87357731317
64.3 1.0952832261973782 -4.87297576369
64.4 1.0977354261044516 -4.87235620043
64.5 1.1002000313062268 -4.87171819697
64.6 1.1026771700415456 -4.87106133599
64.7 1.1051669723072235 -4.87038520777
64.8 1.1076695698895584 -4.86968940893
64.9 1.1101850963965334 -4.86897354121
65.0 1.1127136872907215 -4.86823721047
65.1 1.1152554799229231 -4.86748002577
65.2 1.1178106135665402 -4.86670159857
65.3 1.1203792294527217 -4.86590154196
65.4 1.1229614708062909 -4.86507947005
65.5 1.1255574828824770 -4.86423499740
65.6 1.1281674130044770 -4.86336773848
65.7 1.1307914106018655 -4.86247730727
65.8 1.1334296272498716 -4.86156331682
65.9 1.1360822167095599 -4.86062537896
66.0 1.1387493349689228 -4.85966310396
66.1 1.1414311402849235 -4.85867610035
66.2 1.1441277932265064 -4.85766397467
66.3 1.1468394567186027 -4.85662633131
66.4 1.1495662960871658 -4.85556277247
66.5 1.1523084791052536 -4.85447289800
66.6 1.1550661760401986 -4.85335630547
66.7 1.1578395597018831 -4.85221259013
66.8 1.1606288054921641 -4.85104134504
66.9 1.1634340914554704 -4.84984216118
67.0 1.1662555983306084 -4.84861462764
67.1 1.1690935096038124 -4.84735833195
67.2 1.1719480115630720 -4.84607286033
67.3 1.1748192933537724 -4.84475779824
67.4 1.1777075470356930 -4.84341273084
67.5 1.1806129676413906 -4.84203724370
67.6 1.1835357532360211 -4.84063092362
72.0 1.3330047374615932 -4.96361251241
72.1 1.3369783286701415 -4.96887291013
72.2 1.3409831299114769 -4.97414371785
72.3 1.3450195894037844 -4.97941995006
72.4 1.3490881642621655 -4.98469688113
72.5 1.3531893207273342 -4.98997004921
72.6 1.3573235344015393 -4.99523525269
72.7 1.3614912904919696 -5.00048854066
72.8 1.3656930840619386 -5.00572619914
72.9 1.3699294202901398 -5.01094473442
73.0 1.3742008147382716 -5.01614085487
73.1 1.3785077936273700 -5.02131145213
73.2 1.3828508941231716 -5.02645358240
73.3 1.3872306646308596 -5.03156444844
73.4 1.3916476650995724 -5.03664138244
73.5 1.3961024673370386 -5.04168183014
73.6 1.4005956553347587 -5.04668333621
73.7 1.4051278256041408 -5.05164353081
73.8 1.4096995875240308 -5.05656011751
73.9 1.4143115637001062 -5.06143086227
74.0 1.4189643903365978 -5.06625358361
74.1 1.4236587176208633 -5.07102614367
74.2 1.4283952101213191 -5.07574644029
74.3 1.4331745471992983 -5.08041239977
74.4 1.4379974234354114 -5.08502197042
74.5 1.4428645490710084 -5.08957311676
74.6 1.4477766504653917 -5.09406381421
74.7 1.4527344705694387 -5.09849204434
74.8 1.4577387694163313 -5.10285579054
74.9 1.4627903246301464 -5.10715303400
75.0 1.4678899319530556 -5.11138175010
75.1 1.4730384057919645 -5.11553990506
75.2 1.4782365797854315 -5.11962545281
75.3 1.4834853073917655 -5.12363633210
75.4 1.4887854624992518 -5.12757046376
75.5 1.4941379400594756 -5.13142574817
75.6 1.4995436567448153 -5.13520006283
75.7 1.5050035516311675 -5.13889126003
75.8 1.5105185869070827 -5.14249716460
75.9 1.5160897486105220 -5.14601557184
76.0 1.5217180473945009 -5.14944424536
76.1 1.5274045193229899 -5.15278091507
76.2 1.5331502266984804 -5.15602327518
76.3 1.5389562589227139 -5.15916898225
76.4 1.5448237333921728 -5.16221565319
76.5 1.5507537964299845 -5.16516086330
76.6 1.5567476242560161 -5.16800214436
76.7 1.5628064239970156 -5.17073698261
76.8 1.5689314347387666 -5.17336281681
76.9 1.5751239286223491 -5.17587703618
77.0 1.5813852119866876 -5.17827697837
77.1 1.5877166265597418 -5.18055992737
77.2 1.5941195507007735 -5.18272311138
77.3 1.6005954006963241 -5.18476370061
77.4 1.6071456321126634 -5.18667880504
77.5 1.6137717412076256 -5.18846547211
77.6 1.6204752664049629 -5.19012068429
77.7 1.6272577898344955 -5.19164135668
77.8 1.6341209389415596 -5.19302433437
77.9 1.6410663881694845 -5.19426638987
78.0 1.6480958607190197 -5.19536422030
78.1 1.6552111303889363 -5.19631444455
78.2 1.6624140235022404 -5.19711360032
78.3 1.6697064209227548 -5.19775814097
78.4 1.6770902601671336 -5.19824443233
78.5 1.6845675376176648 -5.19856874928
78.6 1.6921403108416329 -5.19872727227
78.7 1.6998107010233166 -5.19871608355
78.8 1.7075808955151763 -5.19853116336
78.9 1.7154531505151902 -5.19816838583
79.0 1.7234297938777567 -5.19762351477
79.1 1.7315132280661407 -5.19689219915
79.2 1.7397059332549434 -5.19596996844
79.3 1.7480104705916841 -5.19485222766
79.4 1.7564294856272575 -5.19353425221
79.5 1.7649657119256603 -5.19201118235
79.6 1.7736219748641979 -5.19027801752
79.7 1.7824011956361372 -5.18832961018
79.8 1.7913063954686912 -5.18616065945
79.9 1.8003407000701643 -5.18376570434
80.0 1.8095073443210954 -5.18113911657
80.1 1.8188096772254154 -5.17827509302
80.2 1.8282511671387802 -5.17516764773
80.3 1.8378354072926408 -5.17181060341
80.4 1.8475661216340147 -5.16819758246
80.5 1.8574471710024862 -5.16432199745
80.6 1.8674825596677291 -5.16017704098
80.7 1.8776764422526515 -5.15575567499
80.8 1.8880331310693452 -5.15105061929
80.9 1.8985571038972699 -5.14605433947
81.0 1.9092530122354845 -5.14075903395
81.1 1.9201256900634951 -5.13515662024
81.2 1.9311801631481520 -5.12923872023
81.3 1.9424216589372902 -5.12299664460
81.4 1.9538556170843520 -5.11642137609
81.5 1.9654877006520655 -5.10950355164
81.6 1.9773238080476301 -5.10223344332
81.7 1.9893700857464571 -5.09460093794
81.8 2.0016329418668652 -5.08659551514
81.9 2.0141190606637487 -5.07820622401
82.0 2.0268354180156947 -5.06942165793
82.1 2.0397892979870225 -5.06022992760
82.2 2.0529883105540567 -5.05061863205
82.3 2.0664404105935832 -5.04057482748
82.4 2.0801539182411148 -5.03008499370
82.5 2.0941375407372735 -5.01913499808
82.6 2.1084003958926107 -5.00771005645
82.7 2.1229520373144530 -4.99579469121
82.8 2.1378024815543255 -4.98337268582
82.9 2.1529622373511956 -4.97042703577
83.0 2.1684423371644423 -4.95693989544
83.1 2.1842543712115088 -4.94289252051
83.2 2.2004105242487957 -4.92826520558
83.3 2.2169236153609786 -4.91303721639
83.4 2.2338071410539140 -4.89718671621
83.5 2.2510753219802888 -4.88069068568
83.6 2.2687431536655347 -4.86352483560
83.7 2.2868264616451803 -4.84566351173
83.8 2.3053419614742690 -4.82707959090
83.9 2.3243073241259733 -4.80774436746
84.0 2.3437412473608381 -4.78762742891
84.1 2.3636635337217689 -4.76669651969
84.2 2.3840951758941467 -4.74491739158
84.3 2.4050584502674064 -4.72225363927
84.4 2.4265770196459231 -4.69866651952
84.5 2.4486760461856742 -4.67411475156
84.6 2.4713823157820722 -4.64855429684
84.7 2.4947243753068959 -4.62193811542
84.8 2.5187326842930178 -4.59421589598
84.9 2.5434397828995103 -4.56533375625
