0.25 -4.864560820184 -4.864560819552 -4.281889293202 -4.281889290905 -4.238044759752
.26 -4.953203628123 -4.953203625796 -4.372491587598 -4.372491582287 -4.341250127813
.27 -5.028606622451 -5.028606614949 -4.450300872653 0.000123027727 0.000000000000
.28 -5.091876652420 -5.091876630754 -4.516710795073 0.000123027727 0.000000000000
.29 -5.143969873664 -5.143969816805 -4.575997905270 -4.575691062036 -4.574626164433
.30 -5.185728708234 -5.185728571309 -4.633475370675 -4.631644965266 -4.631096717298
.31 -5.217911290460 -5.217910986356 -4.697767788019 -4.695436376445 -4.692464070552
.32 -5.241214889109 -5.241214266273 -4.756123492040 -4.753340214450 -4.749687101373
.33 -5.256294608811 -5.256293441593 -4.806729141406 -4.803400427534 -4.798985604161
.34 -5.263778539816 -5.263776583272 -4.850005053605 -4.846051862643 -4.840770632966
.35 -5.264280432094 -5.264277676935 -4.886417715837 -4.881758481497 -4.875500713527
.36 -5.258410934083 -5.258408379655 -4.916420048549 -4.910962633833 -4.903620435936
.37 -5.246790150887 -5.246788517284 -4.940447162141 -4.934078201530 -4.925559414033
.38 -5.230068919060 -5.230051550289 -4.958917396248 -4.951484180195 -4.941736603466
.39 -5.208935863345 -5.208873941644 -4.972233354411 -4.963512180792 -4.952565459305
.40 -5.184160552966 -5.183989228660 -4.980782277819 -4.970423610890 -4.958459776478
.41 -5.156646664026 -5.156234283510 -4.984935966388 -4.972372345073 -4.959840821885
.43 -5.098251138700 -5.096637387478 -4.981468220720 -4.961238005732 -4.950843572346
.44 -5.070654371002 -5.068510140928 -4.974517978221 -4.948179302625 -4.947344283964
.45 -5.046534713513 -5.046006850585 -4.964524330165 -4.942108874302 -4.933276494300
.46 -5.033127790113 -5.026900670576 -4.951821840321 -4.929317085532 -4.927370978662
.47 -5.029492089673 -5.011658351426 -4.936793631671 -4.931520789221 -4.909444711795
.48 -5.030811282984 -5.000162846854 -4.938099792783 -4.920008722393 -4.890224707845
.49 -5.033625533576 -4.991876142938 -4.944336403369 -4.911774408793 -4.900922733184
.50 -5.036179462208 -4.987001377600 -4.948736985640 -4.931677761275 -4.894146721748
.51 -5.037671172626 -4.986800757682 -4.950730117356 -4.949293534812 -4.899680178864
.52 -5.037746896690 -4.991504433129 -4.967910176234 -4.945019230889 -4.902691542742
.53 -5.036268935979 -4.999018625981 -4.983014991378 -4.937141525450 -4.902362750916
.54 -5.033210894510 -5.007319568267 -4.996008558036 -4.926937056033 -4.898903013996
.55 -5.028607846833 -5.015275937329 -5.006926881521 -4.915093527872 -4.909632414356
.56 -5.022531449464 -5.022318965914 -5.015841294040 -4.926204608907 -4.902081094999
.57 -5.028175716111 -5.022841103752 -5.015077881575 -4.942897002224 -4.888460200263
.58 -5.032731412350 -5.028024410819 -5.006366412407 -4.959085709622 -4.875274466110
.59 -5.035958886234 -5.031492854507 -4.996580817760 -4.974293217759 -4.874058364010
.60 -5.037881013975 -5.033348443147 -4.989845515255 -4.984283648109 -4.872358672328
.61 -5.038549895793 -5.033691579558 -5.001822127590 -4.973410862634 -4.869476170071
.62 -5.038034872631 -5.032619824369 -5.013362242606 -4.960922748414 -4.870714029292
.63 -5.036415389859 -5.030227148609 -5.023637992056 -4.947804195998 -4.876555073146
.64 -5.033776608263 -5.032630588173 -5.026603536267 -4.934274273047 -4.881784718824
.65 -5.040365229785 -5.030206604620 -5.021834858920 -4.920544806302 -4.886196035207
.66 -5.046880515064 -5.025794489060 -5.016002982233 -4.906850383682 -4.889746668337
.67 -5.052220469005 -5.020629026358 -5.009186090278 -4.893470220467 -4.892445191468
.68 -5.056431019298 -5.014797498845 -5.001459235277 -4.894310045095 -4.880831502670
.69 -5.059558184676 -5.008384650386 -4.992895142151 -4.895356421280 -4.881956714394
.70 -5.061647185143 -5.001471637451 -4.983565323296 -4.895594921910 0.000000000000
.71 -5.062742158184 -4.994135000166 -4.973541593142 -4.904337236875 -4.895033923519
.72 -5.062886349070 -4.986445753803 -4.962898118491 -4.914441694650 -4.893681925198
.73 -5.062122751989 -4.978468775361 -4.951714202282 -4.923808113872 -4.902445637836
.74 -5.060495278591 -4.970262698612 -4.940078072407 -4.932436447827 -4.913557162938
.75 -5.058050665282 -4.961880516806 -4.940330896318 -4.928092010460 -4.924121611228
.76 -5.054841560020 -4.953371027690 -4.947498684187 -4.934079442995 -4.915879128922
.77 -5.050931668895 -4.953949433073 -4.944781168509 -4.943387418927 -4.903591772281
.78 -5.046404738659 -4.959694802405 -4.951996614775 -4.936159217094 0.000000000000
.79 -5.041381020738 -4.964748266431 -4.959831608284 -4.927558791619 0.000000000000
.80 -5.036048599583 -4.969124965264 -4.966757944559 -4.919043505862 0.000000000000
.81 -5.030722585881 -4.972841599350 -4.972523991111 -4.910691859733 0.000000000000
.82 -5.025940672607 -4.976667527217 -4.975916330330 -4.902601187602 0.000000000000
.83 -5.022520390687 -4.978462258724 -4.978368813946 -4.894888053424 0.000000000000
.84 -5.021267925907 -4.980220186653 -4.977215077434 -4.887680867029 0.000000000000
.85 -5.022290531905 -4.981492938351 -4.972959217577 -4.881100915397 0.000000000000
.86 -5.024952397976 -4.982211446316 -4.966524690768 -4.882519499159 0.000000000000
.87 -5.028544903423 -4.982402164368 -4.958867498816 -4.887677744235 0.000000000000
.88 -5.032611762746 -4.982094313455 -4.950766749897 -4.892298444839 0.000000000000
.89 -5.036907909967 -4.981320845079 -4.942882804561 -4.896402640113 0.000000000000
.90 -5.041306367466 -4.980119743892 -4.935797941760 -4.899989694826 0.000000000000
.91 -5.045738305808 -4.978535584564 -4.929965055877 -4.903032345567 0.000000000000
.92 -5.050160870919 -4.976621040099 -4.925598087333 -4.905474874320 0.000000000000
.93 -5.054540546502 -4.974437658880 -4.922635772327 -4.907235090394 0.000000000000
.94 -5.058844928476 -4.972054707278 -4.920801686034 -4.908210384232 -4.847788323089
.95 -5.063039267650 -4.969544478542 -4.919686587702 -4.908288076982 0.000000000000
.96 -5.067085780345 -4.966972899582 -4.918850316541 -4.907360029681 0.000000000000
.97 -5.070944472510 -4.964386385414 -4.917929493856 -4.905339874348 0.000000000000
.98 -5.074574626015 -4.961799344235 -4.916681911070 -4.902178293283 -4.884163856134
.99 -5.077936385349 -4.959188639519 -4.914968273344 -4.897870222811 -4.879266837004
1.00 -5.080992120019 -4.956498487396 -4.912716844361 -4.837816189101 -4.834666987774
1.01 -5.083707422289 -4.953653218813 -4.909895312930 -4.885983100010 -4.867030151221
1.02 -5.086051724406 -4.950571638122 -4.906493222136 -4.860638780385 -4.852746059701
1.03 -5.087998588520 -4.947177949743 -4.902512024821 -4.874509040470 -4.870213295258
1.04 -5.089525749605 -4.943407728000 -4.897959624972 -4.888600156412 -4.873382687289
1.05 -5.090614992961 -4.939209892526 -4.902631267303 -4.884393113481 -4.853203924694
1.06 -5.091251936669 -4.934546346989 -4.916418392483 -4.895643222786 -4.859635787712
1.07 -5.091425774793 -4.929836457356 -4.929390630840 -4.906957743239 -4.865873166952
1.08 -5.091129024257 -4.942798705145 -4.923726418798 -4.918178502924 -4.871774708679
1.09 -5.090357309978 -4.955244165160 -4.929173373198 -4.917546332296 0.000000000000
1.10 -5.089109220530 -4.967129754439 -4.939837530533 -4.910851376800 0.000000000000
1.11 -5.087386272615 -4.978425168198 -4.950090620635 -4.903651418118 0.000000000000
1.12 -5.085193041165 -4.989109487645 -4.959872587907 -4.895967643294 -4.890639785942
1.13 -5.082537553029 -4.999168870722 -4.969139440645 -4.893986210640 -4.887839719458
1.14 -5.079432128961 -5.008594944255 -4.977859708744 -4.896746294345 -4.881500723576
1.15 -5.075895047156 -5.017383664149 -4.986011539485 -4.901901317923 -4.898912082134
1.16 -5.071953836519 -5.025534498641 -4.993580472111 -4.921657991354 -4.900480202641
1.17 -5.067652095385 -5.033049843769 -5.000557736880 -4.940669369724 -4.901451500439
1.18 -5.063064727388 -5.039934614637 -5.006938965248 -4.958828305263 -4.901831535058
1.19 -5.058335713557 -5.046195979308 -5.012723211310 -4.975974433150 -4.901633518598
1.20 -5.053784253326 -5.051843219383 -5.017912206389 -4.991783663097 -4.900891934380
1.21 -5.056887716007 -5.050234444481 -5.022509787845 -5.005436144356 -4.899763026387
1.22 -5.061343075193 -5.049831438655 -5.026521458440 -5.014798926749 -4.901437189365
1.23 -5.065225424639 -5.055320185451 -5.029954044165 -5.017146947045 -4.915187971156
1.24 -5.068553939527 -5.065319857839 -5.032815426980 -5.013889260422 -4.929792582119
1.25 -5.076853987637 -5.071351692206 -5.035114335185 -5.008040731126 -4.943811750210
1.26 -5.088565949437 -5.073646977637 -5.036860178702 -5.001010082421 -4.957120006717
1.27 -5.099969779344 -5.075475352653 -5.038062919893 -4.993355291421 -4.969665145695
1.28 -5.110874718942 -5.076882749716 -5.038732972994 -4.985369478924 -4.981403047828
1.29 -5.121197695561 -5.077930170968 -5.038881127066 -4.992281784889 -4.977284895228
1.30 -5.130900730249 -5.078700532973 -5.038518488766 -5.002231288562 -4.969357631932
1.31 -5.139967156081 -5.079307831563 -5.037656442263 -5.011152689684 -4.961907346879
1.32 -5.148391403459 -5.079906845117 -5.036306624496 -5.018907825324 -4.955296082965
1.33 -5.156174139766 -5.080696048578 -5.034480914614 -5.025315847003 -4.949798469714
1.34 -5.163319753102 -5.081896995680 -5.032191437009 -5.030173521784 -4.945424477397
1.35 -5.169834954759 -5.083692705086 -5.033316622821 -5.029450577867 -4.941906684865
1.36 -5.175727955566 -5.086143496622 -5.034703928687 -5.026271015534 -4.938877231456
1.37 -5.181007955227 -5.089151293941 -5.034452795855 -5.022665765420 -4.936021746322
1.38 -5.185684811569 -5.092512579158 -5.032786107177 -5.018648240446 -4.933121229561
1.39 -5.189768818067 -5.096005174803 -5.029945413524 -5.014232328245 -4.930607809440
1.40 -5.193270549243 -5.099442766137 -5.026136350557 -5.009432486387 -4.927890317177
1.41 -5.196200750148 -5.102688585109 -5.021514905831 -5.004263856597 -4.924676416503
1.42 -5.198570255442 -5.105648704918 -5.016194084718 -4.998742398210 -4.920975353566
1.43 -5.200389928908 -5.108260743739 -5.010255174741 -4.992885039507 -4.916796379893
1.44 -5.201670617473 -5.110484115755 -5.003757468700 -4.986709842692 -4.912148726537
1.45 -5.202423115755 -5.112292979890 -4.996745295113 -4.980236173533 -4.907041582172
1.46 -5.202658138417 -5.113671458378 -4.989252782943 -4.973484859164 -4.901484074570
1.47 -5.202386298430 -5.114610460942 -4.981307024138 -4.966478306671 -4.895485254994
1.48 -5.201618089885 -5.115105576822 -4.972930171166 -4.959240540418 -4.889054085071
1.49 -5.200363874345 -5.115155663052 -4.964140840697 -4.951797098732 -4.882199425845
1.50 -5.198633870012 -5.114761886240 -4.954955065763 -4.944174714235 -4.874930028680
1.51 -5.196438143142 -5.113927062150 -4.945386951813 -4.936400695051 -4.867254527793
1.52 -5.193786601294 -5.112655193316 -4.935449136137 -4.928501939377 -4.859181434186
1.53 -5.190688988057 -5.110951140263 -4.925153114860 -4.920503569091 -4.850719130805
1.54 -5.187154879017 -5.108820384278 -4.914509479400 -4.912427267315 -4.841875868768
1.55 -5.183193678738 -5.106268853841 -4.904289536148 -4.903528090085 -4.832659764520
1.56 -5.178814618602 -5.103302796013 -4.896100206535 -4.892218205519 -4.825046608197
1.57 -5.174026755361 -5.099928680014 -4.887861562368 -4.880588580348 -4.816981763272
1.58 -5.168838970298 -5.096153124149 -4.879568335491 -4.868647540155 -4.808277753126
1.59 -5.163259968892 -5.091982839912 -4.871208606339 -4.856403039591 -4.798960035801
1.60 -5.157298280936 -5.087424588852 -4.862765400539 -4.843862708074 -4.789058881519
1.61 -5.150962261007 -5.082485149049 -4.854218616674 -4.831033886158 -4.778607446164
1.62 -5.144260089269 -5.077171288884 -4.845546908919 -4.817923654822 -4.767639890561
1.63 -5.137199772543 -5.071489746421 -4.836729252799 -4.804538859349 -4.756189817202
1.64 -5.129789145612 -5.065447213118 -4.827746069489 -4.790886128997 -4.746868830299
1.65 -5.122035872727 -5.059050320941 -4.818579909239 -4.776971893407 -4.738761669493
1.66 -5.113947449286 -5.052305632138 -4.809215768751 -4.762802396423 -4.730857998962
1.67 -5.105531203666 -5.045219631140 -4.799641143335 -4.748383707860 -4.722972792140
1.68 -5.096794299174 -5.037798718150 -4.789845909270 -4.733721733626 -4.714980248004
1.69 -5.087743736120 -5.030049204098 -4.779822112124 -4.718822224516 -4.706803206911
1.70 -5.078386353976 -5.021977306699 -4.769563714489 -4.703690783916 -4.698395941550
1.71 -5.068728833621 -5.013589147402 -4.759066337262 -4.689731691324 -4.688332874614
1.72 -5.058777699652 -5.004890749086 -4.748327014189 -4.680795066614 -4.672753824863
1.73 -5.048539322758 -4.995888034349 -4.737343969547 -4.671577611845 -4.656958833829
1.74 -5.038019922139 -4.986586824303 -4.726116422654 -4.662075205561 -4.640952976491
1.75 -5.027225567973 -4.976992837788 -4.714644419292 -4.652286505662 -4.624741208105
1.76 -5.016162183912 -4.967111690923 -4.702928688216 -4.642211994900 -4.608328368249
1.77 -5.004835549611 -4.956948896958 -4.690970520054 -4.631853378537 -4.591719184531
1.78 -4.993251303278 -4.946509866362 -4.678771665670 -4.621213193970 -4.574918275966
1.79 -4.981414944239 -4.935799907124 -4.666334251152 -4.610294551336 -4.557930156074
1.80 -4.969331835521 -4.924824225221 -4.653660706825 -4.599100957138 -4.540759235694
1.81 -4.957007206442 -4.913587925244 -4.640753708029 -4.587636191774 -4.523409825555
1.82 -4.944446155203 -4.902096011141 -4.627616125689 -4.575904222868 -4.505886138584
1.83 -4.931653651485 -4.890353387072 -4.614250985060 -4.563909142861 -4.488192291982
1.84 -4.918634539042 -4.878364858356 -4.600661431240 -4.551655123383 -4.470332309061
1.85 -4.905393538293 -4.866135132496 -4.586850700314 -4.539146381416 -4.452310120833
1.86 -4.891935248900 -4.853668820273 -4.572822095190 -4.526387153893 -4.434129567365
1.87 -4.878264152340 -4.840970436893 -4.558578965332 -4.513381678423 -4.415794398895
1.88 -4.864384614463 -4.828044403190 -4.544124689738 -4.500134178522 -4.397308276694
1.89 -4.850300888036 -4.814895046866 -4.529462662650 -4.486648852209 -4.378674773696
1.90 -4.836017115267 -4.801526603772 -4.514596281528 -4.472929863137 -4.359897374871
1.91 -4.821537330311 -4.787943219211 -4.499528936946 -4.458981333666 -4.340979477362
1.92 -4.806865461756 -4.774148949276 -4.484264004097 -4.444807339439 -4.321924390386
1.93 -4.792005335083 -4.760147762206 -4.468804835649 -4.430411905111 -4.302735334910
1.94 -4.776960675101 -4.745943539756 -4.453154755766 -4.415799001015 -4.283415443104
1.95 -4.761735108360 -4.731540078586 -4.437317055092 -4.400972540549 -4.263967757617
1.96 -4.746332165531 -4.716941091662 -4.421294986569 -4.385936378149 -4.244395230671
1.97 -4.730755283757 -4.702150209657 -4.405091761971 -4.370694307743 -4.224700723024
1.98 -4.715007808974 -4.687170982374 -4.388710549031 -4.355250061584 -4.204887002836
1.99 -4.699092998203 -4.672006880154 -4.372154469095 -4.339607309404 -4.184956744476
2.00 -4.683014021800 -4.656661295301 -4.355426595222 -4.323769657831 -4.164912527320
2.01 -4.666773965683 -4.641137543501 -4.338529950662 -4.307740650021 -4.144756834609
2.02 -4.650375833516 -4.625438865240 -4.321467507670 -4.291523765480 -4.124492052394
2.03 -4.633822548855 -4.609568427216 -4.304242186603 -4.275122420032 -4.104120468665
2.04 -4.617116957269 -4.593529323754 -4.286856855263 -4.258539965929 -4.083644272696
2.05 -4.600261828408 -4.577324578207 -4.269314328457 -4.241779692063 -4.063065554678
2.06 -4.583259858046 -4.560957144355 -4.251617367745 -4.224844824282 -4.042386305697
2.07 -4.566113670076 -4.544429907793 -4.233768681335 -4.207738525784 -4.021608418091
2.08 -4.548825818471 -4.527745687313 -4.215770924140 -4.190463897588 -4.000733686255
2.09 -4.531398789206 -4.510907236271 -4.197626697936 -4.173023979060 -3.979763807893
2.10 -4.513835002135 -4.493917243945 -4.179338551638 -4.155421748503 -3.958700385759
2.11 -4.496136812837 -4.476778336885 -4.160908981664 -4.137660123785 -3.937544929890
2.12 -4.478306514415 -4.459493080241 -4.142340432374 -4.119741963013 -3.916298860311
2.13 -4.460346339255 -4.442063979087 -4.123635296587 -4.101670065248 -3.894963510215
2.14 -4.442258460752 -4.424493479726 -4.104795916148 -4.083447171240 -3.873540129557
2.15 -4.424044994987 -4.406783970979 -4.085824582553 -4.065075964200 -3.852029889051
2.16 -4.405708002375 -4.388937785461 -4.066723537610 -4.046559070596 -3.830433884482
2.17 -4.387249489262 -4.370957200842 -4.047494974149 -4.027899060966 -3.808753141301
2.18 -4.368671409491 -4.352844441085 -4.028141036751 -4.009098450745 -3.786988619415
2.19 -4.349975665929 -4.334601677680 -4.008663822509 -3.990159701121 -3.765141218118
2.20 -4.331164111951 -4.316231030844 -3.989065381819 -3.971085219893 -3.743211781081
2.21 -4.312238552891 -4.297734570721 -3.969347719170 -3.951877362340 -3.721201101342
2.22 -4.293200747450 -4.279114318545 -3.949512793970 -3.932538432105 -3.699109926232
2.23 -4.274052409075 -4.260372247806 -3.929562521366 -3.913070682081 -3.676938962168
2.24 -4.254795207291 -4.241510285378 -3.909498773083 -3.893476315303 -3.654688879279
2.25 -4.235430769008 -4.222530312639 -3.889323378266 -3.873757485850 -3.632360315808
2.26 -4.215960679782 -4.203434166575 -3.869038124322 -3.853916299736 -3.609953882263
2.27 -4.196386485054 -4.184223640852 -3.848644757770 -3.833954815818 -3.587470165290
2.28 -4.176709691339 -4.164900486882 -3.828144985082 -3.813875046692 -3.564909731238
2.29 -4.156931767397 -4.145466414865 -3.807540473534 -3.793678959593 -3.542273129432
2.30 -4.137054145360 -4.125923094807 -3.786832852043 -3.773368477288 -3.519560895112
2.31 -4.117078221831 -4.106272157529 -3.766023712003 -3.752945478974 -3.496773552086
2.32 -4.097005358954 -4.086515195646 -3.745114608117 -3.732411801162 -3.473911615056
2.33 -4.076836885448 -4.066653764533 -3.724107059220 -3.711769238562 -3.450975591672
2.34 -4.056574097613 -4.046689383272 -3.703002549092 -3.691019544957 -3.427965984298
2.35 -4.036218260309 -4.026623535574 -3.681802527269 -3.670164434077 -3.404883291528
2.36 -4.015770607900 -4.006457670689 -3.660508409837 -3.649205580456 -3.381728009454
2.37 -3.995232345178 -3.986193204295 -3.639121580222 -3.628144620291 -3.358500632729
2.38 -3.974604648254 -3.965831519363 -3.617643389966 -3.606983152285 -3.335201655408
2.39 -3.953888665419 -3.945373967008 -3.596075159489 -3.585722738480 -3.311831571638
2.40 -3.933085517990 -3.924821867324 -3.574418178849 -3.564364905089 -3.288390876167
2.41 -3.912196301120 -3.904176510190 -3.552673708478 -3.542911143304 -3.264880064730
2.42 -3.891222084587 -3.883439156071 -3.530842979918 -3.521362910108 -3.241299634300
2.43 -3.870163913560 -3.862611036793 -3.508927196532 -3.499721629064 -3.217650083245
2.44 -3.849022809340 -3.841693356299 -3.486927534213 -3.477988691097 -3.193931911392
2.45 -3.827799770078 -3.820687291391 -3.464845142074 -3.456165455269 -3.170145620013
2.46 -3.806495771472 -3.799593992453 -3.442681143124 -3.434253249531 -3.146291711748
2.47 -3.785111767443 -3.778414584159 -3.420436634938 -3.412253371475 -3.122370690488
2.48 -3.763648690783 -3.757150166158 -3.398112690306 -3.390167089063 -3.098383061199
2.49 -3.742107453796 -3.735801813750 -3.375710357872 -3.367995641351 -3.074329329732
