   6.1783905232533094       -4.8645608201839998       -4.8645608195519996       -4.2818892932020001       -4.2818892909050001       -4.2380447597520003     
   6.6781629831175540       -4.9532036281230001       -4.9532036257960002       -4.3724915875979997       -4.3724915822870001       -4.3412501278129998     
   7.1964539130347625       -5.0286066224510000       -5.0286066149490001       -4.4503008726530000        0.0000000000000000       1.23027726999999995E-004
   7.7330529757339397       -5.0918766524199999       -5.0918766307540002       -4.5167107950730001        0.0000000000000000       1.23027726999999995E-004
   8.2877271035843449       -5.1439698736640000       -5.1439698168049999       -4.5759979052700004       -4.5756910620360003       -4.5746261644330000     
   8.8602193082705565       -5.1857287082339996       -5.1857285713090002       -4.6334753706749998       -4.6316449652660001       -4.6310967172980000     
   9.4502475565517781       -5.2179112904600000       -5.2179109863560003       -4.6977677880190001       -4.6954363764449996       -4.6924640705520000     
   10.057503728278379       -5.2412148891090000       -5.2412142662730004       -4.7561234920400004       -4.7533402144499997       -4.7496871013730004     
   10.681652673381032       -5.2562946088110003       -5.2562934415929998       -4.8067291414059996       -4.8034004275340001       -4.7989856041610004     
   11.322331384882062       -5.2637785398160002       -5.2637765832719996       -4.8500050536049999       -4.8460518626429998       -4.8407706329659996     
   11.979148305068339       -5.2642804320940000       -5.2642776769350004       -4.8864177158370001       -4.8817584814970001       -4.8755007135269999     
   12.651682781777094       -5.2584109340829999       -5.2584083796550001       -4.9164200485489999       -4.9109626338329999       -4.9036204359360003     
   13.339484691248398       -5.2467901508869996       -5.2467885172840001       -4.9404471621410000       -4.9340782015300002       -4.9255594140329997     
   14.042074243166031       -5.2300689190599998       -5.2300515502889997       -4.9589173962480002       -4.9514841801950000       -4.9417366034660004     
   14.758941982320950       -5.2089358633450003       -5.2088739416439997       -4.9722333544110002       -4.9635121807919997       -4.9525654593050001     
   15.489548999777590       -5.1841605529660004       -5.1839892286599998       -4.9807822778190003       -4.9704236108900002       -4.9584597764779996     
   16.233327364500465       -5.1566466640259998       -5.1562342835099999       -4.9849359663880000       -4.9723723450730004       -4.9598408218849999     
   17.757985500849173       -5.0982511387000002       -5.0966373874780002       -4.9814682207200001       -4.9612380057319996       -4.9508435723459998     
   18.537591425781002       -5.0706543710020000       -5.0685101409279998       -4.9745179782209998       -4.9481793026250003       -4.9473442839640001     
   19.327823511299353       -5.0465347135130001       -5.0460068505850000       -4.9645243301650002       -4.9421088743019999       -4.9332764943000003     
   20.127983358310512       -5.0331277901130003       -5.0269006705760004       -4.9518218403210001       -4.9293170855320003       -4.9273709786620001     
   20.937351051160974       -5.0294920896730000       -5.0116583514260000       -4.9367936316709997       -4.9315207892209996       -4.9094447117950004     
   21.755187209656761       -5.0308112829839997       -5.0001628468539998       -4.9380997927830004       -4.9200087223929998       -4.8902247078450003     
   22.580735243979639       -5.0336255335760001       -4.9918761429379996       -4.9443364033690003       -4.9117744087929998       -4.9009227331840002     
   23.413223794838228       -5.0361794622079996       -4.9870013776000004       -4.9487369856400001       -4.9316777612750000       -4.8941467217480001     
   24.251869337934227       -5.0376711726260002       -4.9868007576820004       -4.9507301173559997       -4.9492935348120000       -4.8996801788640001     
   25.095878928860454       -5.0377468966899999       -4.9915044331290002       -4.9679101762339997       -4.9450192308889998       -4.9026915427419997     
   25.944453061962943       -5.0362689359789998       -4.9990186259809999       -4.9830149913780000       -4.9371415254500004       -4.9023627509159997     
   26.796788614568317       -5.0332108945099998       -5.0073195682670004       -4.9960085580360003       -4.9269370560330001       -4.8989030139959997     
   27.652081846364268       -5.0286078468330002       -5.0152759373290001       -5.0069268815210002       -4.9150935278720000       -4.9096324143560004     
   28.509531422673870       -5.0225314494640001       -5.0223189659139997       -5.0158412940400003       -4.9262046089069997       -4.9020810949989997     
   29.368341429915247       -5.0281757161109999       -5.0228411037520004       -5.0150778815750003       -4.9428970022240000       -4.8884602002630002     
   30.227724351701138       -5.0327314123500004       -5.0280244108190004       -5.0063664124070000       -4.9590857096220002       -4.8752744661099996     
   31.086903974802087       -5.0359588862339999       -5.0314928545070003       -4.9965808177600000       -4.9742932177589996       -4.8740583640099997     
   31.945118195549920       -5.0378810139750003       -5.0333484431470001       -4.9898455152550003       -4.9842836481089998       -4.8723586723279997     
   32.801621699151340       -5.0385498957930004       -5.0336915795580000       -5.0018221275899997       -4.9734108626340001       -4.8694761700709996     
   33.655688486760425       -5.0380348726310000       -5.0326198243690001       -5.0133622426060001       -4.9609227484140002       -4.8707140292920004     
   34.506614227950557       -5.0364153898590001       -5.0302271486089998       -5.0236379920559999       -4.9478041959979997       -4.8765550731460001     
   35.353718419351750       -5.0337766082630004       -5.0326305881730002       -5.0266035362670003       -4.9342742730470004       -4.8817847188240000     
   36.196346333591613       -5.0403652297850003       -5.0302066046200000       -5.0218348589200001       -4.9205448063019999       -4.8861960352070000     
   37.033870746203512       -5.0468805150640002       -5.0257944890599999       -5.0160029822330001       -4.9068503836820003       -4.8897466683369997     
   37.865693431757165       -5.0522204690050003       -5.0206290263579998       -5.0091860902779999       -4.8934702204670000       -4.8924451914680001     
   38.691246424033793       -5.0564310192980004       -5.0147974988449997       -5.0014592352770002       -4.8943100450949997       -4.8808315026700004     
   39.509993038530659       -5.0595581846759998       -5.0083846503859997       -4.9928951421510002       -4.8953564212799998       -4.8819567143939997     
   40.321428658865635       -5.0616471851430003       -5.0014716374510000       -4.9835653232960002       -4.8955949219099999        0.0000000000000000     
   41.125081291697320       -5.0627421581840002       -4.9941350001659996       -4.9735415931420004       -4.9043372368749996       -4.8950339235189997     
   41.920511897532798       -5.0628863490700002       -4.9864457538030003       -4.9628981184910002       -4.9144416946499998       -4.8936819251979999     
   42.707314507220950       -5.0621227519890004       -4.9784687753609997       -4.9517142022820000       -4.9238081138720000       -4.9024456378360002     
   43.485116136002645       -5.0604952785909996       -4.9702626986120002       -4.9400780724070001       -4.9324364478270004       -4.9135571629379999     
   44.253576508693421       -5.0580506652819999       -4.9618805168059996       -4.9403308963179997       -4.9280920104600003       -4.9241216112280002     
   45.012387610908888       -5.0548415600199998       -4.9533710276900003       -4.9474986841869999       -4.9340794429950003       -4.9158791289219996     
   45.761273082213734       -5.0509316688950001       -4.9539494330730003       -4.9447811685090004       -4.9433874189270002       -4.9035917722809996     
   46.499987467700549       -5.0464047386589996       -4.9596948024050000       -4.9519966147750001       -4.9361592170939996        0.0000000000000000     
   47.228315344805097       -5.0413810207380001       -4.9647482664310001       -4.9598316082840004       -4.9275587916190000        0.0000000000000000     
   47.946070342171481       -5.0360485995830002       -4.9691249652640002       -4.9667579445590002       -4.9190435058619997        0.0000000000000000     
   48.653094067124869       -5.0307225858809996       -4.9728415993499997       -4.9725239911110002       -4.9106918597330003        0.0000000000000000     
   49.349254957826872       -5.0259406726069997       -4.9766675272169998       -4.9759163303299996       -4.9026011876020004        0.0000000000000000     
   50.034447075514549       -5.0225203906870002       -4.9784622587239999       -4.9783688139460001       -4.8948880534240002        0.0000000000000000     
   50.708588851396073       -5.0212679259069999       -4.9802201866529998       -4.9772150774339998       -4.8876808670290002        0.0000000000000000     
   51.371621801825761       -5.0222905319050000       -4.9814929383509998       -4.9729592175770003       -4.8811009153970000        0.0000000000000000     
   52.023509224345446       -5.0249523979759996       -4.9822114463159997       -4.9665246907679999       -4.8825194991589997        0.0000000000000000     
   52.664234886083399       -5.0285449034229996       -4.9824021643679997       -4.9588674988159998       -4.8876777442349999        0.0000000000000000     
   53.293801714877873       -5.0326117627459999       -4.9820943134549998       -4.9507667498970003       -4.8922984448389997        0.0000000000000000     
   53.912230502360096       -5.0369079099669998       -4.9813208450789999       -4.9428828045610000       -4.8964026401130001        0.0000000000000000     
   54.519558627113938       -5.0413063674660004       -4.9801197438919997       -4.9357979417599998       -4.8999896948260000        0.0000000000000000     
   55.115838804941909       -5.0457383058080003       -4.9785355845639998       -4.9299650558770001       -4.9030323455670004        0.0000000000000000     
   55.701137872225459       -5.0501608709190000       -4.9766210400990003       -4.9255980873330003       -4.9054748743200003        0.0000000000000000     
   56.275535607380384       -5.0545405465020004       -4.9744376588800003       -4.9226357723270002       -4.9072350903939999        0.0000000000000000     
   56.839123594484931       -5.0588449284759998       -4.9720547072779997       -4.9208016860340003       -4.9082103842320004       -4.8477883230890004     
   57.392004132304486       -5.0630392676499998       -4.9695444785419998       -4.9196865877020004       -4.9082880769820001        0.0000000000000000     
   57.934289191154349       -5.0670857803449998       -4.9669728995820002       -4.9188503165409996       -4.9073600296809996        0.0000000000000000     
   58.466099419334483       -5.0709444725099999       -4.9643863854139996       -4.9179294938559996       -4.9053398743479999        0.0000000000000000     
   58.987563200235513       -5.0745746260150000       -4.9617993442349997       -4.9166819110700004       -4.9021782932829998       -4.8841638561340002     
   59.498815760652228       -5.0779363853490000       -4.9591886395189997       -4.9149682733439999       -4.8978702228110000       -4.8792668370039998     
   59.999998330347928       -5.0809921200190002       -4.9564984873959999       -4.9127168443610003       -4.8378161891009999       -4.8346669877739998     
   60.491257352485647       -5.0837074222889997       -4.9536532188129998       -4.9098953129299998       -4.8859831000099998       -4.8670301512209999     
   60.972743744176348       -5.0860517244060004       -4.9505716381219997       -4.9064932221359996       -4.8606387803850000       -4.8527460597010004     
   61.444612206087328       -5.0879985885199996       -4.9471779497429997       -4.9025120248210001       -4.8745090404700004       -4.8702132952580000     
   61.907020579798356       -5.0895257496050004       -4.9434077280000004       -4.8979596249719997       -4.8886001564120001       -4.8733826872890003     
   62.360129251387221       -5.0906149929610001       -4.9392098925259997       -4.9026312673029997       -4.8843931134809999       -4.8532039246940002     
   62.804100599563114       -5.0912519366689999       -4.9345463469890003       -4.9164183924830001       -4.8956432227860001       -4.8596357877120004     
   63.239098486542204       -5.0914257747929996       -4.9298364573560001       -4.9293906308400004       -4.9069577432390004       -4.8658731669520003     
   63.665287789770453       -5.0911290242570004       -4.9427987051450000       -4.9237264187980001       -4.9181785029240004       -4.8717747086790002     
   64.082833972539717       -5.0903573099779997       -4.9552441651599999       -4.9291733731980001       -4.9175463322960002        0.0000000000000000     
   64.491902691509893       -5.0891092205300001       -4.9671297544390001       -4.9398375305329996       -4.9108513768000002        0.0000000000000000     
   64.892659439140218       -5.0873862726150003       -4.9784251681980001       -4.9500906206349997       -4.9036514181179998        0.0000000000000000     
   65.285269219042235       -5.0851930411649997       -4.9891094876450000       -4.9598725879070003       -4.8959676432940000       -4.8906397859419997     
   65.669896252291508       -5.0825375530289998       -4.9991688707220003       -4.9691394406449998       -4.8939862106399996       -4.8878397194580003     
   66.046703712775340       -5.0794321289609998       -5.0085949442550000       -4.9778597087440000       -4.8967462943450002       -4.8815007235760000     
   66.415853489702528       -5.0758950471560000       -5.0173836641490004       -4.9860115394850002       -4.9019013179230004       -4.8989120821340002     
   66.777505975460500       -5.0719538365189996       -5.0255344986410000       -4.9935804721109998       -4.9216579913540004       -4.9004802026409999     
   67.131819877070370       -5.0676520953850002       -5.0330498437689997       -5.0005577368800003       -4.9406693697239996       -4.9014515004390002     
   67.478952049560888       -5.0630647273880003       -5.0399346146369997       -5.0069389652479996       -4.9588283052630002       -4.9018315350580002     
   67.819057349656234       -5.0583357135569997       -5.0461959793080000       -5.0127232113100000       -4.9759744331500002       -4.9016335185979996     
   68.152288508249114       -5.0537842533259996       -5.0518432193829996       -5.0179122063890000       -4.9917836630970003       -4.9008919343799997     
   68.478796020208165       -5.0568877160070000       -5.0502344444810001       -5.0225097878450002       -5.0054361443559996       -4.8997630263870002     
   68.798728050146167       -5.0613430751930002       -5.0498314386549996       -5.0265214584400004       -5.0147989267490001       -4.9014371893649997     
   69.112230352853146       -5.0652254246390003       -5.0553201854510004       -5.0299540441649997       -5.0171469470450001       -4.9151879711559996     
   69.419446207174488       -5.0685539395269998       -5.0653198578390004       -5.0328154269800001       -5.0138892604220002       -4.9297925821190001     
   69.720516362188619       -5.0768539876369996       -5.0713516922060000       -5.0351143351849998       -5.0080407311260000       -4.9438117502100001     
   70.015578994610976       -5.0885659494370001       -5.0736469776369999       -5.0368601787019998       -5.0010100824209998       -4.9571200067170000     
   70.304769676421856       -5.0999697793439998       -5.0754753526530001       -5.0380629198930000       -4.9933552914210004       -4.9696651456950001     
   70.588221351781414       -5.1108747189420001       -5.0768827497159998       -5.0387329729939996       -4.9853694789240004       -4.9814030478279996     
   70.866064322361410       -5.1211976955610004       -5.0779301709680000       -5.0388811270660003       -4.9922817848890002       -4.9772848952280002     
   71.138426240283621       -5.1309007302490004       -5.0787005329730004       -5.0385184887659999       -5.0022312885620002       -4.9693576319319996     
   71.405432107913711       -5.1399671560810001       -5.0793078315629998       -5.0376564422629997       -5.0111526896839997       -4.9619073468790003     
   71.667204283815039       -5.1483914034589997       -5.0799068451169997       -5.0363066244960004       -5.0189078253239998       -4.9552960829649999     
   71.923862494219179       -5.1561741397659997       -5.0806960485779999       -5.0344809146139999       -5.0253158470030002       -4.9497984697139996     
   72.175523849419505       -5.1633197531019999       -5.0818969956800002       -5.0321914370089997       -5.0301735217839996       -4.9454244773970002     
   72.422302864540399       -5.1698349547589997       -5.0836927050860004       -5.0333166228210002       -5.0294505778670002       -4.9419066848649997     
   72.664311484179066       -5.1757279555659998       -5.0861434966220003       -5.0347039286869997       -5.0262710155340002       -4.9388772314559999     
   72.901659110456833       -5.1810079552269999       -5.0891512939409997       -5.0344527958549996       -5.0226657654200002       -4.9360217463220000     
   73.134452634056260       -5.1856848115689997       -5.0925125791579999       -5.0327861071770004       -5.0186482404459998       -4.9331212295610003     
   73.362796467854608       -5.1897688180669999       -5.0960051748030004       -5.0299454135239996       -5.0142323282449999       -4.9306078094399997     
   73.586792582799191       -5.1932705492429996       -5.0994427661369999       -5.0261363505569996       -5.0094324863870003       -4.9278903171769999     
   73.806540545699434       -5.1962007501479999       -5.1026885851090000       -5.0215149058310002       -5.0042638565970003       -4.9246764165029999     
   74.022137558640225       -5.1985702554420001       -5.1056487049179999       -5.0161940847180002       -4.9987423982100001       -4.9209753535659999     
   74.233678499747512       -5.2003899289079998       -5.1082607437389997       -5.0102551747410002       -4.9928850395069997       -4.9167963798930003     
   74.441255965061416       -5.2016706174729999       -5.1104841157549998       -5.0037574686999999       -4.9867098426920000       -4.9121487265369996     
   74.644960311295634       -5.2024231157549998       -5.1122929798900003       -4.9967452951129996       -4.9802361735330001       -4.9070415821719999     
   74.844879699282188       -5.2026581384170001       -5.1136714583779996       -4.9892527829429998       -4.9734848591640004       -4.9014840745699999     
   75.041100137920651       -5.2023862984299996       -5.1146104609420000       -4.9813070241380002       -4.9664783066710001       -4.8954852549940000     
   75.233705528468491       -5.2016180898849997       -5.1151055768219997       -4.9729301711660003       -4.9592405404180004       -4.8890540850709998     
   75.422777709025979       -5.2003638743450002       -5.1151556630519996       -4.9641408406969996       -4.9517970987320004       -4.8821994258450001     
   75.608396499083810       -5.1986338700120003       -5.1147618862400002       -4.9549550657630004       -4.9441747142350003       -4.8749300286799997     
   75.790639744016175       -5.1964381431420001       -5.1139270621500001       -4.9453869518130000       -4.9364006950509998       -4.8672545277930004     
   75.969583359413946       -5.1937866012939997       -5.1126551933159998       -4.9354491361369996       -4.9285019393770000       -4.8591814341859996     
   76.145301375165147       -5.1906889880570004       -5.1109511402630003       -4.9251531148599996       -4.9205035690910002       -4.8507191308050004     
   76.317865979199951       -5.1871548790170001       -5.1088203842780002       -4.9145094794000004       -4.9124272673149996       -4.8418758687679997     
   76.487347560827672       -5.1831936787380002       -5.1062688538409997       -4.9042895361480001       -4.9035280900849996       -4.8326597645199998     
   76.653814753601736       -5.1788146186019999       -5.1033027960129997       -4.8961002065350003       -4.8922182055189998       -4.8250466081969998     
   76.817334477657340       -5.1740267553610000       -5.0999286800140000       -4.8878615623680002       -4.8805885803480002       -4.8169817632719996     
   76.977971981473118       -5.1688389702980002       -5.0961531241489997       -4.8795683354910002       -4.8686475401550000       -4.8082777531260001     
   77.135790883015687       -5.1632599688919996       -5.0919828399120002       -4.8712086063389997       -4.8564030395910001       -4.7989600358009996     
   77.290853210231532       -5.1572982809359997       -5.0874245888520004       -4.8627654005389997       -4.8438627080740000       -4.7890588815189998     
   77.443219440856538       -5.1509622610069998       -5.0824851490490000       -4.8542186166740002       -4.8310338861580000       -4.7786074461640000     
   77.592948541518254       -5.1442600892690002       -5.0771712888840002       -4.8455469089190002       -4.8179236548219997       -4.7676398905610000     
   77.740098006110870       -5.1371997725430001       -5.0714897464210003       -4.8367292527989996       -4.8045388593489999       -4.7561898172020003     
   77.884723893426639       -5.1297891456120004       -5.0654472131180004       -4.8277460694889998       -4.7908861289970002       -4.7468688302990003     
   78.026880864031455       -5.1220358727270003       -5.0590503209410000       -4.8185799092390003       -4.7769718934069996       -4.7387616694929999     
   78.166622216375444       -5.1139474492860000       -5.0523056321380002       -4.8092157687509998       -4.7628023964230000       -4.7308579989619997     
   78.303999922132647       -5.1055312036659997       -5.0452196311400002       -4.7996411433350001       -4.7483837078600004       -4.7229727921400002     
   78.439064660766178       -5.0967942991740003       -5.0377987181500004       -4.7898459092700003       -4.7337217336260000       -4.7149802480040002     
   78.571865853318045       -5.0877437361200002       -5.0300492040979998       -4.7798221121240001       -4.7188222245159999       -4.7068032069110002     
   78.702451695424742       -5.0783863539759997       -5.0219773066990001       -4.7695637144890002       -4.7036907839159996       -4.6983959415500003     
   78.830869189561582       -5.0687288336209999       -5.0135891474019996       -4.7590663372620003       -4.6897316913239999       -4.6883328746139998     
   78.957164176520521       -5.0587776996520004       -5.0048907490860000       -4.7483270141889999       -4.6807950666140004       -4.6727538248630003     
   79.081381366127701       -5.0485393227579998       -4.9958880343490000       -4.7373439695470001       -4.6715776118449996       -4.6569588338290000     
   79.203564367208131       -5.0380199221390001       -4.9865868243030000       -4.7261164226540000       -4.6620752055610000       -4.6409529764909996     
   79.323755716806161       -5.0272255679729998       -4.9769928377879999       -4.7146444192920001       -4.6522865056620004       -4.6247412081050001     
   79.441996908671399       -5.0161621839119999       -4.9671116909229998       -4.7029286882159997       -4.6422119949000002       -4.6083283682490004     
   79.558328421020590       -5.0048355496110002       -4.9569488969580000       -4.6909705200539999       -4.6318533785370004       -4.5917191845309997     
   79.672789743586307       -4.9932513032779999       -4.9465098663619997       -4.6787716656700002       -4.6212131939700001       -4.5749182759659996     
   79.785419403964809       -4.9814149442389999       -4.9357999071240002       -4.6663342511519996       -4.6102945513359996       -4.5579301560739998     
   79.896254993274965       -4.9693318355210003       -4.9248242252210002       -4.6536607068249998       -4.5991009571379999       -4.5407592356939999     
   80.005333191141119       -4.9570072064420003       -4.9135879252440002       -4.6407537080290000       -4.5876361917740001       -4.5234098255550004     
   80.112689790013050       -4.9444461552029999       -4.9020960111410004       -4.6276161256890003       -4.5759042228680000       -4.5058861385839997     
   80.218359718836311       -4.9316536514850000       -4.8903533870720004       -4.6142509850600000       -4.5639091428610001       -4.4881922919820001     
   80.322377066086617       -4.9186345390420003       -4.8783648583560000       -4.6006614312399998       -4.5516551233830000       -4.4703323090609999     
   80.424775102181869       -4.9053935382929996       -4.8661351324959998       -4.5868507003139998       -4.5391463814159998       -4.4523101208330003     
   80.525586301285671       -4.8919352489000003       -4.8536688202729996       -4.5728220951900003       -4.5263871538930003       -4.4341295673649999     
   80.624842362516219       -4.8782641523399999       -4.8409704368930004       -4.5585789653319999       -4.5133816784230003       -4.4157943988949997     
   80.722574230574494       -4.8643846144629999       -4.8280444031899998       -4.5441246897380001       -4.5001341785219999       -4.3973082766939999     
   80.818812115805301       -4.8503008880360001       -4.8148950468659999       -4.5294626626500003       -4.4866488522090000       -4.3786747736959999     
   80.913585513705115       -4.8360171152670004       -4.8015266037720004       -4.5145962815280001       -4.4729298631369998       -4.3598973748710002     
   81.006923223890453       -4.8215373303110001       -4.7879432192109999       -4.4995289369459996       -4.4589813336660002       -4.3409794773619996     
   81.098853368540105       -4.8068654617559998       -4.7741489492760003       -4.4842640040969997       -4.4448073394390004       -4.3219243903860001     
   81.189403410324616       -4.7920053350830001       -4.7601477622060004       -4.4688048356490002       -4.4304119051109998       -4.3027353349100004     
   81.278600169836352       -4.7769606751009999       -4.7459435397560004       -4.4531547557659996       -4.4157990010150003       -4.2834154431040004     
   81.366469842533178       -4.7617351083599999       -4.7315400785859998       -4.4373170550919996       -4.4009725405489997       -4.2639677576170003     
   81.453038015208321       -4.7463321655310002       -4.7169410916620000       -4.4212949865690003       -4.3859363781490002       -4.2443952306710004     
   81.538329681999514       -4.7307552837570004       -4.7021502096569998       -4.4050917619709997       -4.3706943077430003       -4.2247007230240001     
   81.622369259949210       -4.7150078089739997       -4.6871709823740000       -4.3887105490309999       -4.3552500615840000       -4.2048870028360001     
   81.705180604128643       -4.6990929982029996       -4.6720068801540000       -4.3721544690950003       -4.3396073094040002       -4.1849567444759996     
   81.786787022337123       -4.6830140218000000       -4.6566612953010003       -4.3554265952220002       -4.3237696578309999       -4.1649125273200003     
   81.867211289388791       -4.6667739656830003       -4.6411375435010003       -4.3385299506620001       -4.3077406500209996       -4.1447568346089998     
   81.946475660997805       -4.6503758335159997       -4.6254388652399996       -4.3214675076700004       -4.2915237654800000       -4.1244920523940003     
   82.024601887273349       -4.6338225488550000       -4.6095684272159998       -4.3042421866030001       -4.2751224200319999       -4.1041204686650001     
   82.101611225835597       -4.6171169572690003       -4.5935293237539998       -4.2868568552630002       -4.2585399659289997       -4.0836442726959996     
   82.177524454562914       -4.6002618284079997       -4.5773245782069996       -4.2693143284569999       -4.2417796920630000       -4.0630655546780003     
   82.252361883981067       -4.5832598580459996       -4.5609571443550001       -4.2516173677450002       -4.2248448242820000       -4.0423863056969997     
   82.326143369304617       -4.5661136700759997       -4.5444299077929999       -4.2337686813350004       -4.2077385257840003       -4.0216084180909997     
   82.398888322140081       -4.5488258184710002       -4.5277456873129998       -4.2157709241400001       -4.1904638975879998       -4.0007336862549998     
   82.470615721861108       -4.5313987892060004       -4.5109072362709997       -4.1976266979360002       -4.1730239790599999       -3.9797638078930002     
   82.541344126664526       -4.5138350021350000       -4.4939172439449999       -4.1793385516379997       -4.1554217485029996       -3.9587003857590002     
   82.611091684316889       -4.4961368128370003       -4.4767783368850003       -4.1609089816639999       -4.1376601237850004       -3.9375449298900000     
   82.679876142600435       -4.4783065144150003       -4.4594930802409998       -4.1423404323739996       -4.1197419630130003       -3.9162988603110001     
   82.747714859466711       -4.4603463392549996       -4.4420639790870000       -4.1236352965869996       -4.1016700652480003       -3.8949635102150002     
   82.814624812906942       -4.4422584607519999       -4.4244934797260003       -4.1047959161480003       -4.0834471712399996       -3.8735401295570000     
   82.880622610547178       -4.4240449949869998       -4.4067839709790002       -4.0858245825530002       -4.0650759642000001       -3.8520298890509999     
   82.945724498975977       -4.4057080023750004       -4.3889377854609997       -4.0667235376099997       -4.0465590705960004       -3.8304338844819998     
   83.009946372812877       -4.3872494892620004       -4.3709572008419997       -4.0474949741490001       -4.0278990609659999       -3.8087531413010001     
   83.073303783524793       -4.3686714094910002       -4.3528444410849998       -4.0281410367510002       -4.0090984507450003       -3.7869886194150002     
   83.135811947998050       -4.3499756659289996       -4.3346016776800003       -4.0086638225089999       -3.9901597011210002       -3.7651412181180000     
   83.197485756873121       -4.3311641119509998       -4.3162310308440004       -3.9890653818190001       -3.9710852198929998       -3.7432117810809999     
   83.258339782648704       -4.3122385528910003       -4.2977345707210004       -3.9693477191700000       -3.9518773623399999       -3.7212011013419999     
   83.318388287562584       -4.2932007474500002       -4.2791143185450000       -3.9495127939699999       -3.9325384321049999       -3.6991099262320000     
   83.377645231254931       -4.2740524090749998       -4.2603722478060000       -3.9295625213659999       -3.9130706820810000       -3.6769389621680002     
   83.436124278221300       -4.2547952072910000       -4.2415102853780002       -3.9094987730830000       -3.8934763153029999       -3.6546888792790000     
   83.493838805060733       -4.2354307690080004       -4.2225303126389999       -3.8893233782659999       -3.8737574858500001       -3.6323603158080000     
   83.550801907525653       -4.2159606797820004       -4.2034341665749997       -3.8690381243220000       -3.8539162997359999       -3.6099538822630000     
   83.607026407378726       -4.1963864850540000       -4.1842236408520002       -3.8486447577699998       -3.8339548158180001       -3.5874701652900001     
   83.662524859062799       -4.1767096913390001       -4.1649004868819999       -3.8281449850820000       -3.8138750466919999       -3.5649097312380000     
   83.717309556189278       -4.1569317673970003       -4.1454664148650000       -3.8075404735339999       -3.7936789595930001       -3.5422731294320000     
   83.771392537850105       -4.1370541453599996       -4.1259230948069998       -3.7868328520430001       -3.7733684772879998       -3.5195608951119999     
   83.824785594758666       -4.1170782218310000       -4.1062721575290002       -3.7660237120029998       -3.7529454789740000       -3.4967735520860002     
   83.877500275224563       -4.0970053589540001       -4.0865151956460002       -3.7451146081169999       -3.7324118011620002       -3.4739116150560001     
   83.929547890967186       -4.0768368854480004       -4.0666537645330001       -3.7241070592200001       -3.7117692385619998       -3.4509755916720000     
   83.980939522772530       -4.0565740976129998       -4.0466893832719997       -3.7030025490920000       -3.6910195449569998       -3.4279659842979999     
   84.031686025998340       -4.0362182603090000       -4.0266235355740001       -3.6818025272689998       -3.6701644340769999       -3.4048832915279998     
   84.081798035931300       -4.0157706079000004       -4.0064576706889996       -3.6605084098370000       -3.6492055804560000       -3.3817280094540001     
   84.131285973001226       -3.9952323451780001       -3.9861932042950001       -3.6391215802220001       -3.6281446202910002       -3.3585006327290001     
   84.180160047856063       -3.9746046482540001       -3.9658315193629998       -3.6176433899660001       -3.6069831522850002       -3.3352016554080000     
   84.228430266301757       -3.9538886654190000       -3.9453739670079999       -3.5960751594890001       -3.5857227384799999       -3.3118315716379998     
   84.276106434111014       -3.9330855179899999       -3.9248218673239998       -3.5744181788490001       -3.5643649050890001       -3.2883908761670000     
   84.323198161704710       -3.9121963011199998       -3.9041765101900001       -3.5526737084779998       -3.5429111433039999       -3.2648800647299998     
   84.369714868709551       -3.8912220845870000       -3.8834391560710002       -3.5308429799179999       -3.5213629101080000       -3.2412996342999998     
   84.415665788395728       -3.8701639135599999       -3.8626110367930000       -3.5089271965319999       -3.4997216290640001       -3.2176500832450001     
   84.461059971997742       -3.8490228093400001       -3.8416933562989999       -3.4869275342130002       -3.4779886910969999       -3.1939319113920002     
   84.505906292922177       -3.8277997700780002       -3.8206872913910002       -3.4648451420740001       -3.4561654552690002       -3.1701456200129998     
   84.550213450845163       -3.8064957714720000       -3.7995939924530000       -3.4426811431240001       -3.4342532495309999       -3.1462917117479998     
   84.593989975703138       -3.7851117674429999       -3.7784145841590000       -3.4204366349380000       -3.4122533714749999       -3.1223706904880002     
   84.637244231579800       -3.7636486907830000       -3.7571501661580000       -3.3981126903060002       -3.3901670890630000       -3.0983830611990002     
   84.679984420491891       -3.7421074537960002       -3.7358018137500002       -3.3757103578719998       -3.3679956413509999       -3.0743293297320000     
