0.25 -4.886485453042 -4.886360079197 -4.886221482296 -4.886152880688 -4.886086155378
.27 -5.005236280400 -5.004876894638 -5.004473453479 -5.004278496318 -5.004084303077
.31 -5.141300889448 -5.139350244997 -5.137086266535 -5.136052256496 -5.134957809658
.32 -5.158700979118 -5.155915178431 -5.152659196214 -5.151192642672 -5.149613545712
.33 -5.170825496198 -5.166934217497 -5.162360574284 -5.160327135829 -5.158098502000
.35 -5.181753874824 -5.174608612681 -5.166166798957 -5.162494212159 -5.158316361770
.36 -5.181726548185 -5.172312195253 -5.161204410828 -5.156410842931 -5.150849276641
.37 -5.178742613572 -5.166553987499 -5.152236504717 -5.146094499763 -5.138819708888
.38 -5.173256949390 -5.157739340960 -5.139651826161 -5.131922285908 -5.122565001620
.39 -5.165652844644 -5.146213738633 -5.123804666921 -5.114246398589 -5.102403004812
.40 -5.156235377338 -5.132260058011 -5.105013066216 -5.093394130638 -5.078634856153
.41 -5.145230381093 -5.116100451812 -5.083558248885 -5.069668009932 -5.051547769918
.42 -5.132789530390 -5.097902872931 -5.059685967509 -5.043346459531 -5.021417978510
.43 -5.119000746026 -5.077791210278 -5.033610089061 -5.014685380946 -4.988514013063
.44 -5.103902130026 -5.055857379806 -5.005518368085 -4.983921109711 -4.934600214983
.45 -5.087497269804 -5.032173678546 -4.975580025160 -4.942981967892 -4.937903378896
.46 -5.069770012918 -5.006804139252 -4.949513818851 -4.943954645633 0.000000000000
.47 -5.050697509164 -4.979814271487 -4.954219352659 0.000123027727 0.000000000000
.48 -5.030261235748 -4.957120908901 -4.951279293097 -4.948413571841 -4.918325502455
.49 -5.008456937879 -4.958243690100 -4.948214809602 -4.921291961114 -4.915210549367
.50 -4.985307266231 -4.957617493066 -4.946232219164 -4.910278288356 -4.902883861154
.51 -4.960895861275 -4.955277842233 -4.942513838028 -4.903589868634 -4.896867609321
.52 -4.951266355487 -4.937113711346 -4.935641875042 -4.907271030249 -4.895217026568
0.53 -4.945630701390 -4.930092231270 -4.924399427407 -4.907779051556 0.000000000000
.54 -4.938424409309 -4.936323533757 -4.921517021720 -4.918978361306 0.000000000000
.55 -4.947623744051 -4.929706801552 -4.928533649821 0.000123027727 0.000000000000
.56 -4.957563740000 -4.936508727155 -4.919543770341 -4.900049267650 -4.884674559332
.57 -4.966123370296 -4.942965496583 -4.908011550402 -4.889717312171 -4.887667247413
.58 -4.973337702450 -4.947963381044 -4.895251682851 -4.893348526544 -4.892174356431
.59 -4.979251848655 -4.951558930541 -4.909356814983 -4.900531660956 -4.895627766949
.60 -4.983912242022 -4.953805524856 -4.925488466652 -4.916757458403 -4.896612177423
.61 -4.987364076768 -4.954753115130 -4.940427275510 0.000123027727 0.000000000000
.62 -4.989650410484 -4.954448327035 -4.954206236382 0.000123027727 0.000000000000
.63 -4.990811914324 -4.966872282115 -4.958324646970 -4.952933964945 0.000000000000
.64 -4.990887010928 -4.978471527782 -4.969956240302 -4.950249492074 0.000000000000
.65 -4.989912391556 -4.989046305264 -4.980551792447 -4.946430934278 0.000000000000
.66 -4.998634455099 -4.990150053785 0.000000000000 0.000123027727 0.000000000000
.67 -5.007269265436 -4.998785090241 0.000000000000 0.000123027727 0.000000000000
.68 -5.014979649477 -5.006486536858 0.000000000000 0.000123027727 0.000000000000
.69 -5.021790426579 -5.013279910173 0.000000000000 0.000123027727 0.000000000000
.70 -5.027722650855 -5.019186952149 0.000000000000 0.000123027727 0.000000000000
.71 -5.032793960036 -5.024225986589 0.000000000000 0.000123027727 0.000000000000
.72 -5.037018929215 -5.028412276593 0.000000000000 0.000123027727 0.000000000000
.73 -5.040409420074 -5.031758377243 0.000000000000 0.000123027727 0.000000000000
.74 -5.042974919774 -5.034274478482 0.000000000000 0.000123027727 0.000000000000
.75 -5.044722865998 -5.035968735352 0.000000000000 0.000123027727 0.000000000000
.76 -5.045658956309 -5.036847583856 0.000000000000 0.000123027727 0.000000000000
.77 -5.045787441171 -5.036916043369 0.000000000000 0.000123027727 0.000000000000
.78 -5.045111400803 -5.036178003930 -5.021080129615 -4.923300998627 -4.912122919374
.79 -5.043633006665 -5.034636501927 0.000000000000 0.000123027727 0.000000000000
.80 -5.042253218988 -5.041353768818 -5.032293984757 -4.910943939558 -4.899817626522
.81 -5.051686851742 -5.038274770744 -5.029152216147 -4.903563901907 0.000000000000
.82 -5.060338673788 -5.034396893594 -5.025214273613 -4.899591415549 0.000000000000
.83 -5.068203110125 -5.029721032225 -5.020481343137 -4.901774559856 -4.886432539274
.84 -5.075276291524 -5.024248305986 -5.014956377145 -4.903165771528 0.000000000000
.85 -5.081555478649 -5.017980267967 -5.008642721675 -4.903783508372 -4.889570844442
.86 -5.087038790861 -5.010919117630 -5.001544707157 -4.903652836793 0.000000000000
.87 -5.091725087756 -5.003067923356 -4.993667996872 -4.902806559239 0.000000000000
.88 -5.095613929971 -4.994430863884 -4.985019988040 -4.901284367592 0.000000000000
.89 -5.098705581751 -4.985013501102 -4.975610313061 -4.899127881352 -4.888166539215
.90 -5.101001035437 -4.974823101856 -4.965451494515 -4.896371254940 -4.885336293923
.91 -5.102502047301 -4.963869034158 -4.954559838340 -4.893032341282 -4.881490043128
.92 -5.103211179370 -4.952163274938 -4.942956702927 -4.889112092896 -4.885192672522
.93 -5.103131845067 -4.939721084529 -4.930670372539 -4.897031729976 -4.884603244913
.94 -5.102268358706 -4.926561931313 -4.917738928883 -4.908069630703 -4.879501368935
.95 -5.100625990708 -4.918277028449 -4.912710794493 -4.904214823233 -4.877097255302
.96 -5.098211032199 -4.927636662325 -4.898200043974 -4.890172450671 -4.885848749305
.97 -5.095030874929 -4.936139426416 -4.893798727697 -4.883072209330 -4.875721196406
.98 -5.091094115476 -4.943782210242 -4.900930848889 -4.867384126630 -4.866903632729
.99 -5.086410697379 -4.950566659659 -4.907233115755 -4.880105898051 -4.860885767061
1.00 -5.080992112236 -4.956498494811 -4.912716851182 -4.837816178158 -4.834666965310
1.01 -5.074851693199 -4.961587230767 -4.917372740727 -4.903926363608 -4.885379504242
1.02 -5.068005055886 -4.965846259397 -4.921213233892 -4.914528398188 -4.896398466711
1.03 -5.060470781292 -4.969293336865 -4.924257262913 -4.924251516218 -4.906614710699
1.04 -5.052271511797 -4.971951618422 -4.933116672281 -4.926507141554 -4.916046889557
1.05 -5.043435789995 -4.973851529608 -4.941112852306 -4.928009130955 -4.924718688225
1.06 -5.034001328460 -4.975034020649 -4.948253935407 -4.932658441410 -4.928802689900
1.07 -5.024021303702 -4.975556227713 -4.954549528953 -4.939897573406 -4.928964385276
1.08 -5.013577915182 -4.975501452664 -4.960010398230 -4.946464607026 -4.928639330507
1.09 -5.002816872002 -4.974996916823 -4.964648227088 -4.952362821314 -4.928140791751
1.10 -4.992059942229 -4.974244659785 -4.968475432800 0.000123027727 0.000000000000
1.11 -4.982316765675 -4.973569769522 -4.971505019636 -4.961097607602 -4.930468209239
1.12 -4.977247833632 -4.973750460279 -4.973465566844 0.000123027727 0.000000000000
1.13 -4.979105602130 -4.975225601492 -4.974535355172 -4.952646369619 -4.944471543164
1.14 -4.983697849774 -4.977179839563 -4.975944577940 -4.953384135118 -4.944223769542
1.15 -4.989342105996 -4.981251006481 -4.975921749084 -4.962156301348 -4.937618784490
1.16 -4.995702549387 -4.986190502104 -4.975171637950 -4.970452385674 -4.933674762389
1.17 -5.002627675088 -4.991431609500 -4.978132401828 -4.973708880982 -4.842403681723
1.18 -5.009951026874 -4.996579126403 -4.985134426925 -4.971548183840 -4.856371242079
1.19 -5.017483917114 -5.001393877256 -4.991431102501 -4.968704282582 -4.869967158888
1.20 -5.025043177925 -5.005737201887 -4.997011977318 -4.965191909426 0.000000000000
1.21 -5.032471785857 -5.009529473139 -5.001875592831 -4.961025762251 0.000000000000
1.22 -5.039645749896 -5.012725410079 -5.006025581387 -4.956220478864 0.000000000000
1.23 -5.046472165564 -5.015300125090 -5.009468295811 -4.950790611275 0.000000000000
1.24 -5.052883820689 -5.017241201875 -5.012213325868 -4.944750607077 0.000000000000
1.25 -5.058833414820 -5.018544086110 -5.014269599532 -4.941044546720 0.000000000000
1.26 -5.064288599121 -5.019209319365 -5.015645151540 -4.950884819982 0.000000000000
1.27 -5.069228095390 -5.019240825413 -5.016359349032 -4.960113151926 0.000000000000
1.28 -5.073638785500 -5.018644815517 -5.016415408527 -4.968723512539 -4.914773560187
1.29 -5.077513568061 -5.017429068850 -5.015827688029 -4.976712428087 0.000000000000
1.30 -5.080849788362 -5.015602446938 -5.014607910376 -4.984078565447 -4.896489564377
1.31 -5.083648085869 -5.013174558092 -5.012767286048 -4.990822385632 -4.886571228058
1.32 -5.085911542907 -5.010319185320 -5.010143341797 -4.996945853381 -4.876152997418
1.33 -5.087645050370 -5.007273662752 -5.006543440451 -5.002452192867 -4.865247932992
1.34 -5.088854830442 -5.007345681448 -5.003642863241 -5.002386041020 -4.861968989394
1.35 -5.089548073744 -5.011631475090 -4.999438281673 -4.997657062378 -4.860427208214
1.36 -5.089732660637 -5.015315460212 -4.994671288416 -4.992379697436 -4.858303117833
1.37 -5.089416945099 -5.018404127667 -4.989353115088 -4.986564785255 -4.855605764960
1.38 -5.088609585668 -5.020904465347 -4.983494843249 -4.980223120161 -4.852344297737
1.39 -5.087319412241 -5.022823866466 -4.977107395433 -4.973365419303 -4.848527931944
1.40 -5.085555320583 -5.024170051112 -4.970201528052 -4.966002297453 -4.844165922277
1.41 -5.083326188536 -5.024950999042 -4.962787825819 -4.958144246991 -4.839267537759
1.42 -5.080640809505 -5.025174892032 -4.954876697437 -4.949801622164 -4.833842040560
1.43 -5.077507839872 -5.024850064367 -4.946478372330 -4.940984626641 -4.827898667667
1.44 -5.073935757852 -5.023984960296 -4.937602898245 -4.931703303703 -4.821446614942
1.45 -5.069932831833 -5.022588097447 -4.928260139597 -4.921967528557 -4.814495023235
1.46 -5.065507096709 -5.020668035351 -4.918459776447 -4.911787002381 -4.807052966232
1.47 -5.060666337006 -5.018233348390 -4.908211304003 -4.901171247773 -4.799129439824
1.48 -5.055418075802 -5.015292602529 -4.897524032595 -4.890129605371 -4.790733352787
1.49 -5.049769568653 -5.011854335349 -4.886407088037 -4.878671231447 -4.781873518621
1.50 -5.043727801789 -5.007927038919 -4.874869412334 -4.866805096304 -4.772558648404
1.51 -5.037299493991 -5.003519145149 -4.862919764684 -4.854539983358 -4.762797344552
1.52 -5.030491101566 -4.998639013291 -4.850566722736 -4.841884488800 -4.752598095380
1.53 -5.023308825931 -4.993294919313 -4.837818684062 -4.828847021741 -4.741969270387
1.54 -5.015758623330 -4.987495046905 -4.824683867828 -4.815435804777 -4.730919116180
1.55 -5.007846216248 -4.981247479924 -4.811170316630 -4.801658874910 -4.719455752989
1.56 -4.999577106123 -4.974560196070 -4.797285898460 -4.787524084769 -4.707587171708
1.57 -4.990956586986 -4.967441061670 -4.783038308812 -4.773039104101 -4.695321231408
1.58 -4.981989759686 -4.959897827410 -4.768435072873 -4.758211421475 -4.682665657289
1.59 -4.972681546400 -4.951938124902 -4.753483547819 -4.743048346189 -4.669628039028
1.60 -4.963036705157 -4.943569463994 -4.738190925172 -4.727557010334 -4.656215829488
1.61 -4.953059844138 -4.934799230709 -4.722564233231 -4.711744371009 -4.642436343750
1.62 -4.942755435545 -4.925634685756 -4.706610339540 -4.695617212648 -4.628296758457
1.63 -4.932127828890 -4.916082963524 -4.690335953414 -4.679182149458 -4.613804111429
1.64 -4.921181263550 -4.906151071508 -4.673747628483 -4.662445627944 -4.598965301531
1.65 -4.909919880503 -4.895845890113 -4.656851765268 -4.645413929509 -4.583787088774
1.66 -4.898347733164 -4.885174172770 -4.639654613776 -4.628093173116 -4.568276094632
1.67 -4.886468797276 -4.874142546345 -4.622162276097 -4.610489318010 -4.552438802553
1.68 -4.874286979843 -4.862757511786 -4.604380709025 -4.592608166477 -4.536281558651
1.69 -4.861806127096 -4.851025444985 -4.586315726658 -4.574455366645 -4.519810572564
1.70 -4.849030031506 -4.838952597811 -4.567973003010 -4.556036415311 -4.503031918463
1.71 -4.835962437895 -4.826545099305 -4.549358074614 -4.537356660799 -4.485951536202
1.72 -4.822607048658 -4.813808957004 -4.530476343107 -4.518421305829 -4.468575232596
1.73 -4.808967528176 -4.800750058370 -4.511333077806 -4.499235410403 -4.450908682816
1.74 -4.795047506460 -4.787374172315 -4.491933418267 -4.479803894707 -4.432957431888
1.75 -4.780850582096 -4.773686950800 -4.472282376827 -4.460131542011 -4.414726896302
1.76 -4.766380324554 -4.759693930497 -4.452384841120 -4.440223001577 -4.396222365694
1.77 -4.751640275925 -4.745400534499 -4.432245576569 -4.420082791571 -4.377449004620
1.78 -4.736633952146 -4.730812074065 -4.411869228865 -4.399715301965 -4.358411854404
1.79 -4.721364843784 -4.715933750403 -4.391260326404 -4.379124797446 -4.339115835044
1.80 -4.705836416430 -4.700770656461 -4.370423282707 -4.358315420309 -4.319565747185
1.81 -4.690052110759 -4.685327778744 -4.349362398813 -4.337291193351 -4.299766274146
1.82 -4.674015342319 -4.669609999132 -4.328081865634 -4.316056022749 -4.279721983982
1.83 -4.657729501079 -4.653622096697 -4.306585766291 -4.294613700934 -4.259437331600
1.84 -4.641197950790 -4.637368749528 -4.284878078417 -4.272967909442 -4.238916660905
1.85 -4.624424028207 -4.620854536537 -4.262962676426 -4.251122221763 -4.218164206972
1.86 -4.607411042188 -4.604083939268 -4.253830233285 -4.251625591939 -4.240843333753
1.87 -4.590162272713 -4.587061343682 -4.234683343463 -4.232509878584 -4.218523725073
1.88 -4.572680969854 -4.569791041938 -4.215284644430 -4.213158442533 -4.196007428477
1.89 -4.554970352714 -4.552277234152 -4.195673344791 -4.193576664969 0.000000000000
1.90 -4.537033608352 -4.534524030139 -4.175819101279 -4.173768612764 0.000000000000
1.91 -4.518873890722 -4.516535451135 -4.155739423540 -4.153739113016 0.000000000000
1.92 -4.500494319635 -4.498315431501 -4.135439409027 -4.133492653637 0.000000000000
1.93 -4.481897979755 -4.479867820406 -4.114924006098 -4.113033620469 0.000000000000
1.94 -4.463087919648 -4.461196383492 -4.094198018123 -4.092366298280 -4.056967942455
1.95 -4.444067150876 -4.442304804505 -4.073266108257 -4.071485464877 -4.033167348550
1.96 -4.424838647159 -4.423196686922 -4.052132801801 -4.050423426355 -4.009195466560
1.97 -4.405405343604 -4.403875555542 -4.030802489242 -4.029155949465 -3.985055098680
1.98 -4.385770135998 -4.384344858060 -4.009279429129 -4.007696331104 -3.960748970744
1.99 -4.365935880175 -4.364607966621 -3.987567750843 -3.986048364948 -3.936279734105
2.00 -4.345905391461 -4.344668179348 -3.965671457302 -3.964215749206 -3.911649967480
2.01 -4.325681444182 -4.324528721849 -3.943594427573 -3.942202087518 -3.886862178769
2.02 -4.305266771258 -4.304192748707 -3.921340419425 -3.920010889855 -3.861918806855
2.03 -4.284664063852 -4.283663344941 -3.898913071814 -3.897645573412 -3.836822223374
2.04 -4.263875971109 -4.262943527449 -3.876315907305 -3.875109463524 -3.811574734467
2.05 -4.242905099945 -4.242036246432 -3.853552334458 -3.852405794592 -3.786178582499
2.06 -4.221754014918 -4.220944386797 -3.830625650164 -3.829537711030 -3.760635947764
2.07 -4.200425238148 -4.199670769531 -3.807539041961 -3.806508268243 -3.734948950157
2.08 -4.178921249309 -4.178218153066 -3.784295590328 -3.783320433641 -3.709119650830
2.09 -4.157244485672 -4.156589234616 -3.760898270969 -3.759977087690 -3.683150053819
2.10 -4.135397342207 -4.134786651497 -3.737349957101 -3.736481025018 -3.657042107650
2.11 -4.113382171733 -4.112812982425 -3.713653421753 -3.712834955566 -3.630797706919
2.12 -4.091201285121 -4.090670748793 -3.689811340077 -3.689041505807 -3.604418693849
2.13 -4.068856951535 -4.068362415936 -3.665826291691 -3.665103220019 -3.577906859823
2.14 -4.046351398727 -4.045890394363 -3.641700763053 -3.641022561632 -3.551263946892
2.15 -4.023686813358 -4.023257040981 -3.617437149864 -3.616801914647 -3.524491649255
2.16 -4.000865341366 -4.000464660296 -3.593037759520 -3.592443585119 -3.497591614721
2.17 -3.977889088363 -3.977515505592 -3.568504813603 -3.567949802725 -3.470565446136
2.18 -3.954760120059 -3.954411780094 -3.543840450408 -3.543322722394 -3.443414702791
2.19 -3.931480462725 -3.931155638111 -3.519046727521 -3.518564426024 -3.416140901802
2.20 -3.908052103668 -3.907749186157 -3.494125624427 -3.493676924261 -3.388745519459
2.21 -3.884476991737 -3.884194484060 -3.469079045160 -3.468662158344 -3.361229992555
2.22 -3.860757037852 -3.860493546045 -3.443908820975 -3.443522002017 -3.333595719680
2.24 -3.812890061491 -3.812660797535 -3.393204415202 -3.392872687526 -3.301250125596
2.26 -3.764465724275 -3.764266182464 -3.342025704518 -3.341742696980 -3.249182858926
2.29 -3.690814594541 -3.690652477046 -3.264394987949 -3.264174128922 -3.170093144028
2.30 -3.666000331683 -3.665849035046 -3.238293690586 -3.238090875518 -3.143473776841
2.33 -3.590788225097 -3.590665189102 -3.159334810157 -3.159178971890 -3.062872359497
2.34 -3.565466191077 -3.565351331174 -3.132800883090 -3.132658521127 -3.035763141926
2.38 -3.462960440022 -3.462873131294 -3.025623538723 -3.025525720879 -2.926159094987
2.39 -3.437036592728 -3.436955053634 -2.998573998729 -2.998485250186 -2.898473977078
2.40 -3.410996481998 -3.410920325261 -2.971424350705 -2.971343947663 -2.870678169477
2.41 -3.384841411058 -3.384770275806 -2.944175532371 -2.944102798927 -2.842773089922
2.42 -3.358572657250 -3.358506207188 -2.916828456179 -2.916762762194 -2.814760124049
2.44 -3.305699084490 -3.305641085874 -2.861843063012 -2.861789729778 -2.758415920484
2.46 -3.252385486865 -3.252334849224 -2.806475022849 -2.806432024926 -2.701656033725
2.48 -3.198641210076 -3.198596985770 -2.750730874122 -2.750696474782 -2.644490477556
