# h10 energies for multiplicity =  1
# y, E(n=1), E(n=2), E(n=3)
0.76 -5.0456586841  -4.9970043681  -4.9324202244 
.785 -5.0444723615  -5.0266568698  -4.9205136416 
.810 -5.0516868405  -5.0382746739  -4.9035637566 
.835 -5.0718387014  -5.0270836723  -4.8816621875 
.860 -5.0870386125  -5.0109184027  -4.8550442252 
.885 -5.0972592762  -4.9898190288  -4.8287180370 
.910 -5.1025015088  -4.9638674708  -4.8353096648 
.935 -5.1027970686  -4.9332277732  -4.8625384010 
.960 -5.0982105047  -4.8981987896  -4.8858485204 
.985 -5.0888445753  -4.9041873076  -4.8593520912 
1.010 -5.0748503514  -4.9173720370  -4.8853793340 
1.035 -5.0564520813  -4.9254753004  -4.9114273318 
1.060 -5.0340012217  -4.9326584155  -4.9288026249 
1.085 -5.0082234472  -4.9494995424  -4.9283800678 
1.110 -4.9823159997  -4.9610972141  -4.9304678563 
1.135 -4.9812245530  -4.9483241426  -4.9483241446 
1.160 -4.9957020576  -4.9704519715  -4.9336734917 
1.185 -5.0137029362  -4.9883715531  -4.9296750581 
1.210 -5.0324718039  -5.0018756210  -4.9239947446 
1.235 -5.0497331348  -5.0109276158  -4.9136059886 
1.260 -5.0642881485  -5.0156471398  -4.8987102522 
1.285 -5.0756424954  -5.0161998083  -4.8797815753 
1.310 -5.0836475496  -5.0127670017  -4.8572497234 
1.335 -5.0883148065  -5.0055304477  -4.8315540779 
1.360 -5.0897321806  -4.9946705921  -4.8033973448 
1.385 -5.0880234196  -4.9803653512  -4.7749871094 
1.410 -5.0833255058  -4.9627868793  -4.7686910776 
1.435 -5.0757742243  -4.9420970160  -4.7631323408 
1.460 -5.0655058660  -4.9184581271  -4.7542139647 
1.485 -5.0526432230  -4.8920184582  -4.7420387169 
1.510 -5.0372988462  -4.8629189180  -4.7267244359 
1.535 -5.0195752510  -4.8312938179  -4.7083965180 
1.560 -4.9995755964  -4.7972839667  -4.6871940531 
1.585 -4.9773737164  -4.7609969311  -4.6632340150 
1.610 -4.9530562543  -4.7225597203  -4.6366529418 
1.635 -4.9266916090  -4.6820774534  -4.6075713315 
1.660 -4.8983454059  -4.6396517315  -4.5761080091 
1.685 -4.8680829838  -4.5953816506  -4.5430124479 
1.710 -4.8359570307  -4.5493514664  -4.5077256511 
1.735 -4.8020366695  -4.5016580742  -4.4702311578 
1.760 -4.7663725922  -4.4523755014  -4.4306507601 
1.785 -4.7290273605  -4.4015879594  -4.3891132582 
1.810 -4.6900517031  -4.3493619109  -4.3457289535 
1.835 -4.6494912948  -4.3005968293  -4.2983490656 
1.860 -4.6074071883  -4.2538262356  -4.2516216680 
1.885 -4.5638473380  -4.2055071843  -4.2033891195 
1.910 -4.5188665945  -4.1557317864  -4.1537314957 
1.935 -4.4725166853  -4.1045841251  -4.1027228197 
1.960 -4.4248327194  -4.0521266202  -4.0504172512 
1.985 FC -3.9984391064  -3.9968878660 
2.010 FC -3.9435806473  -3.9421883318 
2.035 FC -3.8876324145  -3.8863954039 
2.060 FC -3.8306237954  -3.8295358591 
2.085 FC -3.7726059149  -3.7716580087 
2.110 FC -3.7136409866  -3.7128225354 
2.135 FC -3.6537687890  -3.6530684393 
2.160 FC -3.5930229389  -3.5924288011 
