70.658680615 1.2825171094890662 -0.83841 -0.74143 -0.59290 -0.40484 -0.11090 0.01422 0.09358 0.19164 0.38031 0.54683 .12512
70.6586806151 1.2825171094926475 -0.83841 -0.74143 -0.59290 -0.40484 -0.11090 0.01422 0.09358 0.19164 0.38031 0.54683 .12512
70.6586806152 1.2825171094962291 -0.83841 -0.74143 -0.59290 -0.40484 -0.11090 0.01422 0.09358 0.19164 0.38031 0.54683 .12512
70.6586806153 1.2825171094998111 -0.83841 -0.74143 -0.59290 -0.40484 -0.11090 0.01422 0.09358 0.19164 0.38031 0.54683 .12512
70.6586806154 1.2825171095033923 -0.83841 -0.74143 -0.59290 -0.40484 -0.11090 0.01422 0.09358 0.19164 0.38031 0.54683 .12512
70.6586806155 1.2825171095069736 -0.83841 -0.74143 -0.59290 -0.40484 -0.11090 0.01422 0.09358 0.19164 0.38031 0.54683 .12512
70.6586806156 1.2825171095105554 -0.83841 -0.74143 -0.59290 -0.40484 -0.11090 0.01422 0.09358 0.19164 0.38031 0.54683 .12512
70.6586806157 1.2825171095141366 -0.83841 -0.74143 -0.59290 -0.40484 -0.11090 0.01422 0.09358 0.19164 0.38031 0.54683 .12512
70.6586806158 1.2825171095177175 -0.83841 -0.74143 -0.59290 -0.40484 -0.11090 0.01422 0.09358 0.19164 0.38031 0.54683 .12512
70.6586806159 1.2825171095212993 -0.83841 -0.74143 -0.59290 -0.40484 -0.11090 0.01422 0.09358 0.19164 0.38031 0.54683 .12512
