85 2.5688804782633659 -4.53523390992
84.9 2.5434397828995103 -4.56533375625
84.8 2.5187326842930178 -4.59421589598
84.7 2.4947243753068959 -4.62193811542
84.6 2.4713823157820722 -4.64855429684
84.5 2.4486760461856742 -4.67411475156
84.4 2.4265770196459231 -4.69866651952
84.3 2.4050584502674064 -4.72225363927
84.2 2.3840951758941467 -4.74491739158
84.1 2.3636635337217689 -4.76669651969
84.0 2.3437412473608381 -4.78762742891
83.9 2.3243073241259733 -4.80774436746
83.8 2.3053419614742690 -4.82707959090
83.7 2.2868264616451803 -4.84566351173
83.6 2.2687431536655347 -4.86352483560
83.5 2.2510753219802888 -4.88069068568
83.4 2.2338071410539140 -4.89718671621
83.3 2.2169236153609786 -4.91303721639
83.2 2.2004105242487957 -4.92826520558
83.1 2.1842543712115088 -4.94289252051
83.0 2.1684423371644423 -4.95693989544
82.9 2.1529622373511956 -4.97042703577
82.8 2.1378024815543255 -4.98337268582
82.7 2.1229520373144530 -4.99579469121
82.6 2.1084003958926107 -5.00771005645
82.5 2.0941375407372735 -5.01913499808
82.4 2.0801539182411148 -5.03008499370
82.3 2.0664404105935832 -5.04057482748
82.2 2.0529883105540567 -5.05061863205
82.1 2.0397892979870225 -5.06022992760
82.0 2.0268354180156947 -5.06942165793
81.9 2.0141190606637487 -5.07820622401
81.8 2.0016329418668652 -5.08659551514
81.7 1.9893700857464571 -5.09460093794
81.6 1.9773238080476301 -5.10223344332
81.5 1.9654877006520655 -5.10950355164
81.4 1.9538556170843520 -5.11642137609
81.3 1.9424216589372902 -5.12299664460
81.2 1.9311801631481520 -5.12923872023
81.1 1.9201256900634951 -5.13515662024
81.0 1.9092530122354845 -5.14075903395
80.9 1.8985571038972699 -5.14605433947
80.8 1.8880331310693452 -5.15105061929
80.7 1.8776764422526515 -5.15575567499
80.6 1.8674825596677291 -5.16017704098
80.5 1.8574471710024862 -5.16432199745
80.4 1.8475661216340147 -5.16819758246
80.3 1.8378354072926408 -5.17181060341
80.2 1.8282511671387802 -5.17516764773
80.1 1.8188096772254154 -5.17827509302
80.0 1.8095073443210954 -5.18113911657
79.9 1.8003407000701643 -5.18376570434
79.8 1.7913063954686912 -5.18616065945
79.7 1.7824011956361372 -5.18832961018
79.6 1.7736219748641979 -5.19027801752
79.5 1.7649657119256603 -5.19201118235
79.4 1.7564294856272575 -5.19353425221
79.3 1.7480104705916841 -5.19485222766
79.2 1.7397059332549434 -5.19596996844
79.1 1.7315132280661407 -5.19689219915
79.0 1.7234297938777567 -5.19762351477
78.9 1.7154531505151902 -5.19816838583
78.8 1.7075808955151763 -5.19853116336
78.7 1.6998107010233166 -5.19871608355
78.6 1.6921403108416329 -5.19872727227
78.5 1.6845675376176648 -5.19856874928
78.4 1.6770902601671336 -5.19824443233
78.3 1.6697064209227548 -5.19775814097
78.2 1.6624140235022404 -5.19711360032
78.1 1.6552111303889363 -5.19631444455
78.0 1.6480958607190197 -5.19536422030
77.9 1.6410663881694845 -5.19426638987
77.8 1.6341209389415596 -5.19302433437
77.7 1.6272577898344955 -5.19164135668
77.6 1.6204752664049629 -5.19012068429
77.5 1.6137717412076256 -5.18846547211
77.4 1.6071456321126634 -5.18667880504
77.3 1.6005954006963241 -5.18476370061
77.2 1.5941195507007735 -5.18272311138
77.1 1.5877166265597418 -5.18055992737
77.0 1.5813852119866876 -5.17827697837
76.9 1.5751239286223491 -5.17587703618
76.8 1.5689314347387666 -5.17336281681
76.7 1.5628064239970156 -5.17073698261
76.6 1.5567476242560161 -5.16800214436
76.5 1.5507537964299845 -5.16516086330
76.4 1.5448237333921728 -5.16221565319
76.3 1.5389562589227139 -5.15916898225
76.2 1.5331502266984804 -5.15602327518
76.1 1.5274045193229899 -5.15278091507
76.0 1.5217180473945009 -5.14944424536
75.9 1.5160897486105220 -5.14601557184
75.8 1.5105185869070827 -5.14249716460
75.7 1.5050035516311675 -5.13889126003
75.6 1.4995436567448153 -5.13520006283
75.5 1.4941379400594756 -5.13142574817
75.4 1.4887854624992518 -5.12757046376
75.3 1.4834853073917655 -5.12363633210
75.2 1.4782365797854315 -5.11962545281
75.1 1.4730384057919645 -5.11553990506
75.0 1.4678899319530556 -5.11138175010
74.9 1.4627903246301464 -5.10715303400
74.8 1.4577387694163313 -5.10285579054
74.7 1.4527344705694387 -5.09849204434
74.6 1.4477766504653917 -5.09406381421
74.5 1.4428645490710084 -5.08957311676
74.4 1.4379974234354114 -5.08502197042
74.3 1.4331745471992983 -5.08041239977
74.2 1.4283952101213191 -5.07574644029
74.1 1.4236587176208633 -5.07102614367
74.0 1.4189643903365978 -5.06625358361
73.9 1.4143115637001062 -5.06143086227
73.8 1.4096995875240308 -5.05656011751
73.7 1.4051278256041408 -5.05164353081
73.6 1.4005956553347587 -5.04668333621
73.5 1.3961024673370386 -5.04168183014
73.4 1.3916476650995724 -5.03664138244
73.3 1.3872306646308596 -5.03156444844
73.2 1.3828508941231716 -5.02645358240
73.1 1.3785077936273700 -5.02131145213
73.0 1.3742008147382716 -5.01614085487
72.9 1.3699294202901398 -5.01094473442
72.8 1.3656930840619386 -5.00572619914
72.7 1.3614912904919696 -5.00048854066
72.6 1.3573235344015393 -4.99523525269
72.5 1.3531893207273342 -4.98997004921
72.4 1.3490881642621655 -4.98469688113
72.3 1.3450195894037844 -4.97941995006
72.2 1.3409831299114769 -4.97414371785
72.1 1.3369783286701415 -4.96887291013
72.0 1.3330047374615932 -4.96361251241
71.9 1.3290619167428244 -4.95836775699
71.8 1.3251494354309783 -4.95314410011
71.7 1.3212668706947988 -4.94794718871
71.6 1.3174138077523165 -4.94278281789
71.5 1.3135898396745678 -4.93765688075
71.4 1.3097945671951174 -4.93257531359
71.3 1.3060275985252012 -4.92754403991
71.2 1.3022885491742811 -4.92256891730
71.1 1.2985770417758264 -4.91765569075
71.0 1.2948927059181552 -4.91280995539
70.9 1.2912351779801445 -4.90803713087
70.8 1.2876041009716590 -4.90334244830
70.7 1.2839991243785358 -4.89873094988
70.6 1.2804199040119650 -4.89420750084
70.5 1.2768661018621295 -4.88977681243
70.4 1.2733373859559551 -4.88544347527
70.3 1.2698334302188394 -4.88121200190
70.2 1.2663539143402289 -4.87708687812
70.1 1.2628985236429111 -4.87307262309
70.0 1.2594669489559134 -4.86917385861
69.9 1.2560588864908790 -4.86539538900
69.8 1.2526740377218175 -4.86174229336
69.7 1.2493121092681172 -4.85822003342
69.6 1.2459728127807141 -4.85483458062
69.5 1.2426558648313226 -4.85159256773
69.4 1.2393609868046243 -4.84850147120
69.3 1.2360879047933260 -4.84556983166
69.2 1.2328363494960013 -4.84280751981
69.1 1.2296060561176163 -4.84022605288
69.0 1.2263967642726714 -4.83783895806
68.9 1.2232082178908650 -4.83566215647
68.8 1.2200401651252133 -4.83371429007
68.7 1.2168923582625433 -4.83201680853
68.6 1.2137645536362878 -4.83059345582
68.5 1.2106565115415191 -4.82946860226
68.4 1.2075679961521408 -4.82866397779
68.3 1.2044987754401906 -4.82819449429
68.2 1.2014486210971758 -4.82806659982
68.1 1.1984173084573870 -4.82828908409
68.0 1.1954046164231349 -4.82896646080
67.9 1.1924103273918456 -4.82967939617
67.8 1.1894342271849665 -4.83196507081
67.7 1.1864761049786312 -4.83919335966
67.6 1.1835357532360211 -4.84063092362
67.5 1.1806129676413906 -4.84203724370
67.4 1.1777075470356930 -4.84341273084
67.3 1.1748192933537724 -4.84475779824
67.2 1.1719480115630720 -4.84607286033
67.1 1.1690935096038124 -4.84735833195
67.0 1.1662555983306084 -4.84861462764
66.9 1.1634340914554704 -4.84984216118
66.8 1.1606288054921641 -4.85104134504
66.7 1.1578395597018831 -4.85221259013
66.6 1.1550661760401986 -4.85335630547
66.5 1.1523084791052536 -4.85447289800
66.4 1.1495662960871658 -4.85556277247
66.3 1.1468394567186027 -4.85662633131
66.2 1.1441277932265064 -4.85766397467
66.1 1.1414311402849235 -4.85867610035
66.0 1.1387493349689228 -4.85966310396
65.9 1.1360822167095599 -4.86062537896
65.8 1.1334296272498716 -4.86156331682
65.7 1.1307914106018655 -4.86247730727
65.6 1.1281674130044770 -4.86336773848
65.5 1.1255574828824770 -4.86423499740
65.4 1.1229614708062909 -4.86507947005
65.3 1.1203792294527217 -4.86590154196
65.2 1.1178106135665402 -4.86670159857
65.1 1.1152554799229231 -4.86748002577
65.0 1.1127136872907215 -4.86823721047
64.9 1.1101850963965334 -4.86897354121
64.8 1.1076695698895584 -4.86968940893
64.7 1.1051669723072235 -4.87038520777
64.6 1.1026771700415456 -4.87106133599
64.5 1.1002000313062268 -4.87171819697
64.4 1.0977354261044516 -4.87235620043
64.3 1.0952832261973782 -4.87297576369
64.2 1.0928433050732997 -4.87357731317
64.1 1.0904155379174589 -4.87416128602
64.0 1.0879998015825072 -4.87472813203
63.9 1.0855959745595780 -4.87527831575
63.8 1.0832039369499773 -4.87581231890
63.7 1.0808235704374589 -4.87633064310
63.6 1.0784547582610808 -4.87683381301
63.5 1.0760973851886237 -4.87732237985
63.4 1.0737513374905625 -4.87779692550
63.3 1.0714165029145688 -4.87825806706
63.2 1.0690927706605413 -4.87870646216
63.1 1.0667800313561446 -4.87914281500
63.0 1.0644781770328475 -4.87956788323
62.9 1.0621871011024460 -4.87998248580
62.8 1.0599066983340624 -4.88038751188
62.7 1.0576368648316092 -4.88078393105
62.6 1.0553774980117010 -4.88117280471
62.5 1.0531284965820111 -4.88155529881
62.4 1.0508897605200611 -4.88193269804
62.3 1.0486611910524275 -4.88230642100
62.2 1.0464426906343616 -4.88267803628
62.1 1.0442341629298113 -4.88304927837
62.0 1.0420355127918348 -4.88342206232
61.9 1.0398466462433982 -4.88379849453
61.8 1.0376674704585451 -4.88418087638
61.7 1.0354978937439347 -4.88457169525
61.6 1.0333378255207359 -4.88497359579
61.5 1.0311871763068714 -4.88538932253
61.4 1.0290458576996018 -4.88582162503
61.3 1.0269137823584431 -4.88627312060
61.2 1.0247908639884131 -4.88674611961
61.1 1.0226770173235920 -4.88724243483
61.0 1.0205721581109972 -4.88776321369
60.9 1.0184762030947627 -4.88830883922
60.8 1.0163890700006153 -4.88887893133
60.7 1.0143106775206405 -4.88947244839
60.6 1.0122409452983365 -4.89008785607
60.5 1.0101797939139427 -4.89072331668
60.4 1.0081271448700442 -4.89137685960
60.3 1.0060829205774386 -4.89204651169
60.2 1.0040470443412663 -4.89273038411
60.1 1.0020194403473930 -4.89342672181
60.0 1.0000000336490449 -4.89413392570
59.9 0.99798875015368327 -4.89485055685
59.8 0.99598551661012047 -4.89557533000
59.7 0.99399026059587003 -4.89630710150
59.6 0.99200291050472111 -4.89704485494
59.5 0.99002339553454166 -4.89778768636
59.4 0.98805164567529558 -4.89853479025
59.3 0.98608759169727866 -4.89928544662
59.2 0.98413116513955912 -4.90003900965
59.1 0.98218229829862735 -4.90079489765
59.0 0.98024092421724396 -4.90155258442
58.9 0.97830697667348698 -4.90231159184
58.8 0.97638039016998779 -4.90307148345
58.7 0.97446109992335961 -4.90383185914
58.6 0.97254904185380731 -4.90459235043
58.5 0.97064415257492132 -4.90535261661
58.4 0.96874636938364433 -4.90611234134
58.3 0.96685563025041488 -4.90687122985
58.2 0.96497187380948068 -4.90762900649
58.1 0.96309503934937468 -4.90838541262
58.0 0.96122506680355879 -4.90914020487
57.9 0.95936189674122396 -4.90989315360
57.8 0.95750547035824851 -4.91064404158
57.7 0.95565572946830857 -4.91139266285
57.6 0.95381261649413907 -4.91213882175
57.5 0.95197607445894206 -4.91288233208
57.4 0.95014604697793958 -4.91362301634
57.3 0.94832247825006655 -4.91436070510
57.2 0.94650531304980356 -4.91509523645
57.1 0.94469449671914496 -4.91582645544
57.0 0.94288997515969897 -4.91655421373
56.9 0.94109169482492094 -4.91727836915
56.8 0.93929960271247126 -4.91799878535
56.7 0.93751364635670031 -4.91871533151
56.6 0.93573377382125700 -4.91942788207
56.5 0.93395993369181618 -4.92013631646
56.4 0.93219207506892543 -4.92084051887
56.3 0.93043014756096676 -4.92154037809
56.2 0.92867410127723360 -4.92223578725
56.1 0.92692388682111693 -4.92292664369
56.0 0.92517945528340284 -4.92361284881
55.9 0.92344075823567617 -4.92429430788
55.8 0.92170774772382924 -4.92497092993
55.7 0.91998037626167417 -4.92564262761
55.6 0.91825859682465660 -4.92630931708
55.5 0.91654236284366797 -4.92697091786
55.4 0.91483162819895569 -4.92762735274
55.3 0.91312634721412855 -4.92827854771
55.2 0.91142647465025639 -4.92892443178
55.1 0.90973196570006132 -4.92956493695
55.0 0.90804277598219907 -4.93019999811
54.9 0.90635886153562961 -4.93082955290
54.8 0.90468017881407381 -4.93145354168
54.7 0.90300668468055645 -4.93207190743
54.6 0.90133833640203209 -4.93268459567
54.5 0.89967509164409376 -4.93329155435
54.4 0.89801690846576132 -4.93389273383
54.3 0.89636374531435070 -4.93448808676
54.2 0.89471556102041949 -4.93507756803
54.1 0.89307231479278926 -4.93566113470
54.0 0.89143396621364279 -4.93623874591
53.9 0.88980047523369521 -4.93681036286
53.8 0.88817180216743707 -4.93737594867
53.7 0.88654790768844782 -4.93793546840
53.6 0.88492875282478045 -4.93848888893
53.5 0.88331429895441260 -4.93903617891
53.4 0.88170450780076659 -4.93957730874
53.3 0.88009934142829360 -4.94011225043
53.2 0.87849876223812495 -4.94064097765
53.1 0.87690273296378440 -4.94116346556
53.0 0.87531121666696521 -4.94167969086
52.9 0.87372417673336666 -4.94218963168
52.8 0.87214157686859295 -4.94269326752
52.7 0.87056338109410869 -4.94319057923
52.6 0.86898955374325570 -4.94368154896
52.5 0.86742005945732381 -4.94416616008
52.4 0.86585486318168026 -4.94464439718
52.3 0.86429393016195311 -4.94511624597
52.2 0.86273722594026869 -4.94558169329
52.1 0.86118471635154337 -4.94604072702
52.0 0.85963636751982619 -4.94649333606
51.9 0.85809214585469440 -4.94693951029
51.8 0.85655201804769820 -4.94737924052
51.7 0.85501595106885664 -4.94781251847
51.6 0.85348391216320041 -4.94823933668
51.5 0.85195586884736429 -4.94865968854
51.4 0.85043178890622606 -4.94907356821
51.3 0.84891164038959133 -4.94948097059
51.2 0.84739539160892485 -4.94988189131
51.1 0.84588301113412578 -4.95027632665
51.0 0.84437446779034697 -4.95066427355
50.9 0.84286973065485837 -4.95104572955
50.8 0.84136876905395186 -4.95142069278
50.7 0.83987155255988821 -4.95178916192
50.6 0.83837805098788598 -4.95215113615
50.5 0.83688823439314863 -4.95250661516
50.4 0.83540207306793479 -4.95285559908
50.3 0.83391953753866332 -4.95319808851
50.2 0.83244059856306107 -4.95353408442
50.1 0.83096522712734444 -4.95386358818
50.0 0.82949339444344139 -4.95418660151
49.9 0.82802507194624730 -4.95450312648
49.8 0.82656023129091882 -4.95481316543
49.7 0.82509884435020076 -4.95511672103
49.6 0.82364088321179052 -4.95541379618
49.5 0.82218632017573356 -4.95570439404
49.4 0.82073512775185475 -4.95598851798
49.3 0.81928727865722173 -4.95626617158
49.2 0.81784274581364047 -4.95653735858
49.1 0.81640150234518361 -4.95680208290
49.0 0.81496352157574936 -4.95706034859
48.9 0.81352877702665161 -4.95731215984
48.8 0.81209724241424064 -4.95755752093
48.7 0.81066889164755318 -4.95779643624
48.6 0.80924369882599168 -4.95802891022
48.5 0.80782163823703412 -4.95825494738
48.4 0.80640268435396956 -4.95847455227
48.3 0.80498681183366394 -4.95868772947
48.2 0.80357399551435238 -4.95889448358
48.1 0.80216421041345820 -4.95909481919
48.0 0.80075743172543956 -4.95928874088
47.9 0.79935363481966115 -4.95947625321
47.8 0.79795279523829266 -4.95965736070
47.7 0.79655488869423152 -4.95983206783
47.6 0.79515989106905183 -4.96000037900
47.5 0.79376777841097601 -4.96016229856
47.4 0.79237852693287303 -4.96031783076
47.3 0.79099211301027716 -4.96046697977
47.2 0.78960851317943370 -4.96060974967
47.1 0.78822770413536436 -4.96074614440
47.0 0.78684966272995749 -4.96087616782
46.9 0.78547436597007880 -4.96099982364
46.8 0.78410179101570610 -4.96111711544
46.7 0.78273191517808294 -4.96122804666
46.6 0.78136471591789569 -4.96133262060
46.5 0.78000017084346973 -4.96143084040
46.4 0.77863825770898754 -4.96152270903
46.3 0.77727895441272554 -4.96160822931
46.2 0.77592223899531199 -4.96168740388
46.1 0.77456808963800328 -4.96176023521
46.0 0.77321648466098036 -4.96182672558
45.9 0.77186740252166364 -4.96188687710
45.8 0.77052082181304604 -4.96194069167
45.7 0.76917672126204495 -4.96198817102
45.6 0.76783507972787179 -4.96202931667
45.5 0.76649587620041937 -4.96206412995
45.4 0.76515908979866654 -4.96209261198
45.3 0.76382469976910006 -4.96211476369
45.2 0.76249268548415305 -4.96213058579
45.1 0.76116302644066036 -4.96214007882
