5 0.22474786951272291 -0.5868896188812327 -0.5868896188812311 0.0000048330603353 0.0000048330603443 0.0000048330603471 0.0000048330603549 0.4349990937977511 0.4349990937977515 0.4349990937977518 0.4360018611254147
5.25 0.23032811073355966 -0.0000000189774321 0.0000000282828307 0.0000000282828309 0.5861504000829306 0.5861504000984383 0.5861504294915797 0.5861504295053193 0.6461312574240754 0.6461351308134367 0.6461351310796691
5.50 0.23578063841929153 0.0000000006852022 0.0000000007688289 0.0000000007692944 0.5854911630403284 0.5854911630415917 0.5854911633094247 0.5854911633111390 0.6287276815802849 0.6287277105544442 0.6287277106973327
5.75 0.24111432303437602 -0.0000000059165709 -0.0000000055225251 -0.0000000055094981 0.5848253669546697 0.5848253679105763 0.5848253688843861 0.5848253693333961 0.6117464014218206 0.6117464299050129 0.6117464354758142
6.00 0.24633708657984518 0.0000000047059582 0.0000000174059056 0.0000000174059821 0.5841428592555852 0.5841428592579576 0.5841428721880770 0.5841428721989373 0.5951673317382604 0.5951673679780524 0.5951673680991432
6.25 0.25145603955751983 0.0000000173394143 0.0000000214967383 0.0000000214971051 0.5789478449630711 0.5789478525388045 0.5789478525933870 0.5830491072046454 0.5830491686056465 0.5830491687708822 0.5834333652790578
6.50 0.25647759350390792 1.00 1000.000000000000 0.000068713567 316.227766000000 0.000169141320 100.000000000000 0.000823394812 31.622776600000 0.003425569236 10.000000000000 0.013951996000 3.162277660000 0.056909313560 1.000000000000 0.198286399900
6.75 0.26140755421862366 1.00 1000.000000000000 0.000068713567 316.227766000000 0.000169141320 100.000000000000 0.000823394812 31.622776600000 0.003425569236 10.000000000000 0.013951996000 3.162277660000 0.056909313560 1.000000000000 0.198286399900
7.00 0.26625119958804888 1.00 1000.000000000000 0.000068713567 316.227766000000 0.000169141320 100.000000000000 0.000823394812 31.622776600000 0.003425569236 10.000000000000 0.013951996000 3.162277660000 0.056909313560 1.000000000000 0.198286399900
7.25 0.27101334500631991 -0.0000000334189587 -0.0000000224230067 -0.0000000224185243 0.5169948475595796 0.5169948476287942 0.5169950227120638 0.5242483264030071 0.5242483265740175 0.5242487492418508 0.5321906198635314
7.50 0.27569839872782342 -0.0000000265247962 -0.0000000086291811 -0.0000000083227488 0.5021069440776252 0.5021069487199783 0.5021072221361550 0.5102944860244570 0.5102944977773726 0.5102952043589974 0.5192408709346946
7.75 0.28031040898329512 -0.0000000375070538 -0.0000000069613179 -0.0000000069505905 0.4874185415606181 0.4874185417118667 0.4874189642987013 0.4965959546889198 0.4965959550774603 0.4965970952691338 0.5066034416330024
8.00 0.28485310431016619 -0.0000000485206228 0.0000000005790202 0.0000000006529883 0.4729140116808346 0.4729140126194826 0.4729146113270385 0.4831354294017499 0.4831354318374415 0.4831371004737606 0.4942587583939317
8.25 0.28932992825516618 -0.0000000793194580 -0.0000000023770068 -0.0000000020547374 0.4585798416017494 0.4585798452117649 0.4585806587195186 0.4698975782115246 0.4698975876525665 0.4698999164287140 0.4821890495587068
8.50 0.29374406938062309 -0.0000001097836336 0.0000000091146493 0.0000000095516841 0.4444043885553875 0.4444043928268590 0.4444054724006034 0.4568688011075208 0.4568688123543098 0.4568719746916282 0.4703781372402473
8.75 0.29809848732900202 -0.0000001759373607 0.0000000047064996 0.0000000051311145 0.4303776208014544 0.4303776243967691 0.4303790248976186 0.4440370019070973 0.4440370114353017 0.4440411994031294 0.4588112465994122
9.00 0.30239593556098865 -0.0000002620608613 0.0000000062681021 0.0000000072323635 0.4164909436451876 0.4164909506921977 0.4164927219054279 0.4313914201877085 0.4313914389911109 0.4313968386163644 0.4474748598652681
9.25 0.30663898127202549 -0.0000003931169538 0.0000000010901466 0.0000000021272871 0.4027369855533338 0.4027369920788189 0.4027392048623694 0.4189224640288508 0.4189224815738452 0.4189293470740790 0.4363565630373216
9.50 0.31083002290405076 -0.0000005527546739 -0.0000005518608713 -0.0000005518608713 0.0000000191275769 0.0000000200213817 0.3891094838664840 0.3891094887029160 0.3891122150115416 0.4066215794758614 0.4066215925950719
9.75 0.31497130559833353 -0.0000008088026486 -0.0000008027219271 -0.0000008027219271 0.0000000019272784 0.0000000080080225 0.3756031342890463 0.3756031625865437 0.3756064319530398 0.3944810943309694 0.3944811719020925
10.00 0.31906493487798943 -0.0000011025532285 0.0000000433034803 0.0000000455222310 0.3622133902048231 0.3622133990894907 0.3622173778770780 0.3824942360993216 0.3824942607635889 0.3825071685526301 0.4042003796976956
10.25 0.32311288880213562 -0.0000015953103782 -0.0000000000056655 0.0000000028601237 0.3489365493843285 0.3489365592700145 0.3489413050081727 0.3706548301014331 0.3706548579638492 0.3706704333663048 0.3938486626880527
10.50 0.32711702879550453 -0.0000021963771134 -0.0000000017417927 0.0000000029229921 0.3357695042608243 0.3357695181419273 0.3357751356003353 0.3589574457599193 0.3589574855993454 0.3589760976305787 0.3836659350563872
10.75 0.33107910932596624 -0.0000028754687391 -0.0000000000209432 0.0000000635366973 0.3227099889640903 0.3227101523889909 0.3227164985456916 0.3473970382116942 0.3473975174690833 0.3474187486749876 0.3736444805213270
11.00 0.33500078657648524 -0.0000000047849791 0.0000040447761209 0.0000040452259922 0.3097751278981871 0.3097751287658161 0.3097841716471573 0.3359583628851018 0.3359583657912052 0.3359854900639173 0.3637849252858149
11.25 0.33888362623650670 1.00 1000.000000000000 0.000068713567 316.227766000000 0.000169141320 100.000000000000 0.000823394812 31.622776600000 0.003425569236 10.000000000000 0.013951996000 3.162277660000 0.056909313560 1.000000000000 0.198286399900
11.50 0.34272911051981081 1.00 1000.000000000000 0.000068713567 316.227766000000 0.000169141320 100.000000000000 0.000823394812 31.622776600000 0.003425569236 10.000000000000 0.013951996000 3.162277660000 0.056909313560 1.000000000000 0.198286399900
11.75 0.34653864450082428 1.00 1000.000000000000 0.000068713567 316.227766000000 0.000169141320 100.000000000000 0.000823394812 31.622776600000 0.003425569236 10.000000000000 0.013951996000 3.162277660000 0.056909313560 1.000000000000 0.198286399900
12.00 0.35031356184872481 0.0000000095769326 0.0000122684861738 0.0000122684861740 0.2590193763962315 0.2590193763962319 0.2590351385746293 0.2914857973128816 0.2914857973128828 0.2915405413656700 0.3257403141961032
12.25 0.35405513002798283 1.00 1000.000000000000 0.000068713567 316.227766000000 0.000169141320 100.000000000000 0.000823394812 31.622776600000 0.003425569236 10.000000000000 0.013951996000 3.162277660000 0.056909313560 1.000000000000 0.198286399900
12.50 0.35776455502492738 1.00 1000.000000000000 0.000068713567 316.227766000000 0.000169141320 100.000000000000 0.000823394812 31.622776600000 0.003425569236 10.000000000000 0.013951996000 3.162277660000 0.056909313560 1.000000000000 0.198286399900
12.75 0.36144298565221100 1.00 1000.000000000000 0.000068713567 316.227766000000 0.000169141320 100.000000000000 0.000823394812 31.622776600000 0.003425569236 10.000000000000 0.013951996000 3.162277660000 0.056909313560 1.000000000000 0.198286399900
13.00 0.36509151747647400 1.00 1000.000000000000 0.000068713567 316.227766000000 0.000169141320 100.000000000000 0.000823394812 31.622776600000 0.003425569236 10.000000000000 0.013951996000 3.162277660000 0.056909313560 1.000000000000 0.198286399900
13.25 0.36871119640886968 -0.0000000056521489 0.0000406158636457 0.0000406158636463 0.1979251679966282 0.1979251679966283 0.1979528019131342 0.2385070675289536 0.2385070675289542 0.2386408742911981 0.2809774573986586
13.50 0.37230302199327187 -0.0000503099334869 0.0000000128376518 0.0000000128376518 0.1858194794494358 0.1858194794494364 0.1858657291503469 0.2283589192562149 0.2283589192562152 0.2284801178145400 0.2722137113622484
13.75 0.37586795042281695 1.00 1000.000000000000 0.000068713567 316.227766000000 0.000169141320 100.000000000000 0.000823394812 31.622776600000 0.003425569236 10.000000000000 0.013951996000 3.162277660000 0.056909313560 1.000000000000 0.198286399900
14.00 0.37940689731182314 -0.0000000080754539 0.0000749981759359 0.0000749981759362 0.1625865821601516 0.1625865821601522 0.1626217923006379 0.2080467210234093 0.2080467210234107 0.2082841154550444 0.2554090465382527
14.25 0.38292074024700901 -0.0000898948573192 0.0000000146885330 0.0000000146885356 0.1506790283028287 0.1506790283028300 0.1507784906656119 0.1983258489116469 0.1983258489116477 0.1985385885107505 0.2467828283628770
14.50 0.38641032113921558 -0.0001061939510410 0.0000000000205208 0.0000000001496702 0.1391997302963802 0.1391997303384179 0.1393333542172772 0.1885559152765165 0.1885559157158335 0.1888203652111512 0.2384668724149941
14.75 0.38987644839447261 -0.0001230242889450 -0.0000000140973800 -0.0000000140973787 0.1278501606666614 0.1278501606666618 0.1280337096854980 0.1789158002596833 0.1789158002596840 0.1792507855372140 0.2302218831034453
15.00 0.39331989892118169 -0.0000000092967509 0.0001389904759736 0.0001389904759750 0.1172177311651958 0.1172177311651961 0.1172491753183661 0.1690212959460996 0.1690212959461009 0.1695650819191652 0.2226685060636121
15.25 0.39674141998838264 -0.0001502321216244 0.0000000937373116 0.0000000937373119 0.1055986202251253 0.1055986202251259 0.1059708579080559 0.1600686114336531 0.1600686114336539 0.1606421420789656 0.2139194263273955
15.50 0.40014173094847860 -0.0001524003067593 -0.0000000014834488 -0.0000000014834469 0.0947465187183064 0.0947465187183066 0.0952979847900419 0.1508978347854238 0.1508978347854239 0.1516760325145622 0.2058487198884581
15.75 0.40352152483640419 1.00 1000.000000000000 0.000068713567 316.227766000000 0.000169141320 100.000000000000 0.000823394812 31.622776600000 0.003425569236 10.000000000000 0.013951996000 3.162277660000 0.056909313560 1.000000000000 0.198286399900
16.00 0.40688146985598445 0.0000000059778837 0.0000849085398793 0.0000849085398800 0.0743783624341202 0.0744906850774989 0.0744906850774990 0.1321148518988968 0.1321148518988970 0.1334816176853652 0.1914520350797683
16.25 0.41022221076315113 1.00 1000.000000000000 0.000068713567 316.227766000000 0.000169141320 100.000000000000 0.000823394812 31.622776600000 0.003425569236 10.000000000000 0.013951996000 3.162277660000 0.056909313560 1.000000000000 0.198286399900
16.50 0.41354437015471773 0.0000000310345146 0.0002690347405834 0.0002690347406447 0.0548833696045005 0.0548833696046260 0.0585255128273620 0.1170694047861231 0.1170694047861860 0.1205680726330868 0.1740381342253776
16.75 0.41684854967056112 -0.0000000006692997 0.0006937844332523 0.0006937844333491 0.0468210060233800 0.0468210060235682 0.0531147734394238 0.1099908930967386 0.1099908930968349 0.1154375456554521 0.1662834892445463
17.00 0.42013533111630319 -0.0000000000687480 0.0014022055684607 0.0014022055684671 0.0403200045569532 0.0403200045569653 0.0511861604071182 0.1039815440401954 0.1039815440402007 0.1124859450190006 0.1587097403208259
17.25 0.42340527751290741 0.0000000001079932 0.0024522262602860 0.0024522262602865 0.0357313110906201 0.0357313110906212 0.0537215827209928 0.0992704513764718 0.0992704513764724 0.1121683447802518 0.1513661897608342
17.50 0.42665893407900496 1.00 1000.000000000000 0.000068713567 316.227766000000 0.000169141320 100.000000000000 0.000823394812 31.622776600000 0.003425569236 10.000000000000 0.013951996000 3.162277660000 0.056909313560 1.000000000000 0.198286399900
17.75 0.42989682915123001 1.00 1000.000000000000 0.000068713567 316.227766000000 0.000169141320 100.000000000000 0.000823394812 31.622776600000 0.003425569236 10.000000000000 0.013951996000 3.162277660000 0.056909313560 1.000000000000 0.198286399900
18.00 0.43311947504735931 1.00 1000.000000000000 0.000068713567 316.227766000000 0.000169141320 100.000000000000 0.000823394812 31.622776600000 0.003425569236 10.000000000000 0.013951996000 3.162277660000 0.056909313560 1.000000000000 0.198286399900
18.25 0.43632736887662232 -0.0000000000356623 0.0091400358069480 0.0091400358069495 0.0301558113863867 0.0301558113863875 0.0892192300462939 0.0892192300462941 0.0944039319547535 0.1259203728122167 0.1259203728122174
18.50 0.43952099330116196 0.0000000013645161 0.0111628280192101 0.0111628280192107 0.0296739673501929 0.0296739673501931 0.0873568777842041 0.0873568777842057 0.1068029113580007 0.1215540171708688 0.1215540171708696
18.75 0.44270081725227745 -0.0000000000509475 0.0132687732823524 0.0132687732823527 0.0290315177882293 0.0290315177882297 0.0853653672891658 0.0853653672891671 0.1183449473144295 0.1183449473144305 0.1189064072159926
19.00 0.44586729660476643 0.0000000013877095 0.0154386648453721 0.0154386648453733 0.0281503873796495 0.0281503873796498 0.0831508612911895 0.0831508612911909 0.1163270605084101 0.1163270605084103 0.1304838086988506
19.25 0.44902087481240505 -0.0000000003114792 0.0176511719333995 0.0176511719333998 0.0270263803504294 0.0270263803504299 0.0806568587011158 0.0806568587011177 0.1154473424637607 0.1154473424637619 0.1413015799100203
19.50 0.45216198350734593 -0.0000000034635159 0.0198804362955597 0.0198804362955598 0.0257084498129706 0.0257084498129708 0.0778597950231607 0.0778597950231608 0.1155855292542759 0.1155855292542772 0.1465570645646153
19.75 0.45529104306598517 0.0000000002445664 0.0220935816049495 0.0220935816049500 0.0242749255378763 0.0242749255378766 0.0747668666524147 0.0747668666524164 0.1165784885920967 0.1165784885920970 0.1441906108380906
20.00 0.45840846314364242 -0.0000000003331681 0.0228116400569685 0.0228116400569685 0.0242470962544510 0.0242470962544519 0.0714152429020673 0.0714152429020694 0.1182421987240490 0.1182421987240494 0.1374458383713601
20.25 0.46151464318020630 -0.1400084757709097 -0.0578886556976771 -0.0578886556976769 -0.0390197919466299 -0.0390197919466281 -0.0000000011026313 -0.0000000011026304 0.0147437247137421 0.0182672897949063 0.0182672897949065
20.50 0.46460997287872730 0.0000000023073906 0.0200916599050009 0.0200916599050009 0.0281064986021140 0.0281064986021146 0.0642496380757006 0.0642496380757007 0.1228175709055862 0.1228175709055873 0.1250204325602138
20.75 0.46769483265878409 -0.0000000009915761 0.0189406762010064 0.0189406762010074 0.0295895914668023 0.0295895914668028 0.0607038204182515 0.0607038204182525 0.1194161811491404 0.1253401356215605 0.1253401356215623
21.00 0.47076959408630886 -0.0000000022719186 0.0179701728170307 0.0179701728170308 0.0305221114328231 0.0305221114328236 0.0574747330006360 0.0574747330006374 0.1141627223337970 0.1277451503917238 0.1277451503917241
21.25 0.47383462028142359 0.0000000035542056 0.0171921875696843 0.0171921875696845 0.0306149632693202 0.0306149632693205 0.0548846030672014 0.0548846030672026 0.1091948184533013 0.1298078732049026 0.1298078732049036
21.50 0.47689026630572684 0.0000000000216339 0.0166072506034290 0.0166072506034296 0.0295876128179533 0.0295876128179537 0.0532487235344476 0.0532487235344478 0.1044378567447779 0.1313006712042517 0.1313006712042530
21.75 0.47993687953036013 0.0000000017289836 0.0162073436920609 0.0162073436920616 0.0273768446153642 0.0273768446153645 0.0526663075503321 0.0526663075503335 0.0998143952727468 0.1320406615920884 0.1320406615920889
22.00 0.48297479998608267 -0.0000000002920074 0.0159783329877288 0.0159783329877292 0.0242108455196632 0.0242108455196644 0.0529459614499121 0.0529459614499132 0.0952510614871152 0.1319561091000660 0.1319561091000666
22.25 0.48600436069649899 0.0000000005454551 0.0159020804605139 0.0159020804605140 0.0204242062868657 0.0204242062868666 0.0537904217268722 0.0537904217268725 0.0906852610490946 0.1268286274928101 0.1311085870690146
22.50 0.48902588799549546 0.0000000035322212 0.0159580493803155 0.0159580493803158 0.0162921531352043 0.0162921531352050 0.0549618419660849 0.0549618419660859 0.0860703848156857 0.1204600455202128 0.1269493693626311
22.75 0.49203970182987000 0.0000000036985653 0.0120009644046783 0.0120009644046792 0.0161245754054591 0.0161245754054597 0.0563108660882446 0.0563108660882454 0.0813785846759736 0.1144584237987206 0.1224858630290705
23.00 0.49504611604806875 0.0000000017236469 0.0076721923520156 0.0076721923520164 0.0163798415383855 0.0163798415383873 0.0577518739572436 0.0577518739572440 0.0766008289049847 0.1088335252748665 0.1181623447888170
23.25 0.49804543867587991 -0.0000000009727685 0.0033872447522230 0.0033872447522238 0.0167026036747372 0.0167026036747374 0.0592378793291060 0.0592378793291066 0.0717448046522489 0.1035880959801922 0.1139793556762189
23.50 0.50103797217987622 -0.0007970119298595 0.0000000004624794 0.0000000004624809 0.0170727546217851 0.0170727546217855 0.0607445255753439 0.0607445255753448 0.0668316648412592 0.0987217951234127 0.1099346645155301
23.75 0.50402401371934424 -0.0048392931382317 0.0000000021097394 0.0000000021097400 0.0174717744313788 0.0174717744313795 0.0618927300855971 0.0622608631224134 0.0622608631224137 0.0942335641227810 0.1060242535926308
24.00 0.50700385538738835 -0.0087086936700691 0.0000000002527508 0.0000000002527511 0.0178831645468035 0.0178831645468038 0.0569669197485561 0.0637841255024666 0.0637841255024672 0.0901231880644711 0.1022432798593203
24.25 0.50997778444185260 -0.1605392132104198 -0.0943170689932051 -0.0943170689932051 -0.0407642285716141 -0.0407642285716139 -0.0244063869621087 -0.0244063869621075 0.0000000002084794 0.0000000002084798 0.0059766099427342
24.50 0.51294608352666027 -0.1615257401724088 -0.0989311071174406 -0.0989311071174399 -0.0418571133127407 -0.0418571133127402 -0.0258899152486696 -0.0258899152486693 -0.0000000005151249 -0.0000000005151241 0.0057652449482258
24.75 0.51590903088413309 -0.0190665445306393 -0.0000000005565218 -0.0000000005564957 0.0190664981514243 0.0190664981515180 0.0427468853371956 0.0684369346386470 0.0684369346386870 0.0800899902311923 0.0916353040262372
25.00 0.51886690055881535 -0.0220511291422575 -0.0000000013506850 -0.0000000013506844 0.0194194057083989 0.0194194057083991 0.0383835896433026 0.0700446088070021 0.0700446088070034 0.0775366960749403 0.0883391308554075
25.25 0.52181996259329522 -0.0000000005502494 0.0175265421928853 0.0175265421928857 0.0272555730713646 0.0272555730713655 0.0535563132919766 0.0640414970350112 0.0640414970350120 0.0866622808103784 0.1093574315627032
25.50 0.52476848321648584 -0.0000000004441835 0.0198986643463290 0.0198986643463299 0.0266972092836917 0.0266972092836927 0.0521032004829605 0.0655273431857839 0.0655273431857847 0.0889225269683731 0.1138606392491218
25.75 0.52771272502479782 0.0000000001351310 0.0219414414399380 0.0219414414399393 0.0260013189118179 0.0260013189118181 0.0504893667237780 0.0670146632301984 0.0670146632301989 0.0910194509655786 0.1124831158907000
26.00 0.53065294715660993 -0.0000000002165121 0.0236685306666584 0.0236685306666591 0.0251864078586898 0.0251864078586906 0.0487278988304257 0.0685060116937502 0.0685060116937513 0.0929096435086899 0.1101801295816738
26.25 0.53358940546042311 -0.0000000008403847 0.0242681762240642 0.0242681762240644 0.0250949132512546 0.0250949132512569 0.0468312944238832 0.0700085349444751 0.0700085349444763 0.0944991073203264 0.1080603167348186
26.50 0.53652235265705239 -0.0000000017626825 0.0232615346684283 0.0232615346684294 0.0262368724840188 0.0262368724840194 0.0448112891966917 0.0715350851004972 0.0715350851004976 0.0955806046465427 0.1063540661918927
26.75 0.53945203849620049 -0.0352747484632998 -0.0000000010950096 -0.0000000010950094 0.0214037128959582 0.0219699055336833 0.0219699055336861 0.0697435657964852 0.0714182321006816 0.0838437682912731 0.0838437682912734
27.00 0.54237870990772830 -0.0360129324652421 0.0000000000641774 0.0000000000641775 0.0217419155793325 0.0225009832813690 0.0225009832813694 0.0679854304489607 0.0718430997732917 0.0863711141384477 0.0863711141384482
27.25 0.54530261114792489 -0.0364989355423292 -0.0000000002100051 -0.0000000002100045 0.0227006287253450 0.0230647662519192 0.0230647662519201 0.0664825203966854 0.0723296922777733 0.0871774298801307 0.0871774298801308
27.50 0.54822398394106098 -0.1681737908501213 -0.1405709992330721 -0.1405709992330716 -0.0687411167760374 -0.0687411167760363 -0.0102563473593712 -0.0102563473593704 0.0000000000042037 0.0000000000042060 0.0029090017981178
27.75 0.55114306761649301 -0.0368456102957410 -0.0000000009356293 -0.0000000009356290 0.0241766934445035 0.0241766934445061 0.0258765442422625 0.0641649109442977 0.0731781958796783 0.0858905603382384 0.0858905603382395
28.00 0.55406009924157285 -0.1692467243931975 -0.1442145052031741 -0.1442145052031738 -0.0720225937713415 -0.0720225937713400 -0.0059053682280241 -0.0059053682280229 0.0000000160380703 0.0000000160380712 0.0035620552204419
28.25 0.55697531375060216 -0.0365930872260096 -0.0000000001353212 -0.0000000001353201 0.0250902279038420 0.0250902279038423 0.0295924117181297 0.0626175521568718 0.0736885916914158 0.0853682761658291 0.0853682761658298
28.50 0.55988894407005929 0.0000000008909824 0.0153339784989236 0.0153339784989239 0.0262993278554253 0.0287710688620570 0.0287710688620576 0.0792365067270625 0.0887725200538546 0.0887725200538561 0.1092413054973511
28.75 0.56280122124031395 -0.0000000000364891 0.0153934486733356 0.0153934486733361 0.0250889648962707 0.0291989887556757 0.0291989887556758 0.0756712378931430 0.0921808626343786 0.0921808626343808 0.1077784454976189
29.00 0.56571237453403433 0.0000000000957106 0.0161748499164711 0.0161748499164714 0.0252970547096376 0.0298192622647089 0.0298192622647091 0.0720553507176434 0.0956162160460109 0.0956162160460112 0.1062691448878816
29.25 0.56862263157148163 0.0000000000680844 0.0177597969204046 0.0177597969204048 0.0272355465514414 0.0304516726385461 0.0304516726385463 0.0687375538220894 0.0987190764462291 0.0987190764462298 0.1049497010128730
29.50 0.57153221843287527 0.0000000002340080 0.0200502519143532 0.0200502519143552 0.0306622871864239 0.0309118498264093 0.0309118498264106 0.0660111044691763 0.1012722366103504 0.1012722366103517 0.1041149559088094
29.75 0.57444135976800692 1.00 1000.000000000000 0.000068713567 316.227766000000 0.000169141320 100.000000000000 0.000823394812 31.622776600000 0.003425569236 10.000000000000 0.013951996000 3.162277660000 0.056909313560 1.000000000000 0.198286399900
30.00 0.57735027890326807 -0.1776578864322982 -0.1467645800776678 -0.1467645800776638 -0.0811294119834653 -0.0811294119834642 -0.0000000000258916 -0.0000000000258835 0.0116408857339614 0.0121019864300838 0.0121019864300866
30.25 0.58025919794625369 -0.0349692163005447 0.0000000000361253 0.0000000000361257 0.0253637004610984 0.0253637004610999 0.0301341085434129 0.0637844577250318 0.0773442967397578 0.0898928351894189 0.0898928351894189
30.50 0.58316833788809341 -0.1803150138426950 -0.1452596928958677 -0.1452596928958632 -0.0826129548281045 -0.0826129548281040 -0.0000000026721068 -0.0000000026721059 0.0147137403970924 0.0164223356202676 0.0164223356202684
30.75 0.58607791870365555 -0.0350432852893340 0.0000000017527395 0.0000000017527851 0.0251181090171110 0.0251181090171207 0.0304729851644967 0.0668864049881684 0.0800945020448816 0.0922547142945167 0.0922547142946961
31.00 0.58898815944976501 0.0000000000411922 0.0307289620745953 0.0307289620745959 0.0400106751792432 0.0400106751792444 0.0607533659940219 0.0615765136982205 0.1086197522611869 0.1086197522611887 0.1100681996739171
31.25 0.59189927836156764 -0.0350466894270652 0.0000000017895031 0.0000000017895051 0.0252697190400667 0.0252697190400672 0.0333699003780036 0.0712244980729356 0.0831667800612161 0.0950246986160322 0.0950246986160332
31.50 0.59481149294717062 -0.1854960933782965 -0.1410499358862551 -0.1410499358862538 -0.0848789325505857 -0.0848789325505849 -0.0000000009919253 -0.0000000009919248 0.0207868137939788 0.0207868137939803 0.0213883693690784
31.75 0.59772502008068074 -0.0349713269899366 -0.0000000016910058 -0.0000000016907932 0.0259128488626530 0.0259128488627103 0.0379728629897282 0.0763404555515943 0.0860853524429901 0.0941887360260581 0.0941887360262211
32.00 0.60064007609376124 -0.0000000000312700 0.0307138029271759 0.0307138029271766 0.0543014917538961 0.0543014917538986 0.0651129725352316 0.0804869041154170 0.1105586576160452 0.1105586576160462 0.1187677107475250
32.25 0.60355687686581816 0.0000000000721720 0.0308542388430090 0.0308542388430093 0.0577866499401903 0.0577866499401909 0.0664375983282030 0.0851134266703557 0.1109054017039023 0.1109054017039026 0.1201770308493461
32.50 0.60647563791293169 0.0000000003945977 0.0310536565570312 0.0310536565570313 0.0612219903630916 0.0612219903630931 0.0678940187464567 0.0896020775892548 0.1112149555555835 0.1112149555555840 0.1212291389660377
32.75 0.60939657447563289 0.0000000004625684 0.0313101653371169 0.0313101653371173 0.0646032353639549 0.0646032353639557 0.0694650986856244 0.0939480112717982 0.1114931036472980 0.1114931036472981 0.1223242232504687
33.00 0.61231990160563299 1.00 1000.000000000000 0.000068713567 316.227766000000 0.000169141320 100.000000000000 0.000823394812 31.622776600000 0.003425569236 10.000000000000 0.013951996000 3.162277660000 0.056909313560 1.000000000000 0.198286399900
33.25 0.61524583425160395 1.00 1000.000000000000 0.000068713567 316.227766000000 0.000169141320 100.000000000000 0.000823394812 31.622776600000 0.003425569236 10.000000000000 0.013951996000 3.162277660000 0.056909313560 1.000000000000 0.198286399900
33.50 0.61817458734410646 1.00 1000.000000000000 0.000068713567 316.227766000000 0.000169141320 100.000000000000 0.000823394812 31.622776600000 0.003425569236 10.000000000000 0.013951996000 3.162277660000 0.056909313560 1.000000000000 0.198286399900
33.75 0.62110637587975959 1.00 1000.000000000000 0.000068713567 316.227766000000 0.000169141320 100.000000000000 0.000823394812 31.622776600000 0.003425569236 10.000000000000 0.013951996000 3.162277660000 0.056909313560 1.000000000000 0.198286399900
34.00 0.62404141500474464 1.00 1000.000000000000 0.000068713567 316.227766000000 0.000169141320 100.000000000000 0.000823394812 31.622776600000 0.003425569236 10.000000000000 0.013951996000 3.162277660000 0.056909313560 1.000000000000 0.198286399900
34.25 0.62697992009773107 1.00 1000.000000000000 0.000068713567 316.227766000000 0.000169141320 100.000000000000 0.000823394812 31.622776600000 0.003425569236 10.000000000000 0.013951996000 3.162277660000 0.056909313560 1.000000000000 0.198286399900
34.50 0.62992210685231265 1.00 1000.000000000000 0.000068713567 316.227766000000 0.000169141320 100.000000000000 0.000823394812 31.622776600000 0.003425569236 10.000000000000 0.013951996000 3.162277660000 0.056909313560 1.000000000000 0.198286399900
34.75 0.63286819135903882 1.00 1000.000000000000 0.000068713567 316.227766000000 0.000169141320 100.000000000000 0.000823394812 31.622776600000 0.003425569236 10.000000000000 0.013951996000 3.162277660000 0.056909313560 1.000000000000 0.198286399900
35.00 0.63581839018712483 1.00 1000.000000000000 0.000068713567 316.227766000000 0.000169141320 100.000000000000 0.000823394812 31.622776600000 0.003425569236 10.000000000000 0.013951996000 3.162277660000 0.056909313560 1.000000000000 0.198286399900
35.25 0.63877292046592293 1.00 1000.000000000000 0.000068713567 316.227766000000 0.000169141320 100.000000000000 0.000823394812 31.622776600000 0.003425569236 10.000000000000 0.013951996000 3.162277660000 0.056909313560 1.000000000000 0.198286399900
35.50 0.64173199996623487 1.00 1000.000000000000 0.000068713567 316.227766000000 0.000169141320 100.000000000000 0.000823394812 31.622776600000 0.003425569236 10.000000000000 0.013951996000 3.162277660000 0.056909313560 1.000000000000 0.198286399900
35.75 0.64469584718154593 -0.0000000005822489 0.0376668587332578 0.0376668587332589 0.0930849822070520 0.1003151803681852 0.1003151803681853 0.1134753964421365 0.1134753964421376 0.1346430466737134 0.1373209903669374
36.00 0.64766468140925815 0.0000000006703282 0.0383667103272614 0.0383667103272629 0.0952129653959056 0.1028661528758368 0.1028661528758384 0.1135743734189839 0.1135743734189842 0.1371623063452166 0.1386300223292250
36.25 0.65063872283200119 -0.0410120592633591 0.0000000055648209 0.0000000055648232 0.0429322949388042 0.0429322949388058 0.0804757156678027 0.0936986782539024 0.0936986782539027 0.1029677414126663 0.1197457303472258
36.50 0.65361819259909770 1.00 1000.000000000000 0.000068713567 316.227766000000 0.000169141320 100.000000000000 0.000823394812 31.622776600000 0.003425569236 10.000000000000 0.013951996000 3.162277660000 0.056909313560 1.000000000000 0.198286399900
36.75 0.65660331290825846 1.00 1000.000000000000 0.000068713567 316.227766000000 0.000169141320 100.000000000000 0.000823394812 31.622776600000 0.003425569236 10.000000000000 0.013951996000 3.162277660000 0.056909313560 1.000000000000 0.198286399900
37.00 0.65959430708758449 1.00 1000.000000000000 0.000068713567 316.227766000000 0.000169141320 100.000000000000 0.000823394812 31.622776600000 0.003425569236 10.000000000000 0.013951996000 3.162277660000 0.056909313560 1.000000000000 0.198286399900
37.25 0.66259139967795155 -0.2071098818909276 -0.1118428342096724 -0.1118428342096713 -0.0870772540057946 -0.0870772540057932 -0.0171119168261655 -0.0171119168261647 0.0000000021155614 0.0000000021155620 0.0214895925731277
37.50 0.66559481651585173 -0.0446393715588101 -0.0000000000132949 -0.0000000000132934 0.0491890525551109 0.0491890525551119 0.0860845307836979 0.0967293576813960 0.0967293576813967 0.1061728328314130 0.1213747645066002
37.75 0.66860478481676788 -0.0000000004327897 0.0434481584300248 0.0434481584300251 0.1098849167404707 0.1140964074784522 0.1140964074784526 0.1188553435283563 0.1188553435283564 0.1475946878863772 0.1475946878863945
38.00 0.67162153325915808 -0.0000000000111865 0.0441716167974531 0.0441716167974549 0.1119095611051637 0.1141493763037585 0.1141493763037593 0.1208705644436762 0.1208705644436768 0.1488219132871327 0.1488219153858907
38.25 0.67464529206912238 -0.0468954947584806 -0.0000000015704515 -0.0000000015704515 0.0530979146334107 0.0530979146334128 0.0879575513175224 0.0986216269863478 0.0986216269863486 0.1078988296613646 0.1212893146244740
38.50 0.67767629310583211 -0.2102455204397740 -0.1072152128913050 -0.1072152128913041 -0.0862185797214112 -0.0862185797214100 -0.0217370978449243 -0.0217370978449235 0.0000000000469693 0.0000000000469718 0.0146726964379625
38.75 0.68071476994779589 -0.2108143622843121 -0.1064121750619176 -0.1064121750619171 -0.0860222882021583 -0.0860222882021580 -0.0224966153372787 -0.0224966153372787 -0.0000000000314296 -0.0000000000314278 0.0133812831041279
39.00 0.68376095798003989 -0.0491127496808359 -0.0000000000237562 -0.0000000000237558 0.0570988819255080 0.0570988819255090 0.0889096232446655 0.1004825364609907 0.1004825364609909 0.1094790245021216 0.1204403661186561
39.25 0.68681509448228206 -0.2118933223170174 -0.1049304183519198 -0.1049304183519198 -0.0856140897432984 -0.0856140897432982 -0.0238580708851410 -0.0238580708851400 0.0000000003758160 0.0000000003758169 0.0109001447198178
39.50 0.68987741871817743 -0.2124031573182134 -0.1042513498433714 -0.1042513498433612 -0.0854044841002827 -0.0854044841002617 -0.0244628289137593 -0.0244628289137532 0.0000000034224997 0.0000000034225068 0.0097157326934309
39.75 0.69294817202571524 -0.0512221845271462 0.0000000000795082 0.0000000000795105 0.0611726454902505 0.0611726454902505 0.0891634907360351 0.1022548373978429 0.1022548373978433 0.1109090638513762 0.1188883798123797
40.00 0.69602759790885060 -0.2133626680919388 -0.1030147128126855 -0.1030147128126848 -0.0849801381213535 -0.0849801381213527 -0.0255287680461483 -0.0255287680461480 0.0000000000632886 0.0000000000632896 0.0074702671678988
40.25 0.69911594213045092 -0.2138118890609546 -0.1024558321044720 -0.1024558321044711 -0.0847677716389427 -0.0847677716389419 -0.0259937291988293 -0.0259937291988292 -0.0000000023226738 -0.0000000023226727 0.0064129589228634
40.50 0.70221345280664171 -0.2142404324313061 -0.1019354806070972 -0.1019354806070970 -0.0845568773857147 -0.0845568773857129 -0.0264160889258547 -0.0264160889258530 -0.0000000064532408 -0.0000000064532403 0.0054014574963473
40.75 0.70532038050263912 -0.2146479954108818 -0.1014526725136181 -0.1014526725136161 -0.0843486386176878 -0.0843486386176872 -0.0267980128049958 -0.0267980128049954 -0.0000000001084163 -0.0000000001084159 0.0044372347358177
41.00 0.70843697833015451 -0.2150343453644472 -0.1010063636448935 -0.1010063636448930 -0.0841442784867401 -0.0841442784867400 -0.0271417794815662 -0.0271417794815642 -0.0000000000023912 -0.0000000000023901 0.0035216018146065
41.25 0.71156350204645979 -0.2153991737498997 -0.1005954014526406 -0.1005954014526386 -0.0839449762587879 -0.0839449762587869 -0.0274496876053634 -0.0274496876053614 0.0000000020733605 0.0000000020733619 0.0026557838426744
41.50 0.71470021015520846 -0.2157422039614505 -0.1002185973924204 -0.1002185973924191 -0.0837519165263404 -0.0837519165263398 -0.0277240778791383 -0.0277240778791371 0.0000000001799686 0.0000000001799689 0.0018408897486138
41.75 0.71784736400909988 -0.2160631234605193 -0.0998747099907611 -0.0998747099907589 -0.0835662445395378 -0.0835662445395375 -0.0279672714763810 -0.0279672714763800 0.0000000022488324 0.0000000022488330 0.0010779495642847
42.00 0.72100522791448773 -0.2163616546421189 -0.0995624948738621 -0.0995624948738616 -0.0833890935251972 -0.0833890935251957 -0.0281815808463347 -0.0281815808463346 0.0000000034621375 0.0000000034621391 0.0003678923670056
42.25 0.72417406923802852 -0.2166375264646563 -0.0992807152861210 -0.0992807152861208 -0.0832215601189031 -0.0832215601189024 -0.0283692650254106 -0.0283692650254090 -0.0002884327739627 -0.0000000011725483 -0.0000000011725480
42.50 0.72735415851547003 -0.2168904346090741 -0.0990281408415931 -0.0990281408408773 -0.0830646764752987 -0.0830646764749007 -0.0285324788374088 -0.0285324788373947 -0.0008902357346708 0.0000000000117083 0.0000000000120634
42.75 0.73054576956268569 -0.2171201339088079 -0.0988036045733125 -0.0988036045733110 -0.0829194444964042 -0.0829194444964032 -0.0286733028515109 -0.0286733028515107 -0.0014368189524927 0.0000000000609346 0.0000000000609364
43.00 0.73374917958905994 -0.2173263753922469 -0.0986059892718989 -0.0986059892718971 -0.0827867944983300 -0.0827867944983281 -0.0287936799351335 -0.0287936799351293 -0.0019275498229578 -0.0000000004511033 -0.0000000004511005
43.25 0.73696466931333482 -0.0581421621051963 -0.0000000010477381 -0.0000000010477379 0.0800318740846031 0.0800318740846040 0.0869147047098288 0.1055855906559236 0.1055855906559238 0.1081086427690649 0.1081086427690653
43.50 0.74019252308203054 0.0000000003186944 0.0555049000336908 0.0555049000336931 0.1144565519216034 0.1144565519216041 0.1443747082918905 0.1475030762980185 0.1475030762980190 0.1675577012013609 0.1675577012013664
43.75 0.74343302899055930 -0.0000000031394147 0.0556984022781096 0.0556984022781111 0.1144534830671150 0.1144534830671152 0.1449822745714409 0.1478928780671616 0.1478928780671616 0.1678767103304793 0.1678767103853718
44.00 0.74668647900714824 -0.0000000005753951 0.0558573518105470 0.0558573518105470 0.1144507477509047 0.1144507477509062 0.1454842957859931 0.1482115294673488 0.1482115294673501 0.1681388606072746 0.1681388608051884
44.25 0.74995316909970178 0.0000000003073028 0.0559813682754261 0.0559813682754264 0.1144484763254096 0.1144484763254097 0.1458779159576603 0.1484591836231656 0.1484591836231664 0.1683434669359079 0.1683434670606017
44.50 0.75323339936572720 0.0000000001573653 0.0560701598521003 0.0560701598521004 0.1144467756616718 0.1144467756616719 0.1461608097101572 0.1486359734112149 0.1486359734112158 0.1684899977457571 0.1684899980511461
44.75 0.75652747416546084 -0.0000000001873787 0.0561235184826262 0.0561235184826264 0.1144457240237400 0.1144457240237400 0.1463312539019026 0.1487420035691916 0.1487420035691917 0.1685780706253490 0.1685780706438160
45.00 0.75983570225832975 0.0000000011049796 0.0561413200583871 0.0561413200583886 0.1144453691951303 0.1144453691951313 0.1463881895664430 0.1487773398754517 0.1487773398754517 0.1686074555801206 0.1686074560188636
45.25 0.76315839694289456 0.0000000001157481 0.0561235185097046 0.0561235185097049 0.1144457239364091 0.1144457239364093 0.1463312540338818 0.1487420027297960 0.1487420027297980 0.1685780709228404 0.1685780710403883
45.50 0.76649587620041937 0.0000000003808316 0.0560701602241141 0.0560701602241152 0.1144467759405421 0.1144467759405433 0.1461608101359464 0.1486359734162451 0.1486359734162458 0.1684899983565890 0.1684899984328804
45.75 0.76984846284222430 0.0000000021844040 0.0559813704860943 0.0559813704860954 0.1144484772848433 0.1144484772848441 0.1458779184043651 0.1484591847252958 0.1484591847252970 0.1683434693045093 0.1683434698947044
46.00 0.77321648466098036 -0.0000000021457347 0.0558573506671280 0.0558573506671281 0.1144507464787647 0.1144507464787648 0.1454842944975262 0.1482115289776491 0.1482115289776505 0.1681388584532485 0.1681388598516936
46.25 0.77660027458611014 0.0000000052072120 0.0556984118190827 0.0556984118190828 0.1144534873568821 0.1144534873568821 0.1449822847310462 0.1478928839003184 0.1478928839003193 0.1678767209050458 0.1678767214072044
46.50 0.78000017084346973 -0.0000000007142329 0.0555048995350328 0.0555048995350334 0.1144565508302882 0.1144565508302908 0.1443747079298636 0.1475030761106556 0.1475030761106579 0.1675577004676073 0.1675577008853546
46.75 0.78341651711948912 0.0000000002531502 0.0552772880953400 0.0552772880953404 0.1144597878826330 0.1144597878826335 0.1436648681209470 0.1470419506722077 0.1470419506722078 0.1671826352019674 0.1671826354106632
47.00 0.78684966272995749 -0.0000000008842081 0.0550160992585615 0.0550160992585615 0.1144630103114513 0.1144630103114516 0.1428563762093094 0.1465093377321356 0.1465093377321363 0.1667524576819868 0.1667524583137039
47.25 0.79029996279364645 1.00 1000.000000000000 0.000068713567 316.227766000000 0.000169141320 100.000000000000 0.000823394812 31.622776600000 0.003425569236 10.000000000000 0.013951996000 3.162277660000 0.056909313560 1.000000000000 0.198286399900
47.50 0.79376777841097601 1.00 1000.000000000000 0.000068713567 316.227766000000 0.000169141320 100.000000000000 0.000823394812 31.622776600000 0.003425569236 10.000000000000 0.013951996000 3.162277660000 0.056909313560 1.000000000000 0.198286399900
47.75 0.79725347684792980 1.00 1000.000000000000 0.000068713567 316.227766000000 0.000169141320 100.000000000000 0.000823394812 31.622776600000 0.003425569236 10.000000000000 0.013951996000 3.162277660000 0.056909313560 1.000000000000 0.198286399900
48.00 0.80075743172543956 1.00 1000.000000000000 0.000068713567 316.227766000000 0.000169141320 100.000000000000 0.000823394812 31.622776600000 0.003425569236 10.000000000000 0.013951996000 3.162277660000 0.056909313560 1.000000000000 0.198286399900
48.25 0.80428002321446923 1.00 1000.000000000000 0.000068713567 316.227766000000 0.000169141320 100.000000000000 0.000823394812 31.622776600000 0.003425569236 10.000000000000 0.013951996000 3.162277660000 0.056909313560 1.000000000000 0.198286399900
48.50 0.80782163823703412 1.00 1000.000000000000 0.000068713567 316.227766000000 0.000169141320 100.000000000000 0.000823394812 31.622776600000 0.003425569236 10.000000000000 0.013951996000 3.162277660000 0.056909313560 1.000000000000 0.198286399900
48.75 0.81138267067340353 1.00 1000.000000000000 0.000068713567 316.227766000000 0.000169141320 100.000000000000 0.000823394812 31.622776600000 0.003425569236 10.000000000000 0.013951996000 3.162277660000 0.056909313560 1.000000000000 0.198286399900
49.00 0.81496352157574936 1.00 1000.000000000000 0.000068713567 316.227766000000 0.000169141320 100.000000000000 0.000823394812 31.622776600000 0.003425569236 10.000000000000 0.013951996000 3.162277660000 0.056909313560 1.000000000000 0.198286399900
49.25 0.81856459938850701 1.00 1000.000000000000 0.000068713567 316.227766000000 0.000169141320 100.000000000000 0.000823394812 31.622776600000 0.003425569236 10.000000000000 0.013951996000 3.162277660000 0.056909313560 1.000000000000 0.198286399900
49.50 0.82218632017573356 1.00 1000.000000000000 0.000068713567 316.227766000000 0.000169141320 100.000000000000 0.000823394812 31.622776600000 0.003425569236 10.000000000000 0.013951996000 3.162277660000 0.056909313560 1.000000000000 0.198286399900
49.75 0.82582910785575958 1.00 1000.000000000000 0.000068713567 316.227766000000 0.000169141320 100.000000000000 0.000823394812 31.622776600000 0.003425569236 10.000000000000 0.013951996000 3.162277660000 0.056909313560 1.000000000000 0.198286399900
50.00 0.82949339444344139 -0.0518908828194837 -0.0000000004341317 -0.0000000004341297 0.0625429824289974 0.0625429824289981 0.0891324419245149 0.1028173237949356 0.1028173237949357 0.1113510756705985 0.1182291005493807
50.25 0.83317962030033754 -0.2128930141901387 -0.1036129764084538 -0.1036129764084492 -0.0851927735537077 -0.0851927735537055 -0.0250191240254296 -0.0250191240254283 -0.0000000002002884 -0.0000000002002876 0.0085717772377719
50.50 0.83688823439314863 -0.2124031619290999 -0.1042513497259596 -0.1042513497259594 -0.0854044855503295 -0.0854044855503288 -0.0244628332085963 -0.0244628332085953 -0.0000000000232805 -0.0000000000232792 0.0097157265410839
50.75 0.84061969456077290 1.00 1000.000000000000 0.000068713567 316.227766000000 0.000169141320 100.000000000000 0.000823394812 31.622776600000 0.003425569236 10.000000000000 0.013951996000 3.162277660000 0.056909313560 1.000000000000 0.198286399900
51.00 0.84437446779034697 -0.2113636650813186 -0.1056506037979408 -0.1056506037979403 -0.0858204074649474 -0.0858204074649469 -0.0232031637632239 -0.0232031637632224 -0.0000000000550191 -0.0000000000550190 0.0121228213459979
51.25 0.84815303050266300 -0.2108143569750789 -0.1064121724741171 -0.1064121724741149 -0.0860222852094322 -0.0860222852094282 -0.0224966136168524 -0.0224966136168506 0.0000000000225741 0.0000000000225752 0.0133812804120249
51.50 0.85195586884736429 -0.0476425125457616 0.0000000000947245 0.0000000000947248 0.0544222588271882 0.0544222588271891 0.0883667266943549 0.0992484476193850 0.0992484476193867 0.1084418880312024 0.1210887484077970
51.75 0.85578347900834917 -0.2096573207217700 -0.1080596927185414 -0.1080596927174963 -0.0864084749027421 -0.0864084749020497 -0.0209235862812970 -0.0209235862812442 -0.0000001685880519 -0.0000001685872677 0.0159935440946074
52.00 0.85963636751982619 -0.0461440735690939 0.0000000016186939 0.0000000016186955 0.0517838051316536 0.0517838051316559 0.0874456652253366 0.0979912343278272 0.0979912343278281 0.1073396143622167 0.1214048061262966
52.25 0.86351505159349251 -0.2084224441493384 -0.1098713114396799 -0.1098713114396797 -0.0867627234124779 -0.0867627234124771 -0.0191303252282325 -0.0191303252282319 0.0000000000019893 0.0000000000019901 0.0187095236517166
52.50 0.86742005945732381 -0.2077759206272541 -0.1108374813317009 -0.1108374813316978 -0.0869255319859873 -0.0869255319859857 -0.0181494859667120 -0.0181494859667106 0.0000000002240269 0.0000000002240288 0.0200944956978559
52.75 0.87135193070649397 1.00 1000.000000000000 0.000068713567 316.227766000000 0.000169141320 100.000000000000 0.000823394812 31.622776600000 0.003425569236 10.000000000000 0.013951996000 3.162277660000 0.056909313560 1.000000000000 0.198286399900
53.00 0.87531121666696521 1.00 1000.000000000000 0.000068713567 316.227766000000 0.000169141320 100.000000000000 0.000823394812 31.622776600000 0.003425569236 10.000000000000 0.013951996000 3.162277660000 0.056909313560 1.000000000000 0.198286399900
53.25 0.87929848077231665 1.00 1000.000000000000 0.000068713567 316.227766000000 0.000169141320 100.000000000000 0.000823394812 31.622776600000 0.003425569236 10.000000000000 0.013951996000 3.162277660000 0.056909313560 1.000000000000 0.198286399900
53.50 0.88331429895441260 1.00 1000.000000000000 0.000068713567 316.227766000000 0.000169141320 100.000000000000 0.000823394812 31.622776600000 0.003425569236 10.000000000000 0.013951996000 3.162277660000 0.056909313560 1.000000000000 0.198286399900
53.75 0.88735926004853483 1.00 1000.000000000000 0.000068713567 316.227766000000 0.000169141320 100.000000000000 0.000823394812 31.622776600000 0.003425569236 10.000000000000 0.013951996000 3.162277660000 0.056909313560 1.000000000000 0.198286399900
54.00 0.89143396621364279 1.00 1000.000000000000 0.000068713567 316.227766000000 0.000169141320 100.000000000000 0.000823394812 31.622776600000 0.003425569236 10.000000000000 0.013951996000 3.162277660000 0.056909313560 1.000000000000 0.198286399900
54.25 0.89553903336845653 1.00 1000.000000000000 0.000068713567 316.227766000000 0.000169141320 100.000000000000 0.000823394812 31.622776600000 0.003425569236 10.000000000000 0.013951996000 3.162277660000 0.056909313560 1.000000000000 0.198286399900
54.50 0.89967509164409376 1.00 1000.000000000000 0.000068713567 316.227766000000 0.000169141320 100.000000000000 0.000823394812 31.622776600000 0.003425569236 10.000000000000 0.013951996000 3.162277660000 0.056909313560 1.000000000000 0.198286399900
54.75 0.90384278585403033 1.00 1000.000000000000 0.000068713567 316.227766000000 0.000169141320 100.000000000000 0.000823394812 31.622776600000 0.003425569236 10.000000000000 0.013951996000 3.162277660000 0.056909313560 1.000000000000 0.198286399900
55.00 0.90804277598219907 1.00 1000.000000000000 0.000068713567 316.227766000000 0.000169141320 100.000000000000 0.000823394812 31.622776600000 0.003425569236 10.000000000000 0.013951996000 3.162277660000 0.056909313560 1.000000000000 0.198286399900
55.25 0.91227573769007742 1.00 1000.000000000000 0.000068713567 316.227766000000 0.000169141320 100.000000000000 0.000823394812 31.622776600000 0.003425569236 10.000000000000 0.013951996000 3.162277660000 0.056909313560 1.000000000000 0.198286399900
55.50 0.91654236284366797 1.00 1000.000000000000 0.000068713567 316.227766000000 0.000169141320 100.000000000000 0.000823394812 31.622776600000 0.003425569236 10.000000000000 0.013951996000 3.162277660000 0.056909313560 1.000000000000 0.198286399900
55.75 0.92084336006132139 1.00 1000.000000000000 0.000068713567 316.227766000000 0.000169141320 100.000000000000 0.000823394812 31.622776600000 0.003425569236 10.000000000000 0.013951996000 3.162277660000 0.056909313560 1.000000000000 0.198286399900
56.00 0.92517945528340284 1.00 1000.000000000000 0.000068713567 316.227766000000 0.000169141320 100.000000000000 0.000823394812 31.622776600000 0.003425569236 10.000000000000 0.013951996000 3.162277660000 0.056909313560 1.000000000000 0.198286399900
56.25 0.92955139236486140 -0.0358047254546394 0.0000000004912382 0.0000000004912399 0.0318770034499795 0.0318770034499844 0.0598401769236180 0.0898846307559014 0.0898846307559049 0.0950568588074972 0.0985326054289617
56.50 0.93395993369181618 -0.1945619616116322 -0.1305158279520476 -0.1305158279520457 -0.0872885829380473 -0.0872885829380461 0.0000000003627312 0.0000000003627382 0.0049794896609524 0.0049794896609564 0.0325478974487759
56.75 0.93840586082334254 -0.0353096353585969 0.0000000007449707 0.0000000007449823 0.0300330096701987 0.0300330096702005 0.0545173063790614 0.0899343938903179 0.0899343938903669 0.0930316956818876 0.0931306979354984
57.00 0.94288997515969897 1.00 1000.000000000000 0.000068713567 316.227766000000 0.000169141320 100.000000000000 0.000823394812 31.622776600000 0.003425569236 10.000000000000 0.013951996000 3.162277660000 0.056909313560 1.000000000000 0.198286399900
57.25 0.94741309863831702 1.00 1000.000000000000 0.000068713567 316.227766000000 0.000169141320 100.000000000000 0.000823394812 31.622776600000 0.003425569236 10.000000000000 0.013951996000 3.162277660000 0.056909313560 1.000000000000 0.198286399900
57.50 0.95197607445894206 1.00 1000.000000000000 0.000068713567 316.227766000000 0.000169141320 100.000000000000 0.000823394812 31.622776600000 0.003425569236 10.000000000000 0.013951996000 3.162277660000 0.056909313560 1.000000000000 0.198286399900
57.75 0.95657976783940157 1.00 1000.000000000000 0.000068713567 316.227766000000 0.000169141320 100.000000000000 0.000823394812 31.622776600000 0.003425569236 10.000000000000 0.013951996000 3.162277660000 0.056909313560 1.000000000000 0.198286399900
58.00 0.96122506680355879 1.00 1000.000000000000 0.000068713567 316.227766000000 0.000169141320 100.000000000000 0.000823394812 31.622776600000 0.003425569236 10.000000000000 0.013951996000 3.162277660000 0.056909313560 1.000000000000 0.198286399900
58.25 0.96591288300310196 1.00 1000.000000000000 0.000068713567 316.227766000000 0.000169141320 100.000000000000 0.000823394812 31.622776600000 0.003425569236 10.000000000000 0.013951996000 3.162277660000 0.056909313560 1.000000000000 0.198286399900
58.50 0.97064415257492132 1.00 1000.000000000000 0.000068713567 316.227766000000 0.000169141320 100.000000000000 0.000823394812 31.622776600000 0.003425569236 10.000000000000 0.013951996000 3.162277660000 0.056909313560 1.000000000000 0.198286399900
58.75 0.97541983703592194 1.00 1000.000000000000 0.000068713567 316.227766000000 0.000169141320 100.000000000000 0.000823394812 31.622776600000 0.003425569236 10.000000000000 0.013951996000 3.162277660000 0.056909313560 1.000000000000 0.198286399900
59.00 0.98024092421724396 1.00 1000.000000000000 0.000068713567 316.227766000000 0.000169141320 100.000000000000 0.000823394812 31.622776600000 0.003425569236 10.000000000000 0.013951996000 3.162277660000 0.056909313560 1.000000000000 0.198286399900
59.25 0.98510842923997155 1.00 1000.000000000000 0.000068713567 316.227766000000 0.000169141320 100.000000000000 0.000823394812 31.622776600000 0.003425569236 10.000000000000 0.013951996000 3.162277660000 0.056909313560 1.000000000000 0.198286399900
59.50 0.99002339553454166 -0.1803149957896371 -0.1452596805945421 -0.1452596805945406 -0.0826129432338395 -0.0826129432338389 -0.0000000001017141 -0.0000000001017130 0.0147137406724722 0.0164223362690943 0.0164223362690953
59.75 0.99498689590620693 -0.1789847590651364 -0.1460776029619268 -0.1460776029619259 -0.0819036047182378 -0.0819036047182377 -0.0000000016695465 -0.0000000016695456 0.0131427940456166 0.0142825534450621 0.0142825534450629
60.00 1.0000000336490449 -0.1776578713720697 -0.1467645685922292 -0.1467645685922284 -0.0811294049061259 -0.0811294049061251 -0.0000000000562813 -0.0000000000562807 0.0116408868264555 0.0121019852213751 0.0121019852213764
60.25 1.0050639437111659 -0.1763481812456907 -0.1472963423769630 -0.1472963423769628 -0.0802859846147688 -0.0802859846147666 -0.0000000004177143 -0.0000000004177128 0.0098876664781864 0.0098876664781876 0.0102218349290737
60.50 1.0101797939139427 -0.0351934276957958 0.0000000003167291 0.0000000003167309 0.0258209904158544 0.0258209904158555 0.0326467076659437 0.0616593638687741 0.0748484352874667 0.0871569158688588 0.0871569158688589
60.75 1.0153487862282633 -0.0000000004241462 0.0177597953025538 0.0177597953025545 0.0272355445509578 0.0304516727833890 0.0304516727833896 0.0687375524905820 0.0987190676748646 0.0987190676748650 0.1049497039398648
61.00 1.0205721581109972 -0.0000000000921978 0.0161748487697547 0.0161748487697551 0.0252970532419357 0.0298192614438193 0.0298192614438197 0.0720553492271308 0.0956162075952440 0.0956162075952454 0.1062691488149483
61.25 1.0258511839050852 0.0000000000225707 0.0153934484042093 0.0153934484042103 0.0250889636030821 0.0291989868142266 0.0291989868142275 0.0756712380420007 0.0921808492398134 0.0921808492398136 0.1077784536024755
61.50 1.0311871763068714 -0.0000000002339736 0.0153339759730820 0.0153339759730824 0.0262993258609397 0.0287710659304467 0.0287710659304474 0.0792365061731491 0.0887725098182015 0.0887725098182017 0.1092413089069493
61.75 1.0365814879045478 1.00 1000.000000000000 0.000068713567 316.227766000000 0.000169141320 100.000000000000 0.000823394812 31.622776600000 0.003425569236 10.000000000000 0.013951996000 3.162277660000 0.056909313560 1.000000000000 0.198286399900
62.00 1.0420355127918348 1.00 1000.000000000000 0.000068713567 316.227766000000 0.000169141320 100.000000000000 0.000823394812 31.622776600000 0.003425569236 10.000000000000 0.013951996000 3.162277660000 0.056909313560 1.000000000000 0.198286399900
62.25 1.0475506882612993 1.00 1000.000000000000 0.000068713567 316.227766000000 0.000169141320 100.000000000000 0.000823394812 31.622776600000 0.003425569236 10.000000000000 0.013951996000 3.162277660000 0.056909313560 1.000000000000 0.198286399900
62.50 1.0531284965820111 1.00 1000.000000000000 0.000068713567 316.227766000000 0.000169141320 100.000000000000 0.000823394812 31.622776600000 0.003425569236 10.000000000000 0.013951996000 3.162277660000 0.056909313560 1.000000000000 0.198286399900
62.75 1.0587704668665670 1.00 1000.000000000000 0.000068713567 316.227766000000 0.000169141320 100.000000000000 0.000823394812 31.622776600000 0.003425569236 10.000000000000 0.013951996000 3.162277660000 0.056909313560 1.000000000000 0.198286399900
63.00 1.0644781770328475 1.00 1000.000000000000 0.000068713567 316.227766000000 0.000169141320 100.000000000000 0.000823394812 31.622776600000 0.003425569236 10.000000000000 0.013951996000 3.162277660000 0.056909313560 1.000000000000 0.198286399900
63.25 1.0702532558662603 1.00 1000.000000000000 0.000068713567 316.227766000000 0.000169141320 100.000000000000 0.000823394812 31.622776600000 0.003425569236 10.000000000000 0.013951996000 3.162277660000 0.056909313560 1.000000000000 0.198286399900
63.50 1.0760973851886237 -0.1330563262154524 -0.1043467873970222 -0.1043467873969656 -0.0316898303057832 -0.0316898303054443 -0.0245457534139254 -0.0245457534135514 -0.0030534706837691 -0.0030534706831549 0.0000000127736743
63.75 1.0820123021402799 -0.1661317024333015 -0.1267573892132866 -0.1267573892132865 -0.0583994406099613 -0.0583994406099605 -0.0200225673795899 -0.0200225673795895 0.0000000001747866 0.0000000001747878 0.0033907070203996
64.00 1.0879998015825072 -0.0313402283945263 -0.0000000001387664 -0.0000000001387658 0.0207085617405207 0.0207085617405216 0.0248692164063659 0.0715998258824715 0.0765417058689988 0.0771675963328375 0.0771675963328388
64.25 1.0940617386278098 -0.0294367582333063 -0.0000000018512719 -0.0000000018512711 0.0203792583535973 0.0203792583535975 0.0274681003226903 0.0724244588814933 0.0752403016393816 0.0752403016393819 0.0792496934498538
64.50 1.1002000313062268 0.0000000001793396 0.0198986523181591 0.0198986523181598 0.0266972102536956 0.0266972102536960 0.0521032090599930 0.0655273297446787 0.0655273297446798 0.0889225139970573 0.1138606180875117
64.75 1.1064166633763877 0.0000000000151793 0.0175265296520190 0.0175265296520203 0.0272555738287676 0.0272555738287688 0.0535563216554929 0.0640414837920322 0.0640414837920328 0.0866622681643260 0.1093574095765634
65.00 1.1127136872907215 -0.0000000001264312 0.0148131348638304 0.0148131348638312 0.0276526961622105 0.0276526961622117 0.0548350542778126 0.0625579198323288 0.0625579198323290 0.0842603459789269 0.1045676919487425
65.25 1.1190932273249123 -0.0190665356786125 -0.0000000000033925 -0.0000000000033921 0.0190664958141583 0.0190664958141593 0.0427469114992980 0.0684369282032529 0.0684369282032543 0.0800899939791188 0.0916353176075484
65.50 1.1255574828824770 -0.0000000004535546 0.0083269601163170 0.0083269601163180 0.0278237217371273 0.0278237217371278 0.0568116579285530 0.0596100576132864 0.0596100576132870 0.0790726062970189 0.0944568731766740
65.75 1.1321087319861824 0.0000000000765779 0.0045440546729555 0.0045440546729567 0.0274935289455565 0.0274935289455576 0.0574787947926551 0.0581530248300322 0.0581530248300343 0.0762964127591053 0.0893108722180800
66.00 1.1387493349689228 -0.0000000000115931 0.0004002012997602 0.0004002012997630 0.0267845966633513 0.0267845966633582 0.0567109367978965 0.0567109367979188 0.0579097965401209 0.0734007058650032 0.0842422250986238
66.25 1.1454817383776770 -0.0041011933360093 -0.0000000007504471 -0.0000000007504467 0.0255911157795472 0.0255911157795481 0.0552847706204107 0.0552847706204117 0.0580867009326705 0.0703843940426010 0.0793779385801166
66.50 1.1523084791052536 0.0000000001003000 0.0000000002793080 0.0015387944519172 0.0201601341430353 0.0205324350041149 0.0568074759576858 0.0606409136801710 0.0669402635609025 0.0951485945068208 0.1150358813061762
66.75 1.1592321887657087 0.0000000000405150 0.0033872534052902 0.0033872534052912 0.0167026035683870 0.0167026035683884 0.0592378720170891 0.0592378720170897 0.0717448280305960 0.1035881071448297 0.1139793703341158
67.00 1.1662555983306084 -0.1310559718146419 -0.0760966543212598 -0.0760966543197819 -0.0636918061183438 -0.0636918061167627 -0.0258343171167546 0.0000000002185131 0.0000000002194170 0.0058922855983854 0.0058922855994629
67.25 1.1733815430447392 1.00 1000.000000000000 0.000068713567 316.227766000000 0.000169141320 100.000000000000 0.000823394812 31.622776600000 0.003425569236 10.000000000000 0.013951996000 3.162277660000 0.056909313560 1.000000000000 0.198286399900
67.50 1.1806129676413906 1.00 1000.000000000000 0.000068713567 316.227766000000 0.000169141320 100.000000000000 0.000823394812 31.622776600000 0.003425569236 10.000000000000 0.013951996000 3.162277660000 0.056909313560 1.000000000000 0.198286399900
67.75 1.1879529318790409 1.00 1000.000000000000 0.000068713567 316.227766000000 0.000169141320 100.000000000000 0.000823394812 31.622776600000 0.003425569236 10.000000000000 0.013951996000 3.162277660000 0.056909313560 1.000000000000 0.198286399900
68.00 1.1954046164231349 1.00 1000.000000000000 0.000068713567 316.227766000000 0.000169141320 100.000000000000 0.000823394812 31.622776600000 0.003425569236 10.000000000000 0.013951996000 3.162277660000 0.056909313560 1.000000000000 0.198286399900
68.25 1.2029713290986654 -0.0506687089811810 -0.0356487910097578 -0.0348387078480869 -0.0348387078480857 -0.0223233301771769 0.0000000004425581 0.0000000004425587 0.0287224654875209 0.0287224654875215 0.0849478538279323
68.50 1.2106565115415191 0.0000000001678633 0.0166072519931581 0.0166072519931604 0.0295876095441307 0.0295876095441323 0.0532487213375003 0.0532487213375026 0.1044378733010866 0.1313006546865143 0.1313006546865188
68.75 1.2184637462790018 0.0000000026725723 0.0171921886439633 0.0171921886439636 0.0306149563200351 0.0306149563200356 0.0548846020354778 0.0548846020354780 0.1091948342634609 0.1298078536836360 0.1298078536836370
69.00 1.2263967642726714 0.0000000001900149 0.0179701782651507 0.0179701782651511 0.0305221067370720 0.0305221067370726 0.0574747358948463 0.0574747358948476 0.1141627394450032 0.1277451302146071 0.1277451302146074
69.25 1.2344594529595776 -0.0000000038271059 0.0189406749105161 0.0189406749105167 0.0295895800161915 0.0295895800161927 0.0607038179120801 0.0607038179120813 0.1194161937982428 0.1253401140352573 0.1253401140352591
69.50 1.2426558648313226 -0.0000000010366507 0.0200916569677663 0.0200916569677675 0.0281064858184067 0.0281064858184076 0.0642496336246945 0.0642496336246945 0.1228175503423116 0.1228175503423120 0.1250204466695175
69.75 1.2509902265939778 -0.0000000009567983 0.0213965549215966 0.0213965549215969 0.0262807266436020 0.0262807266436032 0.0678737637678727 0.0678737637678738 0.1203859749364172 0.1203859749364175 0.1310243675643926
70.00 1.2594669489559134 -0.0000000019712108 0.0228116402371501 0.0228116402371510 0.0242470853916205 0.0242470853916219 0.0714152391029456 0.0714152391029462 0.1182421808126938 0.1182421808126939 0.1374458521405543
70.25 1.2680906370950717 0.0000000009690308 0.0220935743563953 0.0220935743563959 0.0242749294547961 0.0242749294547966 0.0747668635980842 0.0747668635980844 0.1165784721225573 0.1165784721225589 0.1441906239513033
70.50 1.2768661018621295 -0.0000000014734983 0.0198804307659946 0.0198804307659952 0.0257084577148188 0.0257084577148189 0.0778597937166192 0.0778597937166205 0.1155855152077630 0.1155855152077650 0.1465570727773483
70.75 1.2857983717814927 0.0000000023875097 0.0176511675752393 0.0176511675752408 0.0270263833614944 0.0270263833614947 0.0806568526385415 0.0806568526385427 0.1154473318045425 0.1154473318045426 0.1413015653703523
71.00 1.2948927059181552 0.0000000005770359 0.0154386586121836 0.0154386586121837 0.0281503866749703 0.0281503866749707 0.0831508515528934 0.0831508515528940 0.1163270499905966 0.1163270499905978 0.1304837844749096
71.25 1.3041546076852373 0.0000000001555988 0.0132687677411140 0.0132687677411143 0.0290315159640225 0.0290315159640232 0.0853653567846380 0.0853653567846382 0.1183449409006524 0.1183449409006542 0.1189063883663658
71.50 1.3135898396745678 -0.0000000020387264 0.0111628197079796 0.0111628197079813 0.0296739596105964 0.0296739596105967 0.0873568621014677 0.0873568621014679 0.1068028870221740 0.1215540117362419 0.1215540117362426
71.75 1.3232044396011293 -0.0000000004689981 0.0091400311084099 0.0091400311084113 0.0301558067347722 0.0301558067347730 0.0892192164009539 0.0892192164009544 0.0944039118340842 0.1259203695883514 0.1259203695883516
72.00 1.3330047374615932 -0.3954854390632466 -0.3954854390632455 -0.0238412761900884 -0.0238412761900866 -0.0238412761900859 -0.0046702989985340 -0.0046702916965312 -0.0046702916965305 -0.0046702843945325 0.0179167567513249
72.25 1.3429973740177321 1.00 1000.000000000000 0.000068713567 316.227766000000 0.000169141320 100.000000000000 0.000823394812 31.622776600000 0.003425569236 10.000000000000 0.013951996000 3.162277660000 0.056909313560 1.000000000000 0.198286399900
72.50 1.3531893207273342 1.00 1000.000000000000 0.000068713567 316.227766000000 0.000169141320 100.000000000000 0.000823394812 31.622776600000 0.003425569236 10.000000000000 0.013951996000 3.162277660000 0.056909313560 1.000000000000 0.198286399900
72.75 1.3635879012585173 1.00 1000.000000000000 0.000068713567 316.227766000000 0.000169141320 100.000000000000 0.000823394812 31.622776600000 0.003425569236 10.000000000000 0.013951996000 3.162277660000 0.056909313560 1.000000000000 0.198286399900
73.00 1.3742008147382716 1.00 1000.000000000000 0.000068713567 316.227766000000 0.000169141320 100.000000000000 0.000823394812 31.622776600000 0.003425569236 10.000000000000 0.013951996000 3.162277660000 0.056909313560 1.000000000000 0.198286399900
73.25 1.3850361609029067 1.00 1000.000000000000 0.000068713567 316.227766000000 0.000169141320 100.000000000000 0.000823394812 31.622776600000 0.003425569236 10.000000000000 0.013951996000 3.162277660000 0.056909313560 1.000000000000 0.198286399900
73.50 1.3961024673370386 1.00 1000.000000000000 0.000068713567 316.227766000000 0.000169141320 100.000000000000 0.000823394812 31.622776600000 0.003425569236 10.000000000000 0.013951996000 3.162277660000 0.056909313560 1.000000000000 0.198286399900
73.75 1.4074087190092159 1.00 1000.000000000000 0.000068713567 316.227766000000 0.000169141320 100.000000000000 0.000823394812 31.622776600000 0.003425569236 10.000000000000 0.013951996000 3.162277660000 0.056909313560 1.000000000000 0.198286399900
74.00 1.4189643903365978 1.00 1000.000000000000 0.000068713567 316.227766000000 0.000169141320 100.000000000000 0.000823394812 31.622776600000 0.003425569236 10.000000000000 0.013951996000 3.162277660000 0.056909313560 1.000000000000 0.198286399900
74.25 1.4307794800386300 1.00 1000.000000000000 0.000068713567 316.227766000000 0.000169141320 100.000000000000 0.000823394812 31.622776600000 0.003425569236 10.000000000000 0.013951996000 3.162277660000 0.056909313560 1.000000000000 0.198286399900
74.50 1.4428645490710084 1.00 1000.000000000000 0.000068713567 316.227766000000 0.000169141320 100.000000000000 0.000823394812 31.622776600000 0.003425569236 10.000000000000 0.013951996000 3.162277660000 0.056909313560 1.000000000000 0.198286399900
74.75 1.4552307619668963 1.00 1000.000000000000 0.000068713567 316.227766000000 0.000169141320 100.000000000000 0.000823394812 31.622776600000 0.003425569236 10.000000000000 0.013951996000 3.162277660000 0.056909313560 1.000000000000 0.198286399900
75.00 1.4678899319530556 1.00 1000.000000000000 0.000068713567 316.227766000000 0.000169141320 100.000000000000 0.000823394812 31.622776600000 0.003425569236 10.000000000000 0.013951996000 3.162277660000 0.056909313560 1.000000000000 0.198286399900
75.25 1.4808545702551064 1.00 1000.000000000000 0.000068713567 316.227766000000 0.000169141320 100.000000000000 0.000823394812 31.622776600000 0.003425569236 10.000000000000 0.013951996000 3.162277660000 0.056909313560 1.000000000000 0.198286399900
75.50 1.4941379400594756 1.00 1000.000000000000 0.000068713567 316.227766000000 0.000169141320 100.000000000000 0.000823394812 31.622776600000 0.003425569236 10.000000000000 0.013951996000 3.162277660000 0.056909313560 1.000000000000 0.198286399900
75.75 1.5077541156608558 1.00 1000.000000000000 0.000068713567 316.227766000000 0.000169141320 100.000000000000 0.000823394812 31.622776600000 0.003425569236 10.000000000000 0.013951996000 3.162277660000 0.056909313560 1.000000000000 0.198286399900
76.00 1.5217180473945009 1.00 1000.000000000000 0.000068713567 316.227766000000 0.000169141320 100.000000000000 0.000823394812 31.622776600000 0.003425569236 10.000000000000 0.013951996000 3.162277660000 0.056909313560 1.000000000000 0.198286399900
76.25 1.5360456330340897 1.00 1000.000000000000 0.000068713567 316.227766000000 0.000169141320 100.000000000000 0.000823394812 31.622776600000 0.003425569236 10.000000000000 0.013951996000 3.162277660000 0.056909313560 1.000000000000 0.198286399900
76.50 1.5507537964299845 1.00 1000.000000000000 0.000068713567 316.227766000000 0.000169141320 100.000000000000 0.000823394812 31.622776600000 0.003425569236 10.000000000000 0.013951996000 3.162277660000 0.056909313560 1.000000000000 0.198286399900
76.75 1.5658605742718710 1.00 1000.000000000000 0.000068713567 316.227766000000 0.000169141320 100.000000000000 0.000823394812 31.622776600000 0.003425569236 10.000000000000 0.013951996000 3.162277660000 0.056909313560 1.000000000000 0.198286399900
77.00 1.5813852119866876 1.00 1000.000000000000 0.000068713567 316.227766000000 0.000169141320 100.000000000000 0.000823394812 31.622776600000 0.003425569236 10.000000000000 0.013951996000 3.162277660000 0.056909313560 1.000000000000 0.198286399900
77.25 1.5973482699307082 -0.0000257768108896 0.0000000000173040 0.0000000000206387 0.2219301688669369 0.2219301688698100 0.2219550831506958 0.2594251583807521 0.2594251583927688 0.2595004362021551 0.2984786905502203
77.50 1.6137717412076256 1.00 1000.000000000000 0.000068713567 316.227766000000 0.000169141320 100.000000000000 0.000823394812 31.622776600000 0.003425569236 10.000000000000 0.013951996000 3.162277660000 0.056909313560 1.000000000000 0.198286399900
77.75 1.6306791826473761 -0.0000158351261142 -0.0000000030995395 -0.0000000030995388 0.2465172297265445 0.2465172297265459 0.2465346873254964 0.2807043416930242 0.2807043416930242 0.2807602703728013 0.3165186112998220
78.00 1.6480958607190197 -0.4270586787320660 -0.4216908297273799 -0.4216908297272415 -0.0889416728479229 -0.0885729718183058 -0.0862263785883987 -0.0857613695050170 -0.0433442751897159 -0.0433442751896498 -0.0413620598071632
78.25 1.6660489144325314 -0.0000094188354506 -0.0000000045690197 -0.0000000045690186 0.2715083800574367 0.2715083800576780 0.2715209444858153 0.3024477142866011 0.3024477142866240 0.3024893098353794 0.3350298219974156
78.50 1.6845675376176648 1.00 1000.000000000000 0.000068713567 316.227766000000 0.000169141320 100.000000000000 0.000823394812 31.622776600000 0.003425569236 10.000000000000 0.013951996000 3.162277660000 0.056909313560 1.000000000000 0.198286399900
78.75 1.7036831833639368 1.00 1000.000000000000 0.000068713567 316.227766000000 0.000169141320 100.000000000000 0.000823394812 31.622776600000 0.003425569236 10.000000000000 0.013951996000 3.162277660000 0.056909313560 1.000000000000 0.198286399900
79.00 1.7234297938777567 1.00 1000.000000000000 0.000068713567 316.227766000000 0.000169141320 100.000000000000 0.000823394812 31.622776600000 0.003425569236 10.000000000000 0.013951996000 3.162277660000 0.056909313560 1.000000000000 0.198286399900
79.25 1.7438440595774944 1.00 1000.000000000000 0.000068713567 316.227766000000 0.000169141320 100.000000000000 0.000823394812 31.622776600000 0.003425569236 10.000000000000 0.013951996000 3.162277660000 0.056909313560 1.000000000000 0.198286399900
79.50 1.7649657119256603 1.00 1000.000000000000 0.000068713567 316.227766000000 0.000169141320 100.000000000000 0.000823394812 31.622776600000 0.003425569236 10.000000000000 0.013951996000 3.162277660000 0.056909313560 1.000000000000 0.198286399900
79.75 1.7868378553155890 -0.0000006282092492 -0.0000000000398993 0.0000003446573518 0.0000009728295239 0.0000009728295239 0.3489414898271436 0.3489433592263415 0.3489448491213291 0.3706518737685606 0.3706580071572113
80.00 1.8095073443210954 1.00 1000.000000000000 0.000068713567 316.227766000000 0.000169141320 100.000000000000 0.000823394812 31.622776600000 0.003425569236 10.000000000000 0.013951996000 3.162277660000 0.056909313560 1.000000000000 0.198286399900
80.25 1.8330252138232914 -0.0000000013628136 0.0000008153228101 0.0000008153228101 0.0000008153850929 0.0000008153850929 0.3756073160231878 0.3756073162765200 0.3756111207074176 0.3944785365988154 0.3944785374095370
80.50 1.8574471710024862 -0.0000005602036344 -0.0000005474434978 -0.0000005474434978 -0.0000000001886855 0.0000000125714839 0.3891094913300892 0.3891095603790638 0.3891121656991097 0.4066214745069120 0.4066216618065355
80.75 1.8828341599932619 1.00 1000.000000000000 0.000068713567 316.227766000000 0.000169141320 100.000000000000 0.000823394812 31.622776600000 0.003425569236 10.000000000000 0.013951996000 3.162277660000 0.056909313560 1.000000000000 0.198286399900
81.00 1.9092530122354845 1.00 1000.000000000000 0.000068713567 316.227766000000 0.000169141320 100.000000000000 0.000823394812 31.622776600000 0.003425569236 10.000000000000 0.013951996000 3.162277660000 0.056909313560 1.000000000000 0.198286399900
81.25 1.9367771983277440 -0.0000000390544442 0.0000000047762971 0.0000000736073132 0.4303779159631374 0.4303784988442949 0.4303787895805719 0.4440367120448350 0.4440382566400745 0.4440393236928948 0.4588112769698194
81.50 1.9654877006520655 -0.0000001051975462 0.0000000004862990 0.0000000075305423 0.4444043528434604 0.4444044216911922 0.4444053766439692 0.4568687002017721 0.4568688814754458 0.4568716980125003 0.4703780568554015
81.75 1.9954740303864316 -0.0000000881059481 -0.0000000125574202 -0.0000000115383290 0.4585797719550208 0.4585797833710296 0.4585805816693639 0.4698974907265636 0.4698975205821417 0.4698998077496790 0.4821889539134523
82.00 2.0268354180156947 -0.0000000394695976 0.0000000096649100 0.0000000097212430 0.4729139368234747 0.4729139375383484 0.4729145366923064 0.4831353434587735 0.4831353453137895 0.4831370151165953 0.4942586611002051
82.25 2.0596822134404817 0.0000000571593563 0.0000000783961364 0.0000000830609541 0.4874184988317605 0.4874185646073055 0.4874188573377245 0.4965958652960413 0.4965960342586829 0.4965968324723012 0.5066033631182630
82.50 2.0941375407372735 -0.0000000180438284 0.0000000004620171 0.0000000004637557 0.5021068562374910 0.5021068562507974 0.5021071389487399 0.5102943933290105 0.5102943933626980 0.5102951236755865 0.5192407677275660
82.75 2.1303392641794385 -0.0000000140667119 -0.0000000060188440 -0.0000000045915814 0.5169947643615310 0.5169947861912444 0.5169949166764056 0.5242482256369208 0.5242482795703011 0.5242485933455933 0.5321905164128261
83.00 2.1684423371644423 -0.0000000038177282 0.0000000012749105 0.0000000018420986 0.5321002489492770 0.5321002565964834 0.5321003360817503 0.5384769342399126 0.5384769521800720 0.5384771177225208 0.5454742106887086
83.25 2.2086216254199424 -0.0000000307208858 -0.0000000273069611 -0.0000000273017765 0.5474442027956553 0.5474442028214204 0.5474442428986976 0.5530026568508601 0.5530026568994932 0.5530027075712105 0.5591158150997718
83.50 2.2510753219802888 -0.0000000006827664 -0.0000000006392624 0.0000000002466818 0.5630507648031856 0.5630507709421356 0.5630507730425519 0.5678504985713060 0.5678504994370212 0.5678505211762415 0.5731419560332844
83.75 2.2960291063410230 -0.0000000039622252 -0.0000000030538757 -0.0000000030479455 0.5789477022296338 0.5789477453822480 0.5789477454308157 0.5830489472730075 0.5830490776573051 0.5830490780526498 0.5834333237769052
84.00 2.3437412473608381 0.0000000120867916 0.0000000123038603 0.0000000124165844 0.5841428709970780 0.5841428716771560 0.5841428720596701 0.5841428737147437 0.5951672242629633 0.5951672425558229 0.5951672514845782
84.25 2.3945089138952178 0.0000000226669815 0.0000000228096410 0.0000000228486704 0.5848254017829909 0.5848254020352320 0.5848254023579637 0.5848254027490186 0.6117462866477752 0.6117463045742185 0.6117463139049443
84.50 2.4486760461856742 -0.0000000036044428 0.0000000000937179 0.0000000000937861 0.5854911652240365 0.5854911654467038 0.5854911665566227 0.5854911666561569 0.6287275320978023 0.6287275700213454 0.6287275711149685
84.75 2.5066432657105051 -0.0000000017814914 -0.0000000015996509 -0.0000000015982572 0.5861504140185678 0.5861504140628176 0.5861504141900962 0.5861504142197310 0.6461330320731035 0.6461350012278955 0.6461364472303611
