45.0 1.2476192319931290 0.0502287 0.004751 -0.2590206
46.0 1.2692031711003415 0.0497008 0.0045366 -0.259009
47.0 1.2904004986050732 0.0481746 0.0038913 -0.2589726
48.0 1.3112047575956638 0.0457901 0.0028095 -0.2589063
49.0 1.3316096108929365 0.0427064 0.001282 -0.258801
50.0 1.3516088429805653 0.0390594 -0.0007029 -0.2586423
51.0 1.3711963618983798 0.0349493 -0.0031584 -0.258409
52.0 1.3903662010980373 0.0304475 -0.0060979 -0.2580697
53.0 1.4091125212604902 0.0256084 -0.0095325 -0.2575781
54.0 1.4274296120746992 0.0204842 -0.0134677 -0.2568647
55.0 1.4453118939770508 0.0151436 -0.0178985 -0.2558226
56.0 1.4627539198509443 0.0096982 -0.0228003 -0.2542822
57.0 1.4797503766860380 0.0043487 -0.0281141 -0.2519673
58.0 1.4962960871966442 -0.000536 -0.0337201 -0.2484188
59.0 1.5123860113987777 -0.0043071 -0.0393997 -0.2428965
60.0 1.5280152481453886 -0.0060277 -0.0448186 -0.2344479
61.0 1.5431790366192943 -0.0051229 -0.0496612 -0.2248718
62.0 1.5578727577833733 -0.003113 -0.05399 -0.2318589
63.0 1.5720919357875696 -0.0043559 -0.0581796 -0.2405419
64.0 1.5858322393322770 0.0040296 -0.053694 -0.2744955
65.0 1.5990894829876983 0.010159 -0.0478931 -0.28655
66.0 1.6118596284687650 0.0078038 -0.0427421 -0.3061361
67.0 1.6241387858652396 0.0028461 -0.0360049 -0.3369775
68.0 1.6359232148266207 0.002069 -0.0254407 -0.3764391
69.0 1.6472093257014886 0.0110978 -0.009729 -0.4130718
70.0 1.6579936806309483 0.0293378 0.0064204 -0.4411321
71.0 1.6682729945958346 0.0535261 0.0108498 -0.4627527
72.0 1.6780441364173624 0.0815364 0.0100093 -0.4805107
73.0 1.6873041297109113 0.1123556 0.0085522 -0.4958116
74.0 1.6960501537926640 0.1455313 0.0071182 -0.5093201
75.0 1.7042795445388121 0.1808905 0.0058263 -0.5213325
76.0 1.7119897951970751 0.2184277 0.0047019 -0.5319735
77.0 1.7191785571502807 0.2582685 0.0037456 -0.5412998
78.0 1.7258436406317772 0.2970728 0.0029484 -0.5493565
79.0 1.7319830153924565 0.3126498 0.0022963 -0.5562054
80.0 1.7375948113191897 0.331567 0.0017725 -0.5619339
81.0 1.7426773190044791 0.3537592 0.0013583 -0.5666511
82.0 1.7472289902671627 0.3789812 0.0010356 -0.5704787
83.0 1.7512484386240035 0.4068124 0.0007875 -0.5735406
84.0 1.7547344397120266 0.4366224 0.000599 -0.575955
85.0 1.7576859316614712 0.467503 0.0004576 -0.5778287
86.0 1.7601020154192490 0.498173 0.0003531 -0.5792547
87.0 1.7619819550228006 0.5243093 0.0002777 -0.5803098
88.0 1.7633251778242791 0.5415476 0.0002257 -0.581052
89.0 1.7641312746649855 0.5526723 0.0001939 -0.5815138
90.0 -1.7643999999999982
91.0 -1.7641312719729731 0.4332135 0.0003588 -0.5775725
92.0 -1.7633251724410755 0.2872185 0.0008999 -0.5601174
93.0 -1.7619819469500444 0.137526 0.0021103 -0.5100452
94.0 -1.7601020046593996 0.0700239 0.0048841 -0.4775846
95.0 -1.7576859182178066 0.0723044 0.0089878 -0.4359764
96.0 -1.7547344235886408 0.0940229 0.0127648 -0.4212239
97.0 -1.7512484198258087 0.1008064 0.0168393 -0.4048309
98.0 -1.7472289687998850 0.0889224 0.0218663 -0.3738351
99.0 -1.7426772948746572 0.0896515 0.0277077 -0.3562695
100.0 -1.7375947845341739 0.0978907 0.0334285 -0.3556109
101.0 -1.7319829859604061 0.11057 0.03817 -0.357423
102.0 -1.7258436085616571 0.1256209 0.04168 -0.3559498
103.0 -1.7191785224518601 0.1221214 0.0442042 -0.351439
104.0 -1.7119897578809236 0.1129321 0.0460261 -0.344789
105.0 -1.7042795046162962 0.1055752 0.0473259 -0.3365332
106.0 -1.6960501112759445 0.0998769 0.0482088 -0.3269334
107.0 -1.6873040846129395 0.0957638 0.0487486 -0.316143
108.0 -1.6780440887518751 0.0931855 0.0490253 -0.3043411
109.0 -1.6682729443773514 0.0920146 0.0491465 -0.2918348
110.0 -1.6579936278747665 0.0919648 0.0492486 -0.2791021
111.0 -1.6472092704236780 0.0925946 0.0494791 -0.2667452
112.0 -1.6359231570440194 0.0934232 0.0499755 -0.2553691
113.0 -1.6241387255954487 0.0941138 0.0508501 -0.2454589
114.0 -1.6118595657301431 0.0946254 0.05218 -0.2373235
115.0 -1.5990894177993569 0.0952259 0.0539924 -0.2311092
116.0 -1.5858321717140726 0.0963303 0.0562488 -0.2268245
117.0 -1.5720918657600991 0.0982653 0.0588397 -0.2243382
118.0 -1.5578726853679685 0.101123 0.0616048 -0.2233775
119.0 -1.5431789618380125 0.1047717 0.0643729 -0.2235636
120.0 -1.5280151710210099 0.108958 0.0670008 -0.2244864
121.0 -1.5123859319547952 0.1134089 0.069394 -0.2257896
122.0 -1.4962960054572561 0.1178911 0.0715073 -0.2272183
123.0 -1.4797502926761439 0.1222307 0.0733334 -0.2286186
124.0 -1.4627538335961341 0.1263099 0.074888 -0.2299101
125.0 -1.4453118055035985 0.1300564 0.0761981 -0.2310586
126.0 -1.4274295214095551 0.133431 0.0772938 -0.2320556
127.0 -1.4091124284312713 0.1364173 0.0782041 -0.2329057
128.0 -1.3903661061330201 0.1390136 0.0789545 -0.2336192
129.0 -1.3711962648264922 0.1412269 0.0795666 -0.2342084
130.0 -1.3516087438313760 0.143069 0.080058 -0.2346853
131.0 -1.3316095096966472 0.144553 0.0804427 -0.2350605
132.0 -1.3112046543831000 0.1456919 0.0807314 -0.2353431
133.0 -1.2904003934076742 0.1464968 0.0809322 -0.2355399
134.0 -1.2692030639501515 0.1469762 0.0810506 -0.235656
135.0 -1.2476191229227873 0.1471354 0.0810897 -0.2356944
136.0 -1.2256551450034727 0.1469762 0.0810506 -0.235656
137.0 -1.2033178206330233 0.1464968 0.0809322 -0.2355399
138.0 -1.1806139539772087 0.1456919 0.0807314 -0.2353431
139.0 -1.1575504608541340 0.144553 0.0804427 -0.2350605
140.0 -1.1341343666276160 0.143069 0.080058 -0.2346853
141.0 -1.1103728040671907 0.1412269 0.0795666 -0.2342084
142.0 -1.0862730111754002 0.1390136 0.0789545 -0.2336192
143.0 -1.0618423289830268 0.1364173 0.0782041 -0.2329057
144.0 -1.0370881993129470 0.133431 0.0772938 -0.2320556
145.0 -1.0120181625132760 0.1300564 0.0761981 -0.2310586
146.0 -0.98663985516050690 0.1263099 0.074888 -0.2299101
147.0 -0.96096100773333504 0.1222307 0.0733334 -0.2286186
148.0 -0.93498944225787850 0.1178911 0.0715073 -0.2272183
149.0 -0.90873306992501313 0.1134089 0.069394 -0.2257896
150.0 -0.88219988868054877 0.108958 0.0670008 -0.2244864
151.0 -0.85539798078897455 0.1047717 0.0643729 -0.2235636
152.0 -0.82833551037152386 0.101123 0.0616048 -0.2233775
153.0 -0.80102072091930543 0.0982653 0.0588397 -0.2243382
154.0 -0.77346193278225417 0.0963303 0.0562488 -0.2268245
155.0 -0.74566754063467033 0.0952259 0.0539924 -0.2311092
156.0 -0.71764601091812508 0.0946254 0.05218 -0.2373235
157.0 -0.68940587926249530 0.0941138 0.0508501 -0.2454589
158.0 -0.66095574788592937 0.0934232 0.0499755 -0.2553691
159.0 -0.63230428297453123 0.0925946 0.0494791 -0.2667452
160.0 -0.60346021204255063 0.0919648 0.0492486 -0.2791021
161.0 -0.57443232127390043 0.0920146 0.0491465 -0.2918348
162.0 -0.54522945284580193 0.0931855 0.0490253 -0.3043411
163.0 -0.51586050223536739 0.0957638 0.0487486 -0.316143
164.0 -0.48633441550995304 0.0998769 0.0482088 -0.3269334
165.0 -0.45666018660210317 0.1055752 0.0473259 -0.3365332
166.0 -0.42684685456990612 0.1129321 0.0460261 -0.344789
167.0 -0.39690350084361170 0.1221214 0.0442042 -0.351439
168.0 -0.36683924645934213 0.1256209 0.04168 -0.3559498
169.0 -0.33666324928073060 0.11057 0.03817 -0.357423
170.0 -0.30638470120934980 0.0978907 0.0334285 -0.3556109
171.0 -0.27601282538477223 0.0896515 0.0277077 -0.3562695
172.0 -0.24555687337510695 0.0889224 0.0218663 -0.3738351
173.0 -0.21502612235888524 0.1008064 0.0168393 -0.4048309
174.0 -0.18442987229914362 0.0940229 0.0127648 -0.4212239
175.0 -0.15377744311056088 0.0723044 0.0089878 -0.4359764
176.0 -0.12307817182052339 0.0700239 0.0048841 -0.4775846
177.0 -9.23414097249786320 0.137526 0.0021103 -0.5100452
178.0 -6.15765195399348708 0.2872185 0.0008999 -0.5601174
179.0 -3.07928725494894424 0.4332135 0.0003588 -0.5775725
180.0 1.54248753038571946
181.0 3.07931810000098560 0.5526723 0.0001939 -0.5815138
