45.0 1.2476192319931290 -0.36040 -0.29178 -0.07190 -0.02575
46.0 1.2692031711003415 -0.36024 -0.29159 -0.07212 -0.02539
47.0 1.2904004986050732 -0.35975 -0.29100 -0.07275 -0.02433
48.0 1.3112047575956638 -0.35894 -0.29002 -0.07374 -0.02262
49.0 1.3316096108929365 -0.35779 -0.28866 -0.07505 -0.02028
50.0 1.3516088429805653 -0.35631 -0.28690 -0.07662 -0.01739
51.0 1.3711963618983798 -0.35446 -0.28475 -0.07837 -0.01397
52.0 1.3903662010980373 -0.35225 -0.28221 -0.08028 -0.01006
53.0 1.4091125212604902 -0.34965 -0.27928 -0.08229 -0.00567
54.0 1.4274296120746992 -0.34665 -0.27594 -0.08436 -0.00082
55.0 1.4453118939770508 -0.34321 -0.27221 -0.08646 0.00451
56.0 1.4627539198509443 -0.33931 -0.26808 -0.08853 0.01031
57.0 1.4797503766860380 -0.33492 -0.26357 -0.09052 0.01658
58.0 1.4962960871966442 -0.33000 -0.25869 -0.09231 0.02329
59.0 1.5123860113987777 -0.32454 -0.25351 -0.09376 0.03035
60.0 1.5280152481453886 -0.31858 -0.24814 -0.09466 0.03504
61.0 1.5431790366192943 -0.31224 -0.24263 -0.09482 0.03356
62.0 1.5578727577833733 -0.30561 -0.23669 -0.09428 0.03355
63.0 1.5720919357875696 -0.29827 -0.22862 -0.09303 0.03525
64.0 1.5858322393322770 -0.29543 -0.20056 -0.08352 0.03558
65.0 1.5990894829876983 -0.30500 -0.18155 -0.07086 0.03707
66.0 1.6118596284687650 -0.31674 -0.16614 -0.05914 0.02941
67.0 1.6241387858652396 -0.33160 -0.15220 -0.04936 0.01927
68.0 1.6359232148266207 -0.34839 -0.14235 -0.04391 0.01598
69.0 1.6472093257014886 -0.36458 -0.13842 -0.04483 0.02296
70.0 1.6579936806309483 -0.37957 -0.13908 -0.05048 0.03814
71.0 1.6682729945958346 -0.39416 -0.14224 -0.05813 0.05803
72.0 1.6780441364173624 -0.40912 -0.14664 -0.06643 0.08087
73.0 1.6873041297109113 -0.42493 -0.15165 -0.07480 0.10604
74.0 1.6960501537926640 -0.44194 -0.15693 -0.08300 0.13333
75.0 1.7042795445388121 -0.46040 -0.16227 -0.09086 0.16276
76.0 1.7119897951970751 -0.48056 -0.16752 -0.09827 0.19447
77.0 1.7191785571502807 -0.50260 -0.17257 -0.10517 0.22867
78.0 1.7258436406317772 -0.52669 -0.17735 -0.11150 0.26570
79.0 1.7319830153924565 -0.55291 -0.18179 -0.11724 0.30600
80.0 1.7375948113191897 -0.58130 -0.18588 -0.12239 0.35013
81.0 1.7426773190044791 -0.61183 -0.18961 -0.12697 0.39880
82.0 1.7472289902671627 -0.64436 -0.19296 -0.13102 0.45286
83.0 1.7512484386240035 -0.67860 -0.19595 -0.13456 0.51334
84.0 1.7547344397120266 -0.71410 -0.19858 -0.13763 0.58151
85.0 1.7576859316614712 -0.75015 -0.20088 -0.14027 0.65898
86.0 1.7601020154192490 -0.78565 -0.20283 -0.14248 0.74775
87.0 1.7619819550228006 -0.81900 -0.20444 -0.14428 0.85038
88.0 1.7633251778242791 -0.84785 -0.20567 -0.14566 0.97029
89.0 1.7641312746649855 -0.86885 -0.20650 -0.14657 1.11145
90.0 -1.7643999999999982
91.0 -1.7641312719729731 -0.73477 -0.20211 -0.14175 0.61594
92.0 -1.7633251724410755 -0.56749 -0.19390 -0.13197 0.27523
93.0 -1.7619819469500444 -0.45470 -0.18980 -0.12315 0.10022
94.0 -1.7601020046593996 -0.38232 -0.20077 -0.11846 0.02369
95.0 -1.7576859182178066 -0.35236 -0.22405 -0.12512 0.02335
96.0 -1.7547344235886408 -0.36095 -0.23321 -0.12706 0.03391
97.0 -1.7512484198258087 -0.37195 -0.23928 -0.12349 0.02264
98.0 -1.7472289687998850 -0.36891 -0.24825 -0.11818 0.00502
99.0 -1.7426772948746572 -0.36002 -0.25867 -0.11319 -0.00636
100.0 -1.7375947845341739 -0.35534 -0.26647 -0.10831 -0.01346
101.0 -1.7319829859604061 -0.35530 -0.27027 -0.10275 -0.01977
102.0 -1.7258436085616571 -0.35805 -0.27120 -0.09696 -0.02581
103.0 -1.7191785224518601 -0.36181 -0.27078 -0.09170 -0.03099
104.0 -1.7119897578809236 -0.36562 -0.26999 -0.08745 -0.03489
105.0 -1.7042795046162962 -0.36907 -0.26931 -0.08439 -0.03733
106.0 -1.6960501112759445 -0.37200 -0.26897 -0.08256 -0.03828
107.0 -1.6873040846129395 -0.37432 -0.26909 -0.08183 -0.03785
108.0 -1.6780440887518751 -0.37599 -0.26973 -0.08195 -0.03623
109.0 -1.6682729443773514 -0.37700 -0.27091 -0.08261 -0.03370
110.0 -1.6579936278747665 -0.37741 -0.27259 -0.08354 -0.03050
111.0 -1.6472092704236780 -0.37735 -0.27467 -0.08452 -0.02684
112.0 -1.6359231570440194 -0.37699 -0.27703 -0.08543 -0.02287
113.0 -1.6241387255954487 -0.37647 -0.27958 -0.08616 -0.01872
114.0 -1.6118595657301431 -0.37589 -0.28220 -0.08664 -0.01452
115.0 -1.5990894177993569 -0.37529 -0.28485 -0.08685 -0.01034
116.0 -1.5858321717140726 -0.37470 -0.28747 -0.08676 -0.00629
117.0 -1.5720918657600991 -0.37412 -0.29005 -0.08640 -0.00243
118.0 -1.5578726853679685 -0.37357 -0.29255 -0.08583 0.00118
119.0 -1.5431789618380125 -0.37304 -0.29494 -0.08510 0.00443
120.0 -1.5280151710210099 -0.37253 -0.29721 -0.08430 0.00721
121.0 -1.5123859319547952 -0.37205 -0.29934 -0.08347 0.00929
122.0 -1.4962960054572561 -0.37160 -0.30131 -0.08266 0.01040
123.0 -1.4797502926761439 -0.37118 -0.30312 -0.08189 0.01040
124.0 -1.4627538335961341 -0.37079 -0.30477 -0.08117 0.00959
125.0 -1.4453118055035985 -0.37043 -0.30625 -0.08053 0.00839
126.0 -1.4274295214095551 -0.37011 -0.30757 -0.07995 0.00708
127.0 -1.4091124284312713 -0.36983 -0.30873 -0.07944 0.00581
128.0 -1.3903661061330201 -0.36958 -0.30974 -0.07900 0.00465
129.0 -1.3711962648264922 -0.36936 -0.31060 -0.07863 0.00362
130.0 -1.3516087438313760 -0.36918 -0.31133 -0.07832 0.00275
131.0 -1.3316095096966472 -0.36903 -0.31191 -0.07808 0.00203
132.0 -1.3112046543831000 -0.36891 -0.31236 -0.07789 0.00148
133.0 -1.2904003934076742 -0.36883 -0.31268 -0.07775 0.00108
134.0 -1.2692030639501515 -0.36878 -0.31288 -0.07767 0.00084
135.0 -1.2476191229227873 -0.36876 -0.31294 -0.07765 0.00076
136.0 -1.2256551450034727 -0.36878 -0.31288 -0.07767 0.00084
137.0 -1.2033178206330233 -0.36883 -0.31268 -0.07775 0.00108
138.0 -1.1806139539772087 -0.36891 -0.31236 -0.07789 0.00148
139.0 -1.1575504608541340 -0.36903 -0.31191 -0.07808 0.00203
140.0 -1.1341343666276160 -0.36918 -0.31133 -0.07832 0.00275
141.0 -1.1103728040671907 -0.36936 -0.31060 -0.07863 0.00362
142.0 -1.0862730111754002 -0.36958 -0.30974 -0.07900 0.00465
143.0 -1.0618423289830268 -0.36983 -0.30873 -0.07944 0.00581
144.0 -1.0370881993129470 -0.37011 -0.30757 -0.07995 0.00708
145.0 -1.0120181625132760 -0.37043 -0.30625 -0.08053 0.00839
146.0 -0.98663985516050690 -0.37079 -0.30477 -0.08117 0.00959
147.0 -0.96096100773333504 -0.37118 -0.30312 -0.08189 0.01040
148.0 -0.93498944225787850 -0.37160 -0.30131 -0.08266 0.01040
149.0 -0.90873306992501313 -0.37205 -0.29934 -0.08347 0.00929
150.0 -0.88219988868054877 -0.37253 -0.29721 -0.08430 0.00721
151.0 -0.85539798078897455 -0.37304 -0.29494 -0.08510 0.00443
152.0 -0.82833551037152386 -0.37357 -0.29255 -0.08583 0.00118
153.0 -0.80102072091930543 -0.37412 -0.29005 -0.08640 -0.00243
154.0 -0.77346193278225417 -0.37470 -0.28747 -0.08676 -0.00629
155.0 -0.74566754063467033 -0.37529 -0.28485 -0.08685 -0.01034
156.0 -0.71764601091812508 -0.37589 -0.28220 -0.08664 -0.01452
157.0 -0.68940587926249530 -0.37647 -0.27958 -0.08616 -0.01872
158.0 -0.66095574788592937 -0.37699 -0.27703 -0.08543 -0.02287
159.0 -0.63230428297453123 -0.37735 -0.27467 -0.08452 -0.02684
160.0 -0.60346021204255063 -0.37741 -0.27259 -0.08354 -0.03050
161.0 -0.57443232127390043 -0.37700 -0.27091 -0.08261 -0.03370
162.0 -0.54522945284580193 -0.37599 -0.26973 -0.08195 -0.03623
163.0 -0.51586050223536739 -0.37432 -0.26909 -0.08183 -0.03785
164.0 -0.48633441550995304 -0.37200 -0.26897 -0.08256 -0.03828
165.0 -0.45666018660210317 -0.36907 -0.26931 -0.08439 -0.03733
166.0 -0.42684685456990612 -0.36562 -0.26999 -0.08745 -0.03489
167.0 -0.39690350084361170 -0.36181 -0.27078 -0.09170 -0.03099
168.0 -0.36683924645934213 -0.35805 -0.27120 -0.09696 -0.02581
169.0 -0.33666324928073060 -0.35530 -0.27027 -0.10275 -0.01977
170.0 -0.30638470120934980 -0.35534 -0.26647 -0.10831 -0.01346
171.0 -0.27601282538477223 -0.36002 -0.25867 -0.11319 -0.00636
172.0 -0.24555687337510695 -0.36891 -0.24825 -0.11818 0.00502
173.0 -0.21502612235888524 -0.37195 -0.23928 -0.12349 0.02264
174.0 -0.18442987229914362 -0.36095 -0.23321 -0.12706 0.03391
175.0 -0.15377744311056088 -0.35236 -0.22405 -0.12512 0.02335
176.0 -0.12307817182052339 -0.38232 -0.20077 -0.11846 0.02369
177.0 -9.23414097249786320 -0.45470 -0.18980 -0.12315 0.10022
178.0 -6.15765195399348708 -0.56749 -0.19390 -0.13197 0.27523
179.0 -3.07928725494894424 -0.73477 -0.20211 -0.14175 0.61594
180.0 1.54248753038571946
181.0 3.07931810000098560 -0.86885 -0.20650 -0.14657 1.11145
