45.0 1.2476192319931290 -4.70954977089
46.0 1.2692031711003415 -4.70929095068
47.0 1.2904004986050732 -4.70851117357
48.0 1.3112047575956638 -4.70720049258
49.0 1.3316096108929365 -4.70534234945
50.0 1.3516088429805653 -4.70291364876
51.0 1.3711963618983798 -4.69988496354
52.0 1.3903662010980373 -4.69622101090
53.0 1.4091125212604902 -4.69188164405
54.0 1.4274296120746992 -4.68682380277
55.0 1.4453118939770508 -4.68100522973
56.0 1.4627539198509443 -4.67439145331
57.0 1.4797503766860380 -4.66696884877
58.0 1.4962960871966442 -4.65876889303
59.0 1.5123860113987777 -4.64991163383
60.0 1.5280152481453886 -4.64067446231
61.0 1.5431790366192943 -4.63156890015
62.0 1.5578727577833733 -4.62339015086
63.0 1.5720919357875696 -4.61749475232
64.0 1.5858322393322770 -4.61960665717
65.0 1.5990894829876983 -4.63159021312
66.0 1.6118596284687650 -4.64920970652
67.0 1.6241387858652396 -4.67371777390
68.0 1.6359232148266207 -4.70563340649
69.0 1.6472093257014886 -4.74332647708
70.0 1.6579936806309483 -4.78424672160
71.0 1.6682729945958346 -4.82626529196
72.0 1.6780441364173624 -4.86765616062
73.0 1.6873041297109113 -4.90670750172
74.0 1.6960501537926640 -4.94142318459
75.0 1.7042795445388121 -4.96927330996
76.0 1.7119897951970751 -4.98691778396
77.0 1.7191785571502807 -4.98984245010
78.0 1.7258436406317772 -4.97183871541
79.0 1.7319830153924565 -4.92422105266
80.0 1.7375948113191897 -4.83459793744
81.0 1.7426773190044791 -4.68485017869
82.0 1.7472289902671627 -4.44762913584
83.0 1.7512484386240035 -4.07991948815
84.0 1.7547344397120266 -3.51030972943
85.0 1.7576859316614712 -2.61127949139
86.0 1.7601020154192490 -1.13042042803
87.0 1.7619819550228006 1.51497818191
88.0 1.7633251778242791 7.05733495234
89.0 1.7641312746649855 24.1083195172
90.0 -1.7643999999999982
91.0 -1.7641312719729731 4.72696702638
92.0 -1.7633251724410755 -1.57900293779
93.0 -1.7619819469500444 -3.23181960658
94.0 -1.7601020046593996 -3.87161251372
95.0 -1.7576859182178066 -4.20887530601
96.0 -1.7547344235886408 -4.41346836640
97.0 -1.7512484198258087 -4.53781628071
98.0 -1.7472289687998850 -4.61621335574
99.0 -1.7426772948746572 -4.66935532156
100.0 -1.7375947845341739 -4.70694513594
101.0 -1.7319829859604061 -4.73317766737
102.0 -1.7258436085616571 -4.75064437549
103.0 -1.7191785224518601 -4.76148068862
104.0 -1.7119897578809236 -4.76745304428
105.0 -1.7042795046162962 -4.76995836473
106.0 -1.6960501112759445 -4.77007801074
107.0 -1.6873040846129395 -4.76864596021
108.0 -1.6780440887518751 -4.76630638679
109.0 -1.6682729443773514 -4.76355470832
110.0 -1.6579936278747665 -4.76076397489
111.0 -1.6472092704236780 -4.75820165589
112.0 -1.6359231570440194 -4.75604243717
113.0 -1.6241387255954487 -4.75438083791
114.0 -1.6118595657301431 -4.75324487297
115.0 -1.5990894177993569 -4.75261056380
116.0 -1.5858321717140726 -4.75241707451
117.0 -1.5720918657600991 -4.75258224575
118.0 -1.5578726853679685 -4.75301734051
119.0 -1.5431789618380125 -4.75363881102
120.0 -1.5280151710210099 -4.75437539262
121.0 -1.5123859319547952 -4.75517058563
122.0 -1.4962960054572561 -4.75598196491
123.0 -1.4797502926761439 -4.75677897305
124.0 -1.4627538335961341 -4.75754035595
125.0 -1.4453118055035985 -4.75825182378
126.0 -1.4274295214095551 -4.75890413674
127.0 -1.4091124284312713 -4.75949162493
128.0 -1.3903661061330201 -4.76001107886
129.0 -1.3711962648264922 -4.76046093276
130.0 -1.3516087438313760 -4.76084066994
131.0 -1.3316095096966472 -4.76115039354
132.0 -1.3112046543831000 -4.76139051947
133.0 -1.2904003934076742 -4.76156155999
134.0 -1.2692030639501515 -4.76166397523
135.0 -1.2476191229227873 -4.76169807706
136.0 -1.2256551450034727 -4.76166397523
137.0 -1.2033178206330233 -4.76156155999
138.0 -1.1806139539772087 -4.76139051947
139.0 -1.1575504608541340 -4.76115039354
140.0 -1.1341343666276160 -4.76084066994
141.0 -1.1103728040671907 -4.76046093276
142.0 -1.0862730111754002 -4.76001107886
143.0 -1.0618423289830268 -4.75949162493
144.0 -1.0370881993129470 -4.75890413674
145.0 -1.0120181625132760 -4.75825182378
146.0 -0.98663985516050690 -4.75754035595
147.0 -0.96096100773333504 -4.75677897305
148.0 -0.93498944225787850 -4.75598196491
149.0 -0.90873306992501313 -4.75517058563
150.0 -0.88219988868054877 -4.75437539262
151.0 -0.85539798078897455 -4.75363881102
152.0 -0.82833551037152386 -4.75301734051
153.0 -0.80102072091930543 -4.75258224575
154.0 -0.77346193278225417 -4.75241707451
155.0 -0.74566754063467033 -4.75261056380
156.0 -0.71764601091812508 -4.75324487297
157.0 -0.68940587926249530 -4.75438083791
158.0 -0.66095574788592937 -4.75604243717
159.0 -0.63230428297453123 -4.75820165589
160.0 -0.60346021204255063 -4.76076397489
161.0 -0.57443232127390043 -4.76355470832
162.0 -0.54522945284580193 -4.76630638679
163.0 -0.51586050223536739 -4.76864596021
164.0 -0.48633441550995304 -4.77007801074
165.0 -0.45666018660210317 -4.76995836473
166.0 -0.42684685456990612 -4.76745304428
167.0 -0.39690350084361170 -4.76148068862
168.0 -0.36683924645934213 -4.75064437549
169.0 -0.33666324928073060 -4.73317766737
170.0 -0.30638470120934980 -4.70694513594
171.0 -0.27601282538477223 -4.66935532156
172.0 -0.24555687337510695 -4.61621335574
173.0 -0.21502612235888524 -4.53781628071
174.0 -0.18442987229914362 -4.41346836640
175.0 -0.15377744311056088 -4.20887530601
176.0 -0.12307817182052339 -3.87161251372
177.0 -9.23414097249786320 -3.23181960658
178.0 -6.15765195399348708 -1.57900293779
179.0 -3.07928725494894424 4.72696702638
180.0 1.54248753038571946
181.0 3.07931810000098560 24.1083195172
