5.0 0.22474786951272291 0.44186 0. -0.5986707
5.25 0.23032811073355966 0.4352427 -0.0000001 -0.5983326
5.50 0.23578063841929153
5.0 0.22474786951272291 0.44186 0. -0.5986707
5.25 0.23032811073355966 0.4352427 -0.0000001 -0.5983326
5.50 0.23578063841929153 0.4287757 -0.0000001 -0.5980001
5.75 0.24111432303437602 0.4224289 -0.0000002 -0.597665
6.00 0.24633708657984518 0.4161709 -0.0000004 -0.5973194
6.25 0.25145603955751983 0.4099695 -0.0000007 -0.5969558
6.50 0.25647759350390792 0.4037922 -0.000001 -0.5965668
6.75 0.26140755421862366 0.3976083 -0.0000016 -0.5961455
7.00 0.26625119958804888 0.3913911 -0.0000024 -0.5956851
7.25 0.27101334500631991 0.3851199 -0.0000035 -0.5951795
7.50 0.27569839872782342 0.3787823 -0.0000051 -0.5946225
7.75 0.28031040898329512 0.3723747 -0.0000072 -0.5940086
8.00 0.28485310431016619 0.3659016 -0.0000102 -0.5933323
8.25 0.28932992825516618 0.3593742 -0.0000141 -0.5925888
8.50 0.29374406938062309 0.3528079 -0.0000192 -0.5917732
8.75 0.29809848732900202 0.3462206 -0.0000259 -0.5908815
9.00 0.30239593556098865 0.3396308 -0.0000346 -0.5899097
9.25 0.30663898127202549 0.3330564 -0.0000457 -0.5888542
9.50 0.31083002290405076 0.3265141 -0.0000598 -0.5877121
9.75 0.31497130559833353 0.3200188 -0.0000774 -0.5864806
10.00 0.31906493487798943 0.3135837 -0.0000994 -0.5851575
10.25 0.32311288880213562 0.3072203 -0.0001267 -0.5837411
10.50 0.32711702879550453 0.3009383 -0.0001601 -0.5822299
10.75 0.33107910932596624 0.2947458 -0.0002008 -0.580623
11.00 0.33500078657648524 0.2886493 -0.0002501 -0.57892
11.25 0.33888362623650670 0.282654 -0.0003095 -0.5771208
11.50 0.34272911051981081 0.2767639 -0.0003803 -0.5752258
11.75 0.34653864450082428 0.2709815 -0.0004646 -0.5732356
12.00 0.35031356184872481 0.2653083 -0.0005641 -0.5711514
12.25 0.35405513002798283 0.2597448 -0.000681 -0.5689744
12.50 0.35776455502492738 0.2542901 -0.0008176 -0.5667061
12.75 0.36144298565221100 0.2489426 -0.0009763 -0.5643482
13.00 0.36509151747647400 0.2436995 -0.00116 -0.561902
13.25 0.36871119640886968 0.2385569 -0.0013714 -0.559369
13.50 0.37230302199327187 0.2335098 -0.0016135 -0.55675
13.75 0.37586795042281695 0.2285522 -0.0018897 -0.5540453
14.00 0.37940689731182314 0.2169782 -0.0022033 -0.5512542
14.25 0.38292074024700901 0.2050989 -0.0025577 -0.5483742
14.50 0.38641032113921558 0.1932425 -0.0029568 -0.5454009
14.75 0.38987644839447261 0.1814167 -0.0034043 -0.5423268
15.00 0.39331989892118169 0.1696331 -0.003904 -0.5391398
15.25 0.39674141998838264 0.1579084 -0.00446 -0.5358214
15.50 0.40014173094847860 0.146266 -0.0050761 -0.5323434
15.75 0.40352152483640419 0.1347394 -0.0057566 -0.5286636
16.00 0.40688146985598445 0.1233757 -0.0065056 -0.5247173
16.25 0.41022221076315113 0.1122423 -0.0073274 -0.5204057
16.50 0.41354437015471773 0.1014353 -0.008227 -0.5155745
16.75 0.41684854967056112 0.0910906 -0.0092109 -0.5099796
17.00 0.42013533111630319 0.0813929 -0.0102896 -0.5032314
17.25 0.42340527751290741 0.0725668 -0.011483 -0.4947099
17.50 0.42665893407900496 0.0648051 -0.0128327 -0.483456
17.75 0.42989682915123001 0.0580599 -0.0144265 -0.4680727
18.00 0.43311947504735931 0.0516804 -0.0164398 -0.4466623
18.25 0.43632736887662232 0.0441931 -0.0192014 -0.4165937
18.50 0.43952099330116196 0.0340536 -0.0232732 -0.3733429
18.75 0.44270081725227745 0.0243185 -0.0287396 -0.3100574
19.00 0.44586729660476643 0.0158833 -0.0304132 -0.247231
19.25 0.44902087481240505 0.0110956 -0.0264047 -0.2148094
19.50 0.45216198350734593 0.0133163 -0.0207347 -0.1997741
19.75 0.45529104306598517 0.0179172 -0.0151613 -0.1918871
20.00 0.45840846314364242 0.0230388 -0.0104026 -0.1869338
20.25 0.46151464318020630 0.0275234 -0.0068503 -0.1832736
20.50 0.46460997287872730 0.030087 -0.004729 -0.1802497
20.75 0.46769483265878409 0.0295568 -0.0041165 -0.1775769
21.00 0.47076959408630886 0.0263709 -0.0049434 -0.1751196
21.25 0.47383462028142359 0.0218086 -0.0070196 -0.1728074
21.50 0.47689026630572684 0.0166322 -0.0100936 -0.1706012
21.75 0.47993687953036013 0.0111781 -0.0139142 -0.1684776
22.00 0.48297479998608267 0.0056029 -0.0182674 -0.1664221
22.25 0.48600436069649899 -0.000012 -0.022987 -0.1644252
22.50 0.48902588799549546 -0.0056194 -0.0279503 -0.1624808
22.75 0.49203970182987000 -0.01119 -0.0330683 -0.1605847
23.00 0.49504611604806875 -0.0167045 -0.0382771 -0.1587345
23.25 0.49804543867587991 -0.0221496 -0.0435301 -0.1569293
23.50 0.50103797217987622 -0.0275159 -0.0487935 -0.1551701
23.75 0.50402401371934424 -0.0327965 -0.0540422 -0.1534601
24.00 0.50700385538738835 -0.0379862 -0.0592573 -0.1518074
24.25 0.50997778444185260 -0.0430809 -0.0644242 -0.1502285
24.50 0.51294608352666027 -0.0480771 -0.0695318 -0.1487591
24.75 0.51590903088413309 -0.0529713 -0.0745705 -0.147484
25.00 0.51886690055881535 -0.05776 -0.0795326 -0.1466293
25.25 0.52181996259329522 -0.0624388 -0.0844106 -0.1468057
25.50 0.52476848321648584 -0.0670018 -0.0891971 -0.1489157
25.75 0.52771272502479782 -0.0714409 -0.0938838 -0.1527289
26.00 0.53065294715660993 -0.0757445 -0.0984605 -0.1573509
26.25 0.53358940546042311 -0.0798952 -0.1029137 -0.1623313
26.50 0.53652235265705239 -0.0838681 -0.1072249 -0.1675026
26.75 0.53945203849620049 -0.0876264 -0.1113684 -0.1727969
27.00 0.54237870990772830 -0.0911192 -0.1153082 -0.1781801
27.25 0.54530261114792489 -0.0942796 -0.1189978 -0.1836234
27.50 0.54822398394106098 -0.0970317 -0.1223822 -0.1890831
27.75 0.55114306761649301 -0.0993086 -0.1254104 -0.1944855
28.00 0.55406009924157285 -0.1010805 -0.1280522 -0.1997226
28.25 0.55697531375060216 -0.1023721 -0.1303122 -0.2046697
28.50 0.55988894407005929 -0.1032525 -0.1322258 -0.2092119
28.75 0.56280122124031395 -0.1038065 -0.1338419 -0.2132621
29.00 0.56571237453403433 -0.1041078 -0.1352061 -0.2167613
29.25 0.56862263157148163 -0.1042072 -0.1363515 -0.2196687
29.50 0.57153221843287527 -0.1041313 -0.1372961 -0.2219523
29.75 0.57444135976800692 -0.1038858 -0.1380443 -0.2235842
30.00 0.57735027890326807 -0.1034608 -0.1385884 -0.2245411
30.25 0.58025919794625369 -0.1028376 -0.1389122 -0.2248142
30.50 0.58316833788809341 -0.1019968 -0.1389954 -0.2244256
30.75 0.58607791870365555 -0.1009307 -0.138822 -0.2234525
31.00 0.58898815944976501 -0.0996544 -0.1383902 -0.2220418
31.25 0.59189927836156764 -0.0982098 -0.137719 -0.2203991
31.50 0.59481149294717062 -0.0966557 -0.1368464 -0.2187419
31.75 0.59772502008068074 -0.0950503 -0.1358192 -0.2172443
32.00 0.60064007609376124 -0.0934373 -0.1346809 -0.2160067
32.25 0.60355687686581816 -0.0918422 -0.1334658 -0.2150602
32.50 0.60647563791293169 -0.0902753 -0.1321979 -0.2143887
32.75 0.60939657447563289 -0.0887375 -0.1308935 -0.2139515
33.00 0.61231990160563299 -0.087224 -0.1295631 -0.2136999
33.25 0.61524583425160395 -0.0857282 -0.1282137 -0.2135868
33.50 0.61817458734410646 -0.0842434 -0.1268504 -0.2135711
33.75 0.62110637587975959 -0.0827635 -0.1254767 -0.2136189
34.00 0.62404141500474464 -0.0812837 -0.1240959 -0.2137036
34.25 0.62697992009773107 -0.0798005 -0.1227108 -0.2138051
34.50 0.62992210685231265 -0.0783119 -0.121324 -0.2139085
34.75 0.63286819135903882 -0.0768168 -0.119938 -0.2140034
35.00 0.63581839018712483 -0.0753153 -0.1185552 -0.2140826
35.25 0.63877292046592293 -0.0738082 -0.1171782 -0.2141418
35.50 0.64173199996623487 -0.0722969 -0.1158093 -0.2141784
35.75 0.64469584718154593 -0.0707832 -0.1144509 -0.2141914
36.00 0.64766468140925815 -0.0692695 -0.1131052 -0.2141807
36.25 0.65063872283200119 -0.0677581 -0.1117745 -0.2141471
36.50 0.65361819259909770 -0.0662517 -0.1104608 -0.214092
36.75 0.65660331290825846 -0.0647531 -0.1091663 -0.2140169
37.00 0.65959430708758449 -0.0632649 -0.1078927 -0.2139236
37.25 0.66259139967795155 -0.0617899 -0.106642 -0.2138141
37.50 0.66559481651585173 -0.0603308 -0.105416 -0.2136903
37.75 0.66860478481676788 -0.0588904 -0.1042162 -0.2135542
38.00 0.67162153325915808 -0.0574714 -0.1030443 -0.2134077
38.25 0.67464529206912238 -0.0560762 -0.1019018 -0.2132527
38.50 0.67767629310583211 -0.0547075 -0.10079 -0.2130908
38.75 0.68071476994779589 -0.0533676 -0.0997103 -0.2129238
39.00 0.68376095798003989 -0.0520591 -0.0986639 -0.2127532
39.25 0.68681509448228206 -0.0507841 -0.097652 -0.2125805
39.50 0.68987741871817743 -0.0495451 -0.0966758 -0.2124069
39.75 0.69294817202571524 -0.048344 -0.0957362 -0.2122338
40.00 0.69602759790885060 -0.0471832 -0.0948342 -0.2120622
40.25 0.69911594213045092 -0.0460645 -0.0939708 -0.2118934
40.50 0.70221345280664171 -0.0449901 -0.0931469 -0.2117282
40.75 0.70532038050263912 -0.0439618 -0.0923631 -0.2115675
41.00 0.70843697833015451 -0.0429815 -0.0916203 -0.2114122
41.25 0.71156350204645979 -0.0420509 -0.0909191 -0.211263
41.50 0.71470021015520846 -0.0411718 -0.0902603 -0.2111206
41.75 0.71784736400909988 -0.0403457 -0.0896443 -0.2109856
42.00 0.72100522791448773 -0.0395742 -0.0890718 -0.2108585
42.25 0.72417406923802852 -0.0388588 -0.0885433 -0.2107399
42.50 0.72735415851547003 -0.0382007 -0.0880593 -0.2106302
42.75 0.73054576956268569 -0.0376014 -0.0876201 -0.2105298
43.00 0.73374917958905994 -0.0370619 -0.0872261 -0.2104391
43.25 0.73696466931333482 -0.0365832 -0.0868776 -0.2103583
43.50 0.74019252308203054 -0.0361665 -0.0865751 -0.2102878
43.75 0.74343302899055930 -0.0358124 -0.0863186 -0.2102278
44.00 0.74668647900714824 -0.0355217 -0.0861085 -0.2101784
44.25 0.74995316909970178 -0.035295 -0.0859449 -0.2101399
44.50 0.75323339936572720 -0.0351327 -0.085828 -0.2101122
44.75 0.75652747416546084 -0.0350352 -0.0857578 -0.2100956
45.00 0.75983570225832975 -0.0350027 -0.0857344 -0.2100901
45.25 0.76315839694289456 -0.0350352 -0.0857578 -0.2100956
45.50 0.76649587620041937 -0.0351327 -0.085828 -0.2101122
45.75 0.76984846284222430 -0.035295 -0.0859449 -0.2101399
46.00 0.77321648466098036 -0.0355217 -0.0861085 -0.2101784
46.25 0.77660027458611014 -0.0358124 -0.0863186 -0.2102278
46.50 0.78000017084346973 -0.0361665 -0.0865751 -0.2102878
46.75 0.78341651711948912 -0.0365832 -0.0868776 -0.2103583
47.00 0.78684966272995749 -0.0370619 -0.0872261 -0.2104391
47.25 0.79029996279364645 -0.0376014 -0.08762 -0.2105298
47.50 0.79376777841097601 -0.0382007 -0.0880593 -0.2106302
47.75 0.79725347684792980 -0.0388588 -0.0885433 -0.2107399
48.00 0.80075743172543956 -0.0395742 -0.0890719 -0.2108585
48.25 0.80428002321446923 -0.0403457 -0.0896443 -0.2109856
48.50 0.80782163823703412 -0.0411718 -0.0902603 -0.2111206
48.75 0.81138267067340353 -0.0420509 -0.0909191 -0.211263
49.00 0.81496352157574936 -0.0429815 -0.0916203 -0.2114122
49.25 0.81856459938850701 -0.0439618 -0.0923631 -0.2115675
49.50 0.82218632017573356 -0.0449901 -0.0931469 -0.2117282
49.75 0.82582910785575958 -0.0460645 -0.0939708 -0.2118934
50.00 0.82949339444344139 -0.0471832 -0.0948342 -0.2120622
50.25 0.83317962030033754 -0.048344 -0.0957362 -0.2122338
50.50 0.83688823439314863 -0.0495451 -0.0966758 -0.2124069
50.75 0.84061969456077290 -0.0507841 -0.097652 -0.2125805
51.00 0.84437446779034697 -0.0520591 -0.0986639 -0.2127532
51.25 0.84815303050266300 -0.0533676 -0.0997103 -0.2129238
51.50 0.85195586884736429 -0.0547075 -0.10079 -0.2130908
51.75 0.85578347900834917 -0.0560762 -0.1019018 -0.2132527
52.00 0.85963636751982619 -0.0574714 -0.1030443 -0.2134077
52.25 0.86351505159349251 -0.0588904 -0.1042162 -0.2135542
52.50 0.86742005945732381 -0.0603308 -0.105416 -0.2136903
52.75 0.87135193070649397 -0.0617898 -0.106642 -0.2138141
53.00 0.87531121666696521 -0.0632649 -0.1078927 -0.2139236
53.25 0.87929848077231665 -0.0647531 -0.1091663 -0.2140169
53.50 0.88331429895441260 -0.0662517 -0.1104608 -0.214092
53.75 0.88735926004853483 -0.0677581 -0.1117745 -0.2141471
54.00 0.89143396621364279 -0.0692695 -0.1131052 -0.2141807
54.25 0.89553903336845653 -0.0707832 -0.1144509 -0.2141914
54.50 0.89967509164409376 -0.0722969 -0.1158093 -0.2141784
54.75 0.90384278585403033 -0.0738082 -0.1171782 -0.2141418
55.00 0.90804277598219907 -0.0753153 -0.1185552 -0.2140826
55.25 0.91227573769007742 -0.0768168 -0.119938 -0.2140034
55.50 0.91654236284366797 -0.0783119 -0.121324 -0.2139085
55.75 0.92084336006132139 -0.0798005 -0.1227108 -0.2138051
56.00 0.92517945528340284 -0.0812837 -0.1240959 -0.2137036
56.25 0.92955139236486140 -0.0827635 -0.1254767 -0.2136189
56.50 0.93395993369181618 -0.0842434 -0.1268504 -0.2135711
56.75 0.93840586082334254 -0.0857282 -0.1282137 -0.2135868
57.00 0.94288997515969897 -0.087224 -0.1295631 -0.2136999
57.25 0.94741309863831702 -0.0887374 -0.1308935 -0.2139515
57.50 0.95197607445894206 -0.0902753 -0.1321979 -0.2143887
57.75 0.95657976783940157 -0.0918422 -0.1334658 -0.2150602
58.00 0.96122506680355879 -0.0934373 -0.1346809 -0.2160067
58.25 0.96591288300310196 -0.0950503 -0.1358192 -0.2172443
58.50 0.97064415257492132 -0.0966557 -0.1368464 -0.2187419
58.75 0.97541983703592194 -0.0982098 -0.137719 -0.2203991
59.00 0.98024092421724396 -0.0996544 -0.1383902 -0.2220418
59.25 0.98510842923997155 -0.1009307 -0.138822 -0.2234525
59.50 0.99002339553454166 -0.1019968 -0.1389954 -0.2244256
59.75 0.99498689590620693 -0.1028376 -0.1389121 -0.2248142
60.00 1.0000000336490449 -0.1034608 -0.1385884 -0.2245411
60.25 1.0050639437111659 -0.1038858 -0.1380443 -0.2235842
60.50 1.0101797939139427 -0.1041313 -0.1372961 -0.2219523
60.75 1.0153487862282633 -0.1042072 -0.1363515 -0.2196687
61.00 1.0205721581109972 -0.1041078 -0.1352061 -0.2167613
61.25 1.0258511839050852 -0.1038065 -0.1338419 -0.2132621
61.50 1.0311871763068714 -0.1032525 -0.1322258 -0.2092119
61.75 1.0365814879045478 -0.1023721 -0.1303122 -0.2046697
62.00 1.0420355127918348 -0.1010805 -0.1280522 -0.1997226
62.25 1.0475506882612993 -0.0993086 -0.1254104 -0.1944854
62.50 1.0531284965820111 -0.0970316 -0.1223822 -0.1890831
62.75 1.0587704668665670 -0.0942796 -0.1189978 -0.1836234
63.00 1.0644781770328475 -0.0911191 -0.1153082 -0.1781801
63.25 1.0702532558662603 -0.0876264 -0.1113683 -0.1727969
63.50 1.0760973851886237 -0.0838681 -0.1072249 -0.1675026
63.75 1.0820123021402799 -0.0798952 -0.1029136 -0.1623313
64.00 1.0879998015825072 -0.0757445 -0.0984604 -0.1573509
64.25 1.0940617386278098 -0.0714409 -0.0938838 -0.1527289
64.50 1.1002000313062268 -0.0670018 -0.0891971 -0.1489157
64.75 1.1064166633763877 -0.0624388 -0.0844106 -0.1468057
65.00 1.1127136872907215 -0.05776 -0.0795326 -0.1466293
65.25 1.1190932273249123 -0.0529713 -0.0745705 -0.147484
65.50 1.1255574828824770 -0.048077 -0.0695318 -0.1487591
65.75 1.1321087319861824 -0.0430809 -0.0644242 -0.1502285
66.00 1.1387493349689228 -0.0379862 -0.0592573 -0.1518074
66.25 1.1454817383776770 -0.0327964 -0.0540422 -0.1534601
66.50 1.1523084791052536 -0.0275158 -0.0487935 -0.1551701
66.75 1.1592321887657087 -0.0221496 -0.0435301 -0.1569294
67.00 1.1662555983306084 -0.0167045 -0.0382771 -0.1587345
67.25 1.1733815430447392 -0.01119 -0.0330683 -0.1605847
67.50 1.1806129676413906 -0.0056194 -0.0279503 -0.1624808
67.75 1.1879529318790409 -0.000012 -0.022987 -0.1644252
68.00 1.1954046164231349 0.0056029 -0.0182674 -0.1664221
68.25 1.2029713290986654 0.0111781 -0.0139142 -0.1684776
68.50 1.2106565115415191 0.0166322 -0.0100936 -0.1706012
68.75 1.2184637462790018 0.0218086 -0.0070196 -0.1728074
69.00 1.2263967642726714 0.0263709 -0.0049434 -0.1751196
69.25 1.2344594529595776 0.0295568 -0.0041165 -0.1775769
69.50 1.2426558648313226 0.030087 -0.004729 -0.1802497
69.75 1.2509902265939778 0.0275234 -0.0068503 -0.1832736
70.00 1.2594669489559134 0.0230388 -0.0104026 -0.1869338
70.25 1.2680906370950717 0.0179172 -0.0151613 -0.1918872
70.50 1.2768661018621295 0.0133163 -0.0207347 -0.1997741
70.75 1.2857983717814927 0.0110956 -0.0264047 -0.2148095
71.00 1.2948927059181552 0.0158833 -0.0304132 -0.2472311
71.25 1.3041546076852373 0.0243185 -0.0287396 -0.3100576
71.50 1.3135898396745678 0.0340536 -0.0232732 -0.373343
71.75 1.3232044396011293 0.0441931 -0.0192014 -0.4165938
72.00 1.3330047374615932 0.0516804 -0.0164398 -0.4466624
72.25 1.3429973740177321 0.0580599 -0.0144265 -0.4680727
72.50 1.3531893207273342 0.0648051 -0.0128327 -0.483456
72.75 1.3635879012585173 0.0725668 -0.011483 -0.49471
73.00 1.3742008147382716 0.081393 -0.0102896 -0.5032315
73.25 1.3850361609029067 0.0910906 -0.0092109 -0.5099796
73.50 1.3961024673370386 0.1014353 -0.008227 -0.5155745
73.75 1.4074087190092159 0.1122423 -0.0073274 -0.5204057
74.00 1.4189643903365978 0.1233757 -0.0065056 -0.5247173
74.25 1.4307794800386300 0.1347394 -0.0057566 -0.5286636
74.50 1.4428645490710084 0.1462661 -0.0050761 -0.5323434
74.75 1.4552307619668963 0.1579084 -0.00446 -0.5358214
75.00 1.4678899319530556 0.1696332 -0.003904 -0.5391398
75.25 1.4808545702551064 0.1814167 -0.0034043 -0.5423268
75.50 1.4941379400594756 0.1932425 -0.0029568 -0.5454009
75.75 1.5077541156608558 0.2050989 -0.0025577 -0.5483742
76.00 1.5217180473945009 0.2169782 -0.0022033 -0.5512542
76.25 1.5360456330340897 0.2285522 -0.0018897 -0.5540453
76.50 1.5507537964299845 0.2335098 -0.0016135 -0.55675
76.75 1.5658605742718710 0.2385569 -0.0013714 -0.559369
77.00 1.5813852119866876 0.2436995 -0.00116 -0.561902
77.25 1.5973482699307082 0.2489426 -0.0009763 -0.5643482
77.50 1.6137717412076256 0.2542901 -0.0008176 -0.5667062
77.75 1.6306791826473761 0.2597448 -0.000681 -0.5689744
78.00 1.6480958607190197 0.2653083 -0.0005641 -0.5711514
78.25 1.6660489144325314 0.2709815 -0.0004646 -0.5732356
78.50 1.6845675376176648 0.2767639 -0.0003803 -0.5752258
78.75 1.7036831833639368 0.282654 -0.0003095 -0.5771208
79.00 1.7234297938777567 0.2886493 -0.0002501 -0.57892
79.25 1.7438440595774944 0.2947458 -0.0002008 -0.580623
79.50 1.7649657119256603 0.3009383 -0.0001601 -0.5822299
79.75 1.7868378553155890 0.3072203 -0.0001267 -0.5837411
80.00 1.8095073443210954 0.3135837 -0.0000994 -0.5851576
80.25 1.8330252138232914 0.3200188 -0.0000774 -0.5864806
80.50 1.8574471710024862 0.3265141 -0.0000598 -0.5877121
80.75 1.8828341599932619 0.3330564 -0.0000457 -0.5888542
81.00 1.9092530122354845 0.3396308 -0.0000346 -0.5899097
81.25 1.9367771983277440 0.3462206 -0.0000259 -0.5908815
81.50 1.9654877006520655 0.3528079 -0.0000192 -0.5917732
81.75 1.9954740303864316 0.3593741 -0.0000141 -0.5925888
82.00 2.0268354180156947 0.3659016 -0.0000102 -0.5933323
