5.0 0.22474786951272291 -0.71621 -0.19948 -0.17012 0.59687 .02936
5.25 0.23032811073355966 -0.70874 -0.19931 -0.16922 0.57905 .03009
5.0 0.22474786951272291 -0.71621 -0.19948 -0.17012 0.59687 .02936
5.25 0.23032811073355966 -0.70874 -0.19931 -0.16922 0.57905 .03009
5.50 0.23578063841929153 -0.70119 -0.19907 -0.16827 0.56193 .03080
5.75 0.24111432303437602 -0.69357 -0.19875 -0.16726 0.54547 .03149
6.00 0.24633708657984518 -0.68587 -0.19835 -0.16618 0.52962 .03217
6.25 0.25145603955751983 -0.67811 -0.19787 -0.16504 0.51436 .03283
6.50 0.25647759350390792 -0.67029 -0.19731 -0.16383 0.49964 .03348
6.75 0.26140755421862366 -0.66241 -0.19666 -0.16254 0.48545 .03412
7.00 0.26625119958804888 -0.65448 -0.19592 -0.16117 0.47174 .03475
7.25 0.27101334500631991 -0.64651 -0.19510 -0.15973 0.45850 .03537
7.50 0.27569839872782342 -0.63850 -0.19418 -0.15820 0.44570 .03598
7.75 0.28031040898329512 -0.63046 -0.19317 -0.15659 0.43331 .03658
8.00 0.28485310431016619 -0.62239 -0.19207 -0.15489 0.42130 .03718
8.25 0.28932992825516618 -0.61430 -0.19087 -0.15310 0.40967 .03777
8.50 0.29374406938062309 -0.60619 -0.18957 -0.15122 0.39838 .03835
8.75 0.29809848732900202 -0.59808 -0.18817 -0.14925 0.38741 .03892
9.00 0.30239593556098865 -0.58996 -0.18668 -0.14718 0.37676 .03950
9.25 0.30663898127202549 -0.58185 -0.18508 -0.14502 0.36639 .04006
9.50 0.31083002290405076 -0.57375 -0.18338 -0.14277 0.35630 .04061
9.75 0.31497130559833353 -0.56566 -0.18157 -0.14041 0.34647 .04116
10.00 0.31906493487798943 -0.55759 -0.17967 -0.13796 0.33687 .04171
10.25 0.32311288880213562 -0.54955 -0.17765 -0.13541 0.32751 .04224
10.50 0.32711702879550453 -0.54153 -0.17554 -0.13276 0.31836 .04278
10.75 0.33107910932596624 -0.53356 -0.17331 -0.13002 0.30942 .04329
11.00 0.33500078657648524 -0.52563 -0.17098 -0.12717 0.30066 .04381
11.25 0.33888362623650670 -0.51774 -0.16855 -0.12423 0.29209 .04432
11.50 0.34272911051981081 -0.50990 -0.16601 -0.12119 0.28369 .04482
11.75 0.34653864450082428 -0.50212 -0.16337 -0.11806 0.27546 .04531
12.00 0.35031356184872481 -0.49440 -0.16063 -0.11484 0.26737 .04579
12.25 0.35405513002798283 -0.48674 -0.15778 -0.11152 0.25943 .04626
12.50 0.35776455502492738 -0.47915 -0.15483 -0.10812 0.25164 .04671
12.75 0.36144298565221100 -0.47163 -0.15178 -0.10463 0.24397 .04715
13.00 0.36509151747647400 -0.46419 -0.14863 -0.10105 0.23644 .04758
13.25 0.36871119640886968 -0.45682 -0.14538 -0.09740 0.22902 .04798
13.50 0.37230302199327187 -0.44952 -0.14204 -0.09367 0.22172 .04837
13.75 0.37586795042281695 -0.44231 -0.13861 -0.08987 0.21454 .04874
14.00 0.37940689731182314 -0.43518 -0.13508 -0.08601 0.20747 .04907
14.25 0.38292074024700901 -0.42813 -0.13148 -0.08208 0.20051 .04940
14.50 0.38641032113921558 -0.42117 -0.12779 -0.07810 0.19365 .04969
14.75 0.38987644839447261 -0.41428 -0.12402 -0.07407 0.18691 .04995
15.00 0.39331989892118169 -0.40748 -0.12019 -0.07000 0.18027 .05019
15.25 0.39674141998838264 -0.40075 -0.11630 -0.06590 0.17373 .05040
15.50 0.40014173094847860 -0.39410 -0.11237 -0.06178 0.16732 .05059
15.75 0.40352152483640419 -0.38750 -0.10840 -0.05765 0.16101 .05075
16.00 0.40688146985598445 -0.38096 -0.10443 -0.05354 0.15484 .05089
16.25 0.41022221076315113 -0.37443 -0.10048 -0.04946 0.14881 .05102
16.50 0.41354437015471773 -0.36790 -0.09660 -0.04545 0.14294 .05115
16.75 0.41684854967056112 -0.36128 -0.09287 -0.04155 0.13727 .05132
17.00 0.42013533111630319 -0.35450 -0.08938 -0.03782 0.13185 .05156
17.25 0.42340527751290741 -0.34738 -0.08630 -0.03433 0.12674 .05197
17.50 0.42665893407900496 -0.33967 -0.08385 -0.03118 0.12205 .05267
17.75 0.42989682915123001 -0.33100 -0.08236 -0.02846 0.11787 .05390
18.00 0.43311947504735931 -0.32089 -0.08224 -0.02618 0.11426 .05606
18.25 0.43632736887662232 -0.30870 -0.08407 -0.02417 0.11113 .05990
18.50 0.43952099330116196 -0.29354 -0.08892 -0.02176 0.10822 .06716
18.75 0.44270081725227745 -0.27452 -0.09904 -0.01698 0.10549 .08206
19.00 0.44586729660476643 -0.25763 -0.11266 -0.00897 0.10592 .10369
19.25 0.44902087481240505 -0.24815 -0.12348 -0.00268 0.09965 .12080
19.50 0.45216198350734593 -0.24221 -0.13225 0.00125 0.09361 .13350
19.75 0.45529104306598517 -0.23776 -0.14008 0.00355 0.09054 .14363
20.00 0.45840846314364242 -0.23407 -0.14738 0.00464 0.08932 .15202
20.25 0.46151464318020630 -0.23083 -0.15434 0.00477 0.08943 .15911
20.50 0.46460997287872730 -0.22790 -0.16102 0.00413 0.09054 .16515
20.75 0.46769483265878409 -0.22523 -0.16745 0.00287 0.09244 .17032
21.00 0.47076959408630886 -0.22278 -0.17363 0.00112 0.09495 .17475
21.25 0.47383462028142359 -0.22059 -0.17953 -0.00099 0.09794 .17854
21.50 0.47689026630572684 -0.21871 -0.18506 -0.00338 0.10129 .18168
21.75 0.47993687953036013 -0.21730 -0.19009 -0.00597 0.10491 .18412
22.00 0.48297479998608267 -0.21667 -0.19429 -0.00871 0.10873 .18558
22.25 0.48600436069649899 -0.21727 -0.19721 -0.01156 0.11271 .18565
22.50 0.48902588799549546 -0.21942 -0.19853 -0.01447 0.11679 .18406
22.75 0.49203970182987000 -0.22288 -0.19850 -0.01744 0.12094 .18106
23.00 0.49504611604806875 -0.22712 -0.19764 -0.02042 0.12513 .17722
23.25 0.49804543867587991 -0.23175 -0.19634 -0.02342 0.12933 .17292
23.50 0.50103797217987622 -0.23655 -0.19483 -0.02642 0.13184 .16841
23.75 0.50402401371934424 -0.24143 -0.19320 -0.02941 0.12946 .16379
24.00 0.50700385538738835 -0.24633 -0.19153 -0.03240 0.12705 .15913
24.25 0.50997778444185260 -0.25121 -0.18984 -0.03537 0.12464 .15447
24.50 0.51294608352666027 -0.25608 -0.18815 -0.03833 0.12224 .14982
24.75 0.51590903088413309 -0.26091 -0.18649 -0.04128 0.11985 .14521
25.00 0.51886690055881535 -0.26572 -0.18485 -0.04423 0.11748 .14062
25.25 0.52181996259329522 -0.27050 -0.18326 -0.04718 0.11516 .13608
25.50 0.52476848321648584 -0.27526 -0.18171 -0.05013 0.11287 .13158
25.75 0.52771272502479782 -0.28002 -0.18023 -0.05311 0.11064 .12712
26.00 0.53065294715660993 -0.28479 -0.17881 -0.05612 0.10847 .12269
26.25 0.53358940546042311 -0.28959 -0.17749 -0.05918 0.10636 .11831
26.50 0.53652235265705239 -0.29444 -0.17627 -0.06232 0.10435 .11395
26.75 0.53945203849620049 -0.29937 -0.17520 -0.06555 0.10245 .10965
27.00 0.54237870990772830 -0.30441 -0.17430 -0.06890 0.10070 .10540
27.25 0.54530261114792489 -0.30958 -0.17365 -0.07240 0.09913 .10125
27.50 0.54822398394106098 -0.31489 -0.17329 -0.07603 0.09781 .09726
27.75 0.55114306761649301 -0.32033 -0.17328 -0.07978 0.09678 .09350
28.00 0.55406009924157285 -0.32587 -0.17365 -0.08357 0.09609 .09008
28.25 0.55697531375060216 -0.33144 -0.17440 -0.08734 0.09573 .08706
28.50 0.55988894407005929 -0.33700 -0.17550 -0.09100 0.09569 .08450
28.75 0.56280122124031395 -0.34252 -0.17689 -0.09449 0.09593 .08240
29.00 0.56571237453403433 -0.34802 -0.17856 -0.09779 0.09642 .08077
29.25 0.56862263157148163 -0.35352 -0.18046 -0.10088 0.09713 .07958
29.50 0.57153221843287527 -0.35907 -0.18258 -0.10375 0.09802 .07883
29.75 0.57444135976800692 -0.36471 -0.18494 -0.10638 0.09910 .07856
30.00 0.57735027890326807 -0.37051 -0.18754 -0.10877 0.10035 .07877
30.25 0.58025919794625369 -0.37136 -0.19037 -0.11089 0.10176 .07948
30.50 0.58316833788809341 -0.37035 -0.19345 -0.11273 0.10333 .08072
30.75 0.58607791870365555 -0.36956 -0.19672 -0.11427 0.10504 .08245
31.00 0.58898815944976501 -0.36904 -0.20013 -0.11550 0.10686 .08463
31.25 0.59189927836156764 -0.36882 -0.20355 -0.11642 0.10874 .08713
31.50 0.59481149294717062 -0.36890 -0.20689 -0.11706 0.11063 .08983
31.75 0.59772502008068074 -0.36924 -0.21006 -0.11746 0.11252 .09260
32.00 0.60064007609376124 -0.36982 -0.21301 -0.11768 0.11438 .09533
32.25 0.60355687686581816 -0.37058 -0.21573 -0.11774 0.11620 .09799
32.50 0.60647563791293169 -0.37148 -0.21823 -0.11769 0.11799 .10054
32.75 0.60939657447563289 -0.37248 -0.22053 -0.11754 0.11975 .10299
33.00 0.61231990160563299 -0.37357 -0.22266 -0.11731 0.12148 .10535
33.25 0.61524583425160395 -0.37470 -0.22465 -0.11703 0.12320 .10762
33.50 0.61817458734410646 -0.37588 -0.22650 -0.11669 0.12490 .10981
33.75 0.62110637587975959 -0.37709 -0.22825 -0.11630 0.12658 .11195
34.00 0.62404141500474464 -0.37831 -0.22990 -0.11588 0.12825 .11402
34.25 0.62697992009773107 -0.37954 -0.23147 -0.11543 0.12991 .11604
34.50 0.62992210685231265 -0.38078 -0.23296 -0.11495 0.13155 .11801
34.75 0.63286819135903882 -0.38201 -0.23439 -0.11445 0.13318 .11994
35.00 0.63581839018712483 -0.38323 -0.23577 -0.11392 0.13480 .12185
35.25 0.63877292046592293 -0.38445 -0.23709 -0.11338 0.13639 .12371
35.50 0.64173199996623487 -0.38565 -0.23836 -0.11283 0.13797 .12553
35.75 0.64469584718154593 -0.38683 -0.23959 -0.11226 0.13953 .12733
36.00 0.64766468140925815 -0.38799 -0.24078 -0.11169 0.14107 .12909
36.25 0.65063872283200119 -0.38913 -0.24192 -0.11111 0.14258 .13081
36.50 0.65361819259909770 -0.39025 -0.24303 -0.11053 0.14407 .13250
36.75 0.65660331290825846 -0.39134 -0.24411 -0.10995 0.14554 .13416
37.00 0.65959430708758449 -0.39241 -0.24514 -0.10936 0.14698 .13578
37.25 0.66259139967795155 -0.39345 -0.24615 -0.10878 0.14838 .13737
37.50 0.66559481651585173 -0.39447 -0.24712 -0.10820 0.14976 .13892
37.75 0.66860478481676788 -0.39546 -0.24806 -0.10763 0.15003 .14043
38.00 0.67162153325915808 -0.39641 -0.24896 -0.10706 0.14924 .14190
38.25 0.67464529206912238 -0.39734 -0.24984 -0.10651 0.14847 .14333
38.50 0.67767629310583211 -0.39824 -0.25068 -0.10596 0.14773 .14472
38.75 0.68071476994779589 -0.39910 -0.25149 -0.10542 0.14701 .14607
39.00 0.68376095798003989 -0.39993 -0.25227 -0.10490 0.14631 .14737
39.25 0.68681509448228206 -0.40074 -0.25301 -0.10439 0.14563 .14862
39.50 0.68987741871817743 -0.40151 -0.25373 -0.10389 0.14498 .14984
39.75 0.69294817202571524 -0.40224 -0.25442 -0.10341 0.14435 .15101
40.00 0.69602759790885060 -0.40295 -0.25507 -0.10295 0.14375 .15212
40.25 0.69911594213045092 -0.40362 -0.25569 -0.10250 0.14317 .15319
40.50 0.70221345280664171 -0.40426 -0.25628 -0.10207 0.14262 .15421
40.75 0.70532038050263912 -0.40486 -0.25684 -0.10166 0.14210 .15518
41.00 0.70843697833015451 -0.40543 -0.25737 -0.10127 0.14160 .15610
41.25 0.71156350204645979 -0.40597 -0.25787 -0.10090 0.14114 .15697
41.50 0.71470021015520846 -0.40647 -0.25833 -0.10055 0.14070 .15778
41.75 0.71784736400909988 -0.40694 -0.25877 -0.10022 0.14028 .15855
42.00 0.72100522791448773 -0.40738 -0.25917 -0.09991 0.13990 .15926
42.25 0.72417406923802852 -0.40778 -0.25954 -0.09963 0.13955 .15991
42.50 0.72735415851547003 -0.40814 -0.25988 -0.09937 0.13922 .16051
42.75 0.73054576956268569 -0.40847 -0.26018 -0.09913 0.13893 .16105
43.00 0.73374917958905994 -0.40877 -0.26045 -0.09892 0.13866 .16153
43.25 0.73696466931333482 -0.40903 -0.26070 -0.09873 0.13843 .16197
43.50 0.74019252308203054 -0.40926 -0.26091 -0.09856 0.13823 .16235
43.75 0.74343302899055930 -0.40945 -0.26108 -0.09842 0.13805 .16266
44.00 0.74668647900714824 -0.40961 -0.26123 -0.09831 0.13791 .16292
44.25 0.74995316909970178 -0.40973 -0.26134 -0.09822 0.13780 .16312
44.50 0.75323339936572720 -0.40982 -0.26142 -0.09816 0.13772 .16326
44.75 0.75652747416546084 -0.40987 -0.26147 -0.09812 0.13768 .16335
45.00 0.75983570225832975 -0.40989 -0.26149 -0.09810 0.13766 .16339
45.25 0.76315839694289456 -0.40987 -0.26147 -0.09812 0.13768 .16335
45.50 0.76649587620041937 -0.40982 -0.26142 -0.09816 0.13772 .16326
45.75 0.76984846284222430 -0.40973 -0.26134 -0.09822 0.13780 .16312
46.00 0.77321648466098036 -0.40961 -0.26123 -0.09831 0.13791 .16292
46.25 0.77660027458611014 -0.40945 -0.26108 -0.09842 0.13805 .16266
46.50 0.78000017084346973 -0.40926 -0.26091 -0.09856 0.13823 .16235
46.75 0.78341651711948912 -0.40903 -0.26070 -0.09873 0.13843 .16197
47.00 0.78684966272995749 -0.40877 -0.26045 -0.09892 0.13866 .16153
47.25 0.79029996279364645 -0.40847 -0.26018 -0.09913 0.13893 .16105
47.50 0.79376777841097601 -0.40814 -0.25988 -0.09937 0.13922 .16051
47.75 0.79725347684792980 -0.40778 -0.25954 -0.09963 0.13955 .15991
48.00 0.80075743172543956 -0.40738 -0.25917 -0.09991 0.13990 .15926
48.25 0.80428002321446923 -0.40694 -0.25877 -0.10022 0.14028 .15855
48.50 0.80782163823703412 -0.40647 -0.25833 -0.10055 0.14070 .15778
48.75 0.81138267067340353 -0.40597 -0.25787 -0.10090 0.14114 .15697
49.00 0.81496352157574936 -0.40543 -0.25737 -0.10127 0.14160 .15610
49.25 0.81856459938850701 -0.40486 -0.25684 -0.10166 0.14210 .15518
49.50 0.82218632017573356 -0.40426 -0.25628 -0.10207 0.14262 .15421
49.75 0.82582910785575958 -0.40362 -0.25569 -0.10250 0.14317 .15319
50.00 0.82949339444344139 -0.40295 -0.25507 -0.10295 0.14375 .15212
50.25 0.83317962030033754 -0.40224 -0.25442 -0.10341 0.14435 .15101
50.50 0.83688823439314863 -0.40151 -0.25373 -0.10389 0.14498 .14984
50.75 0.84061969456077290 -0.40074 -0.25301 -0.10439 0.14563 .14862
51.00 0.84437446779034697 -0.39993 -0.25227 -0.10490 0.14631 .14737
51.25 0.84815303050266300 -0.39910 -0.25149 -0.10542 0.14701 .14607
51.50 0.85195586884736429 -0.39824 -0.25068 -0.10596 0.14773 .14472
51.75 0.85578347900834917 -0.39734 -0.24984 -0.10651 0.14847 .14333
52.00 0.85963636751982619 -0.39641 -0.24896 -0.10706 0.14924 .14190
52.25 0.86351505159349251 -0.39546 -0.24806 -0.10763 0.15003 .14043
52.50 0.86742005945732381 -0.39447 -0.24712 -0.10820 0.14976 .13892
52.75 0.87135193070649397 -0.39345 -0.24615 -0.10878 0.14838 .13737
53.00 0.87531121666696521 -0.39241 -0.24514 -0.10936 0.14698 .13578
53.25 0.87929848077231665 -0.39134 -0.24411 -0.10995 0.14554 .13416
53.50 0.88331429895441260 -0.39025 -0.24303 -0.11053 0.14407 .13250
53.75 0.88735926004853483 -0.38913 -0.24192 -0.11111 0.14258 .13081
54.00 0.89143396621364279 -0.38799 -0.24078 -0.11169 0.14107 .12909
54.25 0.89553903336845653 -0.38683 -0.23959 -0.11226 0.13953 .12733
54.50 0.89967509164409376 -0.38565 -0.23836 -0.11283 0.13797 .12553
54.75 0.90384278585403033 -0.38445 -0.23709 -0.11338 0.13639 .12371
55.00 0.90804277598219907 -0.38323 -0.23577 -0.11392 0.13480 .12185
55.25 0.91227573769007742 -0.38201 -0.23439 -0.11445 0.13318 .11994
55.50 0.91654236284366797 -0.38078 -0.23296 -0.11495 0.13155 .11801
55.75 0.92084336006132139 -0.37954 -0.23147 -0.11543 0.12991 .11604
56.00 0.92517945528340284 -0.37831 -0.22990 -0.11588 0.12825 .11402
56.25 0.92955139236486140 -0.37709 -0.22825 -0.11630 0.12658 .11195
56.50 0.93395993369181618 -0.37588 -0.22650 -0.11669 0.12490 .10981
56.75 0.93840586082334254 -0.37470 -0.22465 -0.11703 0.12320 .10762
57.00 0.94288997515969897 -0.37357 -0.22266 -0.11731 0.12148 .10535
57.25 0.94741309863831702 -0.37248 -0.22053 -0.11754 0.11975 .10299
57.50 0.95197607445894206 -0.37148 -0.21823 -0.11769 0.11799 .10054
57.75 0.95657976783940157 -0.37058 -0.21573 -0.11774 0.11620 .09799
58.00 0.96122506680355879 -0.36982 -0.21301 -0.11768 0.11438 .09533
58.25 0.96591288300310196 -0.36924 -0.21006 -0.11746 0.11252 .09260
58.50 0.97064415257492132 -0.36890 -0.20689 -0.11706 0.11063 .08983
58.75 0.97541983703592194 -0.36882 -0.20355 -0.11642 0.10874 .08713
59.00 0.98024092421724396 -0.36904 -0.20013 -0.11550 0.10686 .08463
59.25 0.98510842923997155 -0.36956 -0.19672 -0.11427 0.10504 .08245
59.50 0.99002339553454166 -0.37035 -0.19345 -0.11273 0.10333 .08072
59.75 0.99498689590620693 -0.37136 -0.19037 -0.11089 0.10176 .07948
60.00 1.0000000336490449 -0.37051 -0.18754 -0.10877 0.10035 .07877
60.25 1.0050639437111659 -0.36471 -0.18494 -0.10638 0.09910 .07856
60.50 1.0101797939139427 -0.35907 -0.18258 -0.10375 0.09802 .07883
60.75 1.0153487862282633 -0.35352 -0.18046 -0.10088 0.09713 .07958
61.00 1.0205721581109972 -0.34802 -0.17856 -0.09779 0.09642 .08077
61.25 1.0258511839050852 -0.34252 -0.17689 -0.09449 0.09593 .08240
61.50 1.0311871763068714 -0.33700 -0.17550 -0.09100 0.09569 .08450
61.75 1.0365814879045478 -0.33144 -0.17440 -0.08734 0.09573 .08706
62.00 1.0420355127918348 -0.32587 -0.17365 -0.08357 0.09609 .09008
62.25 1.0475506882612993 -0.32033 -0.17328 -0.07978 0.09678 .09350
62.50 1.0531284965820111 -0.31489 -0.17329 -0.07603 0.09781 .09726
62.75 1.0587704668665670 -0.30958 -0.17365 -0.07240 0.09913 .10125
63.00 1.0644781770328475 -0.30441 -0.17430 -0.06890 0.10070 .10540
63.25 1.0702532558662603 -0.29937 -0.17520 -0.06555 0.10245 .10965
63.50 1.0760973851886237 -0.29444 -0.17627 -0.06232 0.10435 .11395
63.75 1.0820123021402799 -0.28959 -0.17749 -0.05918 0.10636 .11831
64.00 1.0879998015825072 -0.28479 -0.17881 -0.05612 0.10847 .12269
64.25 1.0940617386278098 -0.28002 -0.18023 -0.05311 0.11064 .12712
64.50 1.1002000313062268 -0.27526 -0.18171 -0.05013 0.11287 .13158
64.75 1.1064166633763877 -0.27050 -0.18326 -0.04718 0.11516 .13608
65.00 1.1127136872907215 -0.26572 -0.18485 -0.04423 0.11748 .14062
65.25 1.1190932273249123 -0.26091 -0.18649 -0.04128 0.11985 .14521
65.50 1.1255574828824770 -0.25608 -0.18815 -0.03833 0.12224 .14982
65.75 1.1321087319861824 -0.25121 -0.18984 -0.03537 0.12464 .15447
66.00 1.1387493349689228 -0.24633 -0.19153 -0.03240 0.12705 .15913
66.25 1.1454817383776770 -0.24143 -0.19320 -0.02941 0.12946 .16379
66.50 1.1523084791052536 -0.23655 -0.19483 -0.02642 0.13184 .16841
66.75 1.1592321887657087 -0.23175 -0.19634 -0.02342 0.12933 .17292
67.00 1.1662555983306084 -0.22712 -0.19764 -0.02042 0.12513 .17722
67.25 1.1733815430447392 -0.22288 -0.19850 -0.01744 0.12094 .18106
67.50 1.1806129676413906 -0.21942 -0.19853 -0.01447 0.11679 .18406
67.75 1.1879529318790409 -0.21727 -0.19721 -0.01156 0.11271 .18565
68.00 1.1954046164231349 -0.21667 -0.19429 -0.00871 0.10873 .18558
68.25 1.2029713290986654 -0.21730 -0.19009 -0.00597 0.10491 .18412
68.50 1.2106565115415191 -0.21871 -0.18506 -0.00338 0.10129 .18168
68.75 1.2184637462790018 -0.22059 -0.17953 -0.00099 0.09794 .17854
69.00 1.2263967642726714 -0.22278 -0.17363 0.00112 0.09495 .17475
69.25 1.2344594529595776 -0.22523 -0.16745 0.00287 0.09244 .17032
69.50 1.2426558648313226 -0.22790 -0.16102 0.00413 0.09054 .16515
69.75 1.2509902265939778 -0.23083 -0.15434 0.00477 0.08943 .15911
70.00 1.2594669489559134 -0.23407 -0.14738 0.00464 0.08932 .15202
70.25 1.2680906370950717 -0.23776 -0.14008 0.00355 0.09054 .14363
70.50 1.2768661018621295 -0.24221 -0.13225 0.00125 0.09361 .13350
70.75 1.2857983717814927 -0.24815 -0.12348 -0.00268 0.09965 .12080
71.00 1.2948927059181552 -0.25763 -0.11266 -0.00897 0.10592 .10369
71.25 1.3041546076852373 -0.27452 -0.09904 -0.01698 0.10549 .08206
71.50 1.3135898396745678 -0.29354 -0.08892 -0.02176 0.10822 .06716
71.75 1.3232044396011293 -0.30870 -0.08407 -0.02417 0.11113 .05990
72.00 1.3330047374615932 -0.32089 -0.08224 -0.02618 0.11426 .05606
72.25 1.3429973740177321 -0.33100 -0.08236 -0.02846 0.11787 .05390
72.50 1.3531893207273342 -0.33967 -0.08385 -0.03118 0.12205 .05267
72.75 1.3635879012585173 -0.34738 -0.08630 -0.03433 0.12674 .05197
73.00 1.3742008147382716 -0.35450 -0.08938 -0.03782 0.13185 .05156
73.25 1.3850361609029067 -0.36128 -0.09287 -0.04155 0.13727 .05132
73.50 1.3961024673370386 -0.36790 -0.09660 -0.04545 0.14294 .05115
73.75 1.4074087190092159 -0.37443 -0.10048 -0.04946 0.14881 .05102
74.00 1.4189643903365978 -0.38096 -0.10443 -0.05354 0.15484 .05089
74.25 1.4307794800386300 -0.38750 -0.10840 -0.05765 0.16101 .05075
74.50 1.4428645490710084 -0.39410 -0.11237 -0.06178 0.16732 .05059
74.75 1.4552307619668963 -0.40075 -0.11630 -0.06590 0.17373 .05040
75.00 1.4678899319530556 -0.40748 -0.12019 -0.07000 0.18027 .05019
75.25 1.4808545702551064 -0.41428 -0.12402 -0.07407 0.18691 .04995
75.50 1.4941379400594756 -0.42117 -0.12779 -0.07810 0.19365 .04969
75.75 1.5077541156608558 -0.42813 -0.13148 -0.08208 0.20051 .04940
76.00 1.5217180473945009 -0.43518 -0.13508 -0.08601 0.20747 .04907
76.25 1.5360456330340897 -0.44231 -0.13861 -0.08987 0.21454 .04874
76.50 1.5507537964299845 -0.44952 -0.14204 -0.09367 0.22172 .04837
76.75 1.5658605742718710 -0.45682 -0.14538 -0.09740 0.22902 .04798
77.00 1.5813852119866876 -0.46419 -0.14863 -0.10105 0.23644 .04758
77.25 1.5973482699307082 -0.47163 -0.15178 -0.10463 0.24397 .04715
77.50 1.6137717412076256 -0.47915 -0.15483 -0.10812 0.25164 .04671
77.75 1.6306791826473761 -0.48674 -0.15778 -0.11152 0.25943 .04626
78.00 1.6480958607190197 -0.49440 -0.16063 -0.11484 0.26737 .04579
78.25 1.6660489144325314 -0.50212 -0.16337 -0.11806 0.27546 .04531
78.50 1.6845675376176648 -0.50990 -0.16601 -0.12119 0.28369 .04482
78.75 1.7036831833639368 -0.51774 -0.16855 -0.12423 0.29209 .04432
79.00 1.7234297938777567 -0.52563 -0.17098 -0.12717 0.30066 .04381
79.25 1.7438440595774944 -0.53356 -0.17331 -0.13002 0.30942 .04329
79.50 1.7649657119256603 -0.54153 -0.17554 -0.13276 0.31836 .04278
79.75 1.7868378553155890 -0.54955 -0.17765 -0.13541 0.32751 .04224
80.00 1.8095073443210954 -0.55759 -0.17967 -0.13796 0.33687 .04171
80.25 1.8330252138232914 -0.56566 -0.18157 -0.14041 0.34647 .04116
80.50 1.8574471710024862 -0.57375 -0.18338 -0.14277 0.35630 .04061
80.75 1.8828341599932619 -0.58185 -0.18508 -0.14502 0.36639 .04006
81.00 1.9092530122354845 -0.58996 -0.18668 -0.14718 0.37676 .03950
81.25 1.9367771983277440 -0.59808 -0.18817 -0.14925 0.38741 .03892
81.50 1.9654877006520655 -0.60619 -0.18957 -0.15122 0.39838 .03835
81.75 1.9954740303864316 -0.61430 -0.19087 -0.15310 0.40967 .03777
82.00 2.0268354180156947 -0.62239 -0.19207 -0.15489 0.42130 .03718
