5.0 0.22474786951272291 -6.00500962150
5.25 0.23032811073355966 -6.11486047570
5.50 0.23578063841929153 -6.21408082144
5.0 0.22474786951272291 -6.00500962150
5.25 0.23032811073355966 -6.11486047570
5.50 0.23578063841929153 -6.21408082144
5.75 0.24111432303437602 -6.30383620843
6.00 0.24633708657984518 -6.38511477727
6.25 0.25145603955751983 -6.45876079292
6.50 0.25647759350390792 -6.52550084488
6.75 0.26140755421862366 -6.58596451693
7.00 0.26625119958804888 -6.64070083656
7.25 0.27101334500631991 -6.69019147216
7.50 0.27569839872782342 -6.73486139964
7.75 0.28031040898329512 -6.77508758371
8.00 0.28485310431016619 -6.81120608945
8.25 0.28932992825516618 -6.84351794222
8.50 0.29374406938062309 -6.87229398505
8.75 0.29809848732900202 -6.89777892557
9.00 0.30239593556098865 -6.92019472649
9.25 0.30663898127202549 -6.93974345939
9.50 0.31083002290405076 -6.95660971872
9.75 0.31497130559833353 -6.97096267336
10.00 0.31906493487798943 -6.98295781822
10.25 0.32311288880213562 -6.99273847647
10.50 0.32711702879550453 -7.00043709384
10.75 0.33107910932596624 -7.00617635905
11.00 0.33500078657648524 -7.01007017816
11.25 0.33888362623650670 -7.01222452602
11.50 0.34272911051981081 -7.01273819422
11.75 0.34653864450082428 -7.01170345176
12.00 0.35031356184872481 -7.00920663194
12.25 0.35405513002798283 -7.00532865741
12.50 0.35776455502492738 -7.00014551306
12.75 0.36144298565221100 -6.99372867630
13.00 0.36509151747647400 -6.98614551174
13.25 0.36871119640886968 -6.97745963863
13.50 0.37230302199327187 -6.96773127770
13.75 0.37586795042281695 -6.95701758533
14.00 0.37940689731182314 -6.94537298307
14.25 0.38292074024700901 -6.93284949279
14.50 0.38641032113921558 -6.91949709031
14.75 0.38987644839447261 -6.90536409501
15.00 0.39331989892118169 -6.89049762083
15.25 0.39674141998838264 -6.87494412693
15.50 0.40014173094847860 -6.85875012695
15.75 0.40352152483640419 -6.84196315293
16.00 0.40688146985598445 -6.82463313175
16.25 0.41022221076315113 -6.80681444288
16.50 0.41354437015471773 -6.78856912309
16.75 0.41684854967056112 -6.76997203383
17.00 0.42013533111630319 -6.75111941032
17.25 0.42340527751290741 -6.73214316817
17.50 0.42665893407900496 -6.71323460207
17.75 0.42989682915123001 -6.69468234968
18.00 0.43311947504735931 -6.67693155148
18.25 0.43632736887662232 -6.66068255292
18.50 0.43952099330116196 -6.64708993628
18.75 0.44270081725227745 -6.63809381344
19.00 0.44586729660476643 -6.63512309530
19.25 0.44902087481240505 -6.63578847526
19.50 0.45216198350734593 -6.63772721544
19.75 0.45529104306598517 -6.64004310008
20.00 0.45840846314364242 -6.64238999973
20.25 0.46151464318020630 -6.64461494138
20.50 0.46460997287872730 -6.64664438118
20.75 0.46769483265878409 -6.64844196626
21.00 0.47076959408630886 -6.64999051583
21.25 0.47383462028142359 -6.65128346986
21.50 0.47689026630572684 -6.65232048288
21.75 0.47993687953036013 -6.65310500220
22.00 0.48297479998608267 -6.65364286730
22.25 0.48600436069649899 -6.65394146669
22.50 0.48902588799549546 -6.65400921524
22.75 0.49203970182987000 -6.65385522418
23.00 0.49504611604806875 -6.65348909196
23.25 0.49804543867587991 -6.65292077443
23.50 0.50103797217987622 -6.65216050983
23.75 0.50402401371934424 -6.65121878403
24.00 0.50700385538738835 -6.65010632779
24.25 0.50997778444185260 -6.64883414239
24.50 0.51294608352666027 -6.64741355267
24.75 0.51590903088413309 -6.64585628996
25.00 0.51886690055881535 -6.64417460968
25.25 0.52181996259329522 -6.64238145176
25.50 0.52476848321648584 -6.64049065571
25.75 0.52771272502479782 -6.63851724602
26.00 0.53065294715660993 -6.63647780735
26.25 0.53358940546042311 -6.63439096946
26.50 0.53652235265705239 -6.63227801190
26.75 0.53945203849620049 -6.63016356142
27.00 0.54237870990772830 -6.62807625752
27.25 0.54530261114792489 -6.62604906110
27.50 0.54822398394106098 -6.62411858868
27.75 0.55114306761649301 -6.62232272668
28.00 0.55406009924157285 -6.62069641322
28.25 0.55697531375060216 -6.61926706178
28.50 0.55988894407005929 -6.61805212053
28.75 0.56280122124031395 -6.61705997497
29.00 0.56571237453403433 -6.61629312519
29.25 0.56862263157148163 -6.61575182139
29.50 0.57153221843287527 -6.61543708487
29.75 0.57444135976800692 -6.61535286818
30.00 0.57735027890326807 -6.61550740919
30.25 0.58025919794625369 -6.61591372784
30.50 0.58316833788809341 -6.61658892933
30.75 0.58607791870365555 -6.61755176817
31.00 0.58898815944976501 -6.61881823117
31.25 0.59189927836156764 -6.62039609079
31.50 0.59481149294717062 -6.62228080234
31.75 0.59772502008068074 -6.62445492348
32.00 0.60064007609376124 -6.62689100126
32.25 0.60355687686581816 -6.62955593120
32.50 0.60647563791293169 -6.63241484725
32.75 0.60939657447563289 -6.63543374634
33.00 0.61231990160563299 -6.63858092565
33.25 0.61524583425160395 -6.64182760282
33.50 0.61817458734410646 -6.64514805991
33.75 0.62110637587975959 -6.64851954055
34.00 0.62404141500474464 -6.65192203419
34.25 0.62697992009773107 -6.65533801951
34.50 0.62992210685231265 -6.65875220305
34.75 0.63286819135903882 -6.66215127021
35.00 0.63581839018712483 -6.66552365589
35.25 0.63877292046592293 -6.66885933671
35.50 0.64173199996623487 -6.67214964511
35.75 0.64469584718154593 -6.67538710364
36.00 0.64766468140925815 -6.67856527831
36.25 0.65063872283200119 -6.68167864871
36.50 0.65361819259909770 -6.68472249362
36.75 0.65660331290825846 -6.68769279017
37.00 0.65959430708758449 -6.69058612504
37.25 0.66259139967795155 -6.69339961653
37.50 0.66559481651585173 -6.69613084593
37.75 0.66860478481676788 -6.69877779731
38.00 0.67162153325915808 -6.70133880458
38.25 0.67464529206912238 -6.70381250501
38.50 0.67767629310583211 -6.70619779834
38.75 0.68071476994779589 -6.70849381089
39.00 0.68376095798003989 -6.71069986393
39.25 0.68681509448228206 -6.71281544589
39.50 0.68987741871817743 -6.71484018789
39.75 0.69294817202571524 -6.71677384213
40.00 0.69602759790885060 -6.71861626295
40.25 0.69911594213045092 -6.72036738998
40.50 0.70221345280664171 -6.72202723340
40.75 0.70532038050263912 -6.72359586085
41.00 0.70843697833015451 -6.72507338593
41.25 0.71156350204645979 -6.72645995796
41.50 0.71470021015520846 -6.72775575305
41.75 0.71784736400909988 -6.72896096616
42.00 0.72100522791448773 -6.73007580404
42.25 0.72417406923802852 -6.73110047918
42.50 0.72735415851547003 -6.73203520430
42.75 0.73054576956268569 -6.73288018770
43.00 0.73374917958905994 -6.73363562905
43.25 0.73696466931333482 -6.73430171583
43.50 0.74019252308203054 -6.73487862027
43.75 0.74343302899055930 -6.73536649664
44.00 0.74668647900714824 -6.73576547910
44.25 0.74995316909970178 -6.73607567982
44.50 0.75323339936572720 -6.73629718752
44.75 0.75652747416546084 -6.73643006638
45.00 0.75983570225832975 -6.73647435521
45.25 0.76315839694289456 -6.73643006699
45.50 0.76649587620041937 -6.73629718875
45.75 0.76984846284222430 -6.73607568166
46.00 0.77321648466098036 -6.73576548155
46.25 0.77660027458611014 -6.73536649971
46.50 0.78000017084346973 -6.73487862395
46.75 0.78341651711948912 -6.73430172012
47.00 0.78684966272995749 -6.73363563395
47.25 0.79029996279364645 -6.73288019322
47.50 0.79376777841097601 -6.73203521043
47.75 0.79725347684792980 -6.73110048592
48.00 0.80075743172543956 -6.73007581139
48.25 0.80428002321446923 -6.72896097412
48.50 0.80782163823703412 -6.72775576162
48.75 0.81138267067340353 -6.72645996714
49.00 0.81496352157574936 -6.72507339572
49.25 0.81856459938850701 -6.72359587125
49.50 0.82218632017573356 -6.72202724440
49.75 0.82582910785575958 -6.72036740159
50.00 0.82949339444344139 -6.71861627517
50.25 0.83317962030033754 -6.71677385496
50.50 0.83688823439314863 -6.71484020132
50.75 0.84061969456077290 -6.71281545993
51.00 0.84437446779034697 -6.71069987857
51.25 0.84815303050266300 -6.70849382613
51.50 0.85195586884736429 -6.70619781418
51.75 0.85578347900834917 -6.70381252145
52.00 0.85963636751982619 -6.70133882162
52.25 0.86351505159349251 -6.69877781495
52.50 0.86742005945732381 -6.69613086417
52.75 0.87135193070649397 -6.69339963536
53.00 0.87531121666696521 -6.69058614447
53.25 0.87929848077231665 -6.68769281019
53.50 0.88331429895441260 -6.68472251424
53.75 0.88735926004853483 -6.68167866991
54.00 0.89143396621364279 -6.67856530010
54.25 0.89553903336845653 -6.67538712602
54.50 0.89967509164409376 -6.67214966807
54.75 0.90384278585403033 -6.66885936026
55.00 0.90804277598219907 -6.66552368002
55.25 0.91227573769007742 -6.66215129492
55.50 0.91654236284366797 -6.65875222833
55.75 0.92084336006132139 -6.65533804537
56.00 0.92517945528340284 -6.65192206062
56.25 0.92955139236486140 -6.64851956754
56.50 0.93395993369181618 -6.64514808746
56.75 0.93840586082334254 -6.64182763093
57.00 0.94288997515969897 -6.63858095431
57.25 0.94741309863831702 -6.63543377554
57.50 0.95197607445894206 -6.63241487698
57.75 0.95657976783940157 -6.62955596147
58.00 0.96122506680355879 -6.62689103206
58.25 0.96591288300310196 -6.62445495479
58.50 0.97064415257492132 -6.62228083417
58.75 0.97541983703592194 -6.62039612312
59.00 0.98024092421724396 -6.61881826401
59.25 0.98510842923997155 -6.61755180152
59.50 0.99002339553454166 -6.61658896318
59.75 0.99498689590620693 -6.61591376219
60.00 1.0000000336490449 -6.61550744403
60.25 1.0050639437111659 -6.61535290351
60.50 1.0101797939139427 -6.61543712068
60.75 1.0153487862282633 -6.61575185767
61.00 1.0205721581109972 -6.61629316194
61.25 1.0258511839050852 -6.61706001219
61.50 1.0311871763068714 -6.61805215822
61.75 1.0365814879045478 -6.61926709993
62.00 1.0420355127918348 -6.62069645184
62.25 1.0475506882612993 -6.62232276576
62.50 1.0531284965820111 -6.62411862822
62.75 1.0587704668665670 -6.62604910108
63.00 1.0644781770328475 -6.62807629792
63.25 1.0702532558662603 -6.63016360221
63.50 1.0760973851886237 -6.63227805307
63.75 1.0820123021402799 -6.63439101098
64.00 1.0879998015825072 -6.63647784921
64.25 1.0940617386278098 -6.63851728820
64.50 1.1002000313062268 -6.64049069820
64.75 1.1064166633763877 -6.64238149455
65.00 1.1127136872907215 -6.64417465277
65.25 1.1190932273249123 -6.64585633335
65.50 1.1255574828824770 -6.64741359635
65.75 1.1321087319861824 -6.64883418636
66.00 1.1387493349689228 -6.65010637206
66.25 1.1454817383776770 -6.65121882859
66.50 1.1523084791052536 -6.65216055470
66.75 1.1592321887657087 -6.65292081962
67.00 1.1662555983306084 -6.65348913748
67.25 1.1733815430447392 -6.65385527005
67.50 1.1806129676413906 -6.65400926148
67.75 1.1879529318790409 -6.65394151332
68.00 1.1954046164231349 -6.65364291435
68.25 1.2029713290986654 -6.65310504970
68.50 1.2106565115415191 -6.65232053087
68.75 1.2184637462790018 -6.65128351839
69.00 1.2263967642726714 -6.64999056495
69.25 1.2344594529595776 -6.64844201605
69.50 1.2426558648313226 -6.64664443174
69.75 1.2509902265939778 -6.64461499284
70.00 1.2594669489559134 -6.64239005229
70.25 1.2680906370950717 -6.64004315409
70.50 1.2768661018621295 -6.63772727152
70.75 1.2857983717814927 -6.63578853482
71.00 1.2948927059181552 -6.63512316210
71.25 1.3041546076852373 -6.63809389601
71.50 1.3135898396745678 -6.64709003609
71.75 1.3232044396011293 -6.66068266401
72.00 1.3330047374615932 -6.67693166986
72.25 1.3429973740177321 -6.69468247304
72.50 1.3531893207273342 -6.71323472899
72.75 1.3635879012585173 -6.73214329778
73.00 1.3742008147382716 -6.75111954211
73.25 1.3850361609029067 -6.76997216752
73.50 1.3961024673370386 -6.78856925852
73.75 1.4074087190092159 -6.80681457999
74.00 1.4189643903365978 -6.82463327055
74.25 1.4307794800386300 -6.84196329345
74.50 1.4428645490710084 -6.85875026927
74.75 1.4552307619668963 -6.87494427114
75.00 1.4678899319530556 -6.89049776707
75.25 1.4808545702551064 -6.90536424341
75.50 1.4941379400594756 -6.91949724105
75.75 1.5077541156608558 -6.93284964605
76.00 1.5217180473945009 -6.94537313908
76.25 1.5360456330340897 -6.95701774431
76.50 1.5507537964299845 -6.96773143991
76.75 1.5658605742718710 -6.97745980437
77.00 1.5813852119866876 -6.98614568133
77.25 1.5973482699307082 -6.99372885009
77.50 1.6137717412076256 -7.00014569143
77.75 1.6306791826473761 -7.00532884080
78.00 1.6480958607190197 -7.00920682082
78.25 1.6660489144325314 -7.01170364664
78.50 1.6845675376176648 -7.01273839569
78.75 1.7036831833639368 -7.01222473469
79.00 1.7234297938777567 -7.01007039475
79.25 1.7438440595774944 -7.00617658432
79.50 1.7649657119256603 -7.00043732864
79.75 1.7868378553155890 -6.99273872176
80.00 1.8095073443210954 -6.98295807505
80.25 1.8330252138232914 -6.97096294290
80.50 1.8574471710024862 -6.95661000227
80.75 1.8828341599932619 -6.93974375840
81.00 1.9092530122354845 -6.92019504257
81.25 1.9367771983277440 -6.89777926052
81.50 1.9654877006520655 -6.87229434090
81.75 1.9954740303864316 -6.84351832124
82.00 2.0268354180156947 -6.81120649419
