# h4 energies for multiplicity =  3
# atoms arranged in rhombic structure of 2 isosceles triangles, definied by single parameter y = the height of the triangles 
# y, E(n=1), E(n=2), E(n=3), E(n=4), E(n=5)
0.25 -1.9619986129  -1.3397249950  -1.3261430050  -1.2323940434  -1.2275813593 
.26 -1.9833557948  -1.3757096057  -1.3588080725  -1.2836240193  -1.2769909052 
.27 -2.0013614243  -1.4078284404  -1.3871335540  -1.3313507069  -1.3224778922 
.28 -2.0163073663  -1.4363360439  -1.4113491934  -1.3759384753  -1.3643741538 
.29 -2.0284470767  -1.4614523660  -1.4316529178  -1.4176941190  -1.4029619360 
.30 -2.0380034042  -1.4833704730  -1.4568756637  -1.4482199134  -1.4384835430 
.31 -2.0451745039  -1.5022625622  -1.4937001373  -1.4711494538  -1.4612098868 
.32 -2.0501383456  -1.5283503662  -1.5182846282  -1.5011450641  -1.4778329916 
.33 -2.0530560930  -1.5609809566  -1.5315801389  -1.5286361856  -1.5012724042 
.34 -2.0540744806  -1.5917236145  -1.5537733876  -1.5422828088  -1.5220373129 
.35 -2.0533279344  -1.6206914067  -1.5766954165  -1.5505187576  -1.5402766171 
.36 -2.0509402202  -1.6479824458  -1.5975318129  -1.5564082465  -1.5561294865 
.37 -2.0470260890  -1.6736828281  -1.6164049548  -1.5697272869  -1.5600672117 
.38 -2.0416915811  -1.6978697301  -1.6334311728  -1.5811939195  -1.5616075978 
.39 -2.0350368274  -1.7206125309  -1.6487223073  -1.5906485794  -1.5611393517 
.40 -2.0271553575  -1.7419754714  -1.6623857598  -1.5982047203  -1.5587695917 
.41 -2.0181369963  -1.7620181007  -1.6745256116  -1.6039726597  -1.5546046063 
.42 -2.0080674819  -1.7807969881  -1.6852423070  -1.6080586556  -1.5487489236 
.43 -1.9970307847  -1.7983660374  -1.6946333001  -1.6105667900  -1.5413068408 
.44 -1.9851086129  -1.8147775902  -1.7027923928  -1.6115978444  -1.5323811525 
.45 -1.9723836057  -1.8300822469  -1.7098106856  -1.6112521110  -1.5220757338 
.46 -1.9589380634  -1.8443297997  -1.7157754440  -1.6096274501  -1.5104934283 
.47 -1.9448553300  -1.8575692200  -1.7207701544  -1.6068201921  -1.4977367200 
.48 -1.9302225818  -1.8698484961  -1.7248753372  -1.6029275822  -1.4839101638 
.49 -1.9151273286  -1.8812153085  -1.7281662504  -1.5980434530  -1.4691155826 
.50 -1.8996638374  -1.8917162798  -1.7307156029  -1.5922646035  -1.4647417115 
.51 -1.9013975459  -1.8839285976  -1.7325908075  -1.5856853332  -1.4652702551 
.52 -1.9103043318  -1.8680240962  -1.7338555077  -1.5784009511  -1.4650939010 
.53 -1.9184809594  -1.8520578138  -1.7345687537  -1.5705061051  -1.4642628354 
.54 -1.9259706728  -1.8361444097  -1.7347859482  -1.5620966251  -1.4628353086 
.55 -1.9328155503  -1.8204041578  -1.7345579626  -1.5532673551  -1.4608759392 
.56 -1.9390563949  -1.8049655851  -1.7339327006  -1.5441148497  -1.4584563732 
.57 -1.9447325735  -1.7899621482  -1.7329537444  -1.5347338651  -1.4556526098 
.58 -1.9498818530  -1.7755319998  -1.7316610544  -1.5252179292  -1.4525443522 
.59 -1.9545404255  -1.7618178001  -1.7300923797  -1.5156611552  -1.4492150803 
.60 -1.9587427761  -1.7489615944  -1.7282827584  -1.5061560224  -1.4457498892 
.61 -1.9625214093  -1.7370976900  -1.7262637779  -1.4967906378  -1.4460517819 
.62 -1.9659072633  -1.7263499713  -1.7240667449  -1.4876536485  -1.4499812645 
.63 -1.9689289884  -1.7217191369  -1.7168168479  -1.4788258076  -1.4526871600 
.64 -1.9716134190  -1.7192477921  -1.7085667189  -1.4703848175  -1.4542031974 
.65 -1.9739858517  -1.7166801037  -1.7016311590  -1.4624060110  -1.4545975184 
.66 -1.9760690381  -1.7140399637  -1.6959948944  -1.4549532356  -1.4539719200 
.67 -1.9778840615  -1.7113518757  -1.6916023633  -1.4524623953  -1.4480853096 
.68 -1.9794505183  -1.7086415131  -1.6883640241  -1.4502322569  -1.4418555586 
.69 -1.9807856541  -1.7059326672  -1.6861627440  -1.4474578827  -1.4363051481 
.70 -1.9819053775  -1.7032510850  -1.6848694699  -1.4443198417  -1.4314689222 
.71 -1.9828235387  -1.7006220415  -1.6843509452  -1.4409891244  -1.4273702867 
.72 -1.9835529111  -1.6980736820  -1.6844808411  -1.4376219644  -1.4240261855 
.73 -1.9841043926  -1.6956344873  -1.6851422606  -1.4343516419  -1.4214423447 
.74 -1.9844881003  -1.6933367160  -1.6862331238  -1.4312895159  -1.4224806006 
.75 -1.9847119262  -1.6912121361  -1.6876629906  -1.4285199190  -1.4241312706 
.76 -1.9847835013  -1.6893570185  -1.6892977764  -1.4261806452  -1.4261074558 
.77 -1.9847089818  -1.6912515164  -1.6876322305  -1.4285705099  -1.4240949682 
.78 -1.9844937088  -1.6932936927  -1.6862572505  -1.4312328149  -1.4225078226 
.79 -1.9841423471  -1.6954400866  -1.6852175336  -1.4340909677  -1.4213565756 
.80 -1.9836580099  -1.6976533208  -1.6845578002  -1.4370597347  -1.4235363014 
.81 -1.9830446668  -1.6999050274  -1.6843273868  -1.4400514749  -1.4263655208 
.82 -1.9823038991  -1.7021687532  -1.6845709759  -1.4429727346  -1.4297035857 
.83 -1.9814384001  -1.7044250443  -1.6853345409  -1.4457330265  -1.4335054444 
.84 -1.9804496452  -1.7066564984  -1.6866576568  -1.4482439397  -1.4377228698 
.85 -1.9793390190  -1.7088489495  -1.6885733587  -1.4504242144  -1.4423083307 
.86 -1.9781075216  -1.7109903675  -1.6911050232  -1.4522022868  -1.4472146155 
.87 -1.9767562330  -1.7130710648  -1.6942650559  -1.4535195513  -1.4523963242 
.88 -1.9752851252  -1.7150815189  -1.6980518095  -1.4578075502  -1.4543301419 
.89 -1.9736960730  -1.7170164506  -1.7024534263  -1.4634086160  -1.4546064724 
.90 -1.9719886432  -1.7188683944  -1.7074427445  -1.4691572851  -1.4543319317 
.91 -1.9701635497  -1.7206325033  -1.7129835185  -1.4750161942  -1.4535051157 
.92 -1.9682219040  -1.7223052017  -1.7190312539  -1.4809510965  -1.4521366096 
.93 -1.9661638117  -1.7255345299  -1.7238821259  -1.4869284075  -1.4502440271 
.94 -1.9639902874  -1.7324391953  -1.7253606174  -1.4929186316  -1.4478529144 
.95 -1.9617018291  -1.7396894643  -1.7267376916  -1.4988938176  -1.4449919070 
.96 -1.9592988899  -1.7472302429  -1.7280106107  -1.5048283610  -1.4452563474 
.97 -1.9567829862  -1.7550089374  -1.7291782206  -1.5107005317  -1.4474226305 
.98 -1.9541545683  -1.7629755119  -1.7302381684  -1.5164891339  -1.4495102146 
.99 -1.9514157919  -1.7710840679  -1.7311903576  -1.5221774299  -1.4515051867 
1.00 -1.9485665352  -1.7792920858  -1.7320319587  -1.5277473985  -1.4533929923 
1.01 -1.9456083981  -1.7875615581  -1.7327623551  -1.5331852210  -1.4551628782 
1.02 -1.9425436681  -1.7958584389  -1.7333817827  -1.5384795536  -1.4568064896 
1.03 -1.9393734373  -1.8041523273  -1.7338890668  -1.5436189927  -1.4583157497 
1.04 -1.9360987606  -1.8124164661  -1.7342830427  -1.5485935399  -1.4596840256 
1.05 -1.9327220212  -1.8206274261  -1.7345641297  -1.5533961159  -1.4609073758 
1.06 -1.9292449743  -1.8287647565  -1.7347320243  -1.5580200140  -1.4619824000 
1.07 -1.9256686431  -1.8368107973  -1.7347856189  -1.5624587510  -1.4629060652 
1.08 -1.9219961958  -1.8447502318  -1.7347262790  -1.5667093126  -1.4636784357 
1.09 -1.9182293905  -1.8525700094  -1.7345537807  -1.5707678932  -1.4642990358 
1.10 -1.9143691532  -1.8602591508  -1.7342670211  -1.5746305683  -1.4647673725 
1.11 -1.9104194973  -1.8678081281  -1.7338683726  -1.5782975809  -1.4650866006 
1.12 -1.9063812965  -1.8752092748  -1.7333567588  -1.5817663022  -1.4652574477 
1.13 -1.9022569527  -1.8824561486  -1.7327328520  -1.5850363853  -1.4652826225 
1.14 -1.8980488513  -1.8895435194  -1.7319973541  -1.5881079712  -1.4651652522 
1.15 -1.8964672299  -1.8937593494  -1.7311509918  -1.5909816255  -1.4649088065 
1.16 -1.9032240707  -1.8893907648  -1.7301945103  -1.5936582803  -1.4645170270 
1.17 -1.9098116674  -1.8849453647  -1.7291286673  -1.5961391805  -1.4639938618 
1.18 -1.9162283797  -1.8804253550  -1.7279542267  -1.5984258337  -1.4702114533 
1.19 -1.9224731003  -1.8758338536  -1.7266729892  -1.6005209899  -1.4763783522 
1.20 -1.9285455055  -1.8711719748  -1.7252847120  -1.6024255636  -1.4822918650 
1.21 -1.9344455432  -1.8664427094  -1.7237912146  -1.6041426578  -1.4879553878 
1.22 -1.9401738003  -1.8616469313  -1.7221921751  -1.6056733858  -1.4933721520 
1.23 -1.9457308215  -1.8567896273  -1.7204916482  -1.6070232813  -1.4985463459 
1.24 -1.9511178904  -1.8518715400  -1.7186893322  -1.6081936564  -1.5034815299 
1.25 -1.9563364538  -1.8468943170  -1.7167859604  -1.6091869039  -1.5081815478 
1.26 -1.9613881013  -1.8418606266  -1.7147834043  -1.6100065840  -1.5126505610 
1.27 -1.9662746340  -1.8367730963  -1.7126835666  -1.6106563179  -1.5168928275 
1.28 -1.9709981043  -1.8316331001  -1.7104871360  -1.6111385432  -1.5209124011 
1.29 -1.9755605665  -1.8264443242  -1.7081972526  -1.6114581293  -1.5247139262 
1.30 -1.9799643951  -1.8212067219  -1.7058133013  -1.6116162256  -1.5283012140 
1.31 -1.9842118717  -1.8159238348  -1.7033384173  -1.6116176845  -1.5316789586 
1.32 -1.9883054695  -1.8105966155  -1.7007731574  -1.6114647868  -1.5348512397 
1.33 -1.9922476674  -1.8052271801  -1.6981193361  -1.6111610368  -1.5378224295 
1.34 -1.9960409816  -1.7998189400  -1.6953801478  -1.6107112838  -1.5405972649 
1.35 -1.9996880213  -1.7943711443  -1.6925546189  -1.6101162064  -1.5431793366 
1.36 -2.0031913628  -1.7888884430  -1.6896473221  -1.6093819608  -1.5455737197 
1.37 -2.0065536118  -1.7833698059  -1.6866571243  -1.6085089951  -1.5477838549 
1.38 -2.0097773766  -1.7778183383  -1.6835871419  -1.6075019455  -1.5498143418 
1.39 -2.0128652641  -1.7722356557  -1.6804390322  -1.6063639591  -1.5516693236 
1.40 -2.0158199240  -1.7666248227  -1.6772159658  -1.6050996516  -1.5533533702 
1.41 -2.0186438296  -1.7609842078  -1.6739164175  -1.6037089185  -1.5548695229 
1.42 -2.0213395686  -1.7553166505  -1.6705434240  -1.6021961607  -1.5562221828 
1.43 -2.0239097485  -1.7496250077  -1.6671000776  -1.6005657973  -1.5574157489 
1.44 -2.0263567715  -1.7439088278  -1.6635861745  -1.5988189181  -1.5584534683 
1.45 -2.0286831910  -1.7381708199  -1.6600047338  -1.5969597901  -1.5593396039 
1.46 -2.0308914298  -1.7324119836  -1.6563570862  -1.5949909568  -1.5600777920 
1.47 -2.0329838591  -1.7266332099  -1.6526444862  -1.5929148463  -1.5606715711 
1.48 -2.0349627943  -1.7208352788  -1.6488681072  -1.5907337685  -1.5611243784 
1.49 -2.0368306809  -1.7150206772  -1.6450308669  -1.5884517409  -1.5614402294 
1.50 -2.0385897621  -1.7091900541  -1.6411338599  -1.5860709234  -1.5616224172 
1.51 -2.0402422172  -1.7033439434  -1.6371780899  -1.5835933496  -1.5616741261 
1.52 -2.0417901587  -1.6974827626  -1.6331644658  -1.5810209245  -1.5615984293 
1.53 -2.0432361451  -1.6916107079  -1.6290977118  -1.5783593412  -1.5613998357 
1.54 -2.0445817031  -1.6857241930  -1.6249747538  -1.5756064531  -1.5610797343 
1.55 -2.0458296127  -1.6798293208  -1.6208022640  -1.5727698442  -1.5606433183 
1.56 -2.0469812364  -1.6739222314  -1.6165769266  -1.5698470652  -1.5600917201 
1.57 -2.0480390383  -1.6680070021  -1.6123034073  -1.5668436343  -1.5594292413 
1.58 -2.0490045043  -1.6620815096  -1.6079801601  -1.5637588189  -1.5586575733 
1.59 -2.0498800747  -1.6561498190  -1.6036118598  -1.5605980949  -1.5577809464 
1.60 -2.0506670965  -1.6502095921  -1.5991967649  -1.5573604822  -1.5568008336 
1.61 -2.0513679863  -1.6442648822  -1.5947395544  -1.5557213933  -1.5540514131 
1.62 -2.0519843789  -1.6383153861  -1.5902405432  -1.5545448718  -1.5506719219 
1.63 -2.0525173759  -1.6323583857  -1.5856976298  -1.5532723713  -1.5472205979 
1.64 -2.0529693266  -1.6263978635  -1.5811154382  -1.5519079041  -1.5437027526 
1.65 -2.0533421692  -1.6204355953  -1.5764963820  -1.5504544905  -1.5401214613 
1.66 -2.0536368127  -1.6144685810  -1.5718380875  -1.5489129325  -1.5364749791 
1.67 -2.0538550651  -1.6084984070  -1.5671427828  -1.5472860497  -1.5327661569 
1.68 -2.0539987332  -1.6025266713  -1.5624127077  -1.5455766393  -1.5289978399 
1.69 -2.0540696230  -1.5965549834  -1.5576501134  -1.5437874770  -1.5251728678 
1.70 -2.0540683342  -1.5905798886  -1.5528521725  -1.5419189084  -1.5212889700 
1.71 -2.0539971634  -1.5846053779  -1.5480235216  -1.5399747380  -1.5173513464 
1.72 -2.0538571999  -1.5786303773  -1.5431637164  -1.5379563403  -1.5133600860 
1.73 -2.0536501137  -1.5726563266  -1.5382748304  -1.5358662474  -1.5093177885 
1.74 -2.0533768787  -1.5666819925  -1.5337056573  -1.5333562533  -1.5052243480 
1.75 -2.0530390950  -1.5607087286  -1.5314769812  -1.5284099646  -1.5010822429 
1.76 -2.0526376191  -1.5547351400  -1.5291812406  -1.5234351838  -1.4968911708 
1.77 -2.0521747484  -1.5487652925  -1.5268221242  -1.5184365994  -1.4926563019 
1.78 -2.0516512929  -1.5427977417  -1.5244005621  -1.5134133709  -1.4883772496 
1.79 -2.0510679658  -1.5368309051  -1.5219173538  -1.5083645134  -1.4840534713 
1.80 -2.0504262249  -1.5308659738  -1.5193746524  -1.5032918164  -1.4796871962 
1.81 -2.0497275294  -1.5249041524  -1.5167745944  -1.4981970760  -1.4752806493 
1.82 -2.0489724456  -1.5189436675  -1.5141177580  -1.4930790969  -1.4708330460 
1.83 -2.0481623590  -1.5129856345  -1.5114061617  -1.4879395715  -1.4668753232 
1.84 -2.0472996033  -1.5086434102  -1.5070342512  -1.4827832745  -1.4652165376 
1.85 -2.0463837010  -1.5058283194  -1.5010845607  -1.4776057976  -1.4634773685 
1.86 -2.0454159650  -1.5029627763  -1.4951376017  -1.4724087337  -1.4616603987 
1.87 -2.0443977098  -1.5000486540  -1.4891944265  -1.4671936811  -1.4597681837 
1.88 -2.0433302522  -1.4970878128  -1.4832561015  -1.4619622439  -1.4578032532 
1.89 -2.0422138312  -1.4940803495  -1.4773204396  -1.4567127577  -1.4557664090 
1.90 -2.0410496871  -1.4910280094  -1.4713884157  -1.4536600354  -1.4514467180 
1.91 -2.0398390625  -1.4879325261  -1.4654610185  -1.4514864919  -1.4461656256 
1.92 -2.0385832027  -1.4847956222  -1.4595392513  -1.4492481132  -1.4408709868 
1.93 -2.0372821645  -1.4816171355  -1.4536207023  -1.4469453818  -1.4355608778 
1.94 -2.0359371148  -1.4783986752  -1.4477062819  -1.4445804897  -1.4302366943 
1.95 -2.0345492230  -1.4751418405  -1.4421556060  -1.4417969144  -1.4248998372 
1.96 -2.0331183844  -1.4718462529  -1.4396709514  -1.4358899863  -1.4195481542 
1.97 -2.0316469944  -1.4685153986  -1.4371305120  -1.4299899214  -1.4141865334 
1.98 -2.0301348962  -1.4651488185  -1.4345344005  -1.4240940525  -1.4088127511 
1.99 -2.0285818195  -1.4617459179  -1.4318825782  -1.4181995608  -1.4034244232 
2.00 -2.0269915630  -1.4583122538  -1.4291810255  -1.4123146324  -1.3980301785 
2.01 -2.0253610430  -1.4548429918  -1.4264255162  -1.4064289973  -1.3926201524 
2.02 -2.0236940939  -1.4513437060  -1.4236220248  -1.4005509119  -1.3872030261 
2.03 -2.0219918238  -1.4478158368  -1.4207724595  -1.3946812935  -1.3817801211 
2.04 -2.0202507983  -1.4442541404  -1.4178721393  -1.3888094100  -1.3763410853 
2.05 -2.0184764973  -1.4406665272  -1.4149293082  -1.3829476180  -1.3708986779 
2.06 -2.0166668867  -1.4370498362  -1.4119413068  -1.3770889325  -1.3654462821 
2.07 -2.0148229053  -1.4334052875  -1.4089097731  -1.3712340740  -1.3599849879 
2.08 -2.0129454951  -1.4297340954  -1.4058363290  -1.3653837767  -1.3545158911 
2.09 -2.0110356014  -1.4260374693  -1.4027225809  -1.3595387894  -1.3490400930 
2.10 -2.0090924699  -1.4223141878  -1.3995677247  -1.3536957290  -1.3435545505 
2.11 -2.0071186926  -1.4185678101  -1.3963756643  -1.3478594318  -1.3380644407 
2.12 -2.0051152258  -1.4147995327  -1.3931479629  -1.3420306893  -1.3325708832 
2.13 -2.0030794311  -1.4110054922  -1.3898811718  -1.3362017535  -1.3270664413 
2.14 -2.0010139103  -1.4071892358  -1.3865791538  -1.3303775026  -1.3215563099 
2.15 -1.9989213987  -1.4033544444  -1.3832458992  -1.3245630040  -1.3160458648 
2.16 -1.9967971765  -1.3994944066  -1.3798751066  -1.3187458787  -1.3105230119 
2.17 -1.9946477162  -1.3956179928  -1.3764758831  -1.3129399526  -1.3050018780 
2.18 -1.9924681077  -1.3917182777  -1.3730416922  -1.3071326085  -1.2994701164 
2.19 -1.9902630320  -1.3878015986  -1.3695791203  -1.3013334228  -1.2939375856 
2.20 -1.9880293172  -1.3838634827  -1.3660840368  -1.2955339920  -1.2883961424 
2.21 -1.9857717858  -1.3799104036  -1.3625631511  -1.2897440979  -1.2828558360 
2.22 -1.9834871386  -1.3759377434  -1.3590121695  -1.2839551845  -1.2773083570 
2.23 -1.9811782079  -1.3719492352  -1.3554350708  -1.2781725170  -1.2717592210 
2.24 -1.9788436313  -1.3679429237  -1.3518301832  -1.2723920183  -1.2662045876 
2.25 -1.9764863173  -1.3639226112  -1.3482015413  -1.2666190700  -1.2606500753 
2.26 -1.9741026049  -1.3598832803  -1.3445444175  -1.2608446706  -1.2550869041 
2.27 -1.9716976477  -1.3558317193  -1.3408657976  -1.2550790870  -1.2495255675 
2.28 -1.9692676527  -1.3517627640  -1.3371607920  -1.2493131600  -1.2439571162 
2.29 -1.9668179215  -1.3476833471  -1.3334365205  -1.2435573649  -1.2383922395 
2.30 -1.9643421498  -1.3435850231  -1.3296848162  -1.2377973407  -1.2328167721 
2.31 -1.9618480965  -1.3394779321  -1.3259159764  -1.2320487227  -1.2272465543 
2.32 -1.9593292512  -1.3353534066  -1.3221215977  -1.2262968968  -1.2216671568 
2.33 -1.9567911090  -1.3312185629  -1.3183089625  -1.2205526180  -1.2160895258 
2.34 -1.9542318891  -1.3270709658  -1.3144758504  -1.2148113366  -1.2105092905 
2.35 -1.9516522290  -1.3229113515  -1.3106231892  -1.2090736047  -1.2049271790 
2.36 -1.9490527703  -1.3187404568  -1.3067519019  -1.2033399859  -1.1993439260 
2.37 -1.9464341586  -1.3145590194  -1.3028629074  -1.1976110554  -1.1937602726 
2.38 -1.9437970440  -1.3103677775  -1.2989571204  -1.1918874000  -1.1881769667 
2.39 -1.9411393730  -1.3061639967  -1.2950319932  -1.1861641523  -1.1825892959 
2.40 -1.9384616923  -1.3019483024  -1.2910883170  -1.1804417795  -1.1769978790 
2.41 -1.9357673344  -1.2977248718  -1.2871304163  -1.1747263202  -1.1714089040 
2.42 -1.9330541460  -1.2934908580  -1.2831556167  -1.1690127972  -1.1658175352 
2.43 -1.9303226851  -1.2892468895  -1.2791646995  -1.1633017099  -1.1602244107 
2.44 -1.9275735136  -1.2849935956  -1.2751584433  -1.1575935679  -1.1546301751 
2.45 -1.9248101324  -1.2807353148  -1.2711413187  -1.1518946446  -1.1490412336 
2.46 -1.9220272803  -1.2764653040  -1.2671067500  -1.1461940125  -1.1434467829 
2.47 -1.9192284283  -1.2721878656  -1.2630591642  -1.1404979174  -1.1378531932 
2.48 -1.9164111040  -1.2678998095  -1.2589955169  -1.1348010117  -1.1322552349 
2.49 -1.9135788635  -1.2636055204  -1.2549203111  -1.1291096580  -1.1266593876 
2.50 -1.9107322941  -1.2593056383  -1.2508343140  -1.1234244277  -1.1210663346 
2.51 -1.9078688188  -1.2549968593  -1.2467343563  -1.1177398563  -1.1154707193 
2.52 -1.9049889156  -1.2506797070  -1.2426210818  -1.1120563878  -1.1098730910 
2.53 -1.9020930660  -1.2463547071  -1.2384951330  -1.1063744752  -1.1042740050 
2.54 -1.8991850439  -1.2420264557  -1.2343612095  -1.1007007746  -1.0986802173 
2.55 -1.8962588025  -1.2376873864  -1.2302118766  -1.0950234193  -1.0930799556 
2.56 -1.8933214524  -1.2333462092  -1.2260559324  -1.0893553274  -1.0874862327 
2.57 -1.8903667945  -1.2289951990  -1.2218857765  -1.0836844517  -1.0818870899 
2.58 -1.8874021089  -1.2246432346  -1.2177103719  -1.0780239275  -1.0762957514 
2.59 -1.8844210434  -1.2202824311  -1.2135219522  -1.0723615258  -1.0707000714 
2.60 -1.8814239863  -1.2159132061  -1.2093210321  -1.0666976122  -1.0651004976 
2.61 -1.8784184747  -1.2115446950  -1.2051168248  -1.0610456491  -1.0595105731 
2.62 -1.8753943096  -1.2071643714  -1.2008969221  -1.0553865369  -1.0539112735 
2.63 -1.8723590777  -1.2027814178  -1.1966705799  -1.0497338050  -1.0483162040 
2.64 -1.8693133071  -1.1983963876  -1.1924384402  -1.0440880039  -1.0427259871 
2.65 -1.8662537914  -1.1940053106  -1.1881966266  -1.0384429451  -1.0371345038 
2.66 -1.8631771606  -1.1896040491  -1.1839410925  -1.0327922438  -1.0315354366 
2.67 -1.8600951747  -1.1852067474  -1.1796860416  -1.0271567182  -1.0259496706 
2.68 -1.8569969086  -1.1808001337  -1.1754183041  -1.0215164015  -1.0203573011 
2.69 -1.8538865671  -1.1763892181  -1.1711429603  -1.0158785295  -1.0147656260 
2.70 -1.8507645777  -1.1719744438  -1.1668605294  -1.0102435467  -1.0091751492 
2.71 -1.8476313721  -1.1675562572  -1.1625715319  -1.0046119054  -1.0035863806 
2.72 -1.8444873859  -1.1631351075  -1.1582764893  -0.9989840651  -0.9979998354 
2.73 -1.8413289783  -1.1587065743  -1.1539710582  -0.9933533319  -0.9924088736 
2.74 -1.8381605875  -1.1542758984  -1.1496605418  -0.9877272364  -0.9868210783 
2.75 -1.8349826618  -1.1498435383  -1.1453454661  -0.9821062601  -0.9812369813 
2.76 -1.8317914418  -1.1454049510  -1.1410213595  -0.9764835731  -0.9756498018 
2.77 -1.8285915085  -1.1409655182  -1.1366936622  -0.9708668842  -0.9700672958 
2.78 -1.8253790229  -1.1365206145  -1.1323578168  -0.9652492721  -0.9644825880 
2.79 -1.8221586619  -1.1320757168  -1.1280193561  -0.9596385644  -0.9589035501 
2.80 -1.8189265062  -1.1276261167  -1.1236736368  -0.9540277477  -0.9533232117 
2.81 -1.8156828962  -1.1231721586  -1.1193210613  -0.9484171856  -0.9477419778 
2.82 -1.8124326543  -1.1187194633  -1.1149673028  -0.9428148846  -0.9421678953 
2.83 -1.8091672161  -1.1142578783  -1.1106022739  -0.9372060012  -0.9365861593 
2.84 -1.8058959355  -1.1097983504  -1.1062369663  -0.9316062446  -0.9310125166 
2.85 -1.8026146896  -1.1053359621  -1.1018665204  -0.9260083669  -0.9254397557 
2.86 -1.7993191783  -1.1008656168  -1.0974858959  -0.9204049113  -0.9198604548 
2.87 -1.7960190388  -1.0963985444  -1.0931063647  -0.9148119276  -0.9142906978 
2.88 -1.7927052727  -1.0919241518  -1.0887173919  -0.9092140649  -0.9087151667 
2.89 -1.7893877081  -1.0874538598  -1.0843304385  -0.9036276014  -0.9031501713 
2.90 -1.7860571710  -1.0829768973  -1.0799347889  -0.8980369812  -0.8975801865 
2.91 -1.7827187916  -1.0784991888  -1.0755364100  -0.8924505883  -0.8920136260 
2.92 -1.7793680161  -1.0740153790  -1.0711299953  -0.8868606741  -0.8864427700 
2.93 -1.7760100745  -1.0695314917  -1.0667216094  -0.8812757427  -0.8808761504 
2.94 -1.7726453573  -1.0650479132  -1.0623116818  -0.8756962353  -0.8753142349 
2.95 -1.7692691817  -1.0605591566  -1.0578947715  -0.8701142550  -0.8697491528 
2.96 -1.7658869294  -1.0560713970  -1.0534770915  -0.8645384870  -0.8641896145 
2.97 -1.7624990030  -1.0515850310  -1.0490590792  -0.8589693893  -0.8586361018 
2.98 -1.7590953698  -1.0470884204  -1.0446291419  -0.8533904050  -0.8530720817 
2.99 -1.7556866891  -1.0425938163  -1.0401995634  -0.8478188001  -0.8475148425 
