# h4 energies for multiplicity =  1
# atoms arranged in rhombic structure of 2 isosceles triangles, definied by single parameter y = the height of the triangles 
# y, E(n=1), E(n=2), E(n=3), E(n=4), E(n=5)
0.25 -2.9765230262  -2.9520880681  -2.5572790385  -2.5555296245  -2.5364872662 
.26 -3.0020979268  -2.9706659931  -2.5864666901  -2.5839749655  -2.5602844655 
.27 -3.0249976049  -2.9854590329  -2.6124436367  -2.6089278420  -2.5800940605 
.28 -3.0455152668  -2.9967644120  -2.6356072074  -2.6306913969  -2.5964106029 
.29 -3.0638920906  -3.0048548158  -2.6563269846  -2.6495253071  -2.6100158167 
.30 -3.0803267348  -3.0099873556  -2.6749401755  -2.6656529199  -2.6226015837 
.31 -3.0949833545  -3.0124103563  -2.6917379812  -2.6792673612  -2.6360766107 
.32 -3.1079982328  -3.0123683827  -2.7069487787  -2.6905370848  -2.6494034489 
.33 -3.1194852838  -3.0101054502  -2.7207284628  -2.6996116452  -2.6611295082 
.34 -3.1295406558  -3.0058661442  -2.7331653754  -2.7066291454  -2.6707308868 
.35 -3.1382462139  -2.9998956765  -2.7442976829  -2.7117308315  -2.6780599554 
.36 -3.1456724543  -2.9924378805  -2.7541355235  -2.7151138246  -2.6833731650 
.37 -3.1518808036  -2.9837317706  -2.7626804130  -2.7174627984  -2.6976458246 
.38 -3.1569259409  -2.9740044059  -2.7699406169  -2.7278275956  -2.7128107834 
.39 -3.1608568627  -2.9634671663  -2.7759458388  -2.7508774495  -2.7326167226 
.40 -3.1637188744  -2.9523062095  -2.7807877411  -2.7738521912  -2.7526200969 
.41 -3.1655543687  -2.9406803919  -2.7955901017  -2.7848778961  -2.7704947282 
.42 -3.1664042150  -2.9287178699  -2.8159719862  -2.7918947059  -2.7826566853 
.43 -3.1663085632  -2.9165247145  -2.8349784575  -2.8055223898  -2.7855263805 
.44 -3.1653077828  -2.9042156844  -2.8525777533  -2.8192510196  -2.7857266748 
.45 -3.1634432464  -2.8921576272  -2.8684732641  -2.8318542003  -2.7846037587 
.46 -3.1607580357  -2.8874614637  -2.8756122883  -2.8432301769  -2.7823848278 
.47 -3.1572975222  -2.8995891369  -2.8645851175  -2.8534013789  -2.7791773174 
.48 -3.1531103682  -2.9122024756  -2.8624180021  -2.8517835736  -2.7750653316 
.49 -3.1482485099  -2.9238984038  -2.8703389226  -2.8386670410  -2.7701263292 
.50 -3.1427690126  -2.9345921014  -2.8772267820  -2.8253878079  -2.7644382292 
.51 -3.1367339898  -2.9442952932  -2.8831452221  -2.8120114191  -2.7580794925 
.52 -3.1302125166  -2.9530369301  -2.8881582275  -2.7986022686  -2.7511316836 
.53 -3.1232818919  -2.9608478564  -2.8923291736  -2.7852437179  -2.7436803069 
.54 -3.1160304249  -2.9677547381  -2.8957207519  -2.7720592438  -2.7358178544 
.55 -3.1085599150  -2.9737759312  -2.8983941039  -2.7592469980  -2.7276462319 
.56 -3.1009906038  -2.9789172371  -2.9004092519  -2.7471685843  -2.7192832234 
.57 -3.0934651524  -2.9831669877  -2.9018239286  -2.7365645958  -2.7108679596 
.58 -3.0861541942  -2.9864909799  -2.9026934954  -2.7290126302  -2.7025696943 
.59 -3.0792604231  -2.9888297433  -2.9030714726  -2.7268513746  -2.6945946198 
.60 -3.0730142190  -2.9901023663  -2.9030088607  -2.7302842396  -2.6871770775 
.61 -3.0676539441  -2.9902246312  -2.9025531647  -2.7365437214  -2.6805409984 
.62 -3.0633873712  -2.9891490926  -2.9017503406  -2.7433411701  -2.6748350223 
.63 -3.0603374151  -2.9869125436  -2.9006417889  -2.7495695988  -2.6700737840 
.64 -3.0585105799  -2.9836657435  -2.8992663913  -2.7546990110  -2.6661531214 
.65 -3.0578095028  -2.9796547444  -2.8976612398  -2.7584417505  -2.6629181427 
.66 -3.0580799414  -2.9751601262  -2.8958580453  -2.7606266908  -2.6602216205 
.67 -3.0591614456  -2.9704401768  -2.8938861511  -2.7611571516  -2.6579536113 
.68 -3.0609146866  -2.9656945112  -2.8917728117  -2.7599977653  -2.6560413519 
.69 -3.0632274926  -2.9610490602  -2.8895403317  -2.7571674433  -2.6544363784 
.70 -3.0660112335  -2.9565630417  -2.8872090836  -2.7527366348  -2.6531060555 
.71 -3.0691931798  -2.9522398423  -2.8847951610  -2.7468172709  -2.6520226688 
.72 -3.0727105287  -2.9480459899  -2.8823130970  -2.7395549569  -2.6511598432 
.73 -3.0765059340  -2.9439251119  -2.8797733989  -2.7311154193  -2.6504874240 
.74 -3.0805254097  -2.9398138671  -2.8771854857  -2.7216800176  -2.6499729507 
.75 -3.0847173477  -2.9356476899  -2.8745536044  -2.7114373438  -2.6495791722 
.76 -3.0890325880  -2.9313708620  -2.8718820951  -2.7005959680  -2.6492695925 
.77 -3.0934246909  -2.9269358544  -2.8691720038  -2.6893977150  -2.6490076318 
.78 -3.0978503608  -2.9223050863  -2.8664227981  -2.6781597811  -2.6487595606 
.79 -3.1022697566  -2.9174502818  -2.8636326702  -2.6673501779  -2.6484960775 
.80 -3.1066467828  -2.9123488604  -2.8607963096  -2.6576871680  -2.6481918371 
.81 -3.1109488652  -2.9069881810  -2.8579109910  -2.6501250132  -2.6478310535 
.82 -3.1151472307  -2.9013561763  -2.8549684283  -2.6474031634  -2.6453398860 
.83 -3.1192163350  -2.8954486985  -2.8519635570  -2.6469120137  -2.6431312909 
.84 -3.1231339010  -2.8892627936  -2.8488887669  -2.6463770279  -2.6427399974 
.85 -3.1268805324  -2.8827987503  -2.8457367528  -2.6458461846  -2.6434967836 
.86 -3.1304394763  -2.8760588308  -2.8424998555  -2.6454185298  -2.6449852035 
.87 -3.1337963320  -2.8690481649  -2.8391712643  -2.6469654097  -2.6452947635 
.88 -3.1369388406  -2.8617714547  -2.8357422882  -2.6492913923  -2.6458786190 
.89 -3.1398565901  -2.8542410999  -2.8322096712  -2.6518696708  -2.6479347252 
.90 -3.1425408735  -2.8464661793  -2.8285657993  -2.6546274549  -2.6524953097 
.91 -3.1449844525  -2.8384622891  -2.8248072486  -2.6600146545  -2.6575059081 
.92 -3.1471814705  -2.8302504954  -2.8209335378  -2.6698471670  -2.6604513835 
.93 -3.1491271785  -2.8218548224  -2.8169448156  -2.6810707164  -2.6634085682 
.94 -3.1508179574  -2.8133096628  -2.8128481544  -2.6930522877  -2.6663195261 
.95 -3.1522510546  -2.8086578072  -2.8046589490  -2.7054142959  -2.6691174806 
.96 -3.1534244948  -2.8044041205  -2.7959621233  -2.7179092826  -2.6717224246 
.97 -3.1543372492  -2.8001549211  -2.7873040071  -2.7303312856  -2.6740357423 
.98 -3.1549886948  -2.7960626480  -2.7787982676  -2.7424299007  -2.6759278583 
.99 -3.1553792395  -2.7925377473  -2.7706067376  -2.7537258698  -2.6772308465 
1.00 -3.1555090446  -2.7908029564  -2.7629397173  -2.7629397173  -2.6777225853 
1.01 -3.1553794756  -2.7935896727  -2.7672981099  -2.7560641982  -2.6771338993 
1.02 -3.1549921553  -2.8015141496  -2.7661534304  -2.7502727140  -2.6751825284 
1.03 -3.1543488958  -2.8117712533  -2.7622832020  -2.7457975687  -2.6716504523 
1.04 -3.1534516442  -2.8227228168  -2.7573032291  -2.7427210303  -2.6664907550 
1.05 -3.1523031829  -2.8338080219  -2.7517588664  -2.7409400826  -2.6598921420 
1.06 -3.1509062426  -2.8448142906  -2.7458494315  -2.7402194811  -2.6522863554 
1.07 -3.1492633075  -2.8556451240  -2.7402872243  -2.7396595314  -2.6444708462 
1.08 -3.1473781662  -2.8662492413  -2.7409037565  -2.7332353838  -2.6381160207 
1.09 -3.1452539913  -2.8765968016  -2.7418792896  -2.7266009319  -2.6353071015 
1.10 -3.1428934817  -2.8866691968  -2.7430723491  -2.7197688376  -2.6353882241 
1.11 -3.1403013547  -2.8964535952  -2.7443835600  -2.7127540064  -2.6365984441 
1.12 -3.1374803952  -2.9059419058  -2.7457380076  -2.7055612326  -2.6381371902 
1.13 -3.1344343950  -2.9151284671  -2.7470823112  -2.6981972252  -2.6397198476 
1.14 -3.1311671804  -2.9240095994  -2.7483769632  -2.6906676607  -2.6412345817 
1.15 -3.1276825855  -2.9325830981  -2.7495922556  -2.6829775475  -2.6426322189 
1.16 -3.1239844277  -2.9408478898  -2.7507054823  -2.6751314506  -2.6438895463 
1.17 -3.1200764835  -2.9488037855  -2.7516990080  -2.6671336397  -2.6449953600 
1.18 -3.1159624659  -2.9564512970  -2.7525589228  -2.6589881968  -2.6459444652 
1.19 -3.1116468566  -2.9637914893  -2.7532751347  -2.6507014336  -2.6467357788 
1.20 -3.1071324078  -2.9708259347  -2.7538376211  -2.6473680362  -2.6422751039 
1.21 -3.1024234579  -2.9775565528  -2.7542400495  -2.6478427462  -2.6337157014 
1.22 -3.0975224049  -2.9839855005  -2.7544751690  -2.6481598007  -2.6250251433 
1.23 -3.0924354353  -2.9901154527  -2.7545412657  -2.6483234297  -2.6162157186 
1.24 -3.0871647951  -2.9959490638  -2.7544329510  -2.6483336536  -2.6072905135 
1.25 -3.0817134824  -3.0014891518  -2.7541465397  -2.6481913125  -2.5982559603 
1.26 -3.0760854645  -3.0067388078  -2.7536801104  -2.6478981871  -2.5891226255 
1.27 -3.0702846834  -3.0117012931  -2.7530322714  -2.6474559085  -2.5799035040 
1.28 -3.0643137723  -3.0163797422  -2.7522007010  -2.6468646580  -2.5706126066 
1.29 -3.0581777744  -3.0207778839  -2.7511861574  -2.6461269953  -2.5612766408 
1.30 -3.0518777523  -3.0248986532  -2.7499854900  -2.6452413984  -2.5519326719 
1.31 -3.0454185888  -3.0287459184  -2.7486000504  -2.6442102287  -2.5442200953 
1.32 -3.0388023414  -3.0323229102  -2.7470284910  -2.6430330968  -2.5504539428 
1.33 -3.0356332109  -3.0320323194  -2.7452711194  -2.6417110644  -2.5564278654 
1.34 -3.0386809445  -3.0251133483  -2.7433301161  -2.6402469986  -2.5621097295 
1.35 -3.0414687543  -3.0180454350  -2.7412028523  -2.6386395522  -2.5674890650 
1.36 -3.0440013434  -3.0108348812  -2.7388935568  -2.6368943310  -2.5725600618 
1.37 -3.0462811744  -3.0034812798  -2.7363996602  -2.6350116232  -2.5773165256 
1.38 -3.0483124081  -2.9959891351  -2.7337239394  -2.6329983858  -2.5817527665 
1.39 -3.0500986189  -2.9883611909  -2.7308675248  -2.6308629050  -2.5858608086 
1.40 -3.0516441365  -2.9806020257  -2.7278336230  -2.6286202695  -2.5896290086 
1.41 -3.0529509087  -2.9727103179  -2.7246195152  -2.6262888815  -2.5930359218 
1.42 -3.0540231081  -2.9646903427  -2.7212284274  -2.6239087654  -2.5960459073 
1.43 -3.0548650445  -2.9565464933  -2.7176638398  -2.6215511263  -2.5985929072 
1.44 -3.0554791589  -2.9482788870  -2.7139249730  -2.6193427094  -2.6005504034 
1.45 -3.0558697094  -2.9398917734  -2.7100154208  -2.6175111476  -2.6016965977 
1.46 -3.0560399688  -2.9313871894  -2.7059366245  -2.6163547847  -2.6017365270 
1.47 -3.0559931117  -2.9227670253  -2.7016899917  -2.6160192213  -2.6005280543 
1.48 -3.0557322066  -2.9140330188  -2.6972768860  -2.6163071234  -2.5982720047 
1.49 -3.0552614939  -2.9051892813  -2.6927012022  -2.6168914355  -2.5953022933 
1.50 -3.0545839821  -2.8962374354  -2.6879644016  -2.6175352128  -2.5918596244 
1.51 -3.0537025530  -2.8871789386  -2.6830678955  -2.6181073902  -2.5880787058 
1.52 -3.0526199532  -2.8780150772  -2.6780130532  -2.6185394416  -2.5840315313 
1.53 -3.0513418504  -2.8687525867  -2.6728069467  -2.6187974471  -2.5797630435 
1.54 -3.0498678845  -2.8593870561  -2.6674455075  -2.6188592779  -2.5752909940 
1.55 -3.0482053330  -2.8499281024  -2.6619392274  -2.6187176849  -2.5706375800 
1.56 -3.0463534592  -2.8403708720  -2.6562843321  -2.6183637291  -2.5658061661 
1.57 -3.0443180047  -2.8307221546  -2.6504896345  -2.6177959527  -2.5608083394 
1.58 -3.0420994895  -2.8209795931  -2.6445560542  -2.6170092041  -2.5556451070 
1.59 -3.0397037680  -2.8111501015  -2.6384967680  -2.6160010076  -2.5503252919 
1.60 -3.0371310638  -2.8012309921  -2.6323219238  -2.6147584109  -2.5448477212 
1.61 -3.0343873345  -2.7912292983  -2.6260701920  -2.6132550186  -2.5392201499 
1.62 -3.0314746255  -2.7811454794  -2.6198408242  -2.6113943698  -2.5334436541 
1.63 -3.0283925710  -2.7709762079  -2.6140461160  -2.6087613592  -2.5275154001 
1.64 -3.0251471567  -2.7607285675  -2.6098663337  -2.6041889003  -2.5214425211 
1.65 -3.0217423783  -2.7504063233  -2.6070347494  -2.5979520364  -2.5152288373 
1.66 -3.0181774466  -2.7400057113  -2.6044531401  -2.5911457362  -2.5088707504 
1.67 -3.0144560627  -2.7295301980  -2.6018157968  -2.5840835841  -2.5023716545 
1.68 -3.0105819972  -2.7189833408  -2.5990499063  -2.5768464593  -2.4957350032 
1.69 -3.0065590906  -2.7083687898  -2.5961339118  -2.5694641599  -2.4889643212 
1.70 -3.0023857766  -2.6976819998  -2.5930567235  -2.5619430793  -2.4820550687 
1.71 -2.9980683817  -2.6869305350  -2.5898194840  -2.5542963645  -2.4750145609 
1.72 -2.9936078180  -2.6761137646  -2.5864211738  -2.5465263492  -2.4678420493 
1.73 -2.9890077202  -2.6652352186  -2.5828642483  -2.5386383910  -2.4605408496 
1.74 -2.9842687265  -2.6542940470  -2.5791492130  -2.5306326843  -2.4531099270 
1.75 -2.9793943500  -2.6432937474  -2.5752793339  -2.5225134488  -2.4455524861 
1.76 -2.9743849383  -2.6322332931  -2.5712553125  -2.5142799645  -2.4378671910 
1.77 -2.9692471785  -2.6211209821  -2.5670833157  -2.5059408200  -2.4300618379 
1.78 -2.9639813653  -2.6099560261  -2.5627639391  -2.4974950046  -2.4221350598 
1.79 -2.9585875112  -2.5987376506  -2.5582972668  -2.4889411259  -2.4140851844 
1.80 -2.9530689036  -2.5874703862  -2.5536856543  -2.4802825907  -2.4059152314 
1.81 -2.9474288805  -2.5761600656  -2.5489302882  -2.4715228312  -2.3976282915 
1.82 -2.9416670924  -2.5648104796  -2.5440260662  -2.4626599461  -2.3892223243 
1.83 -2.9357867147  -2.5534400742  -2.5389612786  -2.4536971413  -2.3807002635 
1.84 -2.9297948872  -2.5421169595  -2.5336834644  -2.4446432310  -2.3720705155 
1.85 -2.9236871371  -2.5313238881  -2.5276993826  -2.4354904649  -2.3633254413 
1.86 -2.9174665128  -2.5238920221  -2.5181843860  -2.4262418668  -2.3544678718 
1.87 -2.9111361073  -2.5181047101  -2.5068617334  -2.4169005012  -2.3455007015 
1.88 -2.9046990578  -2.5123887070  -2.4953113681  -2.4074694739  -2.3364268898 
1.89 -2.8981541713  -2.5065983334  -2.4836760513  -2.3979458431  -2.3272435360 
1.90 -2.8915043934  -2.5007091091  -2.4719865894  -2.3883324805  -2.3179534113 
1.91 -2.8847527110  -2.4947155002  -2.4602549235  -2.3786322964  -2.3090329278 
1.92 -2.8779021529  -2.4886171708  -2.4484878765  -2.3688482416  -2.3006172322 
1.93 -2.8709510339  -2.4824114857  -2.4366842010  -2.3589767830  -2.2921041166 
1.94 -2.8639021766  -2.4761005813  -2.4248478393  -2.3490206212  -2.2834967019 
1.95 -2.8567584415  -2.4696870145  -2.4129823823  -2.3389824948  -2.2747981380 
1.96 -2.8495176797  -2.4631691027  -2.4010847117  -2.3288583194  -2.2660058177 
1.97 -2.8421876805  -2.4565540763  -2.3891645117  -2.3186575467  -2.2571285379 
1.98 -2.8347661726  -2.4498403092  -2.3772183496  -2.3083759431  -2.2481635499 
1.99 -2.8272505222  -2.4430258713  -2.3652423832  -2.2980088541  -2.2391077296 
2.00 -2.8196540759  -2.4361230572  -2.3532531853  -2.2875731734  -2.2299761527 
2.01 -2.8119632693  -2.4291202335  -2.3412329420  -2.2770495593  -2.2207532615 
2.02 -2.8041916199  -2.4220298652  -2.3291983389  -2.2664551077  -2.2114542909 
2.03 -2.7963419854  -2.4148549394  -2.3171523935  -2.2557925487  -2.2020823246 
2.04 -2.7883996732  -2.4075827645  -2.3050761029  -2.2450412468  -2.1926206434 
2.05 -2.7803845756  -2.4002315093  -2.2929939112  -2.2342267271  -2.1830915940 
2.06 -2.7722875117  -2.3927933780  -2.2808937501  -2.2233357787  -2.1734847027 
2.07 -2.7641108486  -2.3852708737  -2.2687780244  -2.2123706149  -2.1638025337 
2.08 -2.7558569838  -2.3776665204  -2.2566491257  -2.2013335086  -2.1540476779 
2.09 -2.7475283465  -2.3699828629  -2.2445094278  -2.1902267970  -2.1442227531 
2.10 -2.7391208942  -2.3622166318  -2.2323533198  -2.1790443280  -2.1343231453 
2.11 -2.7306434050  -2.3543760462  -2.2201908772  -2.1677968840  -2.1243585669 
2.12 -2.7220984024  -2.3464637137  -2.2080243906  -2.1564870217  -2.1143317181 
2.13 -2.7134747768  -2.3384699764  -2.1958395582  -2.1450994860  -2.1042301435 
2.14 -2.7047813945  -2.3304031110  -2.1836463413  -2.1336452943  -2.0940636332 
2.15 -2.6960275956  -2.3222718292  -2.1714550827  -2.1221360736  -2.0838424515 
2.16 -2.6871945239  -2.3140594498  -2.1592421068  -2.1105466929  -2.0735456177 
2.17 -2.6783056928  -2.3057874322  -2.1470346491  -2.0989073791  -2.0631990864 
2.18 -2.6693416268  -2.2974385001  -2.1348082860  -2.0871923793  -2.0527812451 
2.19 -2.6603190660  -2.2890280099  -2.1225818806  -2.0754231518  -2.0423105098 
2.20 -2.6512251891  -2.2805446476  -2.1103389657  -2.0635827895  -2.0317726744 
2.21 -2.6420772506  -2.2720042371  -2.0980987570  -2.0516934604  -2.0211866677 
2.22 -2.6328620231  -2.2633950708  -2.0858442587  -2.0397378798  -2.0105378685 
2.23 -2.6235893046  -2.2547262316  -2.0735856823  -2.0277286258  -1.9998369784 
2.24 -2.6142531987  -2.2459926093  -2.0613146714  -2.0156580352  -1.9890774658 
2.25 -2.6048637925  -2.2372035452  -2.0490416162  -2.0035390996  -1.9782703186 
2.26 -2.5954066728  -2.2283461966  -2.0367481609  -1.9913533004  -1.9673997104 
2.27 -2.5859003141  -2.2194374924  -2.0244544055  -1.9791244532  -1.9564857833 
2.28 -2.5763298766  -2.2104641792  -2.0121415151  -1.9668335886  -1.9455122764 
2.29 -2.5667143684  -2.2014436750  -1.9998300729  -1.9545051714  -1.9344998647 
2.30 -2.5570296988  -2.1923543076  -1.9874905749  -1.9421084875  -1.9234222537 
2.31 -2.5473039905  -2.1832217655  -1.9751540977  -1.9296796188  -1.9123100056 
2.32 -2.5375124692  -2.1740237258  -1.9627904552  -1.9171870667  -1.9011361331 
2.33 -2.5276748555  -2.1647782550  -1.9504209400  -1.9046561160  -1.8899220199 
2.34 -2.5177839417  -2.1554789615  -1.9380357473  -1.8920777026  -1.8786597908 
2.35 -2.5078414874  -2.1461275925  -1.9256354544  -1.8794541850  -1.8673513121 
2.36 -2.4978492767  -2.1367259139  -1.9132206889  -1.8667879332  -1.8559984725 
2.37 -2.4878091187  -2.1272757111  -1.9007921325  -1.8540813264  -1.8446031839 
2.38 -2.4777228473  -2.1177787888  -1.8883505247  -1.8413367515  -1.8331673813 
2.39 -2.4675823704  -2.1082279060  -1.8758853046  -1.8285440517  -1.8216822900 
2.40 -2.4573891856  -2.0986245446  -1.8633969385  -1.8157051924  -1.8101495032 
2.41 -2.4471550230  -2.0889795127  -1.8508975803  -1.8028349821  -1.7985816277 
2.42 -2.4368714749  -2.0792852624  -1.8383764582  -1.7899228430  -1.7869695658 
2.43 -2.4265401074  -2.0695433300  -1.8258342241  -1.7769707512  -1.7753149740 
2.44 -2.4161625091  -2.0597552694  -1.8132715929  -1.7639806866  -1.7636195296 
2.45 -2.4057510281  -2.0499324563  -1.8007015148  -1.7518964531  -1.7509680598 
2.46 -2.3952859596  -2.0400570014  -1.7881006244  -1.7401245548  -1.7379081573 
2.47 -2.3847795656  -2.0301401940  -1.7754818605  -1.7283169650  -1.7248162553 
2.48 -2.3742223903  -2.0201734842  -1.7628335992  -1.7164635228  -1.7116804888 
2.49 -2.3636270063  -2.0101684479  -1.7501691766  -1.7045776676  -1.6985164450 
2.50 -2.3529951410  -2.0001267534  -1.7374896794  -1.6926612058  -1.6853261480 
2.51 -2.3423170014  -1.9900395263  -1.7247832380  -1.6807036325  -1.6720973137 
2.52 -2.3315939522  -1.9799080893  -1.7120506275  -1.6687063869  -1.6588315389 
2.53 -2.3208273787  -1.9697337821  -1.6992926761  -1.6566709270  -1.6455304312 
2.54 -2.3100306450  -1.9595289133  -1.6865237135  -1.6446114788  -1.6322103860 
2.55 -2.2991814017  -1.9492730856  -1.6737179187  -1.6325041819  -1.6188436393 
2.56 -2.2883051531  -1.9389897270  -1.6609033199  -1.6203761909  -1.6054615438 
2.57 -2.2773790362  -1.9286579530  -1.6480536113  -1.6082031266  -1.5920357548 
2.58 -2.2664291570  -1.9183017544  -1.6351975055  -1.5960127448  -1.5785982708 
2.59 -2.2554321342  -1.9078997552  -1.6223082019  -1.5837801433  -1.5651201651 
2.60 -2.2443890775  -1.8974530222  -1.6093864255  -1.5715064931  -1.5516026887 
2.61 -2.2333270048  -1.8869864002  -1.5964619179  -1.5592204602  -1.5380788231 
2.62 -2.2222086579  -1.8764657496  -1.5834924754  -1.5468824645  -1.5245027495 
2.63 -2.2110612384  -1.8659160849  -1.5705080736  -1.5345213532  -1.5109076426 
2.64 -2.1998863660  -1.8553389477  -1.5575100565  -1.5221388035  -1.4972952964 
2.65 -2.1886721595  -1.8447234731  -1.5444847117  -1.5097221946  -1.4836510367 
2.66 -2.1774061755  -1.8340582648  -1.5314177507  -1.4972583402  -1.4699595736 
2.67 -2.1661306688  -1.8233822008  -1.5183559304  -1.4847919361  -1.4562722327 
2.68 -2.1548058941  -1.8126587891  -1.5052545287  -1.4722808995  -1.4425404641 
2.69 -2.1434468048  -1.8019018127  -1.4921298680  -1.4597410297  -1.4287823343 
2.70 -2.1320547039  -1.7911125072  -1.4789830522  -1.4471736783  -1.4149992808 
2.71 -2.1206309136  -1.7802921255  -1.4658152188  -1.4345802149  -1.4011927613 
2.72 -2.1091767758  -1.7694419382  -1.4526275383  -1.4219620278  -1.3873642544 
2.73 -2.0976789400  -1.7585496851  -1.4394048612  -1.4093050126  -1.3734974759 
2.74 -2.0861531965  -1.7476299342  -1.4261644551  -1.3966258019  -1.3596114009 
2.75 -2.0746009446  -1.7366840075  -1.4129075847  -1.3839258375  -1.3457075692 
2.76 -2.0630084350  -1.7256992658  -1.3996187108  -1.3711906123  -1.3317692633 
2.77 -2.0513919686  -1.7146907568  -1.3863156705  -1.3584372667  -1.3178160124 
2.78 -2.0397375269  -1.7036455855  -1.3729826589  -1.3456510214  -1.3038308069 
2.79 -2.0280617542  -1.6925791227  -1.3596378933  -1.3328493590  -1.2898335488 
2.80 -2.0163503605  -1.6814782154  -1.3462652988  -1.3200172259  -1.2758069346 
2.81 -2.0046043943  -1.6703438499  -1.3328658229  -1.3071557061  -1.2617521242 
2.82 -1.9928410196  -1.6591918866  -1.3194582545  -1.2942827994  -1.2476895836 
2.83 -1.9810292780  -1.6479937728  -1.3060081227  -1.2813659785  -1.2335821054 
2.84 -1.9692026243  -1.6367804088  -1.2925522499  -1.2684403336  -1.2194696511 
2.85 -1.9573460771  -1.6255379848  -1.2790738666  -1.2554901137  -1.2053341694 
2.86 -1.9454440390  -1.6142521073  -1.2655555587  -1.2424989497  -1.1911569430 
2.87 -1.9335309651  -1.6029546221  -1.2520352230  -1.2295029307  -1.1769790161 
2.88 -1.9215743992  -1.5916155559  -1.2384768371  -1.2164680244  -1.1627615628 
2.89 -1.9096094700  -1.5802673920  -1.2249190197  -1.2034309928  -1.1485463558 
2.90 -1.8976031136  -1.5688795808  -1.2113251171  -1.1903571931  -1.1342939132 
2.91 -1.8855736001  -1.5574690262  -1.1977151384  -1.1772657247  -1.1200258990 
2.92 -1.8735044645  -1.5460205103  -1.1840707843  -1.1641393439  -1.1057226606 
2.93 -1.8614143327  -1.5345512735  -1.1704124481  -1.1509975045  -1.0914062464 
2.94 -1.8493044732  -1.5230625049  -1.1567413811  -1.1378414984  -1.0770780571 
2.95 -1.8371579778  -1.5115385656  -1.1430388293  -1.1246536364  -1.0627179629 
2.96 -1.8249940127  -1.4999972074  -1.1293257667  -1.1114539101  -1.0483485945 
2.97 -1.8128138967  -1.4884396666  -1.1156035092  -1.0982436597  -1.0339714068 
2.98 -1.8005815811  -1.4768325615  -1.1018322874  -1.0849852480  -1.0195437021 
2.99 -1.7883351353  -1.4652111604  -1.0880538612  -1.0717183725  -1.0051104240 
