45.0 0.75983570225832975 0.0747955 0.010976 -0.1344245
44.0 0.74668647900714824 0.0738764 0.0104477 -0.1346173
43.0 0.73374917958905994 0.0711842 0.0088686 -0.1351968
42.0 0.72100522791448773 0.0668892 0.0062554 -0.1361676
41.0 0.70843697833015451 0.0612122 0.002635 -0.137537
40.0 0.69602759790885060 0.0543753 -0.0019565 -0.1393151
39.0 0.68376095798003989 0.0465756 -0.0074753 -0.1415153
38.0 0.67162153325915808 0.0379783 -0.013871 -0.144154
37.0 0.65959430708758449 0.0287224 -0.0210872 -0.1472512
36.0 0.64766468140925815 0.0189301 -0.0290614 -0.1508303
35.0 0.63581839018712483 0.0087181 -0.037724 -0.1549197
34.0 0.62404141500474464 -0.0017886 -0.0469945 -0.1595538
33.0 0.61231990160563299 -0.0124392 -0.0567764 -0.1647781
32.0 0.60064007609376124 -0.0230332 -0.066947 -0.1706582
31.0 0.58898815944976501 -0.033283 -0.0773404 -0.1773012
30.0 0.57735027890326807 -0.0427613 -0.0877221 -0.1849023
29.0 0.56571237453403433 -0.0508453 -0.0977549 -0.1938359
28.0 0.55406009924157285 -0.0567413 -0.1069798 -0.2047981
27.0 0.54237870990772830 -0.0598195 -0.1148756 -0.2189157
26.0 0.53065294715660993 -0.0602337 -0.1209758 -0.2377332
25.0 0.51886690055881535 -0.0568923 -0.1238369 -0.2626631
24.0 0.50700385538738835 -0.0459839 -0.1189757 -0.2779342
23.0 0.49504611604806875 -0.0389697 -0.1101254 -0.2760758
22.0 0.48297479998608267 -0.0366923 -0.0990904 -0.2744338
21.0 0.47076959408630886 -0.0352818 -0.084681 -0.2868897
20.0 0.45840846314364242 -0.0287451 -0.0647426 -0.3176853
19.0 0.44586729660476643 -0.0112968 -0.0375207 -0.3573125
18.0 0.43311947504735931 0.0179167 -0.0046703 -0.3954854
17.0 0.42013533111630319 0.0557123 0.0195585 -0.4290176
16.0 0.40688146985598445 0.0989107 0.0193498 -0.4583597
15.0 0.39331989892118169 0.1454654 0.0146514 -0.4842468
14.0 0.37940689731182314 0.1940888 0.0102808 -0.5069754
13.0 0.36509151747647400 0.2439211 0.0067784 -0.5265132
12.0 0.35031356184872481 0.2944414 0.00418 -0.5427362
11.0 0.33500078657648524 0.3137214 0.0023898 -0.5556443
10.0 0.31906493487798943 0.32458 0.0012525 -0.5654747
9.0 0.30239593556098865 0.3412721 0.0005925 -0.5726822
8.0 0.28485310431016619 0.3625685 0.000247 -0.5778373
7.0 0.26625119958804888 0.3869722 0.0000873 -0.5815356
6.0 0.24633708657984518 0.4129309 0.0000245 -0.58436
