45.0 0.75983570225832975 -0.46877 -0.31224 -0.01292 0.15323 .29932
44.0 0.74668647900714824 -0.46844 -0.31191 -0.01330 0.15368 .29861
43.0 0.73374917958905994 -0.46746 -0.31093 -0.01442 0.15500 .29651
42.0 0.72100522791448773 -0.46582 -0.30930 -0.01624 0.15717 .29306
41.0 0.70843697833015451 -0.46353 -0.30702 -0.01871 0.16013 .28831
40.0 0.69602759790885060 -0.46059 -0.30412 -0.02177 0.16381 .28235
39.0 0.68376095798003989 -0.45699 -0.30058 -0.02532 0.16813 .27526
38.0 0.67162153325915808 -0.45273 -0.29644 -0.02931 0.17302 .26713
37.0 0.65959430708758449 -0.44782 -0.29170 -0.03364 0.17839 .25806
36.0 0.64766468140925815 -0.44225 -0.28638 -0.03825 0.18418 .24813
35.0 0.63581839018712483 -0.43603 -0.28050 -0.04306 0.19031 .23744
34.0 0.62404141500474464 -0.42915 -0.27407 -0.04799 0.19671 .22608
33.0 0.61231990160563299 -0.42163 -0.26712 -0.05298 0.20329 .21414
32.0 0.60064007609376124 -0.41348 -0.25968 -0.05792 0.20998 .20176
31.0 0.58898815944976501 -0.40473 -0.25179 -0.06269 0.21663 .18910
30.0 0.57735027890326807 -0.39543 -0.24350 -0.06714 0.22308 .17636
29.0 0.56571237453403433 -0.38568 -0.23486 -0.07103 0.22039 .16383
28.0 0.55406009924157285 -0.37564 -0.22591 -0.07405 0.20774 .15186
27.0 0.54237870990772830 -0.36560 -0.21645 -0.07578 0.19627 .14067
26.0 0.53065294715660993 -0.35601 -0.20539 -0.07564 0.18671 .12975
25.0 0.51886690055881535 -0.34853 -0.18851 -0.07163 0.17951 .11688
24.0 0.50700385538738835 -0.34983 -0.16570 -0.05974 0.17350 .10596
23.0 0.49504611604806875 -0.35727 -0.14815 -0.04466 0.16925 .10349
22.0 0.48297479998608267 -0.36733 -0.13370 -0.02868 0.16803 .10502
21.0 0.47076959408630886 -0.37994 -0.12155 -0.01191 0.13687 .10964
20.0 0.45840846314364242 -0.39467 -0.11324 0.00497 0.10795 .11821
19.0 0.44586729660476643 -0.41009 -0.11076 0.01719 0.08894 .12795
18.0 0.43311947504735931 -0.42518 -0.11400 0.01343 0.09131 .12743
17.0 0.42013533111630319 -0.44011 -0.12115 -0.00400 0.11161 .11715
16.0 0.40688146985598445 -0.45544 -0.13050 -0.02517 0.13903 .10533
15.0 0.39331989892118169 -0.47170 -0.14097 -0.04646 0.16956 .09451
14.0 0.37940689731182314 -0.48933 -0.15180 -0.06669 0.20190 .08511
13.0 0.36509151747647400 -0.50867 -0.16243 -0.08529 0.23555 .07714
12.0 0.35031356184872481 -0.52996 -0.17241 -0.10190 0.27038 .07051
11.0 0.33500078657648524 -0.55326 -0.18134 -0.11635 0.30659 .06499
10.0 0.31906493487798943 -0.57841 -0.18897 -0.12863 0.34472 .06034
9.0 0.30239593556098865 -0.60508 -0.19515 -0.13888 0.38563 .05627
8.0 0.28485310431016619 -0.63284 -0.19983 -0.14733 0.43043 .05250
7.0 0.26625119958804888 -0.66122 -0.20305 -0.15420 0.48048 .04885
6.0 0.24633708657984518 -0.68977 -0.20487 -0.15976 0.53741 .04511
