45.0 0.75983570225832975 -4.88666504101
44.0 0.74668647900714824 -4.88611194654
43.0 0.73374917958905994 -4.88444715002
42.0 0.72100522791448773 -4.88165414279
41.0 0.70843697833015451 -4.87770553725
40.0 0.69602759790885060 -4.87256329415
39.0 0.68376095798003989 -4.86617912344
38.0 0.67162153325915808 -4.85849516413
37.0 0.65959430708758449 -4.84944511916
36.0 0.64766468140925815 -4.83895613921
35.0 0.63581839018712483 -4.82695195355
34.0 0.62404141500474464 -4.81335810821
33.0 0.61231990160563299 -4.79811082950
32.0 0.60064007609376124 -4.78117224326
31.0 0.58898815944976501 -4.76255690727
30.0 0.57735027890326807 -4.74237851660
29.0 0.56571237453403433 -4.72093145737
28.0 0.55406009924157285 -4.69882662409
27.0 0.54237870990772830 -4.67719612725
26.0 0.53065294715660993 -4.65800035293
25.0 0.51886690055881535 -4.64472618416
24.0 0.50700385538738835 -4.64136036096
23.0 0.49504611604806875 -4.64560222983
22.0 0.48297479998608267 -4.65585223358
21.0 0.47076959408630886 -4.67297508018
20.0 0.45840846314364242 -4.69764011515
19.0 0.44586729660476643 -4.72878286903
18.0 0.43311947504735931 -4.76375652165
17.0 0.42013533111630319 -4.79975170211
16.0 0.40688146985598445 -4.83449464635
15.0 0.39331989892118169 -4.86606790703
14.0 0.37940689731182314 -4.89257618678
13.0 0.36509151747647400 -4.91188065794
12.0 0.35031356184872481 -4.92138316853
11.0 0.33500078657648524 -4.91781964244
10.0 0.31906493487798943 -4.89701542020
9.0 0.30239593556098865 -4.85351979100
8.0 0.28485310431016619 -4.77996836181
7.0 0.26625119958804888 -4.66588668664
6.0 0.24633708657984518 -4.49531725013
