# h6 energies for multiplicity =  1
# atoms arranged in pyramid structure of four isosceles triangles, definied by single parameter y = the height of the triangles 
# y, E(n=1), E(n=2), E(n=3), E(n=4), E(n=5), rrhf1, rrhf2, rrhf3
0.5 -2.9675572015  -2.9673718089  -2.6122970400  -2.6122765581  -2.6121634637 
.525 -2.9568144069  -2.9564554929  -2.6376082537  -2.6375667066  -2.6373458204 
.550 -2.9457653238  -2.9451229595  -2.6596178768  -2.6595398113  -2.6591405786 
.575 -2.9346464388  -2.9335712626  -2.6788241322  -2.6786870026  -2.6780116843 
.600 -2.9236558022  -2.9219565714  -2.6956423541  -2.6954153746  -2.6943361730 
.625 -2.9129601002  -2.9104039912  -2.7104247109  -2.7100682844  -2.7084260355 
.650 -2.9026987393  -2.8990143590  -2.7234741044  -2.7229400425  -2.7205445505 
.675 -2.8929862645  -2.8878692226  -2.7350534000  -2.7342860807  -2.7309180970 
.700 -2.8839139299  -2.8770347495  -2.7453911750  -2.7443297028  -2.7397445275 
.725 -2.8755508468  -2.8665648577  -2.7546851726  -2.7532664475  -2.7471990482 
.750 -2.8679449727  -2.8565037964  -2.7631043309  -2.7612668266  -2.7534383941 
.775 -2.8611240775  -2.8468880779  -2.7707902672  -2.7684781300  -2.7586038133 
.800 -2.8550968950  -2.8377478457  -2.7778586778  -2.7750257158  -2.7628232482 
.825 -2.8498544136  -2.8291077445  -2.7844010479  -2.7810141186  -2.7662129992 
.850 -2.8453716404  -2.8209872010  -2.7904869048  -2.7865282973  -2.7688789269 
.875 -2.8416095464  -2.8134005908  -2.7961664428  -2.7916349956  -2.7709174882 
.900 -2.8385174525  -2.8063571797  -2.8014735569  -2.7963844030  -2.7724165351 
.925 -2.8360356214  -2.8064291005  -2.8008150759  -2.7998580886  -2.7734559904 
.950 -2.8340979443  -2.8110439419  -2.8049430387  -2.7939094616  -2.7741085303 
.975 -2.8326345852  -2.8153220431  -2.8087886154  -2.7884981647  -2.7744401343 
1.000 -2.8315745271  -2.8192629257  -2.8123557804  -2.7836152009  -2.7745106911 
1.025 -2.8308477977  -2.8228638987  -2.8156452246  -2.7792454551  -2.7743745106 
1.050 -2.8303872325  -2.8261217385  -2.8186545287  -2.7753703071  -2.7740808728 
1.075 -2.8301299880  -2.8290339504  -2.8213800247  -2.7736744814  -2.7719682832 
1.100 -2.8315995448  -2.8300184355  -2.8238182653  -2.7731959416  -2.7690159016 
1.125 -2.8338196425  -2.8300006444  -2.8259673184  -2.7726821858  -2.7664882732 
1.150 -2.8356976310  -2.8300309479  -2.8278274603  -2.7721667789  -2.7643597002 
1.175 -2.8372392701  -2.8300731776  -2.8293982458  -2.7716802916  -2.7626042596 
1.200 -2.8384525313  -2.8307193285  -2.8300600528  -2.7712505386  -2.7611961695 
1.225 -2.8393474133  -2.8317515144  -2.8300116326  -2.7709028471  -2.7601102064 
1.250 -2.8399356971  -2.8325424166  -2.8298691780  -2.7706602279  -2.7593218926 
1.275 -2.8402306850  -2.8331095820  -2.8296112440  -2.7705435218  -2.7588076879 
1.300 -2.8402468747  -2.8334781598  -2.8292151449  -2.7705715463  -2.7585451281 
1.325 -2.8399997476  -2.8336764849  -2.8286605653  -2.7707611378  -2.7585128229 
1.350 -2.8395055261  -2.8337340756  -2.8279305306  -2.7711272629  -2.7586905552 
1.375 -2.8387809311  -2.8336796022  -2.8270127762  -2.7716830001  -2.7590591584 
1.400 -2.8378430831  -2.8335392770  -2.8259005983  -2.7724395097  -2.7596003957 
1.425 -2.8367093322  -2.8333358065  -2.8245931800  -2.7734060292  -2.7602968511 
1.450 -2.8353972302  -2.8330883037  -2.8230952860  -2.7745897201  -2.7611315844 
1.475 -2.8339245776  -2.8328126775  -2.8214163522  -2.7759955452  -2.7620878688 
1.500 -2.8325223083  -2.8323095281  -2.8195698226  -2.7776259524  -2.7631485865 
1.525 -2.8322287023  -2.8305709793  -2.8175725111  -2.7794804385  -2.7642955669 
1.550 -2.8319419213  -2.8287292378  -2.8154445812  -2.7815548108  -2.7655086143 
1.575 -2.8316708694  -2.8268072434  -2.8132102995  -2.7838398591  -2.7667640472 
1.600 -2.8314235451  -2.8248330370  -2.8108995290  -2.7863189073  -2.7680325388 
1.625 -2.8312069603  -2.8228443942  -2.8085506170  -2.7889631299  -2.7692759846 
1.650 -2.8310273007  -2.8208985430  -2.8062147539  -2.7917219088  -2.7704427297 
1.675 -2.8308898433  -2.8190927758  -2.8039624093  -2.7945022231  -2.7714610742 
1.700 -2.8307989353  -2.8176075929  -2.8018905650  -2.7971256228  -2.7722319052 
1.725 -2.8307580745  -2.8167769156  -2.8001261943  -2.7992580855  -2.7726251543 
1.750 -2.8307697883  -2.8170835864  -2.8004146756  -2.7988142509  -2.7724918657 
1.775 -2.8308357439  -2.8188197262  -2.8002992837  -2.7980781694  -2.7717037180 
1.800 -2.8309567729  -2.8217669218  -2.7991246494  -2.7979665868  -2.7702063280 
1.825 -2.8311328682  -2.8255175853  -2.7984338122  -2.7972911462  -2.7680389281 
1.850 -2.8313632632  -2.8297845896  -2.7993740937  -2.7950773132  -2.7653001885 
1.875 -2.8344083242  -2.8316464849  -2.8006710914  -2.7926330074  -2.7620988460 
1.900 -2.8392997661  -2.8319804559  -2.8022261151  -2.7900365141  -2.7585255521 
1.925 -2.8444049588  -2.8323625372  -2.8039643788  -2.7873302526  -2.7546467500 
1.950 -2.8496876905  -2.8327895843  -2.8058313948  -2.7845382482  -2.7505084226 
1.975 -2.8551212211  -2.8332581049  -2.8077874561  -2.7816745909  -2.7461416261 
2.000 -2.8606843053  -2.8337642637  -2.8098031075  -2.7787475734  -2.7415671622 
2.025 -2.8663590135  -2.8343040482  -2.8118558066  -2.7757620108  -2.7367989178 
2.050 -2.8721295421  -2.8348733272  -2.8139276991  -2.7727205248  -2.7318461933 
2.075 -2.8779817642  -2.8354679961  -2.8160041727  -2.7696241978  -2.7267150572 
2.100 -2.8839025303  -2.8360840554  -2.8180727390  -2.7664732315  -2.7214096124 
2.125 -2.8898798717  -2.8367178416  -2.8201224028  -2.7632670171  -2.7159323234 
2.150 -2.8959024196  -2.8373661549  -2.8221429498  -2.7600045960  -2.7102848600 
2.175 -2.9019595259  -2.8380265340  -2.8241245067  -2.7566846932  -2.7044682419 
2.200 -2.9080412954  -2.8386976136  -2.8260570492  -2.7533057758  -2.6984829744 
2.225 -2.9141382468  -2.8393795417  -2.8279297476  -2.7498663078  -2.6923294704 
2.250 -2.9202417415  -2.8400746162  -2.8297304265  -2.7463645313  -2.6860077291 
2.275 -2.9263432808  -2.8407878934  -2.8314446113  -2.7427989105  -2.6795181109 
2.300 -2.9324351519  -2.8415280145  -2.8330549669  -2.7391677895  -2.6728606434 
2.325 -2.9385100003  -2.8423072266  -2.8345410241  -2.7354696310  -2.6660355745 
2.350 -2.9445609521  -2.8431402063  -2.8358804383  -2.7317029797  -2.6590431457 
2.375 -2.9505815773  -2.8440402577  -2.8370527035  -2.7278664489  -2.6518837324 
2.400 -2.9565658108  -2.8450135522  -2.8380449247  -2.7239588066  -2.6445578205 
2.425 -2.9625079162  -2.8460545883  -2.8388562901  -2.7199789613  -2.6370661267 
2.450 -2.9684027635  -2.8471467999  -2.8394975713  -2.7159257901  -2.6294091492 
2.475 -2.9742452933  -2.8482677310  -2.8399857348  -2.7117984658  -2.6215878917 
2.500 -2.9800309340  -2.8493948267  -2.8403382877  -2.7075961728  -2.6136032693 
2.525 -2.9857554830  -2.8505087151  -2.8405699484  -2.7033181703  -2.6054561847 
2.550 -2.9914147859  -2.8515941208  -2.8406916080  -2.6989639956  -2.5971480690 
2.575 -2.9970052978  -2.8526394652  -2.8407108910  -2.6945330516  -2.5886799261 
2.600 -3.0025234627  -2.8536360529  -2.8406327865  -2.6900250447  -2.5800532972 
2.625 -3.0079662634  -2.8545773979  -2.8404604237  -2.6854395311  -2.5712693783 
2.650 -3.0133306465  -2.8554585163  -2.8401956697  -2.6807763777  -2.5623299350 
2.675 -3.0186138979  -2.8562755779  -2.8398395246  -2.6760354298  -2.5532369759 
2.700 -3.0238136798  -2.8570256040  -2.8393923926  -2.6712164406  -2.5440078311 
2.725 -3.0289275304  -2.8577061678  -2.8388543377  -2.6663195228  -2.5444159250 
2.750 -3.0339534528  -2.8583153358  -2.8382251649  -2.6613445795  -2.5459892154 
2.775 -3.0388895769  -2.8588514878  -2.8375045655  -2.6562916021  -2.5474654677 
2.800 -3.0437340692  -2.8593132777  -2.8366921465  -2.6511607515  -2.5488423202 
2.825 -3.0484854714  -2.8596995437  -2.8357875031  -2.6459519989  -2.5501182254 
2.850 -3.0531422008  -2.8600093247  -2.8347902106  -2.6406656301  -2.5512917112 
2.875 -3.0577032254  -2.8602417238  -2.8336998916  -2.6353015000  -2.5523616734 
2.900 -3.0621672373  -2.8603960264  -2.8325161721  -2.6298599312  -2.5533269120 
2.925 -3.0665332226  -2.8604715027  -2.8312388224  -2.6243410861  -2.5541864864 
2.950 -3.0708004017  -2.8604675779  -2.8298675270  -2.6187449660  -2.5549395828 
2.975 -3.0749678817  -2.8603836992  -2.8284021340  -2.6130718732  -2.5555854466 
3.000 -3.0790350718  -2.8602193718  -2.8268424711  -2.6073218466  -2.5561235044 
3.025 -3.0830013285  -2.8599741476  -2.8251884751  -2.6014951334  -2.5565532649 
3.050 -3.0868662245  -2.8596475947  -2.8234401021  -2.5955917996  -2.5568744156 
3.075 -3.0906293793  -2.8592393035  -2.8215973802  -2.5896119580  -2.5570867087 
3.100 -3.0942903941  -2.8587489659  -2.8196603738  -2.5835558753  -2.5571899959 
3.125 -3.0978491119  -2.8581761885  -2.8176292005  -2.5774235427  -2.5571842857 
3.150 -3.1013053146  -2.8575207396  -2.8155039670  -2.5712151600  -2.5570696537 
3.175 -3.1046588722  -2.8567822944  -2.8132849266  -2.5649308893  -2.5568463124 
3.200 -3.1079098268  -2.8559605632  -2.8109722470  -2.5585706679  -2.5565145757 
3.225 -3.1110580374  -2.8550553720  -2.8085662670  -2.5560748289  -2.5521348992 
3.250 -3.1141036917  -2.8540664654  -2.8060671777  -2.5555276146  -2.5456234261 
3.275 -3.1170468702  -2.8529935981  -2.8034753493  -2.5548735863  -2.5409880055 
3.300 -3.1198876359  -2.8518366880  -2.8007911422  -2.5541135182  -2.5437650008 
3.325 -3.1226262700  -2.8505955122  -2.7980148528  -2.5532483502  -2.5464476050 
3.350 -3.1252629165  -2.8492699508  -2.7951469548  -2.5522792200  -2.5490363429 
3.375 -3.1277979239  -2.8478598309  -2.7921877467  -2.5515319285  -2.5512074903 
3.400 -3.1302314826  -2.8463650772  -2.7891377698  -2.5539348753  -2.5500348673 
3.425 -3.1325639324  -2.8447856688  -2.7859973791  -2.5562458337  -2.5487635127 
3.450 -3.1347956360  -2.8431214582  -2.7827670301  -2.5584654566  -2.5473962080 
3.475 -3.1369269383  -2.8413723967  -2.7794472042  -2.5605943630  -2.5459367438 
3.500 -3.1389582173  -2.8395384909  -2.7760383559  -2.5626331598  -2.5443904201 
3.525 -3.1408898626  -2.8376197317  -2.7725409862  -2.5645824648  -2.5427650578 
3.550 -3.1427222913  -2.8356161274  -2.7689555835  -2.5664429052  -2.5410726947 
3.575 -3.1444559359  -2.8335276946  -2.7652826446  -2.5682150920  -2.5393326810 
3.600 -3.1460912401  -2.8313544779  -2.7615226729  -2.5698996475  -2.5375772198 
3.625 -3.1476286796  -2.8290965287  -2.7576761198  -2.5714971951  -2.5358594426 
3.650 -3.1490686825  -2.8267539533  -2.7537436003  -2.5730082952  -2.5342584341 
3.675 -3.1504117297  -2.8243268738  -2.7497256238  -2.5744335520  -2.5328586389 
3.700 -3.1516583320  -2.8218153277  -2.7456226320  -2.5757735894  -2.5316901252 
3.725 -3.1528089449  -2.8192195492  -2.7414352688  -2.5770289452  -2.5306984578 
3.750 -3.1538640999  -2.8165396006  -2.7371639417  -2.5782002404  -2.5297947998 
3.775 -3.1548242766  -2.8137757029  -2.7328092716  -2.5792880156  -2.5289072048 
3.800 -3.1556899752  -2.8109280731  -2.7283718466  -2.5802928250  -2.5279902150 
3.825 -3.1564617361  -2.8079968241  -2.7238520620  -2.5812152634  -2.5270171794 
3.850 -3.1571400454  -2.8049822676  -2.7192506282  -2.5820558401  -2.5259726072 
3.875 -3.1577254482  -2.8018845365  -2.7145679215  -2.5828151362  -2.5248472761 
3.900 -3.1582184412  -2.7987039750  -2.7098046678  -2.5834936478  -2.5236356507 
3.925 -3.1586195613  -2.7954408175  -2.7049613469  -2.5840919282  -2.5223343409 
3.950 -3.1589293336  -2.7920953194  -2.7000385018  -2.5846104949  -2.5209412661 
3.975 -3.1591482883  -2.7886678027  -2.6950367051  -2.5850498706  -2.5194552309 
