# h6 energies for multiplicity =  3
# atoms arranged in pyramid structure of four isosceles triangles, definied by single parameter y = the height of the triangles 
# y, E(n=1), E(n=2), E(n=3), E(n=4), E(n=5), rrhf1, rrhf2, rrhf3
0.5 -2.9674645052  -2.9674644937  -2.9673718032  -2.9673717917  -2.6123481645 
.525 -2.9566349500  -2.9566349011  -2.9564554685  -2.9564554196  -2.6377054984 
.550 -2.9454441419  -2.9454439671  -2.9451228721  -2.9451226974  -2.6597886008 
.575 -2.9341088514  -2.9341083122  -2.9335709926  -2.9335704538  -2.6791041791 
.600 -2.9228061893  -2.9228047242  -2.9219558372  -2.9219543743  -2.6960759485 
.625 -2.9116820541  -2.9116784892  -2.9104022025  -2.9103986472  -2.7110637581 
.650 -2.9008565747  -2.9008486951  -2.8990103988  -2.8990025538  -2.7243770421 
.675 -2.8904278149  -2.8904118039  -2.8878611591  -2.8878452555  -2.7362837491 
.700 -2.8804745220  -2.8804443142  -2.8770194975  -2.8769895827  -2.7470159223 
.725 -2.8710582779  -2.8710049190  -2.8665378354  -2.8664851911  -2.7567730798 
.750 -2.8622252966  -2.8621364446  -2.8564586432  -2.8563713682  -2.7657242273 
.775 -2.8540078792  -2.8538676023  -2.8468165137  -2.8466794168  -2.7740093549 
.800 -2.8464256677  -2.8462146854  -2.8376397522  -2.8374346783  -2.7817408902 
.825 -2.8394866998  -2.8391831637  -2.8289515268  -2.8286581769  -2.7890054092 
.850 -2.8331883854  -2.8327692078  -2.8207704458  -2.8203676617  -2.7958659944 
.875 -2.8275185021  -2.8269611435  -2.8131109861  -2.8125783810  -2.8023648682 
.900 -2.8224562801  -2.8217408216  -2.8085265142  -2.8059835910  -2.8053033270 
.925 -2.8179735931  -2.8170856003  -2.8143602639  -2.7993952174  -2.7985533148 
.950 -2.8198694946  -2.8140363662  -2.8129634873  -2.7991328192  -2.7959997986 
.975 -2.8250401875  -2.8106060101  -2.8093487645  -2.8022882138  -2.7987208252 
1.000 -2.8298614307  -2.8076414752  -2.8062054451  -2.8051639614  -2.8011518131 
1.025 -2.8343171600  -2.8077738920  -2.8050957538  -2.8035393300  -2.8032705751 
1.050 -2.8383910429  -2.8101183200  -2.8052264287  -2.8029315437  -2.8011799763 
1.075 -2.8420679908  -2.8122048919  -2.8068933849  -2.8016205532  -2.8011028158 
1.100 -2.8453351473  -2.8140361006  -2.8083339254  -2.8028768451  -2.7995694094 
1.125 -2.8481827203  -2.8156147396  -2.8095596858  -2.8039330459  -2.7982932146 
1.150 -2.8506044152  -2.8169442137  -2.8105827021  -2.8047949227  -2.7972390665 
1.175 -2.8525975487  -2.8180290198  -2.8114154086  -2.8054675900  -2.7963749323 
1.200 -2.8541630582  -2.8188750071  -2.8120707298  -2.8059557949  -2.7956720531 
1.225 -2.8553052423  -2.8194894854  -2.8125622321  -2.8062641660  -2.7951048885 
1.250 -2.8560315365  -2.8198812263  -2.8129041931  -2.8063973103  -2.7946510318 
1.275 -2.8563521587  -2.8200603639  -2.8131116749  -2.8063598574  -2.7942910882 
1.300 -2.8562796901  -2.8200382082  -2.8132005542  -2.8061564211  -2.7940085940 
1.325 -2.8558287549  -2.8198270801  -2.8131876014  -2.8057915593  -2.7937899305 
1.350 -2.8550155573  -2.8194401068  -2.8130905717  -2.8052697582  -2.7936243066 
1.375 -2.8538575709  -2.8188910217  -2.8129281670  -2.8045953116  -2.7935038891 
1.400 -2.8523732392  -2.8181940566  -2.8127200468  -2.8037723190  -2.7934239853 
1.425 -2.8505816169  -2.8173638348  -2.8124866280  -2.8028046662  -2.7933834734 
1.450 -2.8485021909  -2.8164154143  -2.8122487159  -2.8016960087  -2.7933854490 
1.475 -2.8461546517  -2.8153645102  -2.8120269572  -2.8004499351  -2.7934382049 
1.500 -2.8435588205  -2.8142279717  -2.8118409510  -2.7990700154  -2.7935566137 
1.525 -2.8407346512  -2.8130248802  -2.8117083540  -2.7975601630  -2.7937636722 
1.550 -2.8377023738  -2.8117787195  -2.8116439283  -2.7959251661  -2.7940914589 
1.575 -2.8344829431  -2.8116587031  -2.8105219550  -2.7945789588  -2.7941716473 
1.600 -2.8310990526  -2.8117594452  -2.8093062371  -2.7952603661  -2.7923100347 
1.625 -2.8275771916  -2.8119478590  -2.8082258683  -2.7961316563  -2.7917058776 
1.650 -2.8239528282  -2.8122185226  -2.8074694124  -2.7970795575  -2.7929795255 
1.675 -2.8202866714  -2.8125486788  -2.8073865789  -2.7977951604  -2.7942793166 
1.700 -2.8167537448  -2.8128222377  -2.8083715129  -2.7978859837  -2.7955609365 
1.725 -2.8145597722  -2.8119459047  -2.8104641977  -2.7972875022  -2.7967369971 
1.750 -2.8147156541  -2.8133865984  -2.8091609009  -2.7976049897  -2.7962454304 
1.775 -2.8168845449  -2.8153438969  -2.8069075688  -2.7977098559  -2.7949868664 
1.800 -2.8208049195  -2.8161064806  -2.8061708501  -2.7966483360  -2.7936488311 
1.825 -2.8250574874  -2.8169539961  -2.8067174049  -2.7952013400  -2.7923166582 
1.850 -2.8295845165  -2.8178688529  -2.8078701054  -2.7946527763  -2.7910502698 
1.875 -2.8343456507  -2.8188405423  -2.8092797139  -2.7953304913  -2.7933196298 
1.900 -2.8393103161  -2.8198608975  -2.8108075677  -2.7968108413  -2.7957230335 
1.925 -2.8444538632  -2.8209227546  -2.8123927381  -2.7987067426  -2.7981240395 
1.950 -2.8497554045  -2.8220195088  -2.8140038637  -2.8008132215  -2.8005058430 
1.975 -2.8551965590  -2.8231450276  -2.8156222892  -2.8030265736  -2.8028561506 
2.000 -2.8607608153  -2.8242935896  -2.8172355019  -2.8052899293  -2.8051653877 
2.025 -2.8664330095  -2.8254599887  -2.8188342519  -2.8075686799  -2.8074257511 
2.050 -2.8721989942  -2.8266395832  -2.8204111158  -2.8098395003  -2.8096306107 
2.075 -2.8780456519  -2.8278284877  -2.8219598009  -2.8120852235  -2.8117743125 
2.100 -2.8839604544  -2.8290236392  -2.8234745746  -2.8142920054  -2.8138517857 
2.125 -2.8899318145  -2.8302230968  -2.8249500693  -2.8164479916  -2.8158586135 
2.150 -2.8959485943  -2.8314261203  -2.8263809230  -2.8185422756  -2.8177907697 
2.175 -2.9020002800  -2.8326333569  -2.8277616371  -2.8205644431  -2.8196446145 
2.200 -2.9080770477  -2.8338468975  -2.8290864903  -2.8225043489  -2.8214169107 
2.225 -2.9141694471  -2.8350699943  -2.8303494765  -2.8243519746  -2.8231046627 
2.250 -2.9202688434  -2.8363066076  -2.8315445567  -2.8260977835  -2.8247052112 
2.275 -2.9263667250  -2.8375603155  -2.8326659081  -2.8277330019  -2.8262160554 
2.300 -2.9324553558  -2.8388332938  -2.8337085565  -2.8292504202  -2.8276350151 
2.325 -2.9385273516  -2.8401251572  -2.8346686236  -2.8306448840  -2.8289600724 
2.350 -2.9445758060  -2.8414324413  -2.8355435738  -2.8319137068  -2.8301894418 
2.375 -2.9505942554  -2.8427488069  -2.8363319373  -2.8330565593  -2.8313214726 
2.400 -2.9565766017  -2.8440657466  -2.8370330959  -2.8340750834  -2.8323547482 
2.425 -2.9625170767  -2.8453736814  -2.8376467750  -2.8349720907  -2.8332879388 
2.450 -2.9684105208  -2.8466629205  -2.8381729075  -2.8357510192  -2.8341199712 
2.475 -2.9742518468  -2.8479243134  -2.8386112847  -2.8364151947  -2.8348498056 
2.500 -2.9800364581  -2.8491496825  -2.8389616012  -2.8369676515  -2.8354765939 
2.525 -2.9857601295  -2.8503319207  -2.8392234460  -2.8374109636  -2.8359996440 
2.550 -2.9914186862  -2.8514650066  -2.8393961824  -2.8377470914  -2.8364182836 
2.575 -2.9970085653  -2.8525438964  -2.8394791735  -2.8379776248  -2.8367320555 
2.600 -3.0025261949  -2.8535643621  -2.8394716746  -2.8381036974  -2.8369405426 
2.625 -3.0079685438  -2.8545229310  -2.8393729157  -2.8381261387  -2.8370434364 
2.650 -3.0133325464  -2.8554166468  -2.8391821481  -2.8380455521  -2.8370405299 
2.675 -3.0186154782  -2.8562430495  -2.8388986445  -2.8378623654  -2.8369316980 
2.700 -3.0238149920  -2.8570000949  -2.8385216956  -2.8375768664  -2.8367168769 
2.725 -3.0289286183  -2.8576859990  -2.8380506713  -2.8371892840  -2.8363960943 
2.750 -3.0339543532  -2.8582992771  -2.8374849759  -2.8366997787  -2.8359694264 
2.775 -3.0388903211  -2.8588386252  -2.8368240985  -2.8361085024  -2.8354370248 
2.800 -3.0437346833  -2.8593029236  -2.8360675828  -2.8354155870  -2.8347990845 
2.825 -3.0484859774  -2.8596911744  -2.8352150564  -2.8346211882  -2.8340558709 
2.850 -3.0531426171  -2.8600025369  -2.8342661887  -2.8337254465  -2.8332076640 
2.875 -3.0577035674  -2.8602362039  -2.8332207403  -2.8327285508  -2.8322548154 
2.900 -3.0621675180  -2.8603915280  -2.8320785004  -2.8316306764  -2.8311976749 
2.925 -3.0665334526  -2.8604678307  -2.8308394181  -2.8304321241  -2.8300367254 
2.950 -3.0708005900  -2.8604645770  -2.8295033651  -2.8291330878  -2.8287723463 
2.975 -3.0749680355  -2.8603812447  -2.8280703778  -2.8277338964  -2.8274050497 
3.000 -3.0790351973  -2.8602173631  -2.8265404715  -2.8262348348  -2.8259353021 
3.025 -3.0830014309  -2.8599725033  -2.8249137647  -2.8246362678  -2.8243636433 
3.050 -3.0868663078  -2.8596462486  -2.8231903894  -2.8229385536  -2.8226906001 
3.075 -3.0906294470  -2.8592382016  -2.8213705422  -2.8211420974  -2.8209167398 
3.100 -3.0942904491  -2.8587480642  -2.8194544468  -2.8192473133  -2.8190426297 
3.125 -3.0978491566  -2.8581754509  -2.8174423722  -2.8172546467  -2.8170688609 
3.150 -3.1013053508  -2.8575201366  -2.8153345670  -2.8151645075  -2.8149959800 
3.175 -3.1046589015  -2.8567818017  -2.8131314173  -2.8129774302  -2.8128246500 
3.200 -3.1079098505  -2.8559601609  -2.8108332155  -2.8106938441  -2.8105554211 
3.225 -3.1110580565  -2.8550550437  -2.8084404158  -2.8083143287  -2.8081889847 
3.250 -3.1141037071  -2.8540661977  -2.8059533174  -2.8058392988  -2.8057258607 
3.275 -3.1170468826  -2.8529933800  -2.8033723902  -2.8032693300  -2.8031667220 
3.300 -3.1198876459  -2.8518365105  -2.8006980871  -2.8006049723  -2.8005122087 
3.325 -3.1226262781  -2.8505953679  -2.7979307899  -2.7978466970  -2.7977628761 
3.350 -3.1252629230  -2.8492698335  -2.7950710513  -2.7949951383  -2.7949194353 
3.375 -3.1277979290  -2.8478597356  -2.7921192424  -2.7920507426  -2.7919824045 
3.400 -3.1302314867  -2.8463649999  -2.7890759716  -2.7890141868  -2.7889525261 
3.425 -3.1325639357  -2.8447856062  -2.7859416553  -2.7858859500  -2.7858303398 
3.450 -3.1347956386  -2.8431214075  -2.7827168055  -2.7826666020  -2.7826164713 
3.475 -3.1369269405  -2.8413723557  -2.7794019554  -2.7793567285  -2.7793115571 
3.500 -3.1389582190  -2.8395384577  -2.7759976071  -2.7759568796  -2.7759161947 
3.525 -3.1408898640  -2.8376197049  -2.7725043048  -2.7724676437  -2.7724310149 
3.550 -3.1427222924  -2.8356161058  -2.7689225769  -2.7688895888  -2.7688566256 
3.575 -3.1444559368  -2.8335276772  -2.7652529564  -2.7652232849  -2.7651936324 
3.600 -3.1460912408  -2.8313544639  -2.7614959799  -2.7614693016  -2.7614426380 
3.625 -3.1476286801  -2.8290965174  -2.7576521292  -2.7576281512  -2.7576041846 
3.650 -3.1490686829  -2.8267539442  -2.7537220465  -2.7537005035  -2.7536789696 
3.675 -3.1504117301  -2.8243268665  -2.7497062666  -2.7496869185  -2.7496675776 
3.700 -3.1516583323  -2.8218153218  -2.7456052539  -2.7455878835  -2.7455705188 
3.725 -3.1528089451  -2.8192195445  -2.7414196733  -2.7414040839  -2.7413884994 
3.750 -3.1538641000  -2.8165395968  -2.7371499510  -2.7371359652  -2.7371219834 
3.775 -3.1548242767  -2.8137756999  -2.7327967250  -2.7327841823  -2.7327716431 
3.800 -3.1556899753  -2.8109280706  -2.7283605991  -2.7283493546  -2.7283381132 
3.825 -3.1564617361  -2.8079968222  -2.7238419827  -2.7238319056  -2.7238218312 
3.850 -3.1571400454  -2.8049822660  -2.7192415989  -2.7192325712  -2.7192235460 
3.875 -3.1577254482  -2.8018845353  -2.7145598357  -2.7145517509  -2.7145436685 
3.900 -3.1582184412  -2.7987039740  -2.7097974295  -2.7097901918  -2.7097829562 
3.925 -3.1586195614  -2.7954408167  -2.7049548695  -2.7049483924  -2.7049419172 
3.950 -3.1589293336  -2.7920953188  -2.7000327075  -2.7000269130  -2.7000211204 
3.975 -3.1591482883  -2.7886678022  -2.6950315235  -2.6950263416  -2.6950211615 
