# h6 energies for multiplicity =  1
# atoms arranged in pyramid structure of four isosceles triangles, definied by single parameter y = the height of the triangles 
# y E(n=1) E(n=2) E(n=3) E(n=4) E(n=5)
0.5 -2.9675572015  -2.9673718089  -2.6122970400  -2.6122765581  -2.6121634637 
.55 -2.9457653193  -2.9451229550  -2.6596178849  -2.6595398194  -2.6591405867 
.60 -2.9236557933  -2.9219565625  -2.6956423664  -2.6954153869  -2.6943361853 
.65 -2.9026987476  -2.8990143672  -2.7234740952  -2.7229400332  -2.7205445412 
.70 -2.8839139336  -2.8770347532  -2.7453911715  -2.7443296993  -2.7397445240 
.75 -2.8679449727  -2.8565037964  -2.7631043309  -2.7612668266  -2.7534383941 
.80 -2.8550968925  -2.8377478431  -2.7778586797  -2.7750257178  -2.7628232501 
.85 -2.8453716364  -2.8209871970  -2.7904869076  -2.7865283001  -2.7688789298 
.90 -2.8385174555  -2.8063571826  -2.8014735551  -2.7963844010  -2.7724165329 
.95 -2.8340979453  -2.8110439414  -2.8049430380  -2.7939094627  -2.7741085295 
1.00 -2.8315745271  -2.8192629257  -2.8123557804  -2.7836152009  -2.7745106911 
1.05 -2.8303872310  -2.8261217387  -2.8186545293  -2.7753703054  -2.7740808752 
1.10 -2.8315995448  -2.8300184355  -2.8238182653  -2.7731959416  -2.7690159016 
1.15 -2.8356976310  -2.8300309479  -2.8278274603  -2.7721667789  -2.7643597002 
1.20 -2.8384525337  -2.8307193301  -2.8300600519  -2.7712505370  -2.7611961687 
1.25 -2.8399356971  -2.8325424166  -2.8298691780  -2.7706602279  -2.7593218926 
1.30 -2.8402468712  -2.8334781553  -2.8292151484  -2.7705715478  -2.7585451295 
1.35 -2.8395055261  -2.8337340756  -2.8279305306  -2.7711272629  -2.7586905552 
1.40 -2.8378430831  -2.8335392770  -2.8259005983  -2.7724395097  -2.7596003957 
1.45 -2.8353972343  -2.8330883098  -2.8230952814  -2.7745897184  -2.7611315826 
1.50 -2.8325223083  -2.8323095281  -2.8195698226  -2.7776259524  -2.7631485865 
1.55 -2.8319419154  -2.8287292338  -2.8154445853  -2.7815548124  -2.7655086163 
1.60 -2.8314235451  -2.8248330370  -2.8108995290  -2.7863189073  -2.7680325388 
1.65 -2.8310273007  -2.8208985430  -2.8062147539  -2.7917219088  -2.7704427297 
1.70 -2.8307989401  -2.8176075952  -2.8018905624  -2.7971256224  -2.7722319027 
1.75 -2.8307697883  -2.8170835864  -2.8004146756  -2.7988142509  -2.7724918657 
1.80 -2.8309567688  -2.8217669232  -2.7991246464  -2.7979665881  -2.7702063311 
1.85 -2.8313632632  -2.8297845896  -2.7993740937  -2.7950773132  -2.7653001885 
1.90 -2.8392997661  -2.8319804559  -2.8022261151  -2.7900365141  -2.7585255521 
1.95 -2.8496876890  -2.8327895871  -2.8058313940  -2.7845382508  -2.7505084201 
2.00 -2.8606843053  -2.8337642637  -2.8098031075  -2.7787475734  -2.7415671622 
2.05 -2.8721295434  -2.8348733252  -2.8139276998  -2.7727205227  -2.7318461952 
2.10 -2.8839025303  -2.8360840554  -2.8180727390  -2.7664732315  -2.7214096124 
2.15 -2.8959024196  -2.8373661549  -2.8221429498  -2.7600045960  -2.7102848600 
2.20 -2.9080412944  -2.8386976147  -2.8260570488  -2.7533057773  -2.6984829731 
2.25 -2.9202417415  -2.8400746162  -2.8297304265  -2.7463645313  -2.6860077291 
2.30 -2.9324351527  -2.8415280140  -2.8330549669  -2.7391677885  -2.6728606443 
2.35 -2.9445609521  -2.8431402063  -2.8358804383  -2.7317029797  -2.6590431457 
2.40 -2.9565658108  -2.8450135522  -2.8380449247  -2.7239588066  -2.6445578205 
2.45 -2.9684027631  -2.8471467996  -2.8394975718  -2.7159257908  -2.6294091486 
2.50 -2.9800309340  -2.8493948267  -2.8403382877  -2.7075961728  -2.6136032693 
2.55 -2.9914147862  -2.8515941211  -2.8406916075  -2.6989639951  -2.5971480694 
2.60 -3.0025234627  -2.8536360529  -2.8406327865  -2.6900250447  -2.5800532972 
2.65 -3.0133306465  -2.8554585163  -2.8401956697  -2.6807763777  -2.5623299350 
2.70 -3.0238136796  -2.8570256038  -2.8393923929  -2.6712164409  -2.5440078309 
2.75 -3.0339534528  -2.8583153358  -2.8382251649  -2.6613445795  -2.5459892154 
2.80 -3.0437340694  -2.8593132778  -2.8366921463  -2.6511607513  -2.5488423186 
2.85 -3.0531422008  -2.8600093247  -2.8347902106  -2.6406656301  -2.5512917112 
2.90 -3.0621672373  -2.8603960264  -2.8325161721  -2.6298599312  -2.5533269120 
2.95 -3.0708004016  -2.8604675778  -2.8298675272  -2.6187449661  -2.5549395840 
3.00 -3.0790350718  -2.8602193718  -2.8268424711  -2.6073218466  -2.5561235044 
3.05 -3.0868662245  -2.8596475948  -2.8234401020  -2.5955917995  -2.5568744146 
3.10 -3.0942903941  -2.8587489659  -2.8196603738  -2.5835558753  -2.5571899959 
3.15 -3.1013053146  -2.8575207396  -2.8155039670  -2.5712151600  -2.5570696537 
3.20 -3.1079098268  -2.8559605631  -2.8109722471  -2.5585706679  -2.5565145765 
3.25 -3.1141036917  -2.8540664654  -2.8060671777  -2.5555276146  -2.5456234261 
3.30 -3.1198876359  -2.8518366880  -2.8007911422  -2.5541135175  -2.5437649998 
3.35 -3.1252629165  -2.8492699508  -2.7951469548  -2.5522792200  -2.5490363429 
3.40 -3.1302314826  -2.8463650772  -2.7891377698  -2.5539348753  -2.5500348673 
3.45 -3.1347956359  -2.8431214582  -2.7827670301  -2.5584654576  -2.5473962086 
3.50 -3.1389582173  -2.8395384909  -2.7760383559  -2.5626331598  -2.5443904201 
3.55 -3.1427222913  -2.8356161274  -2.7689555835  -2.5664429042  -2.5410726939 
3.60 -3.1460912401  -2.8313544779  -2.7615226729  -2.5698996475  -2.5375772198 
3.65 -3.1490686825  -2.8267539533  -2.7537436003  -2.5730082952  -2.5342584341 
3.70 -3.1516583320  -2.8218153277  -2.7456226320  -2.5757735903  -2.5316901265 
3.75 -3.1538640999  -2.8165396006  -2.7371639417  -2.5782002404  -2.5297947998 
3.80 -3.1556899752  -2.8109280731  -2.7283718466  -2.5802928242  -2.5279902139 
3.85 -3.1571400454  -2.8049822676  -2.7192506282  -2.5820558401  -2.5259726072 
3.90 -3.1582184412  -2.7987039750  -2.7098046678  -2.5834936478  -2.5236356507 
