# h6 energies for multiplicity =  3
# atoms arranged in pyramid structure of four isosceles triangles, definied by single parameter y = the height of the triangles 
# y E(n=1) E(n=2) E(n=3) E(n=4) E(n=5)
0.5 -2.9674645052  -2.9674644937  -2.9673718032  -2.9673717917  -2.6123481645 
.55 -2.9454441374  -2.9454439626  -2.9451228676  -2.9451226929  -2.6597886089 
.60 -2.9228061805  -2.9228047154  -2.9219558283  -2.9219543655  -2.6960759608 
.65 -2.9008565830  -2.9008487033  -2.8990104071  -2.8990025621  -2.7243770329 
.70 -2.8804745257  -2.8804443179  -2.8770195012  -2.8769895864  -2.7470159189 
.75 -2.8622252966  -2.8621364446  -2.8564586432  -2.8563713682  -2.7657242273 
.80 -2.8464256651  -2.8462146829  -2.8376397496  -2.8374346757  -2.7817408921 
.85 -2.8331883814  -2.8327692038  -2.8207704418  -2.8203676577  -2.7958659971 
.90 -2.8224562831  -2.8217408245  -2.8085265122  -2.8059835939  -2.8053033299 
.95 -2.8198694940  -2.8140363672  -2.8129634883  -2.7991328185  -2.7959997980 
1.00 -2.8298614307  -2.8076414752  -2.8062054451  -2.8051639614  -2.8011518131 
1.05 -2.8383910435  -2.8101183211  -2.8052264298  -2.8029315420  -2.8011799749 
1.10 -2.8453351473  -2.8140361006  -2.8083339254  -2.8028768451  -2.7995694094 
1.15 -2.8506044152  -2.8169442137  -2.8105827021  -2.8047949227  -2.7972390665 
1.20 -2.8541630599  -2.8188750084  -2.8120707311  -2.8059557961  -2.7956720522 
1.25 -2.8560315365  -2.8198812263  -2.8129041931  -2.8063973103  -2.7946510318 
1.30 -2.8562796874  -2.8200382061  -2.8132005518  -2.8061564191  -2.7940085957 
1.35 -2.8550155573  -2.8194401068  -2.8130905717  -2.8052697582  -2.7936243066 
1.40 -2.8523732392  -2.8181940566  -2.8127200468  -2.8037723190  -2.7934239853 
1.45 -2.8485021942  -2.8164154169  -2.8122487195  -2.8016960111  -2.7933854472 
1.50 -2.8435588205  -2.8142279717  -2.8118409510  -2.7990700154  -2.7935566137 
1.55 -2.8377023705  -2.8117787171  -2.8116439242  -2.7959251638  -2.7940914602 
1.60 -2.8310990526  -2.8117594452  -2.8093062371  -2.7952603661  -2.7923100347 
1.65 -2.8239528282  -2.8122185226  -2.8074694124  -2.7970795575  -2.7929795255 
1.70 -2.8167537470  -2.8128222415  -2.8083715115  -2.7978859859  -2.7955609343 
1.75 -2.8147156541  -2.8133865984  -2.8091609009  -2.7976049897  -2.7962454304 
1.80 -2.8208049215  -2.8161064781  -2.8061708505  -2.7966483363  -2.7936488293 
1.85 -2.8295845165  -2.8178688529  -2.8078701054  -2.7946527763  -2.7910502698 
1.90 -2.8393103161  -2.8198608975  -2.8108075677  -2.7968108413  -2.7957230335 
1.95 -2.8497554029  -2.8220195101  -2.8140038631  -2.8008132194  -2.8005058404 
2.00 -2.8607608153  -2.8242935896  -2.8172355019  -2.8052899293  -2.8051653877 
2.05 -2.8721989955  -2.8266395826  -2.8204111158  -2.8098395020  -2.8096306127 
2.10 -2.8839604544  -2.8290236392  -2.8234745746  -2.8142920054  -2.8138517857 
2.15 -2.8959485943  -2.8314261203  -2.8263809230  -2.8185422756  -2.8177907697 
2.20 -2.9080770468  -2.8338468971  -2.8290864910  -2.8225043477  -2.8214169094 
2.25 -2.9202688434  -2.8363066076  -2.8315445567  -2.8260977835  -2.8247052112 
2.30 -2.9324553566  -2.8388332944  -2.8337085556  -2.8292504211  -2.8276350161 
2.35 -2.9445758060  -2.8414324413  -2.8355435738  -2.8319137068  -2.8301894418 
2.40 -2.9565766017  -2.8440657466  -2.8370330959  -2.8340750834  -2.8323547482 
2.45 -2.9684105203  -2.8466629200  -2.8381729081  -2.8357510187  -2.8341199706 
2.50 -2.9800364581  -2.8491496825  -2.8389616012  -2.8369676515  -2.8354765939 
2.55 -2.9914186865  -2.8514650070  -2.8393961820  -2.8377470918  -2.8364182840 
2.60 -3.0025261949  -2.8535643621  -2.8394716746  -2.8381036974  -2.8369405426 
2.65 -3.0133325464  -2.8554166468  -2.8391821481  -2.8380455521  -2.8370405299 
2.70 -3.0238149918  -2.8570000946  -2.8385216958  -2.8375768662  -2.8367168766 
2.75 -3.0339543532  -2.8582992771  -2.8374849759  -2.8366997787  -2.8359694264 
2.80 -3.0437346835  -2.8593029238  -2.8360675827  -2.8354155871  -2.8347990847 
2.85 -3.0531426171  -2.8600025369  -2.8342661887  -2.8337254465  -2.8332076640 
2.90 -3.0621675180  -2.8603915280  -2.8320785004  -2.8316306764  -2.8311976749 
2.95 -3.0708005899  -2.8604645769  -2.8295033652  -2.8291330878  -2.8287723462 
3.00 -3.0790351973  -2.8602173631  -2.8265404715  -2.8262348348  -2.8259353021 
3.05 -3.0868663079  -2.8596462487  -2.8231903893  -2.8229385536  -2.8226906002 
3.10 -3.0942904491  -2.8587480642  -2.8194544468  -2.8192473133  -2.8190426297 
3.15 -3.1013053508  -2.8575201366  -2.8153345670  -2.8151645075  -2.8149959800 
3.20 -3.1079098505   -2.8108332155  -2.8106938441  -2.8105554210 
3.25 -3.1141037071   -2.8059533174  -2.8058392988  -2.8057258607 
3.30 -3.1198876459  -2.8518365105  -2.8006980871  -2.8006049723  
3.35     
3.40     
3.45     
3.50     
3.55     
3.60     
3.65     
3.70     
3.75     
3.80     
3.85     
3.90     
