5.0 0.22474786951272291 0.0764475 0.0000161 -0.4885652
5.25 0.23032811073355966 0.0786396 0.0000213 -0.497994
5.50 0.23578063841929153 0.0792077 0.0000278 -0.5072517
5.75 0.24111432303437602 0.0775017 0.0000356 -0.5163262
6.00 0.24633708657984518 0.0730509 0.0000451 -0.5252103
6.25 0.25145603955751983 0.0659437 0.0000563 -0.5338977
6.50 0.25647759350390792 0.0567871 0.0000694 -0.5423781
6.75 0.26140755421862366 0.046316 0.0000846 -0.5506293
7.00 0.26625119958804888 0.0351801 0.0001017 -0.5585982
7.25 0.27101334500631991 0.0240543 0.0001203 -0.5661424
7.50 0.27569839872782342 0.0142417 0.0001393 -0.5727933
7.75 0.28031040898329512 0.0096154 0.0001596 -0.5769517
8.00 0.28485310431016619 0.012604 0.0001906 -0.5776561
8.25 0.28932992825516618 0.0181982 0.0002346 -0.5771008
8.50 0.29374406938062309 0.0242219 0.0002902 -0.5762159
8.75 0.29809848732900202 0.0302382 0.0003578 -0.5751748
9.00 0.30239593556098865 0.0361084 0.0004386 -0.5740171
9.25 0.30663898127202549 0.0417445 0.0005345 -0.5727522
9.50 0.31083002290405076 0.0470502 0.0006471 -0.5713799
9.75 0.31497130559833353 0.0518953 0.0007785 -0.5698965
10.00 0.31906493487798943 0.0560973 0.0009311 -0.5682965
10.25 0.32311288880213562 0.0594171 0.0011071 -0.5665734
10.50 0.32711702879550453 0.0615888 0.0013091 -0.5647196
10.75 0.33107910932596624 0.0624045 0.0015398 -0.5627268
11.00 0.33500078657648524 0.0618145 0.0018021 -0.5605851
11.25 0.33888362623650670 0.059952 0.0020992 -0.5582828
11.50 0.34272911051981081 0.0570581 0.0024344 -0.5558046
11.75 0.34653864450082428 0.0533912 0.0028112 -0.5531289
12.00 0.35031356184872481 0.0491855 0.003234 -0.5502233
12.25 0.35405513002798283 0.044658 0.0037076 -0.5470334
12.50 0.35776455502492738 0.0400457 0.0042383 -0.5434623
12.75 0.36144298565221100 0.035673 0.0048345 -0.5393261
13.00 0.36509151747647400 0.0320552 0.0055082 -0.5342715
13.25 0.36871119640886968 0.029991 0.0062762 -0.5276679
13.50 0.37230302199327187 0.0303871 0.0071573 -0.5186438
13.75 0.37586795042281695 0.0335774 0.0081652 -0.5065213
14.00 0.37940689731182314 0.0388904 0.0088221 -0.4912478
14.25 0.38292074024700901
14.50 0.38641032113921558
14.75 0.38987644839447261
15.00 0.39331989892118169 0.0236705 -0.0178134 -0.4376098
15.25 0.39674141998838264 0.0348999 -0.0169413 -0.4033737
15.50 0.40014173094847860 0.0421261 -0.0169098 -0.3711933
15.75 0.40352152483640419 0.0468027 -0.0173214 -0.3401524
16.00 0.40688146985598445 0.0492886 -0.0180748 -0.3100819
16.25 0.41022221076315113 0.0494142 -0.0191642 -0.2807881
16.50 0.41354437015471773 0.0465306 -0.0206604 -0.2517493
16.75 0.41684854967056112 0.0393005 -0.0227824 -0.2216465
17.00 0.42013533111630319 0.0242426 -0.0263827 -0.198892
17.25 0.42340527751290741
17.50 0.42665893407900496
17.75 0.42989682915123001 0.0438982 0.0062775 -0.1290455
18.00 0.43311947504735931 0.0425585 0.0104903 -0.1079793
18.25 0.43632736887662232 0.0439342 0.0160545 -0.0878928
18.50 0.43952099330116196 0.0477353 0.0227312 -0.0701601
18.75 0.44270081725227745 0.0532731 0.0301702 -0.0549273
19.00 0.44586729660476643 0.0599117 0.038074 -0.0417489
19.25 0.44902087481240505 0.0672116 0.0462414 -0.0301065
19.50 0.45216198350734593 0.0748982 0.0545475 -0.0206653
19.75 0.45529104306598517 0.0828037 0.062916 -0.0170863
20.00 0.45840846314364242 0.0908238 0.0712997 -0.0139899
20.25 0.46151464318020630 0.0988919 0.0796684 -0.0111561
20.50 0.46460997287872730 0.106964 0.0880027 -0.0084669
20.75 0.46769483265878409 0.1150095 0.0962891 -0.0058589
21.00 0.47076959408630886 0.1230067 0.1045184 -0.0032972
21.25 0.47383462028142359 0.130939 0.1126837 -0.0007629
21.50 0.47689026630572684 0.1387931 0.1207796 0.0017546
21.75 0.47993687953036013 0.1465575 0.1288014 0.0042608
22.00 0.48297479998608267 0.1542219 0.1367449 0.0067586
22.25 0.48600436069649899 0.1617761 0.1446057 0.0092491
22.50 0.48902588799549546 0.1692095 0.1523789 0.0117324
22.75 0.49203970182987000 0.176511 0.1600585 0.0142082
23.00 0.49504611604806875 0.1836676 0.1676374 0.0166757
23.25 0.49804543867587991 0.190665 0.1751058 0.0191339
23.50 0.50103797217987622 0.197486 0.1824513 0.0215816
23.75 0.50402401371934424 0.2041108 0.1896567 0.0240176
24.00 0.50700385538738835 0.2105157 0.1966982 0.0264405
24.25 0.50997778444185260 0.2166726 0.2035422 0.0288489
24.50 0.51294608352666027 0.2225484 0.2101399 0.0312412
24.75 0.51590903088413309 0.2281043 0.2164194 0.0336155
25.00 0.51886690055881535 0.2332955 0.2222722 0.0359699
25.25 0.52181996259329522 0.238071 0.2275356 0.0383021
25.50 0.52476848321648584 0.2423752 0.2319746 0.0406095
25.75 0.52771272502479782 0.2461494 0.2352924 0.0428887
26.00 0.53065294715660993 0.2493362 0.2372249 0.0451359
26.25 0.53358940546042311 0.2518847 0.2377134 0.0473459
26.50 0.53652235265705239 0.2537566 0.2369737 0.0495121
26.75 0.53945203849620049 0.2549329 0.2353542 0.051626
27.00 0.54237870990772830 0.255418 0.2331688 0.0536755
27.25 0.54530261114792489 0.2552404 0.2275857 0.0556438
27.50 0.54822398394106098 0.2544504 0.2194441 0.0575064
27.75 0.55114306761649301 0.2525191 0.2112798 0.0592263
28.00 0.55406009924157285 0.2442718 0.2031289 0.0607464
28.25 0.55697531375060216 0.2360747 0.195014 0.0619756
28.50 0.55988894407005929 0.2279344 0.1869497 0.0627677
28.75 0.56280122124031395 0.2198557 0.178946 0.0628976
29.00 0.56571237453403433 0.2118427 0.1710096 0.0620661
29.25 0.56862263157148163 0.2038984 0.1631456 0.0600026
29.50 0.57153221843287527 0.1960257 0.1553574 0.0566545
29.75 0.57444135976800692 0.1882266 0.1476479 0.0522384
30.00 0.57735027890326807 0.1805029 0.1400191 0.0470746
30.25 0.58025919794625369 0.1728565 0.1324726 0.041434
30.50 0.58316833788809341 0.1652885 0.1250099 0.035502
30.75 0.58607791870365555 0.1578003 0.1176319 0.0293968
31.00 0.58898815944976501 0.1503932 0.1103397 0.0231939
31.25 0.59189927836156764 0.1430681 0.103134 0.0169422
31.50 0.59481149294717062 0.1358261 0.0960158 0.0106747
31.75 0.59772502008068074 0.1286683 0.0889857 0.0044145
32.00 0.60064007609376124 0.1215956 0.0820444 -0.001822
32.25 0.60355687686581816 0.1146092 0.0751927 -0.0080225
32.50 0.60647563791293169 0.10771 0.0684313 -0.0141778
32.75 0.60939657447563289 0.1008993 0.061761 -0.0202806
33.00 0.61231990160563299 0.0941782 0.0551825 -0.0263251
33.25 0.61524583425160395 0.087548 0.0486968 -0.0323068
33.50 0.61817458734410646 0.0810099 0.0423046 -0.0382218
33.75 0.62110637587975959 0.0745653 0.036007 -0.0440669
34.00 0.62404141500474464 0.0682158 0.0298048 -0.0498395
34.25 0.62697992009773107 0.0619629 0.0236992 -0.0555373
34.50 0.62992210685231265 0.0558083 0.0176911 -0.0611582
34.75 0.63286819135903882 0.0497538 0.0117818 -0.0667008
35.00 0.63581839018712483 0.0438011 0.0059724 -0.0721634
35.25 0.63877292046592293 0.0379522 0.000264 -0.077545
35.50 0.64173199996623487 0.032209 -0.005342 -0.0828444
35.75 0.64469584718154593 0.0265737 -0.0108444 -0.0880608
36.00 0.64766468140925815 0.0210483 -0.016242 -0.0931935
36.25 0.65063872283200119 0.015635 -0.0215333 -0.0982418
36.50 0.65361819259909770 0.0103358 -0.0267172 -0.1032054
36.75 0.65660331290825846 0.0051529 -0.0317924 -0.1080837
37.00 0.65959430708758449 0.0000884 -0.0367575 -0.1128767
37.25 0.66259139967795155 -0.0048558 -0.0416115 -0.1175839
37.50 0.66559481651585173 -0.0096777 -0.0463532 -0.1222054
37.75 0.66860478481676788 -0.0143758 -0.0509815 -0.1267409
38.00 0.67162153325915808 -0.0189485 -0.0554955 -0.1311903
38.25 0.67464529206912238 -0.0233945 -0.0598943 -0.1355534
38.50 0.67767629310583211 -0.027713 -0.0641773 -0.1398299
38.75 0.68071476994779589 -0.0319034 -0.0683439 -0.1440194
39.00 0.68376095798003989 -0.0359655 -0.0723936 -0.1481214
39.25 0.68681509448228206 -0.0398996 -0.0763264 -0.1521349
39.50 0.68987741871817743 -0.0437066 -0.0801422 -0.156059
39.75 0.69294817202571524 -0.0473879 -0.0838412 -0.159892
40.00 0.69602759790885060 -0.0509457 -0.087424 -0.163632
40.25 0.69911594213045092 -0.0543828 -0.0908911 -0.1672766
40.50 0.70221345280664171 -0.0577027 -0.0942435 -0.1708226
40.75 0.70532038050263912 -0.06091 -0.0974823 -0.1742662
41.00 0.70843697833015451 -0.0640101 -0.1006092 -0.1776027
41.25 0.71156350204645979 -0.0670095 -0.1036256 -0.1808264
41.50 0.71470021015520846 -0.0699157 -0.1065337 -0.1839305
41.75 0.71784736400909988 -0.0727378 -0.1093359 -0.1869069
42.00 0.72100522791448773 -0.0754861 -0.1120348 -0.189746
42.25 0.72417406923802852 -0.078173 -0.1146337 -0.1924364
42.50 0.72735415851547003 -0.0808127 -0.1171363 -0.1949649
42.75 0.73054576956268569 -0.0834223 -0.1195471 -0.1973159
43.00 0.73374917958905994 -0.086022 -0.1218717 -0.1994715
43.25 0.73696466931333482 -0.0886364 -0.1241171 -0.2014106
43.50 0.74019252308203054 -0.0912956 -0.1262923 -0.2031091
43.75 0.74343302899055930 -0.0940377 -0.1284091 -0.2045383
44.00 0.74668647900714824 -0.0969111 -0.1304833 -0.2056645
44.25 0.74995316909970178 -0.0999771 -0.1325351 -0.2064464
44.50 0.75323339936572720 -0.1033009 -0.1345827 -0.2068329
44.75 0.75652747416546084 -0.1068271 -0.1365787 -0.2067799
45.00 0.75983570225832975
45.25 0.76315839694289456 -0.1068271 -0.1365787 -0.2067799
45.50 0.76649587620041937 -0.1033009 -0.1345827 -0.2068329
45.75 0.76984846284222430 -0.0999771 -0.1325351 -0.2064464
46.00 0.77321648466098036 -0.0969111 -0.1304833 -0.2056645
46.25 0.77660027458611014 -0.0940377 -0.1284091 -0.2045383
46.50 0.78000017084346973 -0.0912956 -0.1262923 -0.2031091
46.75 0.78341651711948912 -0.0886364 -0.1241171 -0.2014106
47.00 0.78684966272995749 -0.086022 -0.1218717 -0.1994715
47.25 0.79029996279364645 -0.0834223 -0.1195471 -0.1973159
47.50 0.79376777841097601 -0.0808127 -0.1171363 -0.1949649
47.75 0.79725347684792980 -0.078173 -0.1146337 -0.1924364
48.00 0.80075743172543956 -0.0754861 -0.1120348 -0.189746
48.25 0.80428002321446923 -0.0727378 -0.1093359 -0.1869069
48.50 0.80782163823703412 -0.0699157 -0.1065337 -0.1839305
48.75 0.81138267067340353 -0.0670095 -0.1036256 -0.1808264
49.00 0.81496352157574936 -0.0640101 -0.1006092 -0.1776027
49.25 0.81856459938850701 -0.06091 -0.0974823 -0.1742662
49.50 0.82218632017573356 -0.0577027 -0.0942435 -0.1708226
49.75 0.82582910785575958 -0.0543828 -0.0908911 -0.1672766
50.00 0.82949339444344139 -0.0509457 -0.087424 -0.163632
50.25 0.83317962030033754 -0.0473879 -0.0838412 -0.159892
50.50 0.83688823439314863 -0.0437066 -0.0801422 -0.156059
50.75 0.84061969456077290 -0.0398996 -0.0763264 -0.1521349
51.00 0.84437446779034697 -0.0359655 -0.0723936 -0.1481214
51.25 0.84815303050266300 -0.0319034 -0.0683439 -0.1440194
51.50 0.85195586884736429 -0.027713 -0.0641773 -0.1398299
51.75 0.85578347900834917 -0.0233945 -0.0598943 -0.1355534
52.00 0.85963636751982619 -0.0189485 -0.0554955 -0.1311903
52.25 0.86351505159349251 -0.0143758 -0.0509815 -0.1267409
52.50 0.86742005945732381 -0.0096777 -0.0463532 -0.1222054
52.75 0.87135193070649397 -0.0048558 -0.0416115 -0.1175839
53.00 0.87531121666696521 0.0000884 -0.0367575 -0.1128767
53.25 0.87929848077231665 0.0051529 -0.0317924 -0.1080837
53.50 0.88331429895441260 0.0103358 -0.0267172 -0.1032054
53.75 0.88735926004853483 0.015635 -0.0215333 -0.0982418
54.00 0.89143396621364279 0.0210483 -0.016242 -0.0931935
54.25 0.89553903336845653 0.0265737 -0.0108444 -0.0880608
54.50 0.89967509164409376 0.032209 -0.005342 -0.0828444
54.75 0.90384278585403033 0.0379522 0.000264 -0.077545
55.00 0.90804277598219907 0.0438011 0.0059724 -0.0721634
55.25 0.91227573769007742 0.0497538 0.0117818 -0.0667008
55.50 0.91654236284366797 0.0558083 0.0176911 -0.0611582
55.75 0.92084336006132139 0.0619629 0.0236992 -0.0555373
56.00 0.92517945528340284 0.0682158 0.0298048 -0.0498395
56.25 0.92955139236486140 0.0745653 0.036007 -0.0440669
56.50 0.93395993369181618 0.0810099 0.0423046 -0.0382218
56.75 0.93840586082334254 0.087548 0.0486968 -0.0323068
57.00 0.94288997515969897 0.0941782 0.0551825 -0.0263251
57.25 0.94741309863831702 0.1008993 0.061761 -0.0202806
57.50 0.95197607445894206 0.10771 0.0684313 -0.0141778
57.75 0.95657976783940157 0.1146092 0.0751927 -0.0080225
58.00 0.96122506680355879 0.1215956 0.0820444 -0.001822
58.25 0.96591288300310196 0.1286683 0.0889857 0.0044145
58.50 0.97064415257492132 0.1358261 0.0960158 0.0106747
58.75 0.97541983703592194 0.1430681 0.103134 0.0169422
59.00 0.98024092421724396 0.1503932 0.1103397 0.0231939
59.25 0.98510842923997155 0.1578003 0.1176319 0.0293968
59.50 0.99002339553454166 0.1652885 0.1250099 0.035502
59.75 0.99498689590620693 0.1728564 0.1324726 0.041434
60.00 1.0000000336490449 0.1805029 0.1400191 0.0470745
60.25 1.0050639437111659 0.1882265 0.1476479 0.0522384
60.50 1.0101797939139427 0.1960257 0.1553574 0.0566545
60.75 1.0153487862282633 0.2038984 0.1631455 0.0600026
61.00 1.0205721581109972 0.2118426 0.1710096 0.062066
61.25 1.0258511839050852 0.2198557 0.178946 0.0628976
61.50 1.0311871763068714 0.2279344 0.1869497 0.0627677
61.75 1.0365814879045478 0.2360747 0.195014 0.0619756
62.00 1.0420355127918348 0.2442718 0.2031289 0.0607464
62.25 1.0475506882612993 0.2525191 0.2112798 0.0592263
62.50 1.0531284965820111 0.2544504 0.2194441 0.0575064
62.75 1.0587704668665670 0.2552404 0.2275857 0.0556438
63.00 1.0644781770328475 0.255418 0.2331688 0.0536755
63.25 1.0702532558662603 0.2549329 0.2353542 0.051626
63.50 1.0760973851886237 0.2537566 0.2369737 0.0495121
63.75 1.0820123021402799 0.2518847 0.2377134 0.0473458
64.00 1.0879998015825072 0.2493362 0.2372249 0.0451359
64.25 1.0940617386278098 0.2461494 0.2352923 0.0428887
64.50 1.1002000313062268 0.2423752 0.2319746 0.0406095
64.75 1.1064166633763877 0.238071 0.2275356 0.0383021
65.00 1.1127136872907215 0.2332955 0.2222722 0.0359699
65.25 1.1190932273249123 0.2281043 0.2164194 0.0336155
65.50 1.1255574828824770 0.2225484 0.2101399 0.0312411
65.75 1.1321087319861824 0.2166726 0.2035422 0.0288489
66.00 1.1387493349689228 0.2105157 0.1966982 0.0264405
66.25 1.1454817383776770 0.2041108 0.1896567 0.0240176
66.50 1.1523084791052536 0.197486 0.1824513 0.0215816
66.75 1.1592321887657087 0.190665 0.1751058 0.0191338
67.00 1.1662555983306084 0.1836676 0.1676373 0.0166757
67.25 1.1733815430447392 0.176511 0.1600585 0.0142082
67.50 1.1806129676413906 0.1692095 0.1523788 0.0117324
67.75 1.1879529318790409 0.1617761 0.1446057 0.0092491
68.00 1.1954046164231349 0.1542219 0.1367449 0.0067586
68.25 1.2029713290986654 0.1465575 0.1288014 0.0042608
68.50 1.2106565115415191 0.1387931 0.1207795 0.0017546
68.75 1.2184637462790018 0.130939 0.1126837 -0.0007629
69.00 1.2263967642726714 0.1230067 0.1045184 -0.0032973
69.25 1.2344594529595776 0.1150095 0.0962891 -0.0058589
69.50 1.2426558648313226 0.1069639 0.0880027 -0.008467
69.75 1.2509902265939778 0.0988919 0.0796684 -0.0111561
70.00 1.2594669489559134 0.0908238 0.0712997 -0.0139899
70.25 1.2680906370950717 0.0828037 0.062916 -0.0170863
70.50 1.2768661018621295 0.0748982 0.0545475 -0.0206653
70.75 1.2857983717814927 0.0672116 0.0462414 -0.0301066
71.00 1.2948927059181552 0.0599117 0.038074 -0.041749
71.25 1.3041546076852373 0.053273 0.0301702 -0.0549273
71.50 1.3135898396745678 0.0477353 0.0227312 -0.0701601
71.75 1.3232044396011293 0.0439342 0.0160545 -0.0878928
72.00 1.3330047374615932 0.0425585 0.0104903 -0.1079793
72.25 1.3429973740177321 0.0438982 0.0062775 -0.1290456
72.50 1.3531893207273342 0.0474397 0.0033804 -0.1486789
72.75 1.3635879012585173
73.00 1.3742008147382716 -0.0218401 -0.0438212 -0.1317231
73.25 1.3850361609029067 0.0393005 -0.0227824 -0.2216465
73.50 1.3961024673370386 0.0465306 -0.0206604 -0.2517494
73.75 1.4074087190092159 0.0494142 -0.0191642 -0.2807881
74.00 1.4189643903365978 0.0492886 -0.0180748 -0.3100819
74.25 1.4307794800386300 0.0468027 -0.0173214 -0.3401525
74.50 1.4428645490710084 0.0421261 -0.0169098 -0.3711933
74.75 1.4552307619668963 0.0348999 -0.0169413 -0.4033738
75.00 1.4678899319530556 0.0236705 -0.0178134 -0.4376098
75.25 1.4808545702551064
75.50 1.4941379400594756
75.75 1.5077541156608558 0.0451859 0.0069328 -0.4732018
76.00 1.5217180473945009 0.0388904 0.0088221 -0.4912479
76.25 1.5360456330340897 0.0335774 0.0081652 -0.5065213
76.50 1.5507537964299845 0.0303871 0.0071573 -0.5186438
76.75 1.5658605742718710 0.029991 0.0062762 -0.5276679
77.00 1.5813852119866876 0.0320552 0.0055082 -0.5342715
77.25 1.5973482699307082 0.035673 0.0048345 -0.5393261
77.50 1.6137717412076256 0.0400457 0.0042383 -0.5434623
77.75 1.6306791826473761 0.044658 0.0037076 -0.5470334
78.00 1.6480958607190197 0.0491855 0.003234 -0.5502233
78.25 1.6660489144325314 0.0533912 0.0028112 -0.5531289
78.50 1.6845675376176648 0.0570581 0.0024344 -0.5558046
78.75 1.7036831833639368 0.059952 0.0020992 -0.5582828
79.00 1.7234297938777567 0.0618144 0.0018021 -0.5605852
79.25 1.7438440595774944 0.0624045 0.0015398 -0.5627268
79.50 1.7649657119256603 0.0615888 0.0013091 -0.5647196
79.75 1.7868378553155890 0.0594171 0.0011071 -0.5665734
80.00 1.8095073443210954 0.0560973 0.0009311 -0.5682965
80.25 1.8330252138232914 0.0518953 0.0007785 -0.5698965
80.50 1.8574471710024862 0.0470502 0.0006471 -0.5713799
80.75 1.8828341599932619 0.0417445 0.0005345 -0.5727522
81.00 1.9092530122354845 0.0361084 0.0004386 -0.5740171
81.25 1.9367771983277440 0.0302382 0.0003578 -0.5751748
81.50 1.9654877006520655 0.0242219 0.0002902 -0.5762159
81.75 1.9954740303864316 0.0181982 0.0002346 -0.5771008
82.00 2.0268354180156947 0.012604 0.0001906 -0.5776561
82.25 2.0596822134404817 0.0096154 0.0001596 -0.5769517
82.50 2.0941375407372735
82.75 2.1303392641794385 0.0139508 -0.0020539 -0.570448
83.00 2.1684423371644423 0.029233 -0.0012309 -0.5610965
83.25 2.2086216254199424 0.0424717 -0.0008412 -0.5522216
83.50 2.2510753219802888 0.0542366 -0.0005997 -0.5434235
83.75 2.2960291063410230 0.0642582 -0.0004347 -0.5345902
84.00 2.3437412473608381 0.0719686 -0.0003167 -0.5256684
84.25 2.3945089138952178 0.0768366 -0.0002301 -0.5166274
84.50 2.4486760461856742 0.0788119 -0.000166 -0.5074482
84.75 2.5066432657105051 0.0784036 -0.0001184 -0.4981218
