5.0 0.22474786951272291 -0.21172 -0.17320 -0.12349 0.00657 .04971
5.25 0.23032811073355966 -0.21744 -0.17710 -0.12712 0.01031 .04998
5.50 0.23578063841929153 -0.22289 -0.18072 -0.13050 0.01419 .05022
5.75 0.24111432303437602 -0.22808 -0.18408 -0.13364 0.01817 .05044
6.00 0.24633708657984518 -0.23305 -0.18720 -0.13656 0.02222 .05064
6.25 0.25145603955751983 -0.23780 -0.19008 -0.13926 0.02630 .05082
6.50 0.25647759350390792 -0.24237 -0.19273 -0.14176 0.03039 .05097
6.75 0.26140755421862366 -0.24678 -0.19515 -0.14404 0.03445 .05111
7.00 0.26625119958804888 -0.25107 -0.19733 -0.14611 0.03843 .05122
7.25 0.27101334500631991 -0.25531 -0.19924 -0.14789 0.04221 .05135
7.50 0.27569839872782342 -0.25971 -0.20075 -0.14923 0.04549 .05152
7.75 0.28031040898329512 -0.26493 -0.20143 -0.14951 0.04731 .05192
8.00 0.28485310431016619 -0.27138 -0.20102 -0.14837 0.04708 .05265
8.25 0.28932992825516618 -0.27815 -0.20017 -0.14666 0.04615 .05351
8.50 0.29374406938062309 -0.28485 -0.19917 -0.14476 0.04506 .05441
8.75 0.29809848732900202 -0.29143 -0.19805 -0.14273 0.04392 .05532
9.00 0.30239593556098865 -0.29787 -0.19683 -0.14059 0.04274 .05624
9.25 0.30663898127202549 -0.30418 -0.19552 -0.13835 0.04152 .05717
9.50 0.31083002290405076 -0.31037 -0.19411 -0.13599 0.04026 .05812
9.75 0.31497130559833353 -0.31645 -0.19262 -0.13352 0.03894 .05910
10.00 0.31906493487798943 -0.32243 -0.19103 -0.13094 0.03756 .06009
10.25 0.32311288880213562 -0.32831 -0.18936 -0.12825 0.03611 .06111
10.50 0.32711702879550453 -0.33410 -0.18759 -0.12544 0.03459 .06215
10.75 0.33107910932596624 -0.33981 -0.18575 -0.12251 0.03299 .06324
11.00 0.33500078657648524 -0.34545 -0.18382 -0.11946 0.03131 .06436
11.25 0.33888362623650670 -0.35101 -0.18181 -0.11628 0.02955 .06553
11.50 0.34272911051981081 -0.35650 -0.17973 -0.11299 0.02770 .06674
11.75 0.34653864450082428 -0.36192 -0.17758 -0.10957 0.02576 .06801
12.00 0.35031356184872481 -0.36725 -0.17538 -0.10603 0.02375 .06935
12.25 0.35405513002798283 -0.37247 -0.17314 -0.10237 0.02168 .07077
12.50 0.35776455502492738 -0.37755 -0.17090 -0.09862 0.01956 .07228
12.75 0.36144298565221100 -0.38241 -0.16872 -0.09478 0.01745 .07394
13.00 0.36509151747647400 -0.38688 -0.16670 -0.09090 0.01544 .07580
13.25 0.36871119640886968 -0.39074 -0.16504 -0.08703 0.01365 .07801
13.50 0.37230302199327187 -0.39365 -0.16397 -0.08323 0.01226 .08074
13.75 0.37586795042281695 -0.39545 -0.16365 -0.07949 0.01132 .08416
14.00 0.37940689731182314 -0.39621 -0.16408 -0.07571 0.01076 .08837
14.25 0.38292074024700901
14.50 0.38641032113921558
14.75 0.38987644839447261
15.00 0.39331989892118169 -0.41030 -0.15693 -0.05226 -0.00171 .10467
15.25 0.39674141998838264 -0.40645 -0.16115 -0.04623 -0.00169 .11492
15.50 0.40014173094847860 -0.40328 -0.16514 -0.03930 -0.00232 .12584
15.75 0.40352152483640419 -0.40040 -0.16921 -0.03149 -0.00343 .13772
16.00 0.40688146985598445 -0.39769 -0.17342 -0.02274 -0.00495 .15068
16.25 0.41022221076315113 -0.39505 -0.17781 -0.01302 -0.00689 .16479
16.50 0.41354437015471773 -0.39236 -0.18239 -0.00929 -0.00224 .17310
16.75 0.41684854967056112 -0.38937 -0.18723 -0.01232 0.00981 .17491
17.00 0.42013533111630319 -0.38524 -0.19251 -0.01670 0.02383 .17581
17.25 0.42340527751290741
17.50 0.42665893407900496
17.75 0.42989682915123001 -0.38575 -0.21833 -0.00202 0.04832 .21631
18.00 0.43311947504735931 -0.38751 -0.22315 -0.00051 0.05990 .22264
18.25 0.43632736887662232 -0.38957 -0.22793 0.00207 0.07077 .23000
18.50 0.43952099330116196 -0.39159 -0.23270 0.00553 0.08094 .23823
18.75 0.44270081725227745 -0.39328 -0.23745 0.00958 0.09059 .24703
19.00 0.44586729660476643 -0.39450 -0.24217 0.01400 0.09989 .25617
19.25 0.44902087481240505 -0.39521 -0.24685 0.01865 0.10896 .26550
19.50 0.45216198350734593 -0.39543 -0.25148 0.02344 0.11788 .27492
19.75 0.45529104306598517 -0.39522 -0.25605 0.02830 0.12670 .28435
20.00 0.45840846314364242 -0.39464 -0.26055 0.03322 0.13544 .29377
20.25 0.46151464318020630 -0.39377 -0.26498 0.03816 0.14412 .30314
20.50 0.46460997287872730 -0.39265 -0.26934 0.04312 0.15273 .31246
20.75 0.46769483265878409 -0.39133 -0.27362 0.04808 0.16127 .32170
21.00 0.47076959408630886 -0.38985 -0.27783 0.05305 0.16973 .33088
21.25 0.47383462028142359 -0.38824 -0.28197 0.05801 0.17809 .33998
21.50 0.47689026630572684 -0.38651 -0.28604 0.06296 0.18633 .34900
21.75 0.47993687953036013 -0.38469 -0.29004 0.06790 0.19440 .35794
22.00 0.48297479998608267 -0.38279 -0.29396 0.07283 0.20225 .36679
22.25 0.48600436069649899 -0.38083 -0.29782 0.07775 0.20979 .37557
22.50 0.48902588799549546 -0.37881 -0.30160 0.08265 0.21691 .38425
22.75 0.49203970182987000 -0.37674 -0.30532 0.08753 0.22347 .39285
23.00 0.49504611604806875 -0.37463 -0.30898 0.09239 0.22928 .40137
23.25 0.49804543867587991 -0.37248 -0.31256 0.09723 0.23415 .40979
23.50 0.50103797217987622 -0.37029 -0.31609 0.10205 0.23794 .41814
23.75 0.50402401371934424 -0.36808 -0.31955 0.10684 0.24060 .42639
24.00 0.50700385538738835 -0.36584 -0.32295 0.11159 0.24223 .43454
24.25 0.50997778444185260 -0.36358 -0.32629 0.11629 0.24298 .44258
24.50 0.51294608352666027 -0.36130 -0.32957 0.12095 0.24306 .45052
24.75 0.51590903088413309 -0.35900 -0.33280 0.12553 0.23728 .45833
25.00 0.51886690055881535 -0.35668 -0.33597 0.13003 0.23017 .46600
25.25 0.52181996259329522 -0.35434 -0.33908 0.13441 0.22327 .47349
25.50 0.52476848321648584 -0.35199 -0.34214 0.13862 0.21666 .48076
25.75 0.52771272502479782 -0.34962 -0.34515 0.14260 0.21039 .48775
26.00 0.53065294715660993 -0.34811 -0.34724 0.14623 0.20459 .49347
26.25 0.53358940546042311 -0.35101 -0.34485 0.14931 0.19944 .49416
26.50 0.53652235265705239 -0.35387 -0.34245 0.15156 0.19524 .49401
26.75 0.53945203849620049 -0.35668 -0.34003 0.15260 0.19236 .49263
27.00 0.54237870990772830 -0.35944 -0.33761 0.15209 0.19114 .48970
27.25 0.54530261114792489 -0.36216 -0.33517 0.15002 0.19160 .48519
27.50 0.54822398394106098 -0.36483 -0.33273 0.14668 0.19344 .47941
27.75 0.55114306761649301 -0.36745 -0.33028 0.14249 0.19624 .47277
28.00 0.55406009924157285 -0.37004 -0.32782 0.13779 0.19966 .46561
28.25 0.55697531375060216 -0.37258 -0.32536 0.13280 0.20348 .45816
28.50 0.55988894407005929 -0.37508 -0.32289 0.12767 0.20756 .45056
28.75 0.56280122124031395 -0.37755 -0.32041 0.12246 0.21182 .44287
29.00 0.56571237453403433 -0.37997 -0.31792 0.11724 0.21513 .43516
29.25 0.56862263157148163 -0.38236 -0.31543 0.11205 0.21323 .42748
29.50 0.57153221843287527 -0.38470 -0.31294 0.10690 0.21132 .41984
29.75 0.57444135976800692 -0.38702 -0.31044 0.10182 0.20939 .41226
30.00 0.57735027890326807 -0.38930 -0.30793 0.09680 0.20745 .40473
30.25 0.58025919794625369 -0.39154 -0.30543 0.09187 0.20550 .39730
30.50 0.58316833788809341 -0.39375 -0.30292 0.08702 0.20354 .38994
30.75 0.58607791870365555 -0.39593 -0.30040 0.08226 0.20156 .38266
31.00 0.58898815944976501 -0.39808 -0.29788 0.07759 0.19957 .37547
31.25 0.59189927836156764 -0.40020 -0.29537 0.07303 0.19757 .36840
31.50 0.59481149294717062 -0.40228 -0.29284 0.06856 0.19554 .36140
31.75 0.59772502008068074 -0.40434 -0.29032 0.06419 0.19351 .35451
32.00 0.60064007609376124 -0.40637 -0.28780 0.05992 0.19145 .34772
32.25 0.60355687686581816 -0.40837 -0.28528 0.05575 0.18938 .34103
32.50 0.60647563791293169 -0.41035 -0.28276 0.05169 0.18728 .33445
32.75 0.60939657447563289 -0.41230 -0.28024 0.04773 0.18517 .32797
33.00 0.61231990160563299 -0.41422 -0.27772 0.04387 0.18304 .32159
33.25 0.61524583425160395 -0.41612 -0.27520 0.04012 0.18088 .31532
33.50 0.61817458734410646 -0.41800 -0.27268 0.03648 0.17871 .30916
33.75 0.62110637587975959 -0.41985 -0.27017 0.03294 0.17651 .30311
34.00 0.62404141500474464 -0.42168 -0.26767 0.02951 0.17430 .29718
34.25 0.62697992009773107 -0.42349 -0.26516 0.02619 0.17206 .29135
34.50 0.62992210685231265 -0.42528 -0.26267 0.02297 0.16980 .28564
34.75 0.63286819135903882 -0.42704 -0.26017 0.01987 0.16752 .28004
35.00 0.63581839018712483 -0.42878 -0.25769 0.01687 0.16522 .27456
35.25 0.63877292046592293 -0.43050 -0.25521 0.01398 0.16291 .26919
35.50 0.64173199996623487 -0.43221 -0.25275 0.01120 0.16058 .26395
35.75 0.64469584718154593 -0.43389 -0.25029 0.00854 0.15823 .25883
36.00 0.64766468140925815 -0.43555 -0.24784 0.00598 0.15587 .25382
36.25 0.65063872283200119 -0.43719 -0.24540 0.00353 0.15349 .24893
36.50 0.65361819259909770 -0.43881 -0.24298 0.00119 0.15111 .24417
36.75 0.65660331290825846 -0.44041 -0.24056 -0.00104 0.14871 .23952
37.00 0.65959430708758449 -0.44199 -0.23817 -0.00316 0.14631 .23501
37.25 0.66259139967795155 -0.44354 -0.23578 -0.00517 0.14391 .23061
37.50 0.66559481651585173 -0.44508 -0.23342 -0.00707 0.14150 .22635
37.75 0.66860478481676788 -0.44660 -0.23107 -0.00887 0.13909 .22220
38.00 0.67162153325915808 -0.44809 -0.22873 -0.01057 0.13668 .21816
38.25 0.67464529206912238 -0.44956 -0.22642 -0.01217 0.13428 .21425
38.50 0.67767629310583211 -0.45101 -0.22413 -0.01366 0.13188 .21047
38.75 0.68071476994779589 -0.45244 -0.22186 -0.01506 0.12949 .20680
39.00 0.68376095798003989 -0.45384 -0.21962 -0.01637 0.12711 .20325
39.25 0.68681509448228206 -0.45522 -0.21739 -0.01759 0.12474 .19980
39.50 0.68987741871817743 -0.45658 -0.21520 -0.01873 0.12238 .19647
39.75 0.69294817202571524 -0.45790 -0.21303 -0.01979 0.12003 .19324
40.00 0.69602759790885060 -0.45921 -0.21089 -0.02079 0.11769 .19010
40.25 0.69911594213045092 -0.46048 -0.20878 -0.02172 0.11537 .18706
40.50 0.70221345280664171 -0.46173 -0.20671 -0.02260 0.11307 .18411
40.75 0.70532038050263912 -0.46295 -0.20467 -0.02343 0.11078 .18124
41.00 0.70843697833015451 -0.46415 -0.20267 -0.02424 0.10851 .17843
41.25 0.71156350204645979 -0.46532 -0.20071 -0.02503 0.10625 .17568
41.50 0.71470021015520846 -0.46645 -0.19880 -0.02582 0.10400 .17298
41.75 0.71784736400909988 -0.46757 -0.19694 -0.02663 0.10177 .17031
42.00 0.72100522791448773 -0.46865 -0.19513 -0.02747 0.09955 .16766
42.25 0.72417406923802852 -0.46971 -0.19339 -0.02837 0.09734 .16502
42.50 0.72735415851547003 -0.47075 -0.19171 -0.02936 0.09513 .16235
42.75 0.73054576956268569 -0.47177 -0.19010 -0.03047 0.09293 .15963
43.00 0.73374917958905994 -0.47277 -0.18857 -0.03173 0.09074 .15684
43.25 0.73696466931333482 -0.47375 -0.18713 -0.03317 0.08853 .15396
43.50 0.74019252308203054 -0.47473 -0.18580 -0.03486 0.08632 .15094
43.75 0.74343302899055930 -0.47570 -0.18456 -0.03683 0.08408 .14773
44.00 0.74668647900714824 -0.47668 -0.18345 -0.03914 0.08182 .14431
44.25 0.74995316909970178 -0.47767 -0.18246 -0.04187 0.07950 .14059
44.50 0.75323339936572720 -0.47866 -0.18160 -0.04508 0.07713 .13652
44.75 0.75652747416546084 -0.47963 -0.18091 -0.04867 0.07479 .13224
45.00 0.75983570225832975
45.25 0.76315839694289456 -0.47963 -0.18091 -0.04867 0.07479 .13224
45.50 0.76649587620041937 -0.47866 -0.18160 -0.04508 0.07713 .13652
45.75 0.76984846284222430 -0.47767 -0.18246 -0.04187 0.07950 .14059
46.00 0.77321648466098036 -0.47668 -0.18345 -0.03914 0.08182 .14431
46.25 0.77660027458611014 -0.47570 -0.18456 -0.03683 0.08408 .14773
46.50 0.78000017084346973 -0.47473 -0.18580 -0.03486 0.08632 .15094
46.75 0.78341651711948912 -0.47375 -0.18713 -0.03317 0.08853 .15396
47.00 0.78684966272995749 -0.47277 -0.18857 -0.03173 0.09074 .15684
47.25 0.79029996279364645 -0.47177 -0.19010 -0.03047 0.09293 .15963
47.50 0.79376777841097601 -0.47075 -0.19171 -0.02936 0.09513 .16235
47.75 0.79725347684792980 -0.46971 -0.19339 -0.02837 0.09734 .16502
48.00 0.80075743172543956 -0.46865 -0.19513 -0.02747 0.09955 .16766
48.25 0.80428002321446923 -0.46757 -0.19694 -0.02663 0.10177 .17031
48.50 0.80782163823703412 -0.46645 -0.19880 -0.02582 0.10400 .17298
48.75 0.81138267067340353 -0.46532 -0.20071 -0.02503 0.10625 .17568
49.00 0.81496352157574936 -0.46415 -0.20267 -0.02424 0.10851 .17843
49.25 0.81856459938850701 -0.46295 -0.20467 -0.02343 0.11078 .18124
49.50 0.82218632017573356 -0.46173 -0.20671 -0.02260 0.11307 .18411
49.75 0.82582910785575958 -0.46048 -0.20878 -0.02172 0.11537 .18706
50.00 0.82949339444344139 -0.45921 -0.21089 -0.02079 0.11769 .19010
50.25 0.83317962030033754 -0.45790 -0.21303 -0.01979 0.12003 .19324
50.50 0.83688823439314863 -0.45658 -0.21520 -0.01873 0.12238 .19647
50.75 0.84061969456077290 -0.45522 -0.21739 -0.01759 0.12474 .19980
51.00 0.84437446779034697 -0.45384 -0.21962 -0.01637 0.12711 .20325
51.25 0.84815303050266300 -0.45244 -0.22186 -0.01506 0.12949 .20680
51.50 0.85195586884736429 -0.45101 -0.22413 -0.01366 0.13188 .21047
51.75 0.85578347900834917 -0.44956 -0.22642 -0.01217 0.13428 .21425
52.00 0.85963636751982619 -0.44809 -0.22873 -0.01057 0.13668 .21816
52.25 0.86351505159349251 -0.44660 -0.23107 -0.00887 0.13909 .22220
52.50 0.86742005945732381 -0.44508 -0.23342 -0.00707 0.14150 .22635
52.75 0.87135193070649397 -0.44354 -0.23578 -0.00517 0.14391 .23061
53.00 0.87531121666696521 -0.44199 -0.23817 -0.00316 0.14631 .23501
53.25 0.87929848077231665 -0.44041 -0.24056 -0.00104 0.14871 .23952
53.50 0.88331429895441260 -0.43881 -0.24298 0.00119 0.15111 .24417
53.75 0.88735926004853483 -0.43719 -0.24540 0.00353 0.15349 .24893
54.00 0.89143396621364279 -0.43555 -0.24784 0.00598 0.15587 .25382
54.25 0.89553903336845653 -0.43389 -0.25029 0.00854 0.15823 .25883
54.50 0.89967509164409376 -0.43221 -0.25275 0.01120 0.16058 .26395
54.75 0.90384278585403033 -0.43050 -0.25521 0.01398 0.16291 .26919
55.00 0.90804277598219907 -0.42878 -0.25769 0.01687 0.16522 .27456
55.25 0.91227573769007742 -0.42704 -0.26017 0.01987 0.16752 .28004
55.50 0.91654236284366797 -0.42528 -0.26267 0.02297 0.16980 .28564
55.75 0.92084336006132139 -0.42349 -0.26516 0.02619 0.17206 .29135
56.00 0.92517945528340284 -0.42168 -0.26767 0.02951 0.17430 .29718
56.25 0.92955139236486140 -0.41985 -0.27017 0.03294 0.17651 .30311
56.50 0.93395993369181618 -0.41800 -0.27268 0.03648 0.17871 .30916
56.75 0.93840586082334254 -0.41612 -0.27520 0.04012 0.18088 .31532
57.00 0.94288997515969897 -0.41422 -0.27772 0.04387 0.18304 .32159
57.25 0.94741309863831702 -0.41230 -0.28024 0.04773 0.18517 .32797
57.50 0.95197607445894206 -0.41035 -0.28276 0.05169 0.18728 .33445
57.75 0.95657976783940157 -0.40837 -0.28528 0.05575 0.18938 .34103
58.00 0.96122506680355879 -0.40637 -0.28780 0.05992 0.19145 .34772
58.25 0.96591288300310196 -0.40434 -0.29032 0.06419 0.19351 .35451
58.50 0.97064415257492132 -0.40228 -0.29284 0.06856 0.19554 .36140
58.75 0.97541983703592194 -0.40020 -0.29537 0.07303 0.19757 .36840
59.00 0.98024092421724396 -0.39808 -0.29788 0.07759 0.19957 .37547
59.25 0.98510842923997155 -0.39593 -0.30040 0.08226 0.20156 .38266
59.50 0.99002339553454166 -0.39375 -0.30292 0.08702 0.20354 .38994
59.75 0.99498689590620693 -0.39154 -0.30543 0.09187 0.20550 .39730
60.00 1.0000000336490449 -0.38930 -0.30793 0.09680 0.20745 .40473
60.25 1.0050639437111659 -0.38702 -0.31044 0.10182 0.20939 .41226
60.50 1.0101797939139427 -0.38470 -0.31294 0.10690 0.21132 .41984
60.75 1.0153487862282633 -0.38236 -0.31543 0.11205 0.21323 .42748
61.00 1.0205721581109972 -0.37997 -0.31792 0.11724 0.21513 .43516
61.25 1.0258511839050852 -0.37755 -0.32041 0.12246 0.21182 .44287
61.50 1.0311871763068714 -0.37508 -0.32289 0.12766 0.20756 .45055
61.75 1.0365814879045478 -0.37258 -0.32536 0.13280 0.20348 .45816
62.00 1.0420355127918348 -0.37004 -0.32782 0.13779 0.19966 .46561
62.25 1.0475506882612993 -0.36745 -0.33028 0.14249 0.19624 .47277
62.50 1.0531284965820111 -0.36483 -0.33273 0.14668 0.19344 .47941
62.75 1.0587704668665670 -0.36216 -0.33517 0.15002 0.19160 .48519
63.00 1.0644781770328475 -0.35944 -0.33761 0.15209 0.19114 .48970
63.25 1.0702532558662603 -0.35668 -0.34003 0.15260 0.19236 .49263
63.50 1.0760973851886237 -0.35387 -0.34245 0.15156 0.19524 .49401
63.75 1.0820123021402799 -0.35101 -0.34485 0.14931 0.19944 .49416
64.00 1.0879998015825072 -0.34811 -0.34724 0.14623 0.20459 .49347
64.25 1.0940617386278098 -0.34962 -0.34515 0.14260 0.21039 .48775
64.50 1.1002000313062268 -0.35199 -0.34214 0.13862 0.21666 .48076
64.75 1.1064166633763877 -0.35434 -0.33908 0.13441 0.22327 .47349
65.00 1.1127136872907215 -0.35668 -0.33597 0.13003 0.23017 .46600
65.25 1.1190932273249123 -0.35900 -0.33280 0.12553 0.23728 .45833
65.50 1.1255574828824770 -0.36130 -0.32957 0.12095 0.24306 .45052
65.75 1.1321087319861824 -0.36358 -0.32629 0.11629 0.24298 .44258
66.00 1.1387493349689228 -0.36584 -0.32295 0.11159 0.24223 .43454
66.25 1.1454817383776770 -0.36808 -0.31955 0.10684 0.24060 .42639
66.50 1.1523084791052536 -0.37029 -0.31609 0.10205 0.23794 .41814
66.75 1.1592321887657087 -0.37248 -0.31256 0.09723 0.23415 .40979
67.00 1.1662555983306084 -0.37463 -0.30898 0.09239 0.22928 .40137
67.25 1.1733815430447392 -0.37674 -0.30532 0.08753 0.22347 .39285
67.50 1.1806129676413906 -0.37881 -0.30160 0.08265 0.21691 .38425
67.75 1.1879529318790409 -0.38083 -0.29782 0.07775 0.20979 .37557
68.00 1.1954046164231349 -0.38279 -0.29396 0.07283 0.20225 .36679
68.25 1.2029713290986654 -0.38469 -0.29004 0.06790 0.19440 .35794
68.50 1.2106565115415191 -0.38651 -0.28604 0.06296 0.18633 .34900
68.75 1.2184637462790018 -0.38824 -0.28197 0.05801 0.17809 .33998
69.00 1.2263967642726714 -0.38985 -0.27783 0.05305 0.16973 .33088
69.25 1.2344594529595776 -0.39133 -0.27362 0.04808 0.16127 .32170
69.50 1.2426558648313226 -0.39265 -0.26934 0.04312 0.15273 .31246
69.75 1.2509902265939778 -0.39377 -0.26498 0.03816 0.14412 .30314
70.00 1.2594669489559134 -0.39464 -0.26055 0.03322 0.13544 .29377
70.25 1.2680906370950717 -0.39522 -0.25605 0.02830 0.12670 .28435
70.50 1.2768661018621295 -0.39543 -0.25148 0.02344 0.11788 .27492
70.75 1.2857983717814927 -0.39521 -0.24685 0.01865 0.10896 .26550
71.00 1.2948927059181552 -0.39450 -0.24217 0.01400 0.09989 .25617
71.25 1.3041546076852373 -0.39328 -0.23745 0.00958 0.09059 .24703
71.50 1.3135898396745678 -0.39159 -0.23270 0.00553 0.08094 .23823
71.75 1.3232044396011293 -0.38957 -0.22793 0.00207 0.07077 .23000
72.00 1.3330047374615932 -0.38751 -0.22315 -0.00051 0.05990 .22264
72.25 1.3429973740177321 -0.38575 -0.21833 -0.00202 0.04832 .21631
72.50 1.3531893207273342 -0.38453 -0.21344 -0.00245 0.03622 .21099
72.75 1.3635879012585173
73.00 1.3742008147382716 -0.37003 -0.19474 -0.03079 0.03479 .16395
73.25 1.3850361609029067 -0.38937 -0.18723 -0.01232 0.00981 .17491
73.50 1.3961024673370386 -0.39236 -0.18239 -0.00929 -0.00224 .17310
73.75 1.4074087190092159 -0.39505 -0.17781 -0.01302 -0.00689 .16479
74.00 1.4189643903365978 -0.39769 -0.17342 -0.02274 -0.00495 .15068
74.25 1.4307794800386300 -0.40040 -0.16921 -0.03149 -0.00343 .13772
74.50 1.4428645490710084 -0.40328 -0.16514 -0.03930 -0.00232 .12584
74.75 1.4552307619668963 -0.40645 -0.16115 -0.04623 -0.00169 .11492
75.00 1.4678899319530556 -0.41030 -0.15693 -0.05226 -0.00171 .10467
75.25 1.4808545702551064
75.50 1.4941379400594756
75.75 1.5077541156608558 -0.39620 -0.16512 -0.07174 0.01039 .09338
76.00 1.5217180473945009 -0.39621 -0.16408 -0.07571 0.01076 .08837
76.25 1.5360456330340897 -0.39545 -0.16365 -0.07949 0.01132 .08416
76.50 1.5507537964299845 -0.39365 -0.16397 -0.08323 0.01226 .08074
76.75 1.5658605742718710 -0.39074 -0.16504 -0.08703 0.01365 .07801
77.00 1.5813852119866876 -0.38688 -0.16670 -0.09090 0.01544 .07580
77.25 1.5973482699307082 -0.38241 -0.16872 -0.09478 0.01745 .07394
77.50 1.6137717412076256 -0.37755 -0.17090 -0.09862 0.01956 .07228
77.75 1.6306791826473761 -0.37247 -0.17314 -0.10237 0.02168 .07077
78.00 1.6480958607190197 -0.36725 -0.17538 -0.10603 0.02375 .06935
78.25 1.6660489144325314 -0.36192 -0.17758 -0.10957 0.02576 .06801
78.50 1.6845675376176648 -0.35650 -0.17973 -0.11299 0.02770 .06674
78.75 1.7036831833639368 -0.35101 -0.18181 -0.11628 0.02955 .06553
79.00 1.7234297938777567 -0.34545 -0.18382 -0.11946 0.03131 .06436
79.25 1.7438440595774944 -0.33981 -0.18575 -0.12251 0.03299 .06324
79.50 1.7649657119256603 -0.33410 -0.18759 -0.12544 0.03459 .06215
79.75 1.7868378553155890 -0.32831 -0.18936 -0.12825 0.03611 .06111
80.00 1.8095073443210954 -0.32243 -0.19103 -0.13094 0.03756 .06009
80.25 1.8330252138232914 -0.31645 -0.19262 -0.13352 0.03894 .05910
80.50 1.8574471710024862 -0.31037 -0.19411 -0.13599 0.04026 .05812
80.75 1.8828341599932619 -0.30418 -0.19552 -0.13835 0.04152 .05717
81.00 1.9092530122354845 -0.29787 -0.19683 -0.14059 0.04274 .05624
81.25 1.9367771983277440 -0.29143 -0.19805 -0.14273 0.04392 .05532
81.50 1.9654877006520655 -0.28485 -0.19917 -0.14476 0.04506 .05441
81.75 1.9954740303864316 -0.27815 -0.20017 -0.14666 0.04615 .05351
82.00 2.0268354180156947 -0.27138 -0.20102 -0.14837 0.04708 .05265
82.25 2.0596822134404817 -0.26493 -0.20143 -0.14951 0.04731 .05192
82.50 2.0941375407372735
82.75 2.1303392641794385 -0.25330 -0.20056 -0.14970 0.04495 .05086
83.00 2.1684423371644423 -0.24980 -0.19814 -0.14722 0.04009 .05092
83.25 2.2086216254199424 -0.24589 -0.19569 -0.14480 0.03556 .05089
83.50 2.2510753219802888 -0.24173 -0.19311 -0.14229 0.03115 .05082
83.75 2.2960291063410230 -0.23733 -0.19035 -0.13964 0.02683 .05071
84.00 2.3437412473608381 -0.23269 -0.18739 -0.13683 0.02258 .05056
84.25 2.3945089138952178 -0.22782 -0.18422 -0.13383 0.01842 .05039
84.50 2.4486760461856742 -0.22270 -0.18082 -0.13063 0.01436 .05019
84.75 2.5066432657105051 -0.21730 -0.17716 -0.12721 0.01043 .04995
