   85.000000000000000        2.5688804782633659       -3.3623680710400001     
   84.000000000000000        2.3437412473608381       -3.5530094584300000     
   83.000000000000000        2.1684423371644423       -3.6815302923100002     
   82.000000000000000        2.0268354180156947       -3.7680632079100000     
   81.000000000000000        1.9092530122354845       -3.8248209059299998     
   80.000000000000000        1.8095073443210954       -3.8598771349900001     
   79.000000000000000        1.7234297938777567       -3.8789117405900000     
   78.000000000000000        1.6480958607190197       -3.8860817001300001     
   77.000000000000000        1.5813852119866876       -3.8845054732400000     
   76.000000000000000        1.5217180473945009       -3.8765912769100002     
   75.000000000000000        1.4678899319530556       -3.8643342319000000     
   74.000000000000000        1.4189643903365978       -3.8496937856500000     
   73.000000000000000        1.3742008147382716       -3.8351677915900000     
   72.000000000000000        1.3330047374615932       -3.8241579680500002     
   71.000000000000000        1.2948927059181552       -3.8197263465500000     
   70.000000000000000        1.2594669489559134       -3.8227806462600000     
   69.000000000000000        1.2263967642726714       -3.8322564905799998     
   68.000000000000000        1.1954046164231349       -3.8462128038099999     
   67.000000000000000        1.1662555983306084       -3.8625447560900001     
   66.000000000000000        1.1387493349689228       -3.8794169862899999     
   65.000000000000000        1.1127136872907215       -3.8955556387399999     
   64.000000000000000        1.0879998015825072       -3.9102677932300001     
   63.000000000000000        1.0644781770328475       -3.9232683221000002     
   62.000000000000000        1.0420355127918348       -3.9345035099699999     
   61.000000000000000        1.0205721581109972       -3.9440384093300001     
   60.000000000000000        1.0000000336490449       -3.9519956711300002     
   59.000000000000000       0.98024092421724396       -3.9585238156400000     
   58.000000000000000       0.96122506680355879       -3.9637807543700001     
   57.000000000000000       0.94288997515969897       -3.9679250490800002     
   56.000000000000000       0.92517945528340284       -3.9711111069400000     
   55.000000000000000       0.90804277598219907       -3.9734863862499998     
   54.000000000000000       0.89143396621364279       -3.9751896258700001     
   53.000000000000000       0.87531121666696521       -3.9763495917500000     
   52.000000000000000       0.85963636751982619       -3.9770840866200001     
   51.000000000000000       0.84437446779034697       -3.9774991043400001     
   50.000000000000000       0.82949339444344139       -3.9776880820799998     
   49.000000000000000       0.81496352157574936       -3.9777312388900001     
   48.000000000000000       0.80075743172543956       -3.9776950039100001     
   47.000000000000000       0.78684966272995749       -3.9776315414200001     
   46.000000000000000       0.77321648466098036       -3.9775783783200001     
   45.000000000000000       0.75983570225832975       -3.9775581374100000     
   45.000000000000000       0.75983570225832975       -3.9775581374100000     
   44.000000000000000       0.74668647900714824       -3.9775783774100000     
   43.000000000000000       0.73374917958905994       -3.9776315396099999     
   42.000000000000000       0.72100522791448773       -3.9776950012099999     
   41.000000000000000       0.70843697833015451       -3.9777312353199998     
   40.000000000000000       0.69602759790885060       -3.9776880776799999     
   39.000000000000000       0.68376095798003989       -3.9774990991400001     
   38.000000000000000       0.67162153325915808       -3.9770840806600001     
   37.000000000000000       0.65959430708758449       -3.9763495850899999     
   36.000000000000000       0.64766468140925815       -3.9751896185500000     
   35.000000000000000       0.63581839018712483       -3.9734863783400001     
   34.000000000000000       0.62404141500474464       -3.9711110985000002     
   33.000000000000000       0.61231990160563299       -3.9679250401599999     
   32.000000000000000       0.60064007609376124       -3.9637807450400002     
   31.000000000000000       0.58898815944976501       -3.9585238059600001     
   30.000000000000000       0.57735027890326807       -3.9519956611499998     
   29.000000000000000       0.56571237453403433       -3.9440383990900001     
   28.000000000000000       0.55406009924157285       -3.9345034995199999     
   27.000000000000000       0.54237870990772830       -3.9232683114300002     
   26.000000000000000       0.53065294715660993       -3.9102677823200001     
   25.000000000000000       0.51886690055881535       -3.8955556274799998     
   24.000000000000000       0.50700385538738835       -3.8794169744300002     
   23.000000000000000       0.49504611604806875       -3.8625447431400000     
   22.000000000000000       0.48297479998608267       -3.8462127889800000     
   21.000000000000000       0.47076959408630886       -3.8322564727300001     
   20.000000000000000       0.45840846314364242       -3.8227806240100000     
   19.000000000000000       0.44586729660476643       -3.8197263184299999     
   18.000000000000000       0.43311947504735931       -3.8241579329199999     
   17.000000000000000       0.42013533111630319       -3.8351677493000000     
   16.000000000000000       0.40688146985598445       -3.8496937367099999     
   15.000000000000000       0.39331989892118169       -3.8643341762699999     
   14.000000000000000       0.37940689731182314       -3.8765912135899998     
   13.000000000000000       0.36509151747647400       -3.8845054003600001     
   12.000000000000000       0.35031356184872481       -3.8860816148800001     
   11.000000000000000       0.33500078657648524       -3.8789116388800000     
   10.000000000000000       0.31906493487798943       -3.8598770108300000     
   9.0000000000000000       0.30239593556098865       -3.8248207502499998     
   8.0000000000000000       0.28485310431016619       -3.7680630065499998     
   7.0000000000000000       0.26625119958804888       -3.6815300224000000     
   6.0000000000000000       0.24633708657984518       -3.5530090813999999     
