   85.000000000000000        2.5688804782633659      -0.72001000000000004      -0.21060999999999999      -0.15911000000000000       0.61038000000000003       5.14999999999999972E-002
   84.000000000000000        2.3437412473608381      -0.69377999999999995      -0.21068999999999999      -0.15407999999999999       0.54622000000000004       5.66100000000000006E-002
   83.000000000000000        2.1684423371644423      -0.66807000000000005      -0.20952999999999999      -0.14792000000000000       0.49041000000000001       6.16099999999999981E-002
   82.000000000000000        2.0268354180156947      -0.64334000000000002      -0.20710000000000001      -0.14030000000000001       0.44085000000000002       6.67999999999999983E-002
   81.000000000000000        1.9092530122354845      -0.62005999999999994      -0.20341000000000001      -0.13091000000000000       0.39588000000000001       7.24999999999999950E-002
   80.000000000000000        1.8095073443210954      -0.59865000000000002      -0.19855999999999999      -0.11949000000000000       0.35417999999999999       7.90700000000000014E-002
   79.000000000000000        1.7234297938777567      -0.57935999999999999      -0.19273999999999999      -0.10591000000000000       0.31484000000000001       8.68300000000000044E-002
   78.000000000000000        1.6480958607190197      -0.56222000000000005      -0.18625000000000000      -9.01900000000000063E-002  0.27733000000000002       9.60600000000000065E-002
   77.000000000000000        1.5813852119866876      -0.54703999999999997      -0.17948000000000000      -7.24999999999999950E-002  0.24149999999999999       0.10698000000000001     
   76.000000000000000        1.5217180473945009      -0.53341000000000005      -0.17291000000000001      -5.31399999999999997E-002  0.20748000000000000       0.11977000000000000     
   75.000000000000000        1.4678899319530556      -0.52075000000000005      -0.16725999999999999      -3.23999999999999982E-002  0.17565000000000000       0.13486000000000001     
   74.000000000000000        1.4189643903365978      -0.50809000000000004      -0.16381000000000001      -1.04899999999999993E-002  0.14674000000000001       0.15332000000000001     
   73.000000000000000        1.3742008147382716      -0.49392999999999998      -0.16497000000000001       1.27300000000000000E-002  0.12192000000000000       0.17770000000000000     
   72.000000000000000        1.3330047374615932      -0.47738000000000003      -0.17302999999999999       3.79799999999999999E-002  0.10206999999999999       0.21101000000000000     
   71.000000000000000        1.2948927059181552      -0.46050000000000002      -0.18679999999999999       6.51000000000000051E-002  8.69499999999999995E-002  0.25190000000000001     
   70.000000000000000        1.2594669489559134      -0.44608999999999999      -0.20291999999999999       7.62300000000000061E-002  9.11399999999999988E-002  0.27915000000000001     
   69.000000000000000        1.2263967642726714      -0.43518000000000001      -0.21908000000000000       7.00299999999999950E-002  0.11150000000000000       0.28910999999999998     
   68.000000000000000        1.1954046164231349      -0.42752000000000001      -0.23455000000000001       6.84400000000000008E-002  0.12304000000000000       0.30298999999999998     
   67.000000000000000        1.1662555983306084      -0.42238999999999999      -0.24943000000000001       7.11799999999999933E-002  0.12637999999999999       0.32061000000000001     
   66.000000000000000        1.1387493349689228      -0.41900999999999999      -0.26394000000000001       7.73900000000000005E-002  0.12440000000000000       0.34133000000000002     
   65.000000000000000        1.1127136872907215      -0.41664000000000001      -0.27806999999999998       8.59300000000000064E-002  0.11960000000000000       0.36399999999999999     
   64.000000000000000        1.0879998015825072      -0.41482000000000002      -0.29169000000000000       9.58399999999999946E-002  0.11345000000000000       0.38752999999999999     
   63.000000000000000        1.0644781770328475      -0.41326000000000002      -0.30464999999999998       0.10652000000000000       0.10673000000000001       0.41116999999999998     
   62.000000000000000        1.0420355127918348      -0.41182999999999997      -0.31686999999999999       9.98700000000000004E-002  0.11760000000000000       0.41674000000000000     
   61.000000000000000        1.0205721581109972      -0.41045999999999999      -0.32829000000000003       9.31000000000000022E-002  0.12887999999999999       0.42138999999999999     
   60.000000000000000        1.0000000336490449      -0.40910999999999997      -0.33890999999999999       8.65699999999999942E-002  0.14022000000000001       0.42548000000000002     
   59.000000000000000       0.98024092421724396      -0.40778999999999999      -0.34871999999999997       8.03600000000000009E-002  0.15151999999999999       0.42908000000000002     
   58.000000000000000       0.96122506680355879      -0.40649000000000002      -0.35772999999999999       7.45399999999999952E-002  0.16274000000000000       0.43226999999999999     
   57.000000000000000       0.94288997515969897      -0.40522999999999998      -0.36596000000000001       6.91299999999999970E-002  0.17380000000000001       0.43508999999999998     
   56.000000000000000       0.92517945528340284      -0.40400000000000003      -0.37342999999999998       6.41599999999999948E-002  0.18465999999999999       0.43758999999999998     
   55.000000000000000       0.90804277598219907      -0.40283000000000002      -0.38014999999999999       5.96500000000000016E-002  0.19527000000000000       0.43980000000000002     
   54.000000000000000       0.89143396621364279      -0.40173999999999999      -0.38617000000000001       5.55999999999999966E-002  0.20557000000000000       0.44177000000000000     
   53.000000000000000       0.87531121666696521      -0.40072000000000002      -0.39147999999999999       5.20100000000000007E-002  0.21550000000000000       0.44349000000000000     
   52.000000000000000       0.85963636751982619      -0.39979999999999999      -0.39612000000000003       4.88699999999999968E-002  0.22497000000000000       0.44499000000000000     
   51.000000000000000       0.84437446779034697      -0.40011000000000002      -0.39899000000000001       4.61700000000000027E-002  0.23386999999999999       0.44516000000000000     
   50.000000000000000       0.82949339444344139      -0.40344999999999998      -0.39828999999999998       4.39200000000000007E-002  0.24207999999999999       0.44220999999999999     
   49.000000000000000       0.81496352157574936      -0.40616999999999998      -0.39770000000000000       4.20900000000000024E-002  0.24939000000000000       0.43979000000000001     
   48.000000000000000       0.80075743172543956      -0.40827000000000002      -0.39723999999999998       4.06800000000000009E-002  0.25557999999999997       0.43791999999999998     
   47.000000000000000       0.78684966272995749      -0.40976000000000001      -0.39690999999999999       3.96800000000000000E-002  0.26034000000000002       0.43658999999999998     
   46.000000000000000       0.77321648466098036      -0.41065000000000002      -0.39671000000000001       3.90899999999999997E-002  0.26336999999999999       0.43580000000000002     
   45.000000000000000       0.75983570225832975      -0.41094999999999998      -0.39665000000000000       3.88900000000000010E-002  0.26441999999999999       0.43553999999999998     
   45.000000000000000       0.75983570225832975      -0.41094999999999998      -0.39665000000000000       3.88900000000000010E-002  0.26441999999999999       0.43553999999999998     
   44.000000000000000       0.74668647900714824      -0.41065000000000002      -0.39671000000000001       3.90899999999999997E-002  0.26336999999999999       0.43580000000000002     
   43.000000000000000       0.73374917958905994      -0.40976000000000001      -0.39690999999999999       3.96800000000000000E-002  0.26034000000000002       0.43658999999999998     
   42.000000000000000       0.72100522791448773      -0.40827000000000002      -0.39723999999999998       4.06800000000000009E-002  0.25557999999999997       0.43791999999999998     
   41.000000000000000       0.70843697833015451      -0.40616999999999998      -0.39770000000000000       4.20900000000000024E-002  0.24939000000000000       0.43979000000000001     
   40.000000000000000       0.69602759790885060      -0.40344999999999998      -0.39828999999999998       4.39200000000000007E-002  0.24207999999999999       0.44220999999999999     
   39.000000000000000       0.68376095798003989      -0.40011000000000002      -0.39899000000000001       4.61700000000000027E-002  0.23386999999999999       0.44516000000000000     
   38.000000000000000       0.67162153325915808      -0.39979999999999999      -0.39612000000000003       4.88699999999999968E-002  0.22497000000000000       0.44499000000000000     
   37.000000000000000       0.65959430708758449      -0.40072000000000002      -0.39147999999999999       5.20100000000000007E-002  0.21550000000000000       0.44349000000000000     
   36.000000000000000       0.64766468140925815      -0.40173999999999999      -0.38617000000000001       5.55999999999999966E-002  0.20557000000000000       0.44177000000000000     
   35.000000000000000       0.63581839018712483      -0.40283000000000002      -0.38014999999999999       5.96500000000000016E-002  0.19527000000000000       0.43980000000000002     
   34.000000000000000       0.62404141500474464      -0.40400000000000003      -0.37342999999999998       6.41599999999999948E-002  0.18465999999999999       0.43758999999999998     
   33.000000000000000       0.61231990160563299      -0.40522999999999998      -0.36596000000000001       6.91299999999999970E-002  0.17380000000000001       0.43508999999999998     
   32.000000000000000       0.60064007609376124      -0.40649000000000002      -0.35772999999999999       7.45399999999999952E-002  0.16274000000000000       0.43226999999999999     
   31.000000000000000       0.58898815944976501      -0.40778999999999999      -0.34871999999999997       8.03600000000000009E-002  0.15151999999999999       0.42908000000000002     
   30.000000000000000       0.57735027890326807      -0.40910999999999997      -0.33890999999999999       8.65699999999999942E-002  0.14022000000000001       0.42548000000000002     
   29.000000000000000       0.56571237453403433      -0.41045999999999999      -0.32829000000000003       9.31000000000000022E-002  0.12887999999999999       0.42138999999999999     
   28.000000000000000       0.55406009924157285      -0.41182999999999997      -0.31686999999999999       9.98700000000000004E-002  0.11760000000000000       0.41674000000000000     
   27.000000000000000       0.54237870990772830      -0.41326000000000002      -0.30464999999999998       0.10652000000000000       0.10673000000000001       0.41116999999999998     
   26.000000000000000       0.53065294715660993      -0.41482000000000002      -0.29169000000000000       9.58399999999999946E-002  0.11345000000000000       0.38752999999999999     
   25.000000000000000       0.51886690055881535      -0.41664000000000001      -0.27806999999999998       8.59300000000000064E-002  0.11960000000000000       0.36399999999999999     
   24.000000000000000       0.50700385538738835      -0.41900999999999999      -0.26394000000000001       7.73900000000000005E-002  0.12440000000000000       0.34133000000000002     
   23.000000000000000       0.49504611604806875      -0.42238999999999999      -0.24943000000000001       7.11799999999999933E-002  0.12637999999999999       0.32061000000000001     
   22.000000000000000       0.48297479998608267      -0.42752000000000001      -0.23455000000000001       6.84400000000000008E-002  0.12304000000000000       0.30298999999999998     
   21.000000000000000       0.47076959408630886      -0.43518000000000001      -0.21908000000000000       7.00299999999999950E-002  0.11150000000000000       0.28910999999999998     
   20.000000000000000       0.45840846314364242      -0.44608999999999999      -0.20291999999999999       7.62300000000000061E-002  9.11399999999999988E-002  0.27915000000000001     
   19.000000000000000       0.44586729660476643      -0.46050000000000002      -0.18679999999999999       6.51000000000000051E-002  8.69499999999999995E-002  0.25190000000000001     
   18.000000000000000       0.43311947504735931      -0.47738000000000003      -0.17302999999999999       3.79799999999999999E-002  0.10206999999999999       0.21101000000000000     
   17.000000000000000       0.42013533111630319      -0.49392999999999998      -0.16497000000000001       1.27300000000000000E-002  0.12192000000000000       0.17770000000000000     
   16.000000000000000       0.40688146985598445      -0.50809000000000004      -0.16381000000000001      -1.04899999999999993E-002  0.14674000000000001       0.15332000000000001     
   15.000000000000000       0.39331989892118169      -0.52075000000000005      -0.16725999999999999      -3.23999999999999982E-002  0.17565000000000000       0.13486000000000001     
   14.000000000000000       0.37940689731182314      -0.53341000000000005      -0.17291000000000001      -5.31399999999999997E-002  0.20748000000000000       0.11977000000000000     
   13.000000000000000       0.36509151747647400      -0.54703999999999997      -0.17948000000000000      -7.24999999999999950E-002  0.24149999999999999       0.10698000000000001     
   12.000000000000000       0.35031356184872481      -0.56222000000000005      -0.18625000000000000      -9.01900000000000063E-002  0.27733000000000002       9.60600000000000065E-002
   11.000000000000000       0.33500078657648524      -0.57935999999999999      -0.19273999999999999      -0.10591000000000000       0.31484000000000001       8.68300000000000044E-002
   10.000000000000000       0.31906493487798943      -0.59865000000000002      -0.19855999999999999      -0.11949000000000000       0.35417999999999999       7.90700000000000014E-002
   9.0000000000000000       0.30239593556098865      -0.62005999999999994      -0.20341000000000001      -0.13091000000000000       0.39588000000000001       7.24999999999999950E-002
   8.0000000000000000       0.28485310431016619      -0.64334000000000002      -0.20710000000000001      -0.14030000000000001       0.44085000000000002       6.67999999999999983E-002
   7.0000000000000000       0.26625119958804888      -0.66807000000000005      -0.20952999999999999      -0.14792000000000000       0.49041000000000001       6.16099999999999981E-002
   6.0000000000000000       0.24633708657984518      -0.69377999999999995      -0.21068999999999999      -0.15407999999999999       0.54622000000000004       5.66100000000000006E-002
