20 0.45840846314364242 0.0347411 0.1470302 0.0797155 -0.0428769
20.25 0.46151464318020630 0.0404035 0.1491434 0.0767335 -0.0447619
20.50 0.46460997287872730 0.0461161 0.1505998 0.0742424 -0.0462695
20.75 0.46769483265878409 0.0513167 0.1513662 0.0721458 -0.0474144
21.00 0.47076959408630886 0.055533 0.1514388 0.0703678 -0.0482127
21.25 0.47383462028142359 0.0583714 0.1508193 0.0688477 -0.048682
21.50 0.47689026630572684 0.0594889 0.1495011 0.0675334 -0.0488416
21.75 0.47993687953036013 0.0585622 0.1474564 0.0663743 -0.0487113
22.00 0.48297479998608267 0.0552592 0.1446186 0.0653134 -0.0483099
22.25 0.48600436069649899 0.0491991 0.140843 0.0642711 -0.0476513
22.50 0.48902588799549546 0.0398106 0.1357915 0.0631001 -0.0467379
22.75 0.49203970182987000 0.0255217 0.12841 0.0613759 -0.0455456
23.00 0.49504611604806875
23.25 0.49804543867587991
23.50 0.50103797217987622
23.75 0.50402401371934424
24.00 0.50700385538738835
24.25 0.50997778444185260 0.0574788 0.1564899 0.1564899 0.
24.50 0.51294608352666027 0.0568117 0.1555719 0.1555719 0.
24.75 0.51590903088413309 0.0559251 0.1537711 0.1537711 0.
25.00 0.51886690055881535 0.054835 0.1512764 0.1512764 0.
25.25 0.52181996259329522 0.0535563 0.1483015 0.1483015 0.
25.50 0.52476848321648584 0.0521032 0.1450275 0.1450275 0.
25.75 0.52771272502479782 0.0504894 0.1415891 0.1415891 0.
26.00 0.53065294715660993 0.0487279 0.1380832 0.1380832 0.
26.25 0.53358940546042311 0.0468313 0.1345807 0.1345807 0.
26.50 0.53652235265705239 0.0448113 0.1311368 0.1311368 0.
26.75 0.53945203849620049 0.0426787 0.1277988 0.1277988 0.
27.00 0.54237870990772830 0.040443 0.1246115 0.1246115 0.
27.25 0.54530261114792489 0.0381134 0.121622 0.121622 0.
27.50 0.54822398394106098 0.0357006 0.1188844 0.1188844 0.
27.75 0.55114306761649301 0.0332241 0.1164648 0.1164648 0.
28.00 0.55406009924157285 0.0307311 0.114445 0.114445 0.
28.25 0.55697531375060216 0.0283371 0.112923 0.112923 0.
28.50 0.55988894407005929 0.0262993 0.1119948 0.1119948 0.
28.75 0.56280122124031395 0.025089 0.1116959 0.1116959 0.
29.00 0.56571237453403433 0.0252971 0.1119073 0.1119073 0.
29.25 0.56862263157148163 0.0272355 0.1123581 0.1123581 0.
29.50 0.57153221843287527 0.0306623 0.1128175 0.1128175 0.
29.75 0.57444135976800692 0.0350543 0.1132229 0.1132229 0.
30.00 0.57735027890326807 0.0399646 0.1136133 0.1136133 0.
30.25 0.58025919794625369 0.0451137 0.1140398 0.1140398 0.
30.50 0.58316833788809341 0.050346 0.1145347 0.1145347 0.
30.75 0.58607791870365555 0.0555754 0.1151121 0.1151121 0.
31.00 0.58898815944976501 0.0607534 0.1157744 0.1157744 0.
31.25 0.59189927836156764 0.0621423 0.1165181 0.1165181 0.
31.50 0.59481149294717062 0.0629407 0.1173372 0.1173372 0.
31.75 0.59772502008068074 0.0639398 0.1182247 0.1182247 0.
32.00 0.60064007609376124 0.065113 0.1191735 0.1191735 0.
32.25 0.60355687686581816 0.0664376 0.120177 0.120177 0.
32.50 0.60647563791293169 0.067894 0.1212291 0.1212291 0.
32.75 0.60939657447563289 0.0694651 0.1223242 0.1223242 0.
33.00 0.61231990160563299 0.0711357 0.1234572 0.1234572 0.
33.25 0.61524583425160395 0.0728926 0.1246234 0.1246234 0.
33.50 0.61817458734410646 0.0747236 0.1258186 0.1258186 0.
33.75 0.62110637587975959 0.0766183 0.127039 0.127039 0.
34.00 0.62404141500474464 0.0785669 0.1282809 0.1282809 0.
34.25 0.62697992009773107 0.0805608 0.129541 0.129541 0.
34.50 0.62992210685231265 0.0825921 0.1308161 0.1308161 0.
34.75 0.63286819135903882 0.0846539 0.1321035 0.1321035 0.
35.00 0.63581839018712483 0.0867397 0.1334002 0.1334002 0.
35.25 0.63877292046592293 0.0888437 0.1347037 0.1347037 0.
35.50 0.64173199996623487 0.0909604 0.1360114 0.1360114 0.
35.75 0.64469584718154593 0.093085 0.137321 0.137321 0.
36.00 0.64766468140925815 0.095213 0.13863 0.13863 0.
36.25 0.65063872283200119 0.0973401 0.1399363 0.1399363 0.
36.50 0.65361819259909770 0.0994627 0.1412375 0.1412375 0.
36.75 0.65660331290825846 0.1015769 0.1425316 0.1425316 0.
37.00 0.65959430708758449 0.1036793 0.1438165 0.1438165 0.
37.25 0.66259139967795155 0.1057669 0.1450899 0.1450899 0.
37.50 0.66559481651585173 0.1078364 0.14635 0.14635 0.
37.75 0.66860478481676788 0.1098849 0.1475947 0.1475947 0.
38.00 0.67162153325915808 0.1119096 0.1488219 0.1488219 0.
38.25 0.67464529206912238 0.1139075 0.1500297 0.1500297 0.
38.50 0.67767629310583211 0.115876 0.1512161 0.1512161 0.
38.75 0.68071476994779589 0.1178123 0.1523791 0.1523791 0.
39.00 0.68376095798003989 0.1197137 0.1535168 0.1535168 0.
39.25 0.68681509448228206 0.1215773 0.1546273 0.1546273 0.
39.50 0.68987741871817743 0.1234003 0.1557085 0.1557085 0.
39.75 0.69294817202571524 0.1251799 0.1567586 0.1567586 0.
40.00 0.69602759790885060 0.1269131 0.1577758 0.1577758 0.
40.25 0.69911594213045092 0.1285968 0.158758 0.158758 0.
40.50 0.70221345280664171 0.1302278 0.1597034 0.1597034 0.
40.75 0.70532038050263912 0.1318029 0.1606102 0.1606102 0.
41.00 0.70843697833015451 0.1333187 0.1614767 0.1614767 0.
41.25 0.71156350204645979 0.1347716 0.1623009 0.1623009 0.
41.50 0.71470021015520846 0.1361579 0.1630813 0.1630813 0.
41.75 0.71784736400909988 0.1374737 0.163816 0.163816 0.
42.00 0.72100522791448773 0.1387153 0.1645036 0.1645036 0.
42.25 0.72417406923802852 0.1398784 0.1651425 0.1651425 0.
42.50 0.72735415851547003 0.1409591 0.1657312 0.1657312 0.
42.75 0.73054576956268569 0.1419531 0.1662682 0.1662682 0.
43.00 0.73374917958905994 0.1428564 0.1667525 0.1667525 0.
43.25 0.73696466931333482 0.1436649 0.1671826 0.1671826 0.
43.50 0.74019252308203054 0.1443747 0.1675577 0.1675577 0.
43.75 0.74343302899055930 0.1449823 0.1678767 0.1678767 0.
44.00 0.74668647900714824 0.1454843 0.1681389 0.1681389 0.
44.25 0.74995316909970178 0.1458779 0.1683435 0.1683435 0.
44.50 0.75323339936572720 0.1461608 0.16849 0.16849 0.
44.75 0.75652747416546084 0.1463313 0.1685781 0.1685781 0.
45.00 0.75983570225832975 0.1463882 0.1686075 0.1686075 0.
45.25 0.76315839694289456 0.1463313 0.1685781 0.1685781 0.
45.50 0.76649587620041937 0.1461608 0.16849 0.16849 0.
45.75 0.76984846284222430 0.1458779 0.1683435 0.1683435 0.
46.00 0.77321648466098036 0.1454843 0.1681389 0.1681389 0.
46.25 0.77660027458611014 0.1449823 0.1678767 0.1678767 0.
46.50 0.78000017084346973 0.1443747 0.1675577 0.1675577 0.
46.75 0.78341651711948912 0.1436649 0.1671826 0.1671826 0.
47.00 0.78684966272995749 0.1428564 0.1667525 0.1667525 0.
47.25 0.79029996279364645 0.1419531 0.1662682 0.1662682 0.
47.50 0.79376777841097601 0.1409591 0.1657312 0.1657312 0.
47.75 0.79725347684792980 0.1398784 0.1651425 0.1651425 0.
48.00 0.80075743172543956 0.1387153 0.1645036 0.1645036 0.
48.25 0.80428002321446923 0.1374737 0.163816 0.163816 0.
48.50 0.80782163823703412 0.1361579 0.1630813 0.1630813 0.
48.75 0.81138267067340353 0.1347716 0.1623009 0.1623009 0.
49.00 0.81496352157574936 0.1333187 0.1614767 0.1614767 0.
49.25 0.81856459938850701 0.1318029 0.1606102 0.1606102 0.
49.50 0.82218632017573356 0.1302278 0.1597034 0.1597034 0.
49.75 0.82582910785575958 0.1285968 0.158758 0.158758 0.
50.00 0.82949339444344139 0.1269131 0.1577758 0.1577758 0.
50.25 0.83317962030033754 0.1251799 0.1567586 0.1567586 0.
50.50 0.83688823439314863 0.1234003 0.1557085 0.1557085 0.
50.75 0.84061969456077290 0.1215773 0.1546273 0.1546273 0.
51.00 0.84437446779034697 0.1197137 0.1535168 0.1535168 0.
51.25 0.84815303050266300 0.1178123 0.1523791 0.1523791 0.
51.50 0.85195586884736429 0.115876 0.1512161 0.1512161 0.
51.75 0.85578347900834917 0.1139075 0.1500297 0.1500297 0.
52.00 0.85963636751982619 0.1119096 0.1488219 0.1488219 0.
52.25 0.86351505159349251 0.1098849 0.1475947 0.1475947 0.
52.50 0.86742005945732381 0.1078364 0.14635 0.14635 0.
52.75 0.87135193070649397 0.1057669 0.1450899 0.1450899 0.
53.00 0.87531121666696521 0.1036794 0.1438165 0.1438165 0.
53.25 0.87929848077231665 0.1015769 0.1425316 0.1425316 0.
53.50 0.88331429895441260 0.0994627 0.1412375 0.1412375 0.
53.75 0.88735926004853483 0.0973402 0.1399363 0.1399363 0.
54.00 0.89143396621364279 0.095213 0.13863 0.13863 0.
54.25 0.89553903336845653 0.093085 0.137321 0.137321 0.
54.50 0.89967509164409376 0.0909604 0.1360114 0.1360114 0.
54.75 0.90384278585403033 0.0888437 0.1347037 0.1347037 0.
55.00 0.90804277598219907 0.0867397 0.1334002 0.1334002 0.
55.25 0.91227573769007742 0.0846539 0.1321035 0.1321035 0.
55.50 0.91654236284366797 0.0825921 0.1308161 0.1308161 0.
55.75 0.92084336006132139 0.0805608 0.129541 0.129541 0.
56.00 0.92517945528340284 0.0785669 0.1282809 0.1282809 0.
56.25 0.92955139236486140 0.0766183 0.127039 0.127039 0.
56.50 0.93395993369181618 0.0747237 0.1258186 0.1258186 0.
56.75 0.93840586082334254 0.0728926 0.1246234 0.1246234 0.
57.00 0.94288997515969897 0.0711357 0.1234572 0.1234572 0.
57.25 0.94741309863831702 0.0694651 0.1223242 0.1223242 0.
57.50 0.95197607445894206 0.067894 0.1212291 0.1212291 0.
57.75 0.95657976783940157 0.0664376 0.120177 0.120177 0.
58.00 0.96122506680355879 0.065113 0.1191735 0.1191735 0.
58.25 0.96591288300310196 0.0639398 0.1182247 0.1182247 0.
58.50 0.97064415257492132 0.0629407 0.1173372 0.1173372 0.
58.75 0.97541983703592194 0.0621423 0.1165181 0.1165181 0.
59.00 0.98024092421724396 0.0607534 0.1157744 0.1157744 0.
59.25 0.98510842923997155 0.0555755 0.1151121 0.1151121 0.
59.50 0.99002339553454166 0.050346 0.1145347 0.1145347 0.
59.75 0.99498689590620693 0.0451138 0.1140398 0.1140398 0.
60.00 1.0000000336490449 0.0399646 0.1136133 0.1136133 0.
60.25 1.0050639437111659 0.0350543 0.1132229 0.1132229 0.
60.50 1.0101797939139427 0.0306623 0.1128175 0.1128175 0.
60.75 1.0153487862282633 0.0272355 0.1123581 0.1123581 0.
61.00 1.0205721581109972 0.0252971 0.1119073 0.1119073 0.
61.25 1.0258511839050852 0.025089 0.1116959 0.1116959 0.
61.50 1.0311871763068714 0.0262993 0.1119948 0.1119948 0.
61.75 1.0365814879045478 0.0283371 0.112923 0.112923 0.
62.00 1.0420355127918348 0.0307311 0.114445 0.114445 0.
62.25 1.0475506882612993 0.0332241 0.1164648 0.1164648 0.
62.50 1.0531284965820111 0.0357006 0.1188844 0.1188844 0.
62.75 1.0587704668665670 0.0381134 0.121622 0.121622 0.
63.00 1.0644781770328475 0.040443 0.1246115 0.1246115 0.
63.25 1.0702532558662603 0.0426787 0.1277988 0.1277988 0.
63.50 1.0760973851886237 0.0448113 0.1311368 0.1311368 0.
63.75 1.0820123021402799 0.0468313 0.1345807 0.1345807 0.
64.00 1.0879998015825072 0.0487279 0.1380832 0.1380832 0.
64.25 1.0940617386278098 0.0504894 0.1415891 0.1415891 0.
64.50 1.1002000313062268 0.0521032 0.1450275 0.1450275 0.
64.75 1.1064166633763877 0.0535563 0.1483015 0.1483015 0.
65.00 1.1127136872907215 0.0548351 0.1512764 0.1512764 0.
65.25 1.1190932273249123 0.0559252 0.1537711 0.1537711 0.
65.50 1.1255574828824770 0.0568117 0.1555719 0.1555719 0.
65.75 1.1321087319861824 0.0574788 0.1564899 0.1564899 0.
66.00 1.1387493349689228 0.0579098 0.1564422 0.1564422 0.
66.25 1.1454817383776770 0.0580867 0.1554787 0.1554787 -0.0041012
66.50 1.1523084791052536 0.0579901 0.1537298 0.1537298 -0.0089538
66.75 1.1592321887657087 0.0575984 0.1513379 0.1513379 -0.0141488
67.00 1.1662555983306084 0.0568878 0.1484229 0.1484229 -0.0196757
67.25 1.1733815430447392 0.0558301 0.1450755 0.1450755 -0.0255229
67.50 1.1806129676413906 0.0532746 0.1413619 0.1413619 -0.0316784
67.75 1.1879529318790409 0.049345 0.1373289 0.1373289 -0.0381302
68.00 1.1954046164231349 0.0451769 0.1330079 0.1330079 -0.0448673
68.25 1.2029713290986654 0.0407102 0.1284161 0.1284161 -0.0518799
68.50 1.2106565115415191 0.0358509 0.1235555 0.1235555 -0.0591612
68.75 1.2184637462790018 0.0304421 0.1184066 0.1184066 -0.066709
69.00 1.2263967642726714 0.0241911 0.1129087 0.1129087 -0.0745318
69.25 1.2344594529595776 0.0164349 0.1068904 0.1068904 -0.0826669
69.50 1.2426558648313226 0.0047108 0.0996237 0.0996237 -0.0912944
69.75 1.2509902265939778
70.00 1.2594669489559134
70.25 1.2680906370950717
70.50 1.2768661018621295
70.75 1.2857983717814927
71.00 1.2948927059181552
71.25 1.3041546076852373
71.50 1.3135898396745678
71.75 1.3232044396011293
72.00 1.3330047374615932
72.25 1.3429973740177321
72.50 1.3531893207273342
72.75 1.3635879012585173 0.0269809 0.1628213 0.1628213 -0.0032528
73.00 1.3742008147382716 0.0355917 0.1741729 0.1741729 -0.001624
73.25 1.3850361609029067 0.0447294 0.1858918 0.1858918 -0.0007399
73.50 1.3961024673370386 0.054289 0.1979201 0.1979201 -0.0002736
73.75 1.4074087190092159 0.0641915 0.2102139 0.2102139 -0.0000333
74.00 1.4189643903365978 0.0743784 0.22274 0.22274 0.
74.25 1.4307794800386300 0.084806 0.2354737 0.2354737 0.
74.50 1.4428645490710084 0.0954421 0.2483963 0.2483963 0.
74.75 1.4552307619668963 0.1062626 0.2614941 0.2614941 0.
75.00 1.4678899319530556 0.1172492 0.2747566 0.2747566 0.
75.25 1.4808545702551064 0.128388 0.2881759 0.2881759 0.
75.50 1.4941379400594756 0.1396684 0.3017461 0.3017461 0.
75.75 1.5077541156608558 0.1510818 0.3154627 0.3154627 0.
76.00 1.5217180473945009 0.1626218 0.3293221 0.3293221 0.
76.25 1.5360456330340897 0.174283 0.3433216 0.3433216 0.
76.50 1.5507537964299845 0.1860611 0.3574588 0.3574588 0.
76.75 1.5658605742718710 0.1979528 0.3717319 0.3717319 0.
77.00 1.5813852119866876 0.2099553 0.3861389 0.3861389 0.
77.25 1.5973482699307082 0.2220663 0.4006773 0.4006773 0.
77.50 1.6137717412076256 0.2342841 0.4153438 0.4153438 0.
77.75 1.6306791826473761 0.2466074 0.4301317 0.4301317 0.
78.00 1.6480958607190197 0.2590351 0.4450255 0.4450255 0.
78.25 1.6660489144325314 0.2715667 0.4599728 0.4599728 0.
78.50 1.6845675376176648 0.284202 0.4746386 0.4746386 0.
78.75 1.7036831833639368 0.2969409 0.4853581 0.4853581 0.
79.00 1.7234297938777567 0.3097841 0.4916135 0.4916135 0.
79.25 1.7438440595774944 0.3227324 0.4974185 0.4974185 0.
79.50 1.7649657119256603 0.3357872 0.5031859 0.5031859 0.
79.75 1.7868378553155890 0.3489502 0.5089804 0.5089804 0.
80.00 1.8095073443210954 0.3622239 0.5148238 0.5148238 0.
80.25 1.8330252138232914 0.3756111 0.5207274 0.5207274 0.
80.50 1.8574471710024862 0.3891155 0.5266993 0.5266993 0.
80.75 1.8828341599932619 0.4027415 0.5327458 0.5327458 0.
81.00 1.9092530122354845 0.4164943 0.5388733 0.5388733 0.
81.25 1.9367771983277440 0.43038 0.5450877 0.5450877 0.
81.50 1.9654877006520655 0.4444061 0.551395 0.551395 0.
81.75 1.9954740303864316 0.458581 0.5578008 0.5578008 0.
82.00 2.0268354180156947 0.4729148 0.5643084 0.5643084 0.
82.25 2.0596822134404817 0.487419 0.5709083 0.5709083 0.
82.50 2.0941375407372735 0.5021072 0.5773879 0.5773879 0.
82.75 2.1303392641794385 0.516995 0.5800347 0.5800347 0.
83.00 2.1684423371644423 0.5321004 0.5810245 0.5810245 0.
83.25 2.2086216254199424 0.5474443 0.581889 0.581889 0.
83.50 2.2510753219802888 0.5630508 0.5826861 0.5826861 0.
83.75 2.2960291063410230 0.5789477 0.5834333 0.5834333 0.
84.00 2.3437412473608381 0.5841429 0.5841429 0.5841429 0.
84.25 2.3945089138952178 0.5848254 0.5848254 0.5848254 0.
84.50 2.4486760461856742 0.5854912 0.5854912 0.5854912 0.
84.75 2.5066432657105051 0.5861504 0.5861504 0.5861504 0.
