0.5 -1.3586500816
.55 -1.3739340102
.60 -1.3850853597
.65 -1.3937377678
.70 -1.4012562278
.75 -1.4088709644
.80 -1.4177141920
.85 -1.4285333861
.90 -1.4412763394
.95 -1.4551228406
1.00 -1.4689753881
1.05 -1.4818638305
1.10 -1.4930762946
1.15 -1.5021513039
1.20 -1.5088406910
1.25 -1.5130723758
1.30 -1.5149158622
1.35 -1.5145479704
1.40 -1.5122199093
1.45 -1.5082272441
1.50 -1.5028841158
1.55 -1.4965034914
1.60 -1.4893833202
1.65 -1.4817977207
1.70 -1.4739927137
1.75 -1.4661842167
1.80 -1.4585574915
1.85 -1.4512663689
1.90 -1.4444316079
1.95 -1.4381386660
2.00 -1.4324357598
2.05 -1.4273341937
2.10 -1.4228120848
2.15 -1.4188215935
2.20 -1.4152983863
2.25 -1.4121707547
2.30 -1.4093673592
2.35 -1.4068221960
2.40 -1.4044771900
2.45 -1.4022830711
2.50 -1.4001989134
2.55 -1.3981912999
2.60 -1.3962331323
2.65 -1.3943025428
2.70 -1.3923819275
2.75 -1.3904570283
2.80 -1.3885163746
2.85 -1.3865506537
2.90 -1.3845523356
2.95 -1.3825153474
3.00 -1.3804347892
3.05 -1.3783067847
3.10 -1.3761283254
3.15 -1.3738971374
3.20 -1.3716117179
3.25 -1.3692712234
3.30 -1.3668756351
3.35 -1.3644259224
3.40 -1.3619244756
3.45 -1.3593761589
3.50 -1.3567904696
3.55 -1.3541873894
3.60 -1.3516143913
3.65 -1.3492054226
3.70 -1.3473779267
3.75 -1.3468491526
3.80 -1.3473738740
3.85 -1.3482384469
3.90 -1.3491554508
