#HF isntabilities: hessian eigenvalues
#y,rrhf,crhf,ruhf
0.25 0.253103 0.0778377 -0.3311862
.26 0.2680972 0.08716 -0.3155719
.27 0.2831059 0.0967663 -0.2999372
.28 0.2980657 0.1066238 -0.2842907
.29 0.312908 0.1167014 -0.2686349
.30 0.3275545 0.126969 -0.252969
.31 0.3419117 0.1373957 -0.2372902
.32 0.3558637 0.1479478 -0.221596
.33 0.3692652 0.1585876 -0.2058862
.34 0.3819372 0.1692718 -0.1901637
.35 0.3936693 0.1799479 -0.174437
.36 0.4042257 0.1905511 -0.158722
.37 0.4126249 0.2009964 -0.1430445
.38 0.4050458 0.2111645 -0.1274412
.39 0.3780455 0.2208462 -0.1119669
.40 0.3470437 0.2294838 -0.0967
.41 0.3151481 0.2335148 -0.0817645
.42 0.283008 0.2151293 -0.0673761
.43 0.2509357 0.1851982 -0.0539986
.44 0.2191316 0.1544491 -0.0429381
.45 0.1877429 0.124053 -0.0386991
.46 0.1568834 0.0942784 -0.0485572
.47 0.1266482 0.0652473 -0.0675056
.48 0.0971271 0.0370497 -0.0886826
.49 0.0684087 0.0097695 -0.1099696
.50 -0.013434 -0.0587153 -0.1495067
.51 -0.018368 -0.0559459 -0.136412
.52 0.0434705 -0.0100078 -0.1239274
.53 0.0586897 0.0079128 -0.1055889
.54 0.0722346 0.0239842 -0.0891153
.55 0.0840828 0.0380332 -0.0748046
.56 0.0942294 0.0498759 -0.0632606
.57 0.1026811 0.0593431 -0.0555144
.58 0.1094395 0.0663156 -0.0514045
.59 0.1144813 0.0707641 -0.0493903
.60 0.1177458 0.0727799 -0.0487639
.61 0.1191436 0.0725781 -0.0494161
.62 0.118605 0.0704672 -0.0513278
.63 0.116163 0.0668028 -0.0543791
.64 0.1120087 0.0619396 -0.0583474
.65 0.1064631 0.0562002 -0.0629807
.66 0.09989 0.0498595 -0.0680502
.67 0.0926221 0.0431442 -0.073367
.68 0.0849315 0.0362377 -0.078779
.69 0.0770296 0.0292875 -0.0841634
.70 0.0690803 0.0224133 -0.0894204
.71 0.0612125 0.0157129 -0.0944671
.72 0.0535317 0.0092684 -0.0992341
.73 0.0461269 0.003149 -0.103663
.74 0.039077 -0.0025853 -0.1077042
.75 0.0324525 -0.0078825 -0.1113164
.76 0.0263198 -0.0126963 -0.1144655
.77 0.0207412 -0.0169859 -0.1171246
.78 0.015775 -0.0207158 -0.1192741
.79 0.0114756 -0.0238553 -0.1209018
.80 0.0078914 -0.0263797 -0.122003
.81 0.0050649 -0.0282699 -0.1225811
.82 0.0030292 -0.029514 -0.1226469
.83 0.0018076 -0.0301069 -0.122219
.84 0.0014117 -0.0300512 -0.1213227
.85 0.0018409 -0.029357 -0.1199889
.86 0.003082 -0.0280415 -0.1182525
.87 0.00511 -0.0261285 -0.1161517
.88 0.00789 -0.0236468 -0.1137255
.89 0.0113775 -0.0206304 -0.1110142
.90 0.0155223 -0.0171157 -0.1080561
.91 0.02027 -0.0131412 -0.1048882
.92 0.0255621 -0.0087475 -0.1015472
.93 0.0313408 -0.003975 -0.098067
.94 0.0375477 0.0011355 -0.0944816
.95 0.0441265 0.0065438 -0.0908245
.96 0.0510223 0.0122097 -0.0871306
.97 0.0581812 0.018092 -0.0834388
.98 0.0655515 0.0241497 -0.0797943
.99 0.0730799 0.0303381 -0.0762583
1.00 0.0807141 0.036612 -0.0729286
1.01 0.0883946 0.0429187 -0.0700416
1.02 0.096049 0.0491968 -0.0682791
1.03 0.1035787 0.0553735 -0.0680248
1.04 0.110808 0.0613576 -0.0684095
1.05 0.1172695 0.0670294 -0.0689946
1.06 0.1212086 0.0722319 -0.0696865
1.07 0.1205991 0.0767571 -0.0704811
1.08 0.1179804 0.0803326 -0.0714147
1.09 0.1148909 0.0826253 -0.0725665
1.10 0.1116747 0.0832684 -0.0740861
1.11 0.1084324 0.0819316 -0.0762381
1.12 0.1052042 0.0784238 -0.0794022
1.13 0.1020098 0.0727709 -0.083909
1.14 0.0988593 0.0652089 -0.0898125
1.15 0.0957572 0.0560911 -0.0969323
1.16 0.0927014 0.0457822 -0.1050373
1.17 0.0896734 0.0345959 -0.1139308
1.18 0.0865554 0.0227773 -0.1234582
1.19 0.0811043 0.0105107 -0.1334972
1.20 0.0696917 -0.0020699 -0.1439511
1.21 -0.0374428 -0.0701736 -0.1048889
1.22 -0.0445199 -0.0712579 -0.0861163
1.23 -0.0426453 -0.0722992 -0.0918437
1.24 0.0701888 -0.0011602 -0.1352086
1.25 -0.0135648 -0.0740087 -0.1718129
1.26 0.0983488 0.0259465 -0.1113218
1.27 0.1122238 0.0393207 -0.0995283
1.28 0.1259629 0.0525705 -0.0878427
1.29 0.1395641 0.0656913 -0.0762722
1.30 0.1530302 0.0786829 -0.0648185
1.31 0.1663596 0.0915418 -0.0534868
1.32 0.1795539 0.1042677 -0.0422786
1.33 0.1926135 0.1168594 -0.0311963
1.34 0.2055372 0.1293145 -0.0202434
1.35 0.2183286 0.1416354 -0.0094182
1.36 0.2309855 0.153819 0.0012751
1.37 0.2435118 0.1658681 0.0118392
1.38 0.2559068 0.1777816 0.0222721
1.39 0.2681716 0.1895597 0.0325738
1.40 0.2803058 0.2012016 0.0427429
1.41 0.292314 0.2127111 0.0527831
1.42 0.3041957 0.2240876 0.0626936
1.43 0.3159509 0.2353304 0.0724734
1.44 0.3275826 0.2464424 0.0821254
1.45 0.3390909 0.257423 0.0916491
1.46 0.3504772 0.2682737 0.1010458
1.47 0.3617434 0.2789958 0.1103169
1.48 0.3728911 0.2895909 0.1194641
1.49 0.3839205 0.3000589 0.1284874
1.50 0.3948334 0.3104013 0.1373885
1.51 0.4056317 0.3206198 0.1461693
1.52 0.4163173 0.3307163 0.1548319
1.53 0.4268886 0.3406889 0.1633745
1.54 0.4373513 0.3505432 0.1718032
1.55 0.4477019 0.3602755 0.1801143
1.56 0.4579462 0.3698916 0.1883141
1.57 0.4680825 0.3793896 0.196401
1.58 0.478115 0.3887734 0.2043792
1.59 0.4880419 0.3980415 0.2122474
1.60 0.4978673 0.4071976 0.2200099
1.61 0.5075897 0.4162403 0.2276654
1.62 0.5172112 0.4251715 0.2352163
1.63 0.526736 0.4339953 0.2426673
1.64 0.5361626 0.4427102 0.2500168
1.65 0.5454911 0.4513163 0.2572656
1.66 0.5547258 0.4598179 0.2644182
1.67 0.5638672 0.4682152 0.2714754
1.68 0.5729155 0.4765085 0.2784378
1.69 0.5818709 0.4846981 0.285306
1.70 0.590738 0.4927883 0.2920848
1.71 0.5995149 0.5007774 0.2987729
1.72 0.6082041 0.5086678 0.3053729
1.73 0.6168058 0.5164597 0.3118855
1.74 0.6253225 0.5241556 0.3183136
1.75 0.6337544 0.5317558 0.3246578
1.76 0.6421041 0.5392626 0.3309209
1.77 0.6503695 0.5466744 0.3371013
1.78 0.6585533 0.5539935 0.343202
1.79 0.6666577 0.5612224 0.3492257
1.80 0.6746832 0.5683615 0.3551731
1.81 0.68263 0.5754111 0.3610449
1.82 0.6905005 0.5823737 0.3668438
1.83 0.6982952 0.5892496 0.3725707
1.84 0.7060119 0.5960371 0.3782236
1.85 0.7136554 0.6027409 0.3838079
1.86 0.721226 0.6093613 0.3893241
1.87 0.728724 0.6158987 0.3947728
1.88 0.7361496 0.6223534 0.4001546
1.89 0.7435053 0.6287282 0.4054724
1.90 0.7507913 0.6350233 0.4107267
1.91 0.758008 0.6412392 0.4159181
1.92 0.7651554 0.6473762 0.4210472
1.93 0.7722363 0.653437 0.4261167
1.94 0.7792507 0.659422 0.4311273
1.95 0.7861989 0.6653316 0.4360795
1.96 0.7930836 0.6711685 0.4409762
1.97 0.7999024 0.6769308 0.4458154
1.98 0.8066581 0.6826213 0.4506
1.99 0.8133531 0.6882427 0.4553331
2.00 0.8199829 0.6937908 0.46001
2.01 0.8265549 0.699273 0.4646388
2.02 0.8330645 0.704685 0.4692148
2.03 0.8395118 0.7100273 0.4737384
2.04 0.8459043 0.7153075 0.4782177
2.05 0.8522349 0.7205189 0.4826455
2.06 0.8585086 0.7256666 0.4870272
2.07 0.8647255 0.7307513 0.4913631
2.08 0.870886 0.7357732 0.4956538
2.09 0.87699 0.740733 0.4998996
2.10 0.8830403 0.7456335 0.5041033
2.11 0.8890345 0.7504727 0.5082628
2.12 0.8949727 0.7552511 0.5123785
2.13 0.9008601 0.7599741 0.5164557
2.14 0.9066944 0.7646398 0.5204924
2.15 0.9124731 0.769246 0.524486
2.16 0.918204 0.7738009 0.5284449
2.17 0.9238796 0.7782972 0.5323615
2.18 0.9295076 0.7827432 0.5362438
2.19 0.9350831 0.7871342 0.540087
2.20 0.9406113 0.7914758 0.5438967
2.21 0.9460872 0.7957634 0.5476676
2.22 0.9515161 0.8000025 0.5514056
2.23 0.9568955 0.8041911 0.555108
2.24 0.962228 0.8083322 0.5587779
2.25 0.9675112 0.8124238 0.5624128
2.26 0.9727505 0.8164714 0.5660183
2.27 0.9779406 0.8204705 0.5695893
2.28 0.983087 0.8244266 0.5731313
2.29 0.9881844 0.828335 0.5766391
2.30 0.993241 0.8322041 0.5801212
2.31 0.9982487 0.8360263 0.5835694
2.32 1.0032157 0.8398101 0.5869923
2.33 1.0081368 0.8435507 0.5903845
2.34 1.0130147 0.8472512 0.593749
2.35 1.0178494 0.8509119 0.5970858
2.36 1.0226411 0.8545334 0.6003952
2.37 1.0273898 0.858116 0.6036772
2.38 1.0320955 0.8616601 0.6069321
2.39 1.0367612 0.865169 0.6101629
2.40 1.0413869 0.868643 0.6133696
2.41 1.0459699 0.8720798 0.6165495
2.42 1.050513 0.8754826 0.6197057
2.43 1.0550163 0.8788517 0.6228382
2.44 1.0594798 0.8821875 0.6259471
2.45 1.0639008 0.8854875 0.6290297
2.46 1.0682851 0.8887579 0.6320919
2.47 1.0726297 0.891996 0.6351308
2.48 1.0769377 0.8952051 0.6381495
2.49 1.0812062 0.8983827 0.6411451
