   82.000000000000000        2.0268354180156947       0.36256850000000002       2.46999999999999986E-004 -0.57783730000000000     
   81.000000000000000        1.9092530122354845       0.34127210000000002       5.92500000000000036E-004 -0.57268220000000003     
   80.000000000000000        1.8095073443210954       0.32457989999999998       1.25249999999999992E-003 -0.56547480000000006     
   79.000000000000000        1.7234297938777567       0.31372139999999998       2.38980000000000008E-003 -0.55564429999999998     
   78.000000000000000        1.6480958607190197       0.29444140000000002       4.17999999999999969E-003 -0.54273620000000000     
   77.000000000000000        1.5813852119866876       0.24392110000000000       6.77840000000000040E-003 -0.52651320000000001     
   76.000000000000000        1.5217180473945009       0.19408880000000001       1.02807999999999997E-002 -0.50697539999999996     
   75.000000000000000        1.4678899319530556       0.14546539999999999       1.46514000000000002E-002 -0.48424679999999998     
   74.000000000000000        1.4189643903365978       9.89107000000000042E-002  1.93498000000000003E-002 -0.45835979999999998     
   73.000000000000000        1.3742008147382716       5.57122999999999993E-002  1.95584999999999995E-002 -0.42901760000000000     
   72.000000000000000        1.3330047374615932       1.79168000000000001E-002 -4.67029999999999963E-003 -0.39548539999999999     
   71.000000000000000        1.2948927059181552       2.03366999999999992E-002 -2.48248000000000010E-002 -0.30062240000000001     
   70.000000000000000        1.2594669489559134       3.65409999999999997E-003 -2.97259999999999990E-002 -0.15293000000000001     
   69.000000000000000        1.2263967642726714       3.13181000000000015E-002 -9.24299999999999970E-004 -0.13199010000000000     
   68.000000000000000        1.1954046164231349       5.80876999999999991E-002  2.42240999999999984E-002 -0.11997210000000000     
   67.000000000000000        1.1662555983306084       8.13601000000000046E-002  4.41804999999999976E-002 -0.11071560000000000     
   66.000000000000000        1.1387493349689228       9.93895999999999946E-002  5.79112000000000030E-002 -0.10277360000000001     
   65.000000000000000        1.1127136872907215       0.10986380000000000       6.49160000000000015E-002 -9.56932999999999950E-002
   64.000000000000000        1.0879998015825072       0.11036670000000000       6.54764000000000040E-002 -8.92899000000000054E-002
   63.000000000000000        1.0644781770328475       0.10440040000000000       6.10976999999999978E-002 -8.34802000000000044E-002
   62.000000000000000        1.0420355127918348       9.65605999999999964E-002  5.38876000000000008E-002 -7.82599999999999962E-002
   61.000000000000000        1.0205721581109972       8.84878999999999943E-002  4.54299999999999982E-002 -7.38665000000000016E-002
   60.000000000000000        1.0000000336490449       8.07139000000000051E-002  3.66117999999999999E-002 -7.29288000000000020E-002
   59.000000000000000       0.98024092421724396       7.34442000000000011E-002  2.78931000000000005E-002 -8.07439999999999963E-002
   58.000000000000000       0.96122506680355879       6.67645000000000044E-002  1.95163999999999997E-002 -9.09147000000000011E-002
   57.000000000000000       0.94288997515969897       6.07064000000000006E-002  1.16148999999999992E-002 -0.10133270000000000     
   56.000000000000000       0.92517945528340284      -1.78860000000000000E-003 -4.69945000000000015E-002 -0.15955380000000000     
   55.000000000000000       0.90804277598219907      -1.75381000000000009E-002 -4.93803000000000020E-002 -0.11290119999999999     
   54.000000000000000       0.89143396621364279      -3.03655999999999995E-002 -5.23928999999999992E-002 -9.63675999999999977E-002
   53.000000000000000       0.87531121666696521      -3.73775000000000010E-002 -5.49129000000000006E-002 -9.22414000000000012E-002
   52.000000000000000       0.85963636751982619      -4.10623999999999989E-002 -5.71330999999999992E-002 -9.27639999999999992E-002
   51.000000000000000       0.84437446779034697      -4.28180000000000019E-002 -5.90888999999999998E-002 -9.51411999999999952E-002
   50.000000000000000       0.82949339444344139      -4.34760000000000008E-002 -6.07779000000000028E-002 -9.81712000000000001E-002
   49.000000000000000       0.81496352157574936      -4.35497999999999996E-002 -6.21871000000000021E-002 -0.10122520000000000     
   48.000000000000000       0.80075743172543956      -4.33609999999999968E-002 -6.33015999999999995E-002 -0.10392100000000000     
   47.000000000000000       0.78684966272995749      -4.31098999999999996E-002 -6.41081000000000012E-002 -0.10600780000000000     
   46.000000000000000       0.77321648466098036       7.38763999999999948E-002  1.04477000000000007E-002 -0.13461730000000000     
   45.000000000000000       0.75983570225832975       7.47955000000000009E-002  1.09759999999999996E-002 -0.13442450000000000     
   45.000000000000000       0.75983570225832975       7.47955000000000009E-002  1.09759999999999996E-002 -0.13442450000000000     
   44.000000000000000       0.74668647900714824       7.38763999999999948E-002  1.04477000000000007E-002 -0.13461730000000000     
   43.000000000000000       0.73374917958905994      -4.31098999999999996E-002 -6.41081000000000012E-002 -0.10600780000000000     
   42.000000000000000       0.72100522791448773      -4.33609999999999968E-002 -6.33015999999999995E-002 -0.10392100000000000     
   41.000000000000000       0.70843697833015451      -4.35497999999999996E-002 -6.21871000000000021E-002 -0.10122520000000000     
   40.000000000000000       0.69602759790885060      -4.34760000000000008E-002 -6.07779000000000028E-002 -9.81712000000000001E-002
   39.000000000000000       0.68376095798003989      -4.28180000000000019E-002 -5.90888999999999998E-002 -9.51411999999999952E-002
   38.000000000000000       0.67162153325915808      -4.10623999999999989E-002 -5.71330999999999992E-002 -9.27639999999999992E-002
   37.000000000000000       0.65959430708758449      -3.73775000000000010E-002 -5.49129000000000006E-002 -9.22414000000000012E-002
   36.000000000000000       0.64766468140925815      -3.03655999999999995E-002 -5.23928999999999992E-002 -9.63675999999999977E-002
   35.000000000000000       0.63581839018712483      -1.75381000000000009E-002 -4.93803000000000020E-002 -0.11290119999999999     
   34.000000000000000       0.62404141500474464      -1.78860000000000000E-003 -4.69945000000000015E-002 -0.15955380000000000     
   33.000000000000000       0.61231990160563299       6.07064000000000006E-002  1.16148999999999992E-002 -0.10133270000000000     
   32.000000000000000       0.60064007609376124       6.67645000000000044E-002  1.95163999999999997E-002 -9.09147000000000011E-002
   31.000000000000000       0.58898815944976501       7.34442000000000011E-002  2.78931000000000005E-002 -8.07439999999999963E-002
   30.000000000000000       0.57735027890326807       8.07139000000000051E-002  3.66117999999999999E-002 -7.29288000000000020E-002
   29.000000000000000       0.56571237453403433       8.84878999999999943E-002  4.54299999999999982E-002 -7.38665000000000016E-002
   28.000000000000000       0.55406009924157285       9.65605999999999964E-002  5.38876000000000008E-002 -7.82599999999999962E-002
   27.000000000000000       0.54237870990772830       0.10440040000000000       6.10976999999999978E-002 -8.34802000000000044E-002
   26.000000000000000       0.53065294715660993       0.11036680000000000       6.54764000000000040E-002 -8.92899000000000054E-002
   25.000000000000000       0.51886690055881535       0.10986380000000000       6.49160000000000015E-002 -9.56932999999999950E-002
   24.000000000000000       0.50700385538738835       9.93895999999999946E-002  5.79112000000000030E-002 -0.10277360000000001     
   23.000000000000000       0.49504611604806875       8.13601999999999936E-002  4.41804999999999976E-002 -0.11071560000000000     
   22.000000000000000       0.48297479998608267       5.80876999999999991E-002  2.42240999999999984E-002 -0.11997210000000000     
   21.000000000000000       0.47076959408630886       3.13181000000000015E-002 -9.24299999999999970E-004 -0.13199010000000000     
   20.000000000000000       0.45840846314364242       3.65409999999999997E-003 -2.97259999999999990E-002 -0.15293000000000001     
   19.000000000000000       0.44586729660476643       2.03366999999999992E-002 -2.48248000000000010E-002 -0.30062230000000001     
   18.000000000000000       0.43311947504735931       1.79167000000000007E-002 -4.67029999999999963E-003 -0.39548539999999999     
   17.000000000000000       0.42013533111630319       5.57122999999999993E-002  1.95584999999999995E-002 -0.42901760000000000     
   16.000000000000000       0.40688146985598445       9.89107000000000042E-002  1.93498000000000003E-002 -0.45835969999999998     
   15.000000000000000       0.39331989892118169       0.14546539999999999       1.46514000000000002E-002 -0.48424679999999998     
   14.000000000000000       0.37940689731182314       0.19408880000000001       1.02807999999999997E-002 -0.50697539999999996     
   13.000000000000000       0.36509151747647400       0.24392110000000000       6.77840000000000040E-003 -0.52651320000000001     
   12.000000000000000       0.35031356184872481       0.29444140000000002       4.17999999999999969E-003 -0.54273620000000000     
   11.000000000000000       0.33500078657648524       0.31372139999999998       2.38980000000000008E-003 -0.55564429999999998     
   10.000000000000000       0.31906493487798943       0.32457999999999998       1.25249999999999992E-003 -0.56547470000000000     
   9.0000000000000000       0.30239593556098865       0.34127210000000002       5.92500000000000036E-004 -0.57268220000000003     
   8.0000000000000000       0.28485310431016619       0.36256850000000002       2.46999999999999986E-004 -0.57783730000000000     
   7.0000000000000000       0.26625119958804888       0.38697219999999999       8.72999999999999942E-005 -0.58153560000000004     
