   82.000000000000000        2.0268354180156947       -4.7799686319300001     
   81.000000000000000        1.9092530122354845       -4.8535200013699997     
   80.000000000000000        1.8095073443210954       -4.8970155900299996     
   79.000000000000000        1.7234297938777567       -4.9178197839699997     
   78.000000000000000        1.6480958607190197       -4.9213832897399996     
   77.000000000000000        1.5813852119866876       -4.9118807641300002     
   76.000000000000000        1.5217180473945009       -4.8925762815500002     
   75.000000000000000        1.4678899319530556       -4.8660679928599997     
   74.000000000000000        1.4189643903365978       -4.8344947249199999     
   73.000000000000000        1.3742008147382716       -4.7997517745299998     
   72.000000000000000        1.3330047374615932       -4.7637565884799997     
   71.000000000000000        1.2948927059181552       -4.7321100602300001     
   70.000000000000000        1.2594669489559134       -4.7372079336899997     
   69.000000000000000        1.2263967642726714       -4.7652187503799999     
   68.000000000000000        1.1954046164231349       -4.7893777807199998     
   67.000000000000000        1.1662555983306084       -4.8095591374000000     
   66.000000000000000        1.1387493349689228       -4.8260485719500004     
   65.000000000000000        1.1127136872907215       -4.8392171968700000     
   64.000000000000000        1.0879998015825072       -4.8494425942000001     
   63.000000000000000        1.0644781770328475       -4.8570859675199998     
   62.000000000000000        1.0420355127918348       -4.8624856532500003     
   61.000000000000000        1.0205721581109972       -4.8659560807900002     
   60.000000000000000        1.0000000336490449       -4.8677886082799997     
   59.000000000000000       0.98024092421724396       -4.8682529251700002     
   58.000000000000000       0.96122506680355879       -4.8675985106899997     
   57.000000000000000       0.94288997515969897       -4.8660559456200003     
   56.000000000000000       0.92517945528340284       -4.8133581239599996     
   55.000000000000000       0.90804277598219907       -4.8244407022900004     
   54.000000000000000       0.89143396621364279       -4.8302224125300004     
   53.000000000000000       0.87531121666696521       -4.8331138042199999     
   52.000000000000000       0.85963636751982619       -4.8342366042400000     
   51.000000000000000       0.84437446779034697       -4.8342880382000004     
   50.000000000000000       0.82949339444344139       -4.8337403700300001     
   49.000000000000000       0.81496352157574936       -4.8329253596499999     
   48.000000000000000       0.80075743172543956       -4.8320787666799996     
   47.000000000000000       0.78684966272995749       -4.8313658308000003     
   46.000000000000000       0.77321648466098036       -4.8861119480099999     
   45.000000000000000       0.75983570225832975       -4.8866650410099997     
   45.000000000000000       0.75983570225832975       -4.8866650410099997     
   44.000000000000000       0.74668647900714824       -4.8861119465399998     
   43.000000000000000       0.73374917958905994       -4.8313658277700000     
   42.000000000000000       0.72100522791448773       -4.8320787621600001     
   41.000000000000000       0.70843697833015451       -4.8329253536800003     
   40.000000000000000       0.69602759790885060       -4.8337403626500004     
   39.000000000000000       0.68376095798003989       -4.8342880294499997     
   38.000000000000000       0.67162153325915808       -4.8342365941600001     
   37.000000000000000       0.65959430708758449       -4.8331137928199999     
   36.000000000000000       0.64766468140925815       -4.8302223998100002     
   35.000000000000000       0.63581839018712483       -4.8244406881700002     
   34.000000000000000       0.62404141500474464       -4.8133581082100001     
   33.000000000000000       0.61231990160563299       -4.8660559298799999     
   32.000000000000000       0.60064007609376124       -4.8675984941900001     
   31.000000000000000       0.58898815944976501       -4.8682529080199997     
   30.000000000000000       0.57735027890326807       -4.8677885905900000     
   29.000000000000000       0.56571237453403433       -4.8659560626499996     
   28.000000000000000       0.55406009924157285       -4.8624856347399996     
   27.000000000000000       0.54237870990772830       -4.8570859487200000     
   26.000000000000000       0.53065294715660993       -4.8494425751400003     
   25.000000000000000       0.51886690055881535       -4.8392171775600001     
   24.000000000000000       0.50700385538738835       -4.8260485523499996     
   23.000000000000000       0.49504611604806875       -4.8095591174100001     
   22.000000000000000       0.48297479998608267       -4.7893777601399998     
   21.000000000000000       0.47076959408630886       -4.7652187287699999     
   20.000000000000000       0.45840846314364242       -4.7372079100600004     
   19.000000000000000       0.44586729660476643       -4.7321100079500003     
   18.000000000000000       0.43311947504735931       -4.7637565216500004     
   17.000000000000000       0.42013533111630319       -4.7997517021100000     
   16.000000000000000       0.40688146985598445       -4.8344946463499996     
   15.000000000000000       0.39331989892118169       -4.8660679070299997     
   14.000000000000000       0.37940689731182314       -4.8925761867800004     
   13.000000000000000       0.36509151747647400       -4.9118806579400003     
   12.000000000000000       0.35031356184872481       -4.9213831685300002     
   11.000000000000000       0.33500078657648524       -4.9178196424399996     
   10.000000000000000       0.31906493487798943       -4.8970154201999998     
   9.0000000000000000       0.30239593556098865       -4.8535197910000001     
   8.0000000000000000       0.28485310431016619       -4.7799683618100000     
   7.0000000000000000       0.26625119958804888       -4.6658866866400004     
