52.557 0.86831414223786196 0.0411049 -0.0163569 -0.1428237
52.55701 0.86831429921738290 0.0411049 -0.0163569 -0.1428236
52.55702 0.86831445619694714 0.0411049 -0.0163568 -0.1428235
52.55703 0.86831461317655456 0.0411049 -0.0163568 -0.1428234
52.55704 0.86831477015620506 0.041105 -0.0163567 -0.1428234
52.55705 0.86831492713589886 0.041105 -0.0163567 -0.1428233
52.55706 0.86831508411563574 0.041105 -0.0163566 -0.1428232
52.55707 0.86831524109541591 0.0411051 -0.0163566 -0.1428231
52.55708 0.86831539807523916 0.0411051 -0.0163565 -0.142823
52.55709 0.86831555505510560 0.0411051 -0.0163565 -0.142823
52.55710 0.86831571203501523 0.0411052 -0.0163564 -0.1428229
52.55711 0.86831586901496804 0.0411052 -0.0163564 -0.1428228
52.55712 0.86831602599496405 0.0411052 -0.0163563 -0.1428227
52.55713 0.86831618297500324 0.0411053 -0.0163563 -0.1428226
52.55714 0.86831633995508561 0.0411053 -0.0163563 -0.1428226
52.55715 0.86831649693521129 0.0411053 -0.0163562 -0.1428225
52.55716 0.86831665391537993 0.0411054 -0.0163562 -0.1428224
52.55717 0.86831681089559187 0.0411054 -0.0163561 -0.1428223
52.55718 0.86831696787584700 0.0411054 -0.0163561 -0.1428223
52.55719 0.86831712485614521 0.0411055 -0.016356 -0.1428222
52.55720 0.86831728183648671 0.0411055 -0.016356 -0.1428221
52.55721 0.86831743881687129 0.0411055 -0.0163559 -0.142822
52.55722 0.86831759579729917 0.0411055 -0.0163559 -0.1428219
52.55723 0.86831775277777001 0.0411056 -0.0163558 -0.1428219
52.55724 0.86831790975828438 0.0411056 -0.0163558 -0.1428218
52.55725 0.86831806673884171 0.0411056 -0.0163557 -0.1428217
52.55726 0.86831822371944234 0.0411057 -0.0163557 -0.1428216
52.55727 0.86831838070008605 0.0411057 -0.0163556 -0.1428215
52.55728 0.86831853768077283 0.0411057 -0.0163556 -0.1428215
52.55729 0.86831869466150291 0.0411058 -0.0163555 -0.1428214
52.55730 0.86831885164227607 0.0411058 -0.0163555 -0.1428213
52.55731 0.86831900862309264 0.0411058 -0.0163554 -0.1428212
52.55732 0.86831916560395217 0.0411059 -0.0163554 -0.1428212
52.55733 0.86831932258485511 0.0411059 -0.0163553 -0.1428211
52.55734 0.86831947956580091 0.0411059 -0.0163553 -0.142821
52.55735 0.86831963654679001 0.041106 -0.0163552 -0.1428209
52.55736 0.86831979352782240 0.041106 -0.0163552 -0.1428208
52.55737 0.86831995050889776 0.041106 -0.0163551 -0.1428208
52.55738 0.86832010749001665 0.0411061 -0.0163551 -0.1428207
52.55739 0.86832026447117838 0.0411061 -0.016355 -0.1428206
52.55740 0.86832042145238364 0.0411061 -0.016355 -0.1428205
52.55741 0.86832057843363175 0.0411061 -0.0163549 -0.1428204
52.55742 0.86832073541492316 0.0411062 -0.0163549 -0.1428204
52.55743 0.86832089239625776 0.0411062 -0.0163548 -0.1428203
52.55744 0.86832104937763555 0.0411062 -0.0163548 -0.1428202
52.55745 0.86832120635905652 0.0411063 -0.0163547 -0.1428201
52.55746 0.86832136334052068 0.0411063 -0.0163547 -0.14282
52.55747 0.86832152032202803 0.0411063 -0.0163546 -0.14282
52.55748 0.86832167730357857 0.0411064 -0.0163546 -0.1428199
52.55749 0.86832183428517229 0.0411064 -0.0163545 -0.1428198
52.55750 0.86832199126680898 0.0411064 -0.0163545 -0.1428197
52.55751 0.86832214824848908 0.0411065 -0.0163544 -0.1428197
52.55752 0.86832230523021225 0.0411065 -0.0163544 -0.1428196
52.55753 0.86832246221197873 0.0411065 -0.0163543 -0.1428195
52.55754 0.86832261919378839 0.0411066 -0.0163543 -0.1428194
52.55755 0.86832277617564113 0.0411066 -0.0163542 -0.1428193
52.55756 0.86832293315753717 0.0411066 -0.0163542 -0.1428193
52.55757 0.86832309013947617 0.0411067 -0.0163541 -0.1428192
52.55758 0.86832324712145847 0.0411067 -0.0163541 -0.1428191
52.55759 0.86832340410348396 0.0411067 -0.016354 -0.142819
52.55760 0.86832356108555264 0.0411068 -0.016354 -0.1428189
52.55761 0.86832371806766440 0.0411068 -0.016354 -0.1428189
52.55762 0.86832387504981945 0.0411068 -0.0163539 -0.1428188
52.55763 0.86832403203201780 0.0411068 -0.0163539 -0.1428187
52.55764 0.86832418901425912 0.0411069 -0.0163538 -0.1428186
52.55765 0.86832434599654373 0.0411069 -0.0163538 -0.1428186
52.55766 0.86832450297887154 0.0411069 -0.0163537 -0.1428185
52.55767 0.86832465996124253 0.041107 -0.0163537 -0.1428184
52.55768 0.86832481694365649 0.041107 -0.0163536 -0.1428183
52.55769 0.86832497392611396 0.041107 -0.0163536 -0.1428182
52.55770 0.86832513090861441 0.0411071 -0.0163535 -0.1428182
52.55771 0.86832528789115804 0.0411071 -0.0163535 -0.1428181
52.55772 0.86832544487374497 0.0411071 -0.0163534 -0.142818
52.55773 0.86832560185637497 0.0411072 -0.0163534 -0.1428179
52.55774 0.86832575883904839 0.0411072 -0.0163533 -0.1428178
52.55775 0.86832591582176455 0.0411072 -0.0163533 -0.1428178
52.55776 0.86832607280452423 0.0411073 -0.0163532 -0.1428177
52.55777 0.86832622978732699 0.0411073 -0.0163532 -0.1428176
52.55778 0.86832638677017293 0.0411073 -0.0163531 -0.1428175
52.55779 0.86832654375306195 0.0411074 -0.0163531 -0.1428175
52.55780 0.86832670073599438 0.0411074 -0.016353 -0.1428174
52.55781 0.86832685771897000 0.0411074 -0.016353 -0.1428173
52.55782 0.86832701470198859 0.0411074 -0.0163529 -0.1428172
52.55783 0.86832717168505025 0.0411075 -0.0163529 -0.1428171
52.55784 0.86832732866815543 0.0411075 -0.0163528 -0.1428171
52.55785 0.86832748565130358 0.0411075 -0.0163528 -0.142817
52.55786 0.86832764263449491 0.0411076 -0.0163527 -0.1428169
52.55787 0.86832779961772955 0.0411076 -0.0163527 -0.1428168
52.55788 0.86832795660100726 0.0411076 -0.0163526 -0.1428167
52.55789 0.86832811358432826 0.0411077 -0.0163526 -0.1428167
52.55790 0.86832827056769235 0.0411077 -0.0163525 -0.1428166
52.55791 0.86832842755109974 0.0411077 -0.0163525 -0.1428165
52.55792 0.86832858453455031 0.0411078 -0.0163524 -0.1428164
52.55793 0.86832874151804396 0.0411078 -0.0163524 -0.1428164
52.55794 0.86832889850158090 0.0411078 -0.0163523 -0.1428163
52.55795 0.86832905548516093 0.0411079 -0.0163523 -0.1428162
52.55796 0.86832921246878414 0.0411079 -0.0163522 -0.1428161
52.55797 0.86832936945245054 0.0411079 -0.0163522 -0.142816
52.55798 0.86832952643616013 0.041108 -0.0163521 -0.142816
52.5579801 0.86832952800599750 0.041108 -0.0163521 -0.142816
52.5579802 0.86832952957583476 0.041108 -0.0163521 -0.142816
52.5579803 0.86832953114567213 0.041108 -0.0163521 -0.142816
52.5579804 0.86832953271550939 0.041108 -0.0163521 -0.142816
52.5579805 0.86832953428534676 0.041108 -0.0163521 -0.142816
52.5579806 0.86832953585518413 0.041108 -0.0163521 -0.142816
52.5579807 0.86832953742502150 0.041108 -0.0163521 -0.142816
52.5579808 0.86832953899485887 0.041108 -0.0163521 -0.142816
52.5579809 0.86832954056469613 0.041108 -0.0163521 -0.142816
52.5579810 0.86832954213453351 0.041108 -0.0163521 -0.1428159
52.5579811 0.86832954370437088 0.041108 -0.0163521 -0.1428159
52.5579812 0.86832954527420814 0.041108 -0.0163521 -0.1428159
52.5579813 0.86832954684404540 0.041108 -0.0163521 -0.1428159
52.5579814 0.86832954841388288 0.041108 -0.0163521 -0.1428159
52.5579815 0.86832954998372014 0.041108 -0.0163521 -0.1428159
52.5579816 0.86832955155355751 0.041108 -0.0163521 -0.1428159
52.5579817 0.86832955312339499 0.041108 -0.0163521 -0.1428159
52.5579818 0.86832955469323236 0.041108 -0.0163521 -0.1428159
52.5579819 0.86832955626306985 0.041108 -0.0163521 -0.1428159
52.5579820 0.86832955783290711 0.041108 -0.0163521 -0.1428159
52.5579821 0.86832955940274448 0.041108 -0.0163521 -0.1428159
52.5579822 0.86832956097258196 0.041108 -0.0163521 -0.1428159
52.5579823 0.86832956254241944 0.041108 -0.0163521 -0.1428159
52.5579824 0.86832956411225681 0.041108 -0.0163521 -0.1428159
52.5579825 0.86832956568209430 0.041108 -0.0163521 -0.1428159
52.5579826 0.86832956725193167 0.041108 -0.0163521 -0.1428159
52.5579827 0.86832956882176904 0.041108 -0.0163521 -0.1428159
52.5579828 0.86832957039160652 0.041108 -0.0163521 -0.1428159
52.5579829 0.86832957196144400 0.041108 -0.0163521 -0.1428159
52.5579830 0.86832957353128148 0.041108 -0.0163521 -0.1428159
52.5579831 0.86832957510111886 0.041108 -0.0163521 -0.1428159
52.5579832 0.86832957667095634 0.041108 -0.0163521 -0.1428159
52.5579833 0.86832957824079371 0.041108 -0.0163521 -0.1428159
52.5579834 0.86832957981063119 0.041108 -0.0163521 -0.1428159
52.5579835 0.86832958138046867 0.041108 -0.0163521 -0.1428159
52.5579836 0.86832958295030616 0.041108 -0.0163521 -0.1428159
52.5579837 0.86832958452014364 0.041108 -0.0163521 -0.1428159
52.5579838 0.86832958608998112 0.041108 -0.0163521 -0.1428159
52.5579839 0.86832958765981860 0.041108 -0.0163521 -0.1428159
52.5579840 0.86832958922965597 0.041108 -0.0163521 -0.1428159
52.5579841 0.86832959079949357 0.041108 -0.0163521 -0.1428159
52.5579842 0.86832959236933094 0.041108 -0.0163521 -0.1428159
52.5579843 0.86832959393916853 0.041108 -0.0163521 -0.1428159
52.5579844 0.86832959550900601 0.041108 -0.0163521 -0.1428159
52.5579845 0.86832959707884361 0.041108 -0.0163521 -0.1428159
52.5579846 0.86832959864868098 0.041108 -0.0163521 -0.1428159
52.5579847 0.86832960021851857 0.041108 -0.0163521 -0.1428159
52.5579848 0.86832960178835605 0.041108 -0.0163521 -0.1428159
52.5579849 0.86832960335819365 0.041108 -0.0163521 -0.1428159
52.5579850 0.86832960492803113 0.041108 -0.0163521 -0.1428159
52.5579851 0.86832960649786872 0.041108 -0.0163521 -0.1428159
52.5579852 0.86832960806770620 0.041108 -0.0163521 -0.1428159
52.5579853 0.86832960963754380 0.041108 -0.0163521 -0.1428159
52.5579854 0.86832961120738128 0.041108 -0.0163521 -0.1428159
52.5579855 0.86832961277721887 0.041108 -0.0163521 -0.1428159
52.5579856 0.86832961434705647 0.041108 -0.0163521 -0.1428159
52.5579857 0.86832961591689395 0.041108 -0.0163521 -0.1428159
52.5579858 0.86832961748673143 0.041108 -0.0163521 -0.1428159
52.5579859 0.86832961905656902 0.041108 -0.0163521 -0.1428159
52.5579860 0.86832962062640673 0.041108 -0.0163521 -0.1428159
52.5579861 0.86832962219624399 0.041108 -0.0163521 -0.1428159
52.5579862 0.86832962376608169 0.041108 -0.0163521 -0.1428159
52.5579863 0.86832962533591929 0.041108 -0.0163521 -0.1428159
52.5579864 0.86832962690575677 0.041108 -0.0163521 -0.1428159
52.5579865 0.86832962847559436 0.041108 -0.0163521 -0.1428159
52.5579866 0.86832963004543195 0.041108 -0.0163521 -0.1428159
52.5579867 0.86832963161526966 0.041108 -0.0163521 -0.1428159
52.5579868 0.86832963318510725 0.041108 -0.0163521 -0.1428159
52.5579869 0.86832963475494485 0.041108 -0.0163521 -0.1428159
52.5579870 0.86832963632478244 0.041108 -0.0163521 -0.1428159
52.5579871 0.86832963789462014 0.041108 -0.0163521 -0.1428159
52.5579872 0.86832963946445763 0.041108 -0.0163521 -0.1428159
52.5579873 0.86832964103429533 0.041108 -0.0163521 -0.1428159
52.5579874 0.86832964260413303 0.041108 -0.0163521 -0.1428159
52.5579875 0.86832964417397063 0.041108 -0.0163521 -0.1428159
52.5579876 0.86832964574380822 0.041108 -0.0163521 -0.1428159
52.5579877 0.86832964731364592 0.041108 -0.0163521 -0.1428159
52.5579878 0.86832964888348352 0.041108 -0.0163521 -0.1428159
52.5579879 0.86832965045332122 0.041108 -0.0163521 -0.1428159
52.5579880 0.86832965202315882 0.041108 -0.0163521 -0.1428159
52.5579881 0.86832965359299663 0.041108 -0.0163521 -0.1428159
52.5579882 0.86832965516283422 0.041108 -0.0163521 -0.1428159
52.5579883 0.86832965673267182 0.041108 -0.0163521 -0.1428159
52.5579884 0.86832965830250952 0.041108 -0.0163521 -0.1428159
52.5579885 0.86832965987234711 0.041108 -0.0163521 -0.1428159
52.5579886 0.86832966144218482 0.041108 -0.0163521 -0.1428159
52.5579887 0.86832966301202252 0.041108 -0.0163521 -0.1428159
52.5579888 0.86832966458186023 0.041108 -0.0163521 -0.1428159
52.5579889 0.86832966615169793 0.041108 -0.0163521 -0.1428159
52.5579890 0.86832966772153564 0.041108 -0.0163521 -0.1428159
52.5579891 0.86832966929137334 0.041108 -0.0163521 -0.1428159
52.5579892 0.86832967086121104 0.041108 -0.0163521 -0.1428159
52.5579893 0.86832967243104886 0.041108 -0.0163521 -0.1428159
52.5579894 0.86832967400088645 0.041108 -0.0163521 -0.1428159
52.5579895 0.86832967557072416 0.041108 -0.0163521 -0.1428159
52.5579896 0.86832967714056197 0.041108 -0.0163521 -0.1428159
52.5579897 0.86832967871039968 0.041108 -0.0163521 -0.1428159
52.5579898 0.86832968028023749 0.041108 -0.0163521 -0.1428159
52.5579899 0.86832968185007520 0.041108 -0.0163521 -0.1428159
