22.5 0.48902588799549546 -0.0921613 0.0618083 0.0489551 -0.1027961
22.75 0.49203970182987000 -0.0824667 0.0567935 0.0481636 -0.0912948
23.00 0.49504611604806875 -0.0775721 0.0516079 0.0516079 -0.0825516
23.25 0.49804543867587991 -0.0761157 0.0570256 0.0570256 -0.0811109
23.50 0.50103797217987622 -0.0746666 0.0620348 0.0620348 -0.0796229
23.75 0.50402401371934424 -0.0731886 0.0665858 0.0665858 -0.0780663
24.00 0.50700385538738835 -0.0716502 0.0706501 0.0706501 -0.0764231
24.25 0.50997778444185260 -0.0700238 0.0742178 0.0742178 -0.0746772
24.50 0.51294608352666027 -0.0682845 0.0772938 0.0772938 -0.0728138
24.75 0.51590903088413309 -0.0664102 0.0798951 0.0798951 -0.0708189
25.00 0.51886690055881535 -0.0643813 0.0820473 0.0820473 -0.0686801
25.25 0.52181996259329522 -0.0621811 0.0837822 0.0837822 -0.0663872
25.50 0.52476848321648584 -0.0597974 0.0851353 0.0851353 -0.0639331
25.75 0.52771272502479782 -0.0572232 0.0861441 0.0861441 -0.0613154
26.00 0.53065294715660993 -0.0544585 0.0868466 0.0868466 -0.0585379
26.25 0.53358940546042311 -0.0515117 0.0872793 0.0872793 -0.0556118
26.50 0.53652235265705239 -0.0484009 0.0874755 0.0874755 -0.0525574
26.75 0.53945203849620049 -0.0451532 0.0874633 0.0874633 -0.0494044
27.00 0.54237870990772830 -0.0418023 0.0872643 0.0872643 -0.0461919
27.25 0.54530261114792489 -0.038382 0.0868934 0.0868934 -0.0429673
27.50 0.54822398394106098 -0.0349132 0.0863594 0.0863594 -0.0397824
27.75 0.55114306761649301 -0.0313812 0.0856678 0.0856678 -0.0366888
28.00 0.55406009924157285 -0.0276991 0.0848234 0.0848234 -0.033729
28.25 0.55697531375060216 -0.0236492 0.0838317 0.0838317 -0.030924
28.50 0.55988894407005929 -0.0187726 0.0826898 0.0826898 -0.0282541
28.75 0.56280122124031395 -0.0121033 0.0813294 0.0813294 -0.0256156
29.00 0.56571237453403433 -0.0043879 0.0787812 0.0787812 -0.0231791
29.25 0.56862263157148163 -0.0108247 0.0747488 0.0747488 -0.0246962
29.50 0.57153221843287527 -0.0158354 0.0715421 0.0715421 -0.0267811
29.75 0.57444135976800692 -0.0197143 0.0686035 0.0686035 -0.028978
30.00 0.57735027890326807 -0.0230546 0.0657956 0.0657956 -0.0312942
30.25 0.58025919794625369 -0.026121 0.0630681 0.0630681 -0.0337314
30.50 0.58316833788809341 -0.0290485 0.0603986 0.0603986 -0.0362829
30.75 0.58607791870365555 -0.0319104 0.0577761 0.0577761 -0.0389376
31.00 0.58898815944976501 -0.0347464 0.0551957 0.0551957 -0.0416821
31.25 0.59189927836156764 -0.0375774 0.0526555 0.0526555 -0.0445026
31.50 0.59481149294717062 -0.0404131 0.0501553 0.0501553 -0.0473852
31.75 0.59772502008068074 -0.0432565 0.0476957 0.0476957 -0.050317
32.00 0.60064007609376124 -0.0461069 0.0452775 0.0452775 -0.053286
32.25 0.60355687686581816 -0.0489615 0.0429019 0.0429019 -0.0562813
32.50 0.60647563791293169 -0.0518162 0.0405699 0.0405699 -0.059293
32.75 0.60939657447563289 -0.0546666 0.0382826 0.0382826 -0.0623123
33.00 0.61231990160563299 -0.0575081 0.0360408 0.0360408 -0.0653314
33.25 0.61524583425160395 -0.0603362 0.0338452 0.0338452 -0.0683432
33.50 0.61817458734410646 -0.0631466 0.0316964 0.0316964 -0.0713416
33.75 0.62110637587975959 -0.0659353 0.029595 0.029595 -0.0743208
34.00 0.62404141500474464 -0.0686986 0.0275413 0.0275413 -0.0772758
34.25 0.62697992009773107 -0.0714329 0.0255356 0.0255356 -0.0802022
34.50 0.62992210685231265 -0.0741352 0.0235781 0.0235781 -0.0830959
34.75 0.63286819135903882 -0.0768023 0.021669 0.021669 -0.0859531
35.00 0.63581839018712483 -0.0794316 0.0198083 0.0198083 -0.0887706
35.25 0.63877292046592293 -0.0820206 0.0179962 0.0179962 -0.0915454
35.50 0.64173199996623487 -0.0845668 0.0162326 0.0162326 -0.0942746
35.75 0.64469584718154593 -0.0870681 0.0145174 0.0145174 -0.0969557
36.00 0.64766468140925815 -0.0895224 0.0128506 0.0128506 -0.0995863
36.25 0.65063872283200119 -0.0919278 0.0112321 0.0112321 -0.1021644
36.50 0.65361819259909770 -0.0942825 0.0096617 0.0096617 -0.1046879
36.75 0.65660331290825846 -0.0965848 0.0081395 0.0081395 -0.1071549
37.00 0.65959430708758449 -0.0988332 0.0066651 0.0066651 -0.1095637
37.25 0.66259139967795155 -0.1010261 0.0052386 0.0052386 -0.1119127
37.50 0.66559481651585173 -0.103162 0.0038596 0.0038596 -0.1142003
37.75 0.66860478481676788 -0.1052398 0.0025281 0.0025281 -0.1164251
38.00 0.67162153325915808 -0.107258 0.0012439 0.0012439 -0.1185858
38.25 0.67464529206912238 -0.1092155 0.0000067 0.0000067 -0.1206811
38.50 0.67767629310583211 -0.1111111 -0.0011835 -0.0011835 -0.1227098
38.75 0.68071476994779589 -0.1129437 -0.002327 -0.002327 -0.1246707
39.00 0.68376095798003989 -0.1147124 -0.0034239 -0.0034239 -0.1265629
39.25 0.68681509448228206 -0.116416 -0.0044744 -0.0044744 -0.1283852
39.50 0.68987741871817743 -0.1180537 -0.0054787 -0.0054787 -0.1301367
39.75 0.69294817202571524 -0.1196246 -0.006437 -0.006437 -0.1318166
40.00 0.69602759790885060 -0.1211279 -0.0073494 -0.0073494 -0.1334239
40.25 0.69911594213045092 -0.1225627 -0.0082161 -0.0082161 -0.1349578
40.50 0.70221345280664171 -0.1239284 -0.0090373 -0.0090373 -0.1364176
40.75 0.70532038050263912 -0.1252241 -0.0098131 -0.0098131 -0.1378025
41.00 0.70843697833015451 -0.1264493 -0.0105437 -0.0105437 -0.1391119
41.25 0.71156350204645979 -0.1276033 -0.0112292 -0.0112292 -0.1403451
41.50 0.71470021015520846 -0.1286855 -0.0118697 -0.0118697 -0.1415015
41.75 0.71784736400909988 -0.1296954 -0.0124655 -0.0124655 -0.1425806
42.00 0.72100522791448773 -0.1306325 -0.0130166 -0.0130166 -0.1435818
42.25 0.72417406923802852 -0.1314963 -0.0135231 -0.0135231 -0.1445047
42.50 0.72735415851547003 -0.1322865 -0.0139853 -0.0139853 -0.1453488
42.75 0.73054576956268569 -0.1330025 -0.014403 -0.014403 -0.1461137
43.00 0.73374917958905994 -0.1336441 -0.0147766 -0.0147766 -0.1467991
43.25 0.73696466931333482 -0.1342109 -0.015106 -0.015106 -0.1474046
43.50 0.74019252308203054 -0.1347028 -0.0153913 -0.0153913 -0.14793
43.75 0.74343302899055930 -0.1351193 -0.0156326 -0.0156326 -0.1483749
44.00 0.74668647900714824 -0.1354604 -0.0158299 -0.0158299 -0.1487393
44.25 0.74995316909970178 -0.1357259 -0.0159834 -0.0159834 -0.1490228
44.50 0.75323339936572720 -0.1359156 -0.016093 -0.016093 -0.1492254
44.75 0.75652747416546084 -0.1360294 -0.0161587 -0.0161587 -0.1493471
45.00 0.75983570225832975 -0.1360674 -0.0161806 -0.0161806 -0.1493876
45.25 0.76315839694289456 -0.1360294 -0.0161587 -0.0161587 -0.1493471
45.50 0.76649587620041937 -0.1359156 -0.016093 -0.016093 -0.1492254
45.75 0.76984846284222430 -0.1357259 -0.0159834 -0.0159834 -0.1490228
46.00 0.77321648466098036 -0.1354604 -0.0158299 -0.0158299 -0.1487393
46.25 0.77660027458611014 -0.1351193 -0.0156326 -0.0156326 -0.1483749
46.50 0.78000017084346973 -0.1347028 -0.0153913 -0.0153913 -0.14793
46.75 0.78341651711948912 -0.1342109 -0.015106 -0.015106 -0.1474046
47.00 0.78684966272995749 -0.1336441 -0.0147766 -0.0147766 -0.1467991
47.25 0.79029996279364645 -0.1330025 -0.014403 -0.014403 -0.1461137
47.50 0.79376777841097601 -0.1322865 -0.0139853 -0.0139853 -0.1453488
47.75 0.79725347684792980 -0.1314963 -0.0135231 -0.0135231 -0.1445047
48.00 0.80075743172543956 -0.1306325 -0.0130166 -0.0130166 -0.1435818
48.25 0.80428002321446923 -0.1296954 -0.0124655 -0.0124655 -0.1425806
48.50 0.80782163823703412 -0.1286855 -0.0118697 -0.0118697 -0.1415015
48.75 0.81138267067340353 -0.1276033 -0.0112292 -0.0112292 -0.1403451
49.00 0.81496352157574936 -0.1264493 -0.0105437 -0.0105437 -0.1391119
49.25 0.81856459938850701 -0.1252241 -0.0098131 -0.0098131 -0.1378025
49.50 0.82218632017573356 -0.1239284 -0.0090373 -0.0090373 -0.1364176
49.75 0.82582910785575958 -0.1225627 -0.0082161 -0.0082161 -0.1349578
50.00 0.82949339444344139 -0.1211279 -0.0073494 -0.0073494 -0.1334239
50.25 0.83317962030033754 -0.1196246 -0.006437 -0.006437 -0.1318166
50.50 0.83688823439314863 -0.1180537 -0.0054787 -0.0054787 -0.1301367
50.75 0.84061969456077290 -0.116416 -0.0044744 -0.0044744 -0.1283852
51.00 0.84437446779034697 -0.1147124 -0.0034239 -0.0034239 -0.1265629
51.25 0.84815303050266300 -0.1129437 -0.002327 -0.002327 -0.1246707
51.50 0.85195586884736429 -0.1111111 -0.0011835 -0.0011835 -0.1227098
51.75 0.85578347900834917 -0.1092155 0.0000067 0.0000067 -0.1206811
52.00 0.85963636751982619 -0.107258 0.0012438 0.0012438 -0.1185858
52.25 0.86351505159349251 -0.1052398 0.0025281 0.0025281 -0.1164251
52.50 0.86742005945732381 -0.103162 0.0038596 0.0038596 -0.1142003
52.75 0.87135193070649397 -0.1010261 0.0052386 0.0052386 -0.1119127
53.00 0.87531121666696521 -0.0988332 0.0066651 0.0066651 -0.1095637
53.25 0.87929848077231665 -0.0965848 0.0081395 0.0081395 -0.1071549
53.50 0.88331429895441260 -0.0942825 0.0096617 0.0096617 -0.1046879
53.75 0.88735926004853483 -0.0919278 0.0112321 0.0112321 -0.1021644
54.00 0.89143396621364279 -0.0895224 0.0128506 0.0128506 -0.0995863
54.25 0.89553903336845653 -0.0870681 0.0145174 0.0145174 -0.0969557
54.50 0.89967509164409376 -0.0845668 0.0162326 0.0162326 -0.0942746
54.75 0.90384278585403033 -0.0820206 0.0179962 0.0179962 -0.0915454
55.00 0.90804277598219907 -0.0794316 0.0198084 0.0198084 -0.0887706
55.25 0.91227573769007742 -0.0768023 0.021669 0.021669 -0.0859531
55.50 0.91654236284366797 -0.0741352 0.0235781 0.0235781 -0.0830959
55.75 0.92084336006132139 -0.0714329 0.0255356 0.0255356 -0.0802022
56.00 0.92517945528340284 -0.0686986 0.0275413 0.0275413 -0.0772758
56.25 0.92955139236486140 -0.0659353 0.029595 0.029595 -0.0743208
56.50 0.93395993369181618 -0.0631466 0.0316964 0.0316964 -0.0713416
56.75 0.93840586082334254 -0.0603362 0.0338452 0.0338452 -0.0683433
57.00 0.94288997515969897 -0.0575081 0.0360408 0.0360408 -0.0653314
57.25 0.94741309863831702 -0.0546666 0.0382826 0.0382826 -0.0623123
57.50 0.95197607445894206 -0.0518162 0.0405699 0.0405699 -0.059293
57.75 0.95657976783940157 -0.0489615 0.0429019 0.0429019 -0.0562813
58.00 0.96122506680355879 -0.0461069 0.0452775 0.0452775 -0.053286
58.25 0.96591288300310196 -0.0432565 0.0476957 0.0476957 -0.050317
58.50 0.97064415257492132 -0.0404131 0.0501553 0.0501553 -0.0473852
58.75 0.97541983703592194 -0.0375774 0.0526555 0.0526555 -0.0445026
59.00 0.98024092421724396 -0.0347464 0.0551957 0.0551957 -0.0416821
59.25 0.98510842923997155 -0.0319104 0.0577761 0.0577761 -0.0389376
59.50 0.99002339553454166 -0.0290485 0.0603986 0.0603986 -0.0362829
59.75 0.99498689590620693 -0.026121 0.0630682 0.0630682 -0.0337314
60.00 1.0000000336490449 -0.0230546 0.0657956 0.0657956 -0.0312942
60.25 1.0050639437111659 -0.0197143 0.0686035 0.0686035 -0.028978
60.50 1.0101797939139427 -0.0158354 0.0715421 0.0715421 -0.0267811
60.75 1.0153487862282633 -0.0108247 0.0747488 0.0747488 -0.0246962
61.00 1.0205721581109972 -0.0043878 0.0787812 0.0787812 -0.0231791
61.25 1.0258511839050852 -0.0121033 0.0813294 0.0813294 -0.0256156
61.50 1.0311871763068714 -0.0187726 0.0826898 0.0826898 -0.0282541
61.75 1.0365814879045478 -0.0236492 0.0838317 0.0838317 -0.030924
62.00 1.0420355127918348 -0.0276991 0.0848234 0.0848234 -0.033729
62.25 1.0475506882612993 -0.0313812 0.0856678 0.0856678 -0.0366888
62.50 1.0531284965820111 -0.0349132 0.0863594 0.0863594 -0.0397824
62.75 1.0587704668665670 -0.038382 0.0868934 0.0868934 -0.0429673
63.00 1.0644781770328475 -0.0418023 0.0872643 0.0872643 -0.0461919
63.25 1.0702532558662603 -0.0451532 0.0874633 0.0874633 -0.0494044
63.50 1.0760973851886237 -0.0484009 0.0874755 0.0874755 -0.0525574
63.75 1.0820123021402799 -0.0515117 0.0872793 0.0872793 -0.0556118
64.00 1.0879998015825072 -0.0544585 0.0868466 0.0868466 -0.0585379
64.25 1.0940617386278098 -0.0572232 0.0861441 0.0861441 -0.0613153
64.50 1.1002000313062268 -0.0597941 0.0851343 0.0851343 -0.063931
64.75 1.1064166633763877 -0.0621809 0.0837821 0.0837821 -0.066387
65.00 1.1127136872907215 -0.0643813 0.0820473 0.0820473 -0.0686801
65.25 1.1190932273249123 -0.0664102 0.0798951 0.0798951 -0.0708189
65.50 1.1255574828824770 -0.0682845 0.0772938 0.0772938 -0.0728138
65.75 1.1321087319861824 -0.0700238 0.0742178 0.0742178 -0.0746772
66.00 1.1387493349689228 -0.0716502 0.0706501 0.0706501 -0.0764231
66.25 1.1454817383776770 -0.0731886 0.0665858 0.0665858 -0.0780663
66.50 1.1523084791052536 -0.0746666 0.0620348 0.0620348 -0.0796229
66.75 1.1592321887657087 -0.0761157 0.0570256 0.0570256 -0.0811109
67.00 1.1662555983306084 -0.0775722 0.0516079 0.0516079 -0.0825516
67.25 1.1733815430447392 -0.0790783 0.0458573 0.0458573 -0.0839728
67.50 1.1806129676413906 -0.080682 0.0398789 0.0398789 -0.085414
67.75 1.1879529318790409 -0.0824332 0.03381 0.03381 -0.0869346
68.00 1.1954046164231349 -0.0843744 0.0278133 0.0278133 -0.0886246
68.25 1.2029713290986654 -0.0865251 0.0220525 0.0220525 -0.090611
68.50 1.2106565115415191 -0.0888695 0.0166566 0.0166566 -0.0930514
68.75 1.2184637462790018 -0.0913573 0.0116962 0.0116962 -0.0961071
69.00 1.2263967642726714 -0.0939166 0.0071929 0.0071929 -0.09991
69.25 1.2344594529595776 -0.0964676 0.003144 0.003144 -0.1045372
69.50 1.2426558648313226 -0.0989278 -0.0004596 -0.0004596 -0.1100008
69.75 1.2509902265939778 0.0006561 0.0751726 0.0751726 -0.056497
70.00 1.2594669489559134 -0.0018587 0.0794127 0.0794127 -0.05383
70.25 1.2680906370950717 -0.0038979 0.0839668 0.0839668 -0.0506548
70.50 1.2768661018621295 -0.0054004 0.088908 0.088908 -0.0469928
70.75 1.2857983717814927 -0.0062296 0.0943289 0.0943289 -0.0428362
71.00 1.2948927059181552 -0.0061983 0.1003335 0.1003335 -0.0381694
71.25 1.3041546076852373 -0.0051051 0.1070236 0.1070236 -0.0329954
71.50 1.3135898396745678 -0.0027815 0.1144785 0.1144785 -0.0273721
71.75 1.3232044396011293 0.0008587 0.1227339 0.1227339 -0.021461
72.00 1.3330047374615932 0.0057943 0.1317721 0.1317721 -0.0155829
72.25 1.3429973740177321 0.0119089 0.1415281 0.1415281 -0.0102516
72.50 1.3531893207273342 0.0190317 0.1519102 0.1519102 -0.0060508
72.75 1.3635879012585173 0.0269809 0.1628213 0.1628213 -0.0032528
73.00 1.3742008147382716 0.0355917 0.1741729 0.1741729 -0.001624
73.25 1.3850361609029067 0.0447294 0.1858918 0.1858918 -0.0007399
73.50 1.3961024673370386 0.054289 0.1979201 0.1979201 -0.0002736
73.75 1.4074087190092159 0.0641915 0.2102139 0.2102139 -0.0000333
74.00 1.4189643903365978 0.0743784 0.22274 0.22274 0.
74.25 1.4307794800386300 0.084806 0.2354737 0.2354737 0.
74.50 1.4428645490710084 0.0954421 0.2483963 0.2483963 0.
74.75 1.4552307619668963 0.1062626 0.2614941 0.2614941 0.
75.00 1.4678899319530556 0.1172492 0.2747566 0.2747566 0.
75.25 1.4808545702551064 0.128388 0.2881759 0.2881759 0.
75.50 1.4941379400594756 0.1396684 0.3017461 0.3017461 0.
75.75 1.5077541156608558 0.1510818 0.3154627 0.3154627 0.
76.00 1.5217180473945009 0.1626218 0.3293221 0.3293221 0.
76.25 1.5360456330340897 0.174283 0.3433216 0.3433216 0.
76.50 1.5507537964299845 0.1860611 0.3574588 0.3574588 0.
76.75 1.5658605742718710 0.1979528 0.3717319 0.3717319 0.
77.00 1.5813852119866876 0.2099553 0.3861389 0.3861389 0.
77.25 1.5973482699307082 0.2220663 0.4006773 0.4006773 0.
77.50 1.6137717412076256 0.2342841 0.4153438 0.4153438 0.
77.75 1.6306791826473761 0.2466074 0.4301317 0.4301317 0.
78.00 1.6480958607190197 0.2590351 0.4450255 0.4450255 0.
78.25 1.6660489144325314 0.2715667 0.4599728 0.4599728 0.
78.50 1.6845675376176648 0.284202 0.4746386 0.4746386 0.
78.75 1.7036831833639368 0.2969409 0.4853581 0.4853581 0.
79.00 1.7234297938777567 0.3097841 0.4916135 0.4916135 0.
79.25 1.7438440595774944 0.3227324 0.4974185 0.4974185 0.
79.50 1.7649657119256603 0.3357872 0.5031859 0.5031859 0.
79.75 1.7868378553155890 0.3489502 0.5089804 0.5089804 0.
80.00 1.8095073443210954 0.3622239 0.5148238 0.5148238 0.
80.25 1.8330252138232914 0.3756111 0.5207274 0.5207274 0.
80.50 1.8574471710024862 0.3891155 0.5266993 0.5266993 0.
80.75 1.8828341599932619 0.4027415 0.5327458 0.5327458 0.
81.00 1.9092530122354845 0.4164943 0.5388733 0.5388733 0.
81.25 1.9367771983277440 0.43038 0.5450877 0.5450877 0.
81.50 1.9654877006520655 0.4444061 0.551395 0.551395 0.
81.75 1.9954740303864316 0.458581 0.5578008 0.5578008 0.
82.00 2.0268354180156947 0.4729148 0.5643084 0.5643084 0.
82.25 2.0596822134404817 0.487419 0.5709083 0.5709083 0.
82.50 2.0941375407372735 0.5021072 0.5773879 0.5773879 0.
82.75 2.1303392641794385 0.516995 0.5800347 0.5800347 0.
83.00 2.1684423371644423 0.5321004 0.5810245 0.5810245 0.
83.25 2.2086216254199424 0.5474443 0.581889 0.581889 0.
83.50 2.2510753219802888 0.5630508 0.5826861 0.5826861 0.
83.75 2.2960291063410230 0.5789477 0.5834333 0.5834333 0.
84.00 2.3437412473608381 0.5841429 0.5841429 0.5841429 0.
84.25 2.3945089138952178 0.5848254 0.5848254 0.5848254 0.
84.50 2.4486760461856742 0.5854912 0.5854912 0.5854912 0.
84.75 2.5066432657105051 0.5861504 0.5861504 0.5861504 0.
