#HF isntabilities: hessian eigenvalues
#y,rrhf,crhf,ruhf
0.25 0.4009107 0.0002319 -0.5721173
.251 0.3996046 0.0002445 -0.5719237
.252 0.3983016 0.0002578 -0.5717278
.253 0.397002 0.0002717 -0.5715294
.254 0.395706 0.0002862 -0.5713285
.255 0.3944138 0.0003014 -0.5711248
.256 0.3931258 0.0003173 -0.5709184
.257 0.3918423 0.0003339 -0.570709
.258 0.3905635 0.0003512 -0.5704966
.259 0.3892898 0.0003693 -0.570281
.260 0.3880215 0.0003881 -0.5700621
.261 0.3867588 0.0004078 -0.5698397
.262 0.3855021 0.0004284 -0.5696138
.263 0.3842516 0.0004498 -0.5693842
.264 0.3830078 0.0004721 -0.5691508
.265 0.3817709 0.0004954 -0.5689134
.266 0.3805413 0.0005197 -0.5686718
.267 0.3793193 0.0005449 -0.568426
.268 0.3781053 0.0005712 -0.5681758
.269 0.3768995 0.0005986 -0.567921
.270 0.3757024 0.0006271 -0.5676615
.271 0.3745142 0.0006567 -0.5673971
.272 0.3733354 0.0006875 -0.5671278
.273 0.3721664 0.0007196 -0.5668532
.274 0.3710073 0.0007529 -0.5665732
.275 0.3698587 0.0007875 -0.5662878
.276 0.3687209 0.0008235 -0.5659967
.277 0.3675944 0.0008609 -0.5656997
.278 0.3664793 0.0008997 -0.5653967
.279 0.3653761 0.0009399 -0.5650876
.280 0.3642853 0.0009817 -0.564772
.281 0.3632072 0.0010251 -0.5644499
.282 0.3621422 0.00107 -0.5641211
.283 0.3610907 0.0011167 -0.5637854
.284 0.3600529 0.001165 -0.5634426
.285 0.3590295 0.0012151 -0.5630925
.286 0.3580207 0.001267 -0.5627349
.287 0.357027 0.0013208 -0.5623696
.288 0.3560487 0.0013765 -0.5619965
.289 0.3550863 0.0014341 -0.5616154
.290 0.3541401 0.0014938 -0.561226
.291 0.3532105 0.0015556 -0.5608282
.292 0.352298 0.0016194 -0.5604218
.293 0.3514029 0.0016855 -0.5600064
.294 0.3505256 0.0017538 -0.5595821
.295 0.3496665 0.0018245 -0.5591485
.296 0.3488261 0.0018974 -0.5587055
.297 0.3480046 0.0019729 -0.5582528
.298 0.3472025 0.0020507 -0.5577903
.299 0.3464201 0.0021312 -0.5573177
.300 0.3456578 0.0022143 -0.5568349
.301 0.344916 0.0023 -0.5563415
.302 0.3441951 0.0023885 -0.5558374
.303 0.3434953 0.0024797 -0.5553226
.304 0.3428171 0.0025739 -0.5547965
.305 0.3421608 0.0026709 -0.5542592
.306 0.3415266 0.002771 -0.5537104
.307 0.3409149 0.0028741 -0.5531499
.308 0.340326 0.0029804 -0.5525774
.309 0.3397602 0.0030899 -0.5519929
.310 0.3392177 0.0032026 -0.551396
.311 0.3386988 0.0033187 -0.5507865
.312 0.3382036 0.0034382 -0.5501644
.313 0.3377324 0.0035611 -0.5495293
.314 0.3372853 0.0036877 -0.5488811
.315 0.3368624 0.0038178 -0.5482196
.316 0.3364638 0.0039516 -0.5475446
.317 0.3360895 0.0040892 -0.5468559
.318 0.3357395 0.0042306 -0.5461532
.319 0.3354135 0.0043759 -0.5454366
.320 0.3351115 0.0045252 -0.5447057
.321 0.3348328 0.0046786 -0.5439604
.322 0.3345772 0.004836 -0.5432004
.323 0.3343437 0.0049977 -0.5424257
.324 0.3341313 0.0051636 -0.541636
.325 0.3339384 0.0053338 -0.5408312
.326 0.3337629 0.0055085 -0.5400112
.327 0.3336016 0.0056876 -0.5391757
.328 0.3334501 0.0058712 -0.5383247
.329 0.3333015 0.0060595 -0.5374579
.330 0.3331457 0.0062525 -0.5365752
.331 0.332966 0.0064502 -0.5356765
.332 0.3327352 0.0066528 -0.5347616
.333 0.3324066 0.0068602 -0.5338305
.334 0.3319006 0.0070726 -0.5328829
.335 0.3310908 0.0072901 -0.5319189
.336 0.3298227 0.0075126 -0.5309381
.337 0.3280085 0.0077404 -0.5299406
.338 0.3257086 0.0079733 -0.5289261
.339 0.3230674 0.0082116 -0.5278948
.340 0.3202116 0.0084552 -0.5268463
.341 0.3172233 0.0087043 -0.5257805
.342 0.3141514 0.0089589 -0.5246974
.343 0.3110249 0.0092191 -0.523597
.344 0.3078601 0.0094849 -0.5224789
.345 0.3046692 0.0097564 -0.5213436
.346 0.3014585 0.0100337 -0.5201903
.347 0.2982334 0.0103169 -0.5190193
.348 0.2949973 0.0106059 -0.5178305
.349 0.2917528 0.0109009 -0.5166238
.350 0.2885021 0.0112018 -0.5153992
.351 0.2852462 0.011509 -0.5141564
.352 0.2819867 0.0118222 -0.5128954
.353 0.2787247 0.0121416 -0.5116164
.354 0.2754609 0.0124674 -0.510319
.355 0.2721957 0.0127995 -0.5090029
.356 0.2689307 0.013138 -0.5076687
.357 0.2656658 0.013483 -0.5063158
.358 0.262402 0.0138344 -0.5049444
.359 0.2591396 0.0141925 -0.5035542
.360 0.2558788 0.0145573 -0.5021449
.361 0.2526211 0.0149287 -0.5007171
.362 0.2493662 0.015307 -0.4992701
.363 0.2461148 0.0156921 -0.4978038
.364 0.2428678 0.0160841 -0.4963185
.365 0.239625 0.0164832 -0.4948135
.366 0.2363876 0.0168892 -0.4932891
.367 0.233156 0.0173024 -0.4917451
.368 0.2299305 0.0177228 -0.4901811
.369 0.2267118 0.0181505 -0.4885971
.370 0.2235011 0.0185855 -0.4869931
.371 0.220298 0.0190279 -0.4853685
.372 0.2171034 0.0194779 -0.483723
.373 0.2139189 0.0199354 -0.4820571
.374 0.210744 0.0204006 -0.4803696
.375 0.2075798 0.0208736 -0.4786606
.376 0.2044277 0.0213543 -0.4769301
.377 0.2012877 0.0218431 -0.4751773
.378 0.1981606 0.0223399 -0.4734018
.379 0.1950478 0.0228448 -0.4716036
.380 0.19195 0.023358 -0.4697819
.381 0.1888686 0.0238794 -0.4679367
.382 0.1858038 0.0244095 -0.4660668
.383 0.1827571 0.0249481 -0.4641721
.384 0.1797294 0.0254955 -0.4622517
.385 0.1767223 0.0260517 -0.4603052
.386 0.1737367 0.0266169 -0.4583317
.387 0.1707741 0.0271914 -0.4563304
.388 0.1678358 0.0277752 -0.4543007
.389 0.1649235 0.0283684 -0.4522415
.390 0.1620383 0.0289715 -0.4501517
.391 0.1591824 0.0295844 -0.4480307
.392 0.1563571 0.0302075 -0.4458768
.393 0.1535644 0.0308409 -0.4436891
.394 0.1508067 0.0314847 -0.4414667
.395 0.1480853 0.0321395 -0.4392075
.396 0.1454028 0.0328054 -0.4369104
.397 0.1427612 0.0334828 -0.4345734
.398 0.1401633 0.0341717 -0.4321955
.399 0.1376116 0.0348726 -0.429775
.400 0.1351082 0.0355859 -0.427309
.401 0.1326565 0.0363119 -0.4247967
.402 0.1302587 0.0370511 -0.422235
.403 0.1279185 0.0378036 -0.4196229
.404 0.125638 0.0385702 -0.4169567
.405 0.1234214 0.039351 -0.4142357
.406 0.1212712 0.0401467 -0.4114567
.407 0.1191908 0.0409578 -0.4086171
.408 0.1171833 0.0417847 -0.4057148
.409 0.1152522 0.0426279 -0.4027474
.410 0.1134006 0.043488 -0.3997126
.411 0.1116316 0.0443655 -0.3966083
.412 0.1099479 0.0452612 -0.3934318
.413 0.1083527 0.0461752 -0.3901818
.414 0.1068481 0.0471085 -0.386856
.415 0.1054368 0.0480613 -0.3834539
.416 0.1041202 0.0490343 -0.3799735
.417 0.1029001 0.0500281 -0.3764144
.418 0.1017771 0.0510433 -0.3727755
.419 0.1007523 0.05208 -0.3690587
.420 0.0998253 0.053139 -0.3652632
.421 0.0989957 0.0542205 -0.3613912
.422 0.0982623 0.0553249 -0.3574439
.423 0.0976234 0.0564524 -0.3534247
.424 0.0970769 0.0576034 -0.3493359
.425 0.0966198 0.0587781 -0.3451814
.426 0.096249 0.0599764 -0.3409655
.427 0.0959607 0.0604126 -0.3366929
.428 0.0957509 0.0590059 -0.332369
.429 0.095615 0.0576648 -0.3279986
.430 0.0955485 0.0563889 -0.3235894
.431 0.0955466 0.0551762 -0.3191449
.432 0.0956042 0.0540264 -0.3146743
.433 0.0957163 0.0529373 -0.310181
.434 0.095878 0.0519079 -0.3056735
.435 0.0960842 0.0509364 -0.301157
.436 0.0963304 0.0500211 -0.2966365
.437 0.0966114 0.0491607 -0.2921201
.438 0.096923 0.0483533 -0.2876121
.439 0.0972609 0.0475971 -0.2831168
.440 0.0976207 0.0468907 -0.2786401
.441 0.0979986 0.0462324 -0.2741863
.442 0.098391 0.0456206 -0.2697585
.443 0.0987943 0.0450536 -0.2653602
.444 0.0992052 0.0445302 -0.2609955
.445 0.0996206 0.0440489 -0.2566661
.446 0.1000377 0.0436083 -0.2523743
.447 0.1004538 0.0432072 -0.248122
.448 0.1008663 0.0428444 -0.2439106
.449 0.101273 0.0425188 -0.2397412
.450 0.1016718 0.0422292 -0.2356137
.451
.452
.453 0.102801 0.0415683 -0.2234908
.454 0.1031496 0.0414144 -0.219536
.455
.456
.457 0.1040938 0.0411429 -0.2079214
.458
.459 0.1046294 0.0411151 -0.2003787
.460
.461 0.1050846 0.0412062 -0.1929877
.462 -0.032763 -0.0886395 -0.232103
.463 -0.0264271 -0.0861978 -0.2358884
.464 0.1056151 0.0415614 -0.182167
.465 0.1057526 0.0417374 -0.1786266
.466 0.1058714 0.0419422 -0.1751184
.467 0.1059726 0.0421756 -0.1716408
.468 0.1060574 0.0424378 -0.168193
.469 0.106127 0.0427287 -0.1647753
.470 0.1061831 0.0430485 -0.1613855
.471 0.1062273 0.0433972 -0.1580249
.472 0.1062614 0.0437749 -0.1546924
.473 0.1062877 0.0441818 -0.1513879
.474 0.1063081 0.0446179 -0.1481113
.475 0.1063251 0.0450834 -0.144863
.476 0.106341 0.0455785 -0.1416421
.477 0.1063584 0.0461032 -0.1384502
.478 0.1063797 0.0466576 -0.1352878
.479 0.1064075 0.0472418 -0.1321556
.480 0.1064445 0.0478559 -0.1290537
.481 0.1064932 0.0485001 -0.1259831
.482 0.1065562 0.0491741 -0.1229458
.483 0.106636 0.049878 -0.1199422
.484 0.1067349 0.0506119 -0.1169739
.485 0.1068554 0.0513755 -0.1140423
.486 0.1069994 0.0521684 -0.1111498
.487 0.1071692 0.0529907 -0.1082974
.488 0.1073668 0.0538423 -0.105486
.489 0.1075935 0.0547224 -0.102719
.490 0.1078513 0.0556312 -0.0999967
.491 0.1081412 0.0565676 -0.0973226
.492 0.1084646 0.0575317 -0.0946969
.493 0.1088226 0.0585231 -0.0921216
.494 0.1092156 0.0595404 -0.0895999
.495 0.1096445 0.0605837 -0.087132
.496 0.1101097 0.0616524 -0.0847197
.497 0.1106112 0.0627453 -0.0823651
.498 0.1111493 0.063862 -0.0800691
.499 0.1117237 0.0650014 -0.0778335
.500 0.1123342 0.0661631 -0.0756588
.501 0.1129804 0.0673461 -0.0735459
.502 0.1136616 0.0685492 -0.0714962
.503 0.1143776 0.0697723 -0.0695089
.504 0.115127 0.0710137 -0.0675856
.505 0.1159096 0.0722733 -0.0657251
.506 0.1167237 0.0735493 -0.0639285
.507 0.117569 0.0748416 -0.0621942
.508 0.1184438 0.0761485 -0.0605228
.509 0.1193474 0.0774698 -0.0589123
.510 0.1202784 0.0788041 -0.0573622
.511 0.1212357 0.0801506 -0.0558712
.512 0.1222181 0.0815088 -0.0544375
.513 0.1232243 0.0828773 -0.05306
.514 0.1242532 0.0842556 -0.0517365
.515 0.1253032 0.0856424 -0.0504656
.516 0.1263734 0.0870374 -0.0492449
.517 0.1274621 0.0884391 -0.0480729
.518 0.1285685 0.0898471 -0.0469471
.519 0.1296909 0.0912603 -0.0458657
.520 0.1308285 0.0926782 -0.0448264
.521 0.1319805 0.0941005 -0.0438267
.522 0.1331444 0.0955249 -0.0428656
.523 0.1343204 0.0969522 -0.0419399
.524 0.1355068 0.0983811 -0.0410482
.525 0.1367025 0.0998109 -0.0401884
.526 0.137906 0.1012402 -0.0393592
.527 0.1391171 0.1026695 -0.038558
.528 0.1403342 0.1040974 -0.0377836
.529 0.1415564 0.1055233 -0.0370343
.530 0.1427826 0.1069464 -0.0363087
.531 0.1440122 0.1083667 -0.0356049
.532 0.145244 0.1097828 -0.0349221
.533 0.1464768 0.1111942 -0.0342588
.534 0.1477098 0.1126002 -0.033614
.535 0.1489425 0.1140006 -0.0329863
.536 0.1501735 0.1153943 -0.0323749
.537 0.1514026 0.1167811 -0.0317786
.538 0.1526288 0.1181603 -0.0311965
.539 0.1538507 0.1195309 -0.0306281
.540 0.1550677 0.1208921 -0.0300726
.541 0.1562798 0.1222443 -0.0295288
.542 0.1574853 0.1235859 -0.0289966
.543 0.1586834 0.1249161 -0.0284754
.544 0.1598744 0.1262354 -0.0279641
.545 0.1610564 0.1275421 -0.0274627
.546 0.1622294 0.128836 -0.0269705
.547 0.1633924 0.1301164 -0.0264871
.548 0.1645454 0.1313832 -0.0260117
.549 0.1656867 0.1326346 -0.0255447
.550 0.1668161 0.1338705 -0.0250853
.551 0.1679329 0.1350901 -0.0246333
.552 0.1690365 0.1362928 -0.0241884
.553 0.1701262 0.1374779 -0.0237503
.554 0.1712019 0.1386451 -0.0233185
.555 0.1722626 0.1397931 -0.0228931
.556 0.1733076 0.1409213 -0.0224739
.557 0.1743364 0.142029 -0.0220607
.558 0.1753489 0.1431158 -0.021653
.559 0.1763437 0.1441801 -0.0212513
.560 0.1773217 0.1452225 -0.0208545
.561 0.1782813 0.1462415 -0.0204632
.562 0.1792223 0.1472362 -0.0200771
.563 0.1801446 0.1482064 -0.019696
.564 0.1810473 0.1491509 -0.0193199
.565 0.1819306 0.1500695 -0.0189485
.566 0.1827936 0.1509612 -0.018582
.567 0.1836365 0.1518256 -0.0182201
.568 0.1844589 0.1526622 -0.0178627
.569 0.1852603 0.1534699 -0.0175099
.570 0.1860407 0.1542486 -0.0171615
.571 0.1868001 0.1549979 -0.0168174
.572 0.1875382 0.1557172 -0.0164776
.573 0.1882546 0.1564058 -0.0161422
.574 0.1889499 0.157064 -0.0158108
.575 0.1896234 0.1576909 -0.0154837
.576 0.1902754 0.1582865 -0.0151608
.577 0.190906 0.1588507 -0.0148419
.578 0.1915155 0.1593838 -0.0145268
.579 0.1921035 0.159885 -0.0142159
.580 0.1926703 0.1603547 -0.0139091
.581 0.1932161 0.1607931 -0.0136062
.582 0.1937415 0.1612006 -0.013307
.583 0.1942461 0.1615769 -0.013012
.584 0.1947308 0.1619229 -0.0127206
.585 0.1951955 0.1622387 -0.0124331
.586 0.1956406 0.1625248 -0.0121495
.587 0.1960667 0.162782 -0.0118694
.588 0.1964736 0.1630103 -0.0115935
.589 0.1968623 0.1632109 -0.0113212
.590 0.1972332 0.1633844 -0.0110524
.591 0.197586 0.1635311 -0.0107876
.592 0.1979223 0.1636523 -0.0105262
.593 0.1982414 0.1637483 -0.0102688
.594 0.1985446 0.1638201 -0.0100149
.595 0.1988321 0.1638688 -0.0097645
.596 0.1988967 0.1638948 -0.0095179
.597 0.1988297 0.1638992 -0.0092748
.598 0.1987609 0.1638826 -0.0090354
.599 0.1986905 0.1638462 -0.0087995
.600 0.1986184 0.1637905 -0.0085672
.601 0.1985448 0.1637166 -0.0083385
.602 0.1984697 0.1636252 -0.0081132
.603 0.1983929 0.1635171 -0.0078916
.604 0.198315 0.1633933 -0.0076731
.605 0.1982352 0.1632542 -0.0074586
.606 0.1981543 0.163101 -0.0072473
.607 0.198072 0.1629342 -0.0070393
.608 0.1979882 0.1627544 -0.006835
.609 0.1979032 0.1625625 -0.006634
.610 0.197817 0.1623593 -0.0064362
.611 0.1977295 0.1621452 -0.006242
.612 0.1976408 0.1619209 -0.0060511
.613 0.1975508 0.161687 -0.0058636
.614 0.1974598 0.1614442 -0.0056794
.615 0.1973676 0.1611929 -0.0054985
.616 0.1972744 0.1609338 -0.0053208
.617 0.19718 0.1606673 -0.0051465
.618 0.1970847 0.1603939 -0.0049755
.619 0.1969884 0.1601141 -0.0048077
.620 0.1968911 0.1598284 -0.0046431
.621 0.196793 0.1595372 -0.0044815
.622 0.196694 0.159241 -0.0043232
.623 0.196594 0.15894 -0.0041682
.624 0.1964935 0.1586348 -0.004016
.625 0.1963919 0.1583256 -0.0038672
.626 0.1962898 0.1580129 -0.0037213
.627 0.1961868 0.1576969 -0.0035785
.628 0.1960832 0.1573779 -0.0034388
.629 0.1959788 0.1570563 -0.0033022
.630 0.195874 0.1567324 -0.0031684
.631 0.1957686 0.1564065 -0.0030375
.632 0.1956627 0.1560787 -0.0029095
.633 0.1955561 0.1557493 -0.0027846
.634 0.195449 0.1554186 -0.0026627
.635 0.1953416 0.1550869 -0.0025435
.636 0.1952337 0.1547543 -0.002427
.637 0.1951255 0.154421 -0.0023134
.638 0.1950169 0.1540873 -0.0022025
.639 0.1949079 0.1537533 -0.0020945
.640 0.1947988 0.1534192 -0.0019891
.641 0.1946892 0.1530852 -0.0018865
.642 0.1945795 0.1527514 -0.0022773
.643 0.1944696 0.1524181 -0.0030103
.644 0.1943594 0.1520852 -0.003743
.645 0.1942492 0.1517531 -0.004475
.646 0.1941387 0.1514218 -0.0052062
.647 0.1940284 0.1510915 -0.0059364
.648 0.1939179 0.1507622 -0.0066654
.649 0.1938075 0.1504341 -0.007393
.650 0.1936969 0.1501073 -0.0081191
.651 0.1935865 0.149782 -0.0088434
.652 0.1934761 0.1494582 -0.0095658
.653 0.1933658 0.1491359 -0.0102861
.654 0.1932557 0.1488155 -0.0110042
.655 0.1931457 0.1484968 -0.0117198
.656 0.1930358 0.1481799 -0.0124328
.657 0.1929262 0.1478651 -0.0131431
.658 0.1928168 0.1475522 -0.0138505
.659 0.1927078 0.1472416 -0.0145548
.660 0.1925989 0.146933 -0.015256
.661 0.1924905 0.1466268 -0.0159538
.662 0.1923823 0.1463228 -0.016648
.663 0.1922746 0.1460213 -0.0173387
.664 0.1921671 0.1457221 -0.0180256
.665 0.1920603 0.1454254 -0.0187086
.666 0.1919537 0.1451313 -0.0193875
.667 0.1918477 0.1448398 -0.0200623
.668 0.1917422 0.1445509 -0.0207327
.669 0.1916372 0.1442646 -0.0213988
.670 0.1915327 0.1439811 -0.0220602
.671 0.1914287 0.1437004 -0.0227171
.672 0.1913254 0.1434224 -0.0233691
.673 0.1912227 0.1431473 -0.0240163
.674 0.1911207 0.1428751 -0.0246584
.675 0.1910193 0.1426057 -0.0252954
.676 0.1909186 0.1423393 -0.0259272
.677 0.1908186 0.1420758 -0.0265536
.678 0.1907192 0.1418153 -0.0271746
.679 0.1906208 0.1415579 -0.0277901
.680 0.190523 0.1413035 -0.0283999
.681 0.1904261 0.1410522 -0.029004
.682 0.1903299 0.1408039 -0.0296023
.683 0.1902344 0.1405587 -0.0301946
.684 0.19014 0.1403167 -0.0307809
.685 0.1900463 0.1400777 -0.0313611
.686 0.1899536 0.139842 -0.0319352
.687 0.1898618 0.1396094 -0.0325029
.688 0.1897709 0.1393801 -0.0330643
.689 0.189681 0.1391539 -0.0336192
.690 0.1895918 0.1389309 -0.0341677
.691 0.1895038 0.1387111 -0.0347095
.692 0.1894166 0.1384946 -0.0352447
.693 0.1893306 0.1382813 -0.0357732
.694 0.1892457 0.1380713 -0.0362948
.695 0.1891616 0.1378645 -0.0368096
.696 0.1890786 0.137661 -0.0373174
.697 0.1889966 0.1374607 -0.0378182
.698 0.1889159 0.1372638 -0.038312
.699 0.1888361 0.1370701 -0.0387986
.700 0.1887575 0.1368797 -0.039278
.701 0.18868 0.1366926 -0.0397501
.702 0.1886036 0.1365088 -0.040215
.703 0.1885284 0.1363283 -0.0406725
.704 0.1884544 0.1361511 -0.0411226
.705 0.1883815 0.1359772 -0.0415653
.706 0.1883098 0.1358066 -0.0420004
.707 0.1882393 0.1356393 -0.0424279
.708 0.1881699 0.1354752 -0.0428479
.709 0.1881017 0.1353145 -0.0432603
.710 0.1880348 0.135157 -0.0436649
.711 0.1879692 0.1350029 -0.0440619
.712 0.1879047 0.134852 -0.0444511
.713 0.1878417 0.1347045 -0.0448324
.714 0.1877797 0.1345602 -0.0452059
.715 0.1877191 0.1344192 -0.0455716
.716 0.1876595 0.1342815 -0.0459295
.717 0.1876015 0.134147 -0.0462793
.718 0.1875446 0.1340158 -0.0466213
.719 0.1874892 0.133888 -0.0469551
.720 0.1874349 0.1337633 -0.0472811
.721 0.1873819 0.1336419 -0.047599
.722 0.1873303 0.1335237 -0.0479089
.723 0.18728 0.1334088 -0.0482107
.724 0.1872311 0.1332971 -0.0485044
.725 0.1871835 0.1331887 -0.04879
.726 0.1871372 0.1330835 -0.0490674
.727 0.1870922 0.1329815 -0.0493368
.728 0.1870487 0.1328827 -0.049598
.729 0.1870064 0.1327871 -0.049851
.730 0.1869655 0.1326947 -0.0500959
.731 0.1869259 0.1326055 -0.0503326
.732 0.1868877 0.1325194 -0.0505611
.733 0.1868509 0.1324365 -0.0507815
.734 0.1868153 0.1323568 -0.0509937
.735 0.1867811 0.1322802 -0.0511977
.736 0.1867483 0.1322067 -0.0513936
.737 0.186717 0.1321365 -0.0515811
.738 0.1866868 0.1320693 -0.0517606
.739 0.1866582 0.1320053 -0.0519318
.740 0.1866307 0.1319442 -0.052095
.741 0.1866047 0.1318864 -0.0522499
.742 0.1865801 0.1318316 -0.0523967
.743 0.186557 0.13178 -0.0525351
.744 0.186535 0.1317313 -0.0526656
.745 0.1865146 0.1316858 -0.0527879
.746 0.1864952 0.1316432 -0.0529023
.747 0.1864776 0.1316039 -0.0530082
.748 0.1864611 0.1315674 -0.0531063
.749 0.1864459 0.1315339 -0.0531963
.750 0.1864322 0.1315035 -0.0532782
.751 0.1864197 0.131476 -0.053352
.752 0.1864086 0.1314515 -0.053418
.753 0.186399 0.1314301 -0.0534757
.754 0.1863906 0.1314116 -0.0535256
.755 0.1863835 0.131396 -0.0535676
.756 0.186378 0.1313835 -0.0536015
.757 0.1863733 0.1313736 -0.0536278
.758 0.1863705 0.131367 -0.0536459
.759 0.1863686 0.131363 -0.0536564
.760 0.1863682 0.1313621 -0.053659
.761 0.186369 0.131364 -0.0536539
.762 0.1863713 0.1313688 -0.0536409
.763 0.1863747 0.1313765 -0.0536203
.764 0.1863794 0.1313869 -0.0535921
.765 0.1863854 0.1314003 -0.0535561
.766 0.1863927 0.1314164 -0.0535126
.767 0.1864014 0.1314354 -0.0534614
.768 0.1864112 0.1314572 -0.0534027
.769 0.1864224 0.1314818 -0.0533364
.770 0.1864348 0.1315092 -0.0532628
.771 0.1864483 0.1315392 -0.0531819
.772 0.1864631 0.1315721 -0.0530934
.773 0.1864793 0.1316078 -0.0529975
.774 0.1864967 0.1316462 -0.0528944
.775 0.186515 0.1316871 -0.0527842
.776 0.1865348 0.1317309 -0.0526667
.777 0.1865558 0.1317775 -0.0525419
.778 0.1865779 0.1318266 -0.0524101
.779 0.1866013 0.1318785 -0.0522711
.780 0.1866257 0.131933 -0.0521252
.781 0.1866514 0.1319901 -0.0519723
.782 0.1866781 0.1320498 -0.0518126
.783 0.1867061 0.1321122 -0.0516459
.784 0.186735 0.1321771 -0.0514726
.785 0.1867652 0.1322446 -0.0512924
.786 0.1867965 0.1323148 -0.0511053
.787 0.1868289 0.1323875 -0.0509118
.788 0.1868624 0.1324628 -0.0507116
.789 0.1868971 0.1325407 -0.0505046
.790 0.1869327 0.1326209 -0.0502914
.791 0.1869694 0.1327038 -0.0500716
.792 0.1870074 0.1327892 -0.0498453
.793 0.1870461 0.132877 -0.0496129
.794 0.187086 0.1329673 -0.0493741
.795 0.187127 0.1330602 -0.0491289
.796 0.1871688 0.1331553 -0.0488779
.797 0.1872117 0.1332529 -0.0486207
.798 0.1872557 0.133353 -0.0483573
.799 0.1873004 0.1334554 -0.0480882
.800 0.1873465 0.1335604 -0.0478127
.801 0.1873933 0.1336676 -0.0475316
.802 0.1874408 0.1337771 -0.047245
.803 0.1874897 0.1338891 -0.0469521
.804 0.1875392 0.1340033 -0.046654
.805 0.1875897 0.1341199 -0.0463501
.806 0.1876412 0.1342388 -0.0460405
.807 0.1876936 0.13436 -0.0457253
.808 0.1877466 0.1344834 -0.0454051
.809 0.1878005 0.134609 -0.0450795
.810 0.1878554 0.1347369 -0.0447485
.811 0.1879111 0.1348671 -0.0444121
.812 0.1879678 0.1349996 -0.0440705
.813 0.1880252 0.1351342 -0.0437237
.814 0.1880832 0.1352709 -0.0433723
.815 0.1881421 0.1354097 -0.0430159
.816 0.1882017 0.1355507 -0.0426545
.817 0.1882622 0.1356939 -0.0422882
.818 0.1883234 0.1358392 -0.041917
.819 0.1883854 0.1359867 -0.0415411
.820 0.1884482 0.1361362 -0.0411605
.821 0.1885114 0.1362876 -0.0407758
.822 0.1885756 0.1364413 -0.0403861
.823 0.1886402 0.1365968 -0.0399923
.824 0.1887058 0.1367546 -0.0395937
.825 0.1887718 0.1369142 -0.0391913
.826 0.1888384 0.1370757 -0.0387846
.827 0.1889057 0.1372392 -0.0383737
.828 0.1889739 0.1374049 -0.0379581
.829 0.1890425 0.1375723 -0.0375391
.830 0.1891116 0.1377416 -0.0371161
.831 0.1891813 0.1379128 -0.0366892
.832 0.1892516 0.1380859 -0.0362585
.833 0.1893224 0.1382608 -0.0358241
.834 0.1893937 0.1384376 -0.035386
.835 0.1894656 0.1386161 -0.0349442
.836 0.189538 0.1387964 -0.034499
.837 0.1896109 0.1389785 -0.0340503
.838 0.1896842 0.1391624 -0.0335983
.839 0.189758 0.1393479 -0.0331429
.840 0.1898326 0.1395355 -0.0326838
.841 0.1899072 0.1397244 -0.0322221
.842 0.1899823 0.139915 -0.0317573
.843 0.1900581 0.1401075 -0.0312889
.844 0.190134 0.1403013 -0.0308182
.845 0.1902105 0.140497 -0.0303441
.846 0.190287 0.1406939 -0.0298678
.847 0.1903643 0.1408927 -0.0293882
.848 0.1904418 0.1410929 -0.0289059
.849 0.1905196 0.1412947 -0.0284212
.850 0.1905978 0.1414979 -0.0279339
.851 0.1906761 0.1417025 -0.0274443
.852 0.1907548 0.1419085 -0.0269523
.853 0.190834 0.1421162 -0.0264575
.854 0.1909131 0.142325 -0.0259611
.855 0.1909927 0.1425353 -0.0254621
.856 0.1910726 0.142747 -0.024961
.857 0.1911526 0.14296 -0.024458
.858 0.1912328 0.1431741 -0.0239531
.859 0.1913131 0.1433895 -0.0234464
.860 0.1913939 0.1436064 -0.0229374
.861 0.1914748 0.1438244 -0.0224267
.862 0.1915558 0.1440436 -0.0219145
.863 0.1916369 0.1442638 -0.0214007
.864 0.191718 0.1444851 -0.0208856
.865 0.1917996 0.1447077 -0.0203685
.866 0.1918809 0.144931 -0.0198508
.867 0.1919625 0.1451556 -0.0193313
.868 0.1920441 0.1453811 -0.0188107
.869 0.1921261 0.1456079 -0.0182883
.870 0.1922077 0.1458351 -0.0177657
.871 0.1922896 0.1460636 -0.0172415
.872 0.1923719 0.1462932 -0.0167159
.873 0.1924537 0.1465232 -0.0161902
.874 0.1925358 0.1467542 -0.0156632
.875 0.1926178 0.146986 -0.0151356
.876 0.1926997 0.1472184 -0.0146075
.877 0.1927814 0.1474513 -0.014079
.878 0.1928634 0.1476853 -0.0135495
.879 0.1929453 0.1479197 -0.0130197
.880 0.1930273 0.148155 -0.012489
.881 0.1931088 0.1483904 -0.0119589
.882 0.1931905 0.1486265 -0.0114281
.883 0.1932723 0.1488634 -0.0108966
.884 0.1933535 0.1491003 -0.0103659
.885 0.1934349 0.1493378 -0.0098347
.886 0.1935164 0.1495759 -0.0093031
.887 0.1935973 0.1498138 -0.0087725
.888 0.1936782 0.1500522 -0.0082416
.889 0.1937593 0.1502912 -0.0077105
.890 0.1938396 0.1505298 -0.0071807
.891 0.1939201 0.1507687 -0.0066508
.892 0.1940005 0.1510081 -0.006121
.893 0.1940807 0.1512473 -0.0055919
.894 0.1941604 0.1514864 -0.0050637
.895 0.1942398 0.1517252 -0.0045364
.896 0.1943193 0.1519642 -0.0040095
.897 0.1943986 0.1522033 -0.0034829
.898 0.1944773 0.1524417 -0.0029583
.899 0.1945562 0.1526804 -0.0024335
.900 0.1946343 0.1529183 -0.0019107
.901 0.1947124 0.153156 -0.001908
.902 0.1947904 0.1533935 -0.001981
.903 0.1948676 0.15363 -0.0020554
.904 0.194945 0.1538666 -0.0021307
.905 0.1950216 0.154102 -0.0022075
.906 0.1950984 0.1543374 -0.0022851
.907 0.1951744 0.1545714 -0.0023643
.908 0.1952502 0.1548049 -0.0024445
.909 0.1953258 0.1550378 -0.0025258
.910 0.1954009 0.1552696 -0.0026084
.911 0.1954755 0.1555001 -0.0026923
.912 0.1955498 0.1557299 -0.0027773
.913 0.1956236 0.1559583 -0.0028636
.914 0.1956972 0.1561857 -0.002951
.915 0.1957706 0.1564121 -0.0030395
.916 0.1958429 0.1566364 -0.0031295
.917 0.1959154 0.15686 -0.0032204
.918 0.1959873 0.1570819 -0.0033126
.919 0.1960586 0.1573019 -0.0034061
.920 0.1961296 0.1575205 -0.0035007
.921 0.1961999 0.1577371 -0.0035965
.922 0.1962699 0.1579521 -0.0036935
.923 0.1963396 0.1581653 -0.0037916
.924 0.1964087 0.1583763 -0.003891
.925 0.196477 0.158585 -0.0039917
.926 0.1965451 0.1587916 -0.0040935
.927 0.1966128 0.1589961 -0.0041964
.928 0.1966797 0.1591979 -0.0043006
.929 0.196746 0.159397 -0.0044061
.930 0.1968122 0.1595942 -0.0045125
.931 0.1968777 0.1597883 -0.0046202
.932 0.1969425 0.1599794 -0.0047291
.933 0.1970068 0.1601677 -0.0048392
.934 0.1970704 0.1603528 -0.0049506
.935 0.1971339 0.1605353 -0.0050628
.936 0.1971963 0.1607138 -0.0051766
.937 0.1972587 0.1608896 -0.0052912
.938 0.1973198 0.1610611 -0.0054073
.939 0.1973809 0.1612296 -0.0055243
.940 0.1974412 0.1613941 -0.0056426
.941 0.197501 0.1615548 -0.005762
.942 0.19756 0.1617113 -0.0058826
.943 0.1976185 0.1618638 -0.0060043
.944 0.1976766 0.1620121 -0.0061271
.945 0.1977338 0.1621558 -0.0062512
.946 0.1977905 0.162295 -0.0063763
.947 0.1978463 0.1624293 -0.0065027
.948 0.1979016 0.1625588 -0.0066301
.949 0.1979564 0.1626835 -0.0067587
.950 0.1980104 0.1628029 -0.0068884
.951 0.1980638 0.162917 -0.0070192
.952 0.1981166 0.1630259 -0.0071511
.953 0.1981686 0.1631289 -0.0072842
.954 0.1982204 0.1632267 -0.0074182
.955 0.1982709 0.1633179 -0.0075536
.956 0.1983212 0.1634036 -0.0076899
.957 0.1983706 0.1634828 -0.0078274
.958 0.198419 0.1635554 -0.0079661
.959 0.1984672 0.163622 -0.0081057
.960 0.1985145 0.1636816 -0.0082465
.961 0.1985612 0.1637345 -0.0083883
.962 0.198607 0.1637801 -0.0085314
.963 0.1986521 0.1638187 -0.0086754
.964 0.1986967 0.1638501 -0.0088205
.965 0.1987406 0.1638741 -0.0089666
.966 0.1987836 0.1638902 -0.0091139
.967 0.1988259 0.1638987 -0.0092622
.968 0.1988676 0.1638992 -0.0094115
.969 0.1989087 0.1638918 -0.0095619
.970 0.1988894 0.163876 -0.0097134
.971 0.198717 0.1638518 -0.0098659
.972 0.1985393 0.1638192 -0.0100194
.973 0.1983558 0.1637778 -0.0101741
.974 0.1981669 0.1637276 -0.0103298
.975 0.1979724 0.1636686 -0.0104864
.976 0.1977721 0.1636006 -0.0106441
.977 0.1975662 0.1635235 -0.0108028
.978 0.1973542 0.1634369 -0.0109626
.979 0.1971364 0.163341 -0.0111234
.980 0.1969127 0.1632357 -0.0112851
.981 0.1966828 0.1631206 -0.011448
.982 0.1964469 0.1629959 -0.0116119
.983 0.196205 0.1628617 -0.0117766
.984 0.1959567 0.1627173 -0.0119426
.985 0.1957023 0.1625632 -0.0121094
.986 0.1954417 0.1623992 -0.0122772
.987 0.1951747 0.162225 -0.0124461
.988 0.1949014 0.1620408 -0.0126159
.989 0.1946218 0.1618466 -0.0127867
.990 0.1943358 0.1616421 -0.0129587
.991 0.1940434 0.1614276 -0.0131314
.992 0.1937445 0.1612029 -0.0133053
.993 0.1934393 0.160968 -0.0134801
.994 0.1931275 0.160723 -0.0136558
.995 0.1928094 0.1604678 -0.0138326
.996 0.1924848 0.1602026 -0.0140103
.997 0.1921537 0.1599272 -0.014189
.998 0.1918162 0.1596417 -0.0143688
.999 0.1914722 0.1593463 -0.0145495
1.000 0.1911218 0.1590409 -0.0147311
1.001 0.190765 0.1587257 -0.0149137
1.002 0.1904018 0.1584006 -0.0150973
1.003 0.1900323 0.1580658 -0.0152819
1.004 0.1896564 0.1577213 -0.0154676
1.005 0.1892743 0.1573673 -0.015654
1.006 0.1888858 0.1570038 -0.0158416
1.007 0.1884912 0.1566309 -0.0160301
1.008 0.1880903 0.1562488 -0.0162197
1.009 0.1876833 0.1558575 -0.0164101
1.010 0.1872703 0.1554572 -0.0166015
1.011 0.1868512 0.155048 -0.016794
1.012 0.1864262 0.15463 -0.0169875
1.013 0.1859952 0.1542034 -0.017182
1.014 0.1855584 0.1537683 -0.0173773
1.015 0.1851158 0.1533248 -0.0175739
1.016 0.1846675 0.1528731 -0.0177713
1.017 0.1842136 0.1524133 -0.0179698
1.018 0.1837541 0.1519456 -0.0181692
1.019 0.1832891 0.1514701 -0.0183698
1.020 0.1828187 0.1509869 -0.0185713
1.021 0.182343 0.1504964 -0.0187739
1.022 0.181862 0.1499984 -0.0189775
1.023 0.1813758 0.1494932 -0.0191821
1.024 0.1808847 0.1489811 -0.0193879
1.025 0.1803885 0.1484621 -0.0195947
1.026 0.1798874 0.1479363 -0.0198025
1.027 0.1793816 0.147404 -0.0200115
1.028 0.178871 0.1468653 -0.0202215
1.029 0.1783559 0.1463205 -0.0204327
1.030 0.1778363 0.1457694 -0.020645
1.031 0.1773121 0.1452124 -0.0208584
1.032 0.1767837 0.1446496 -0.0210729
1.033 0.1762512 0.1440813 -0.0212886
1.034 0.1757145 0.1435073 -0.0215055
1.035 0.1751739 0.1429281 -0.0217236
1.036 0.1746292 0.1423436 -0.0219428
1.037 0.1740809 0.1417542 -0.0221633
1.038 0.1735289 0.1411599 -0.0223851
1.039 0.1729732 0.1405606 -0.022608
1.040 0.1724141 0.1399569 -0.0228323
1.041 0.1718517 0.1393487 -0.0230579
1.042 0.1712858 0.1387359 -0.0232848
1.043 0.1707169 0.1381192 -0.023513
1.044 0.170145 0.1374983 -0.0237426
1.045 0.1695702 0.1368736 -0.0239737
1.046 0.1689925 0.136245 -0.0242061
1.047 0.1684119 0.1356124 -0.0244399
1.048 0.1678288 0.1349766 -0.0246753
1.049 0.1672433 0.1343373 -0.0249121
1.050 0.1666553 0.1336947 -0.0251505
1.051 0.1660651 0.133049 -0.0253905
1.052 0.1654727 0.1324001 -0.0256321
1.053 0.164878 0.131748 -0.0258753
1.054 0.1642815 0.1310934 -0.0261202
1.055 0.1636832 0.1304361 -0.0263668
1.056 0.1630831 0.1297761 -0.0266152
1.057 0.1624811 0.1291134 -0.0268653
1.058 0.1618779 0.1284485 -0.0271174
1.059 0.1612732 0.1277814 -0.0273713
1.060 0.1606672 0.1271122 -0.0276272
1.061 0.1600597 0.1264405 -0.027885
1.062 0.1594514 0.1257672 -0.0281449
1.063 0.1588418 0.1250917 -0.0284069
1.064 0.1582316 0.1244148 -0.0286711
1.065 0.1576203 0.1237359 -0.0289374
1.066 0.1570087 0.1230558 -0.0292061
1.067 0.1563961 0.1223739 -0.0294771
1.068 0.1557834 0.1216909 -0.0297505
1.069 0.15517 0.1210064 -0.0300263
1.070 0.1545564 0.1203206 -0.0303047
1.071 0.1539427 0.1196338 -0.0305857
1.072 0.1533291 0.1189463 -0.0308694
1.073 0.1527154 0.1182576 -0.0311559
1.074 0.1521018 0.1175681 -0.0314452
1.075 0.1514884 0.1168778 -0.0317374
1.076 0.1508752 0.1161865 -0.0320327
1.077 0.1502627 0.115495 -0.0323311
1.078 0.1496508 0.1148031 -0.0326326
1.079 0.1490396 0.1141108 -0.0329375
1.080 0.1484289 0.1134178 -0.0332458
1.081 0.1478194 0.112725 -0.0335575
1.082 0.1472106 0.1120317 -0.0338729
1.083 0.1466029 0.1113383 -0.034192
1.084 0.1459964 0.1106449 -0.0345149
1.085 0.1453915 0.1099521 -0.0348417
1.086 0.1447877 0.109259 -0.0351726
1.087 0.1441855 0.1085663 -0.0355076
1.088 0.1435846 0.1078734 -0.035847
1.089 0.1429857 0.1071814 -0.0361908
1.090 0.1423886 0.1064899 -0.0365391
1.091 0.1417932 0.1057986 -0.0368922
1.092 0.1412001 0.1051084 -0.03725
1.093 0.1406089 0.1044185 -0.0376128
1.094 0.1400199 0.1037294 -0.0379807
1.095 0.1394333 0.1030412 -0.0383539
1.096 0.1388492 0.102354 -0.0387325
1.097 0.1382676 0.1016678 -0.0391166
1.098 0.1376884 0.1009824 -0.0395065
1.099 0.1371122 0.1002985 -0.0399022
1.100 0.1365387 0.0996155 -0.040304
1.101 0.1359684 0.0989342 -0.0407119
1.102 0.1354009 0.098254 -0.0411261
1.103 0.1348366 0.0975752 -0.0415469
1.104 0.1342756 0.096898 -0.0419744
1.105 0.1337177 0.0962221 -0.0424088
1.106 0.1331636 0.0955483 -0.04285
1.107 0.1326128 0.0948758 -0.0432986
1.108 0.1320661 0.0942056 -0.0437544
1.109 0.1315228 0.093537 -0.0442178
1.110 0.1309835 0.0928703 -0.0446889
1.111 0.1304482 0.0922057 -0.0451678
1.112 0.1299168 0.0915429 -0.0456549
1.113 0.1293899 0.0908827 -0.0461501
1.114 0.128867 0.0902244 -0.0466537
1.115 0.1283486 0.0895684 -0.0471659
1.116 0.1278347 0.0889149 -0.0476867
1.117 0.1273254 0.088264 -0.0482164
1.118 0.1268209 0.0876156 -0.048755
1.119 0.1263212 0.0869698 -0.0493028
1.120 0.1258262 0.0863264 -0.04986
1.121 0.1253362 0.0856858 -0.0504267
1.122 0.1248514 0.085048 -0.051003
1.123 0.1243718 0.0844132 -0.051589
1.124 0.1238973 0.083781 -0.0521851
1.125 0.1234284 0.0831523 -0.0527909
1.126 0.1229648 0.0825264 -0.053407
1.127 0.1225068 0.0819036 -0.0540333
1.128 0.1220546 0.0812842 -0.0546699
1.129 0.121608 0.0806681 -0.0553169
1.130 0.1211672 0.0800551 -0.0559746
1.131 0.1207323 0.0794455 -0.056643
1.132 0.1203034 0.0788395 -0.057322
1.133 0.1198807 0.0782372 -0.0580116
1.134 0.1194642 0.0776385 -0.058712
1.135 0.1190537 0.0770433 -0.0594236
1.136 0.1186496 0.0764518 -0.0601461
1.137 0.1182519 0.0758643 -0.0608794
1.138 0.1178608 0.0752807 -0.0616236
1.139 0.1174762 0.0747012 -0.0623787
1.140 0.117098 0.0741253 -0.0631451
1.141 0.1167266 0.0735537 -0.0639225
1.142 0.1163619 0.0729862 -0.0647107
1.143 0.116004 0.072423 -0.0655098
1.144 0.1156528 0.0718638 -0.0663202
1.145 0.1153087 0.0713093 -0.067141
1.146 0.1149714 0.0707589 -0.0679729
1.147 0.1146409 0.0702127 -0.0688161
1.148 0.1143176 0.0696714 -0.0696693
1.149 0.1140013 0.0691343 -0.0705337
1.150 0.1136921 0.068602 -0.0714085
1.151 0.11339 0.0680743 -0.0722937
1.152 0.113095 0.0675514 -0.0731891
1.153 0.1128071 0.067033 -0.0740953
1.154 0.1125264 0.0665195 -0.0750116
1.155 0.1122528 0.0660109 -0.0759378
1.156 0.1119864 0.065507 -0.0768745
1.157 0.1117272 0.0650083 -0.0778202
1.158 0.1114752 0.0645145 -0.0787761
1.159 0.1112303 0.0640257 -0.0797415
1.160 0.1109924 0.0635417 -0.0807167
1.161 0.1107618 0.0630632 -0.0817005
1.162 0.1105382 0.0625896 -0.0826938
1.163 0.1103216 0.0621209 -0.0836967
1.164 0.1101121 0.0616578 -0.0847076
1.165 0.1099096 0.0611998 -0.0857276
1.166 0.109714 0.0607471 -0.086756
1.167 0.1095252 0.0602997 -0.0877925
1.168 0.1093433 0.0598574 -0.0888377
1.169 0.1091681 0.0594206 -0.0898908
1.170 0.1089996 0.0589892 -0.0909515
1.171 0.1088377 0.0585633 -0.0920197
1.172 0.1086823 0.0581425 -0.0930959
1.173 0.1085333 0.0577273 -0.0941792
1.174 0.1083907 0.0573176 -0.0952695
1.175 0.1082544 0.0569131 -0.0963673
1.176 0.1081241 0.0565145 -0.097471
1.177 0.1079999 0.0561211 -0.0985818
1.178 0.1078817 0.055733 -0.0996997
1.179 0.1077692 0.0553505 -0.1008237
1.180 0.1076625 0.0549736 -0.1019535
1.181 0.1075613 0.0546022 -0.1030891
1.182 0.1074655 0.0542364 -0.1042303
1.183 0.107375 0.053876 -0.1053776
1.184 0.1072897 0.0535209 -0.1065311
1.185 0.1072094 0.0531715 -0.1076888
1.186 0.107134 0.0528275 -0.1088522
1.187 0.1070632 0.0524891 -0.1100204
1.188 0.1069971 0.0521562 -0.1111932
1.189 0.1069354 0.0518286 -0.1123713
1.190 0.1068779 0.0515066 -0.1135537
1.191 0.1068245 0.0511898 -0.1147412
1.192 0.106775 0.0508788 -0.1159318
1.193 0.1067293 0.050573 -0.1171272
1.194 0.1066872 0.0502725 -0.1183272
1.195 0.1066485 0.0499776 -0.11953
1.196 0.106613 0.049688 -0.1207372
1.197 0.1065806 0.0494038 -0.1219478
1.198 0.1065512 0.0491247 -0.1231625
1.199 0.1065245 0.0488511 -0.1243804
1.200 0.1065003 0.0485827 -0.1256014
1.201 0.1064786 0.0483196 -0.1268263
1.202 0.106459 0.0480617 -0.128054
1.203 0.1064414 0.047809 -0.1292844
1.204 0.1064258 0.0475615 -0.1305185
1.205 0.1064118 0.0473191 -0.1317551
1.206 0.1063993 0.0470819 -0.1329942
1.207 0.1063883 0.0468497 -0.1342367
1.208 0.1063783 0.0466227 -0.1354816
1.209 0.1063694 0.0464007 -0.1367287
1.210 0.1063612 0.0461838 -0.137978
1.211 0.106354 0.0459716 -0.1392314
1.212 0.1063471 0.0457646 -0.1404859
1.213 0.1063406 0.0455624 -0.1417434
1.214 0.1063343 0.0453652 -0.1430029
1.215 0.1063281 0.0451728 -0.1442644
1.216 0.1063218 0.0449852 -0.1455287
1.217 0.1063153 0.0448025 -0.1467949
1.218 0.1063084 0.0446246 -0.1480629
1.219 0.106301 0.0444513 -0.1493337
1.220 0.1062931 0.0442827 -0.1506073
1.221 0.1062842 0.0441189 -0.1518816
1.222 0.1062745 0.0439597 -0.1531586
1.223 0.1062637 0.0438051 -0.1544374
1.224 0.1062518 0.0436551 -0.1557189
1.225 0.1062387 0.0435097 -0.157002
1.226 0.1062243 0.0433688 -0.1582879
1.227 0.1062082 0.0432325 -0.1595744
1.228 0.1061907 0.0431005 -0.1608646
1.229 0.1061714 0.0429731 -0.1621555
1.230 0.1061505 0.0428501 -0.1634491
1.231 0.1061276 0.0427315 -0.1647443
1.232 0.1061029 0.0426172 -0.1660423
1.233 0.1060761 0.0425073 -0.167342
1.234 0.1060473 0.0424018 -0.1686445
1.235 0.1060162 0.0423005 -0.1699476
1.236 0.105983 0.0422035 -0.1712546
1.237 0.1059474 0.0421108 -0.1725623
1.238 0.1059096 0.0420223 -0.1738729
1.239 0.1058694 0.041938 -0.1751863
1.240 0.1058266 0.0418578 -0.1765005
1.241 0.1057816 0.0417819 -0.1778187
1.242 0.1057338 0.0417101 -0.1791377
1.243 0.1056836 0.0416425 -0.1804596
1.244 0.1056309 0.041579 -0.1817847
1.245 0.1055755 0.0415195 -0.1831105
1.246 0.1055175 0.0414642 -0.1844395
1.247 0.1054569 0.0414129 -0.1857716
1.248 0.1053936 0.0413657 -0.1871058
1.249 0.1053276 0.0413225 -0.188442
1.250 0.105259 0.0412834 -0.1897815
1.251 0.1051877 0.0412482 -0.1911232
1.252 0.1051139 0.0412172 -0.1924681
1.253 0.1050373 0.04119 -0.1938153
1.254 0.1049581 0.041167 -0.1951659
1.255 0.1048762 0.0411478 -0.1965175
1.256 0.1047918 0.0411327 -0.1978738
1.257 0.1047047 0.0411215 -0.1992313
1.258 0.1046151 0.0411142 -0.2005923
1.259 0.104523 0.041111 -0.2019568
1.260 0.1044284 0.0411117 -0.2033238
1.261 0.1043313 0.0411164 -0.2046932
1.262 0.1042318 0.041125 -0.2060663
1.263 0.1041298 0.0411376 -0.2074418
1.264 0.1040255 0.0411542 -0.2088211
1.265 0.1039189 0.0411747 -0.2102029
1.266 0.1038101 0.0411992 -0.2115885
1.267 0.103699 0.0412277 -0.2129766
1.268 0.1035858 0.0412601 -0.2143674
1.269 0.1034705 0.0412965 -0.2157619
1.270 0.1033531 0.0413368 -0.2171591
1.271 0.1032338 0.0413813 -0.2185601
1.272 0.1031125 0.0414296 -0.2199638
1.273 0.1029894 0.0414819 -0.22137
1.274 0.1028645 0.0415384 -0.2227802
1.275 0.1027378 0.0415989 -0.2241942
1.276 0.1026096 0.0416634 -0.2256109
1.277 0.1024797 0.0417319 -0.2270301
1.278 0.1023483 0.0418046 -0.2284533
1.279 0.1022156 0.0418812 -0.229879
1.280 0.1020814 0.0419621 -0.2313085
1.281 0.101946 0.042047 -0.2327407
1.282 0.1018094 0.042136 -0.2341753
1.283 0.1016718 0.0422293 -0.2356137
1.284 0.1015331 0.0423268 -0.2370559
1.285 0.1013935 0.0424284 -0.2385005
1.286 0.101253 0.0425341 -0.2399475
1.287 0.1011118 0.0426443 -0.2413981
1.288 0.10097 0.0427585 -0.2428511
1.289 0.1008275 0.0428772 -0.2443076
1.290 0.1006847 0.0430001 -0.2457662
1.291 0.1005414 0.0431274 -0.2472283
1.292 0.100398 0.0432591 -0.2486925
1.293 0.1002543 0.0433952 -0.25016
1.294 0.1001106 0.0435356 -0.2516294
1.295 0.0999669 0.0436804 -0.2531006
1.296 0.0998234 0.0438298 -0.2545749
1.297 0.0996801 0.0439838 -0.2560522
1.298 0.0995372 0.0441422 -0.2575311
1.299 0.0993948 0.0443051 -0.2590114
1.300 0.099253 0.0444727 -0.2604945
1.301 0.0991119 0.0446448 -0.2619787
1.302 0.0989716 0.0448217 -0.2634656
1.303 0.0988322 0.0450032 -0.2649534
1.304 0.0986939 0.0451895 -0.2664435
1.305 0.0985568 0.0453805 -0.2679343
1.306 0.098421 0.0455765 -0.2694272
1.307 0.0982866 0.0457771 -0.2709205
1.308 0.0981537 0.0459827 -0.2724157
1.309 0.0980226 0.0461932 -0.273911
1.310 0.0978932 0.0464087 -0.2754078
1.311 0.0977658 0.046629 -0.2769045
1.312 0.0976404 0.0468545 -0.2784024
1.313 0.0975173 0.0470849 -0.2798999
1.314 0.0973965 0.0473206 -0.2813982
1.315 0.0972782 0.0475612 -0.2828958
1.316 0.0971624 0.0478068 -0.2843924
1.317 0.0970495 0.0480582 -0.2858908
1.318 0.0969394 0.0483142 -0.2873864
1.319 0.0968323 0.0485757 -0.2888821
1.320 0.0967285 0.0488427 -0.2903775
1.321 0.0966279 0.0491148 -0.2918711
1.322 0.0965308 0.0493925 -0.2933641
1.323 0.0964373 0.0496754 -0.2948549
1.324 0.0963476 0.0499636 -0.2963432
1.325 0.0962617 0.0502574 -0.2978304
1.326 0.09618 0.050557 -0.2993162
1.327 0.0961024 0.0508619 -0.300799
1.328 0.0960292 0.0511726 -0.30228
1.329 0.0959604 0.0514887 -0.3037575
1.330 0.0958964 0.0518106 -0.305233
1.331 0.095837 0.052138 -0.3067045
1.332 0.0957826 0.0524709 -0.308172
1.333 0.0957333 0.0528097 -0.3096368
1.334 0.0956893 0.0531545 -0.3110985
1.335 0.0956506 0.0535048 -0.3125556
1.336 0.0956175 0.0538611 -0.3140093
1.337 0.09559 0.0542231 -0.3154579
1.338 0.0955684 0.0545911 -0.3169027
1.339 0.0955527 0.0549647 -0.3183421
1.340 0.0955432 0.0553445 -0.3197773
1.341 0.0955398 0.0557299 -0.3212066
1.342 0.0955429 0.0561214 -0.3226314
1.343 0.0955525 0.0565192 -0.3240513
1.344 0.0955686 0.056922 -0.3254635
1.345 0.0955916 0.0573317 -0.3268719
1.346 0.0956215 0.057747 -0.3282735
1.347 0.0956584 0.058168 -0.3296683
1.348 0.0957024 0.0585952 -0.3310573
1.349 0.0957538 0.0590287 -0.3324405
1.350 0.0958125 0.0594678 -0.3338163
1.351 0.0958786 0.0599126 -0.3351845
1.352 0.0959523 0.0603636 -0.3365464
1.353 0.0960339 0.0608209 -0.3379018
1.354 0.0961231 0.0604664 -0.3392492
1.355 0.0962203 0.0600836 -0.3405898
1.356 0.0963254 0.0597039 -0.3419221
1.357 0.0964387 0.059327 -0.3432475
1.358 0.0965599 0.0589531 -0.3445643
1.359 0.0966895 0.058582 -0.3458738
1.360 0.0968273 0.0582138 -0.3471746
1.361 0.0969735 0.0578484 -0.348468
1.362 0.0971283 0.0574857 -0.3497537
1.363 0.0972914 0.0571259 -0.3510305
1.364 0.0974629 0.0567691 -0.3522982
1.365 0.097643 0.056415 -0.353558
1.366 0.0978319 0.0560635 -0.3548099
1.367 0.0980293 0.0557149 -0.3560525
1.368 0.0982355 0.0553689 -0.3572871
1.369 0.0984501 0.0550258 -0.3585123
1.370 0.0986737 0.0546852 -0.3597293
1.371 0.0989057 0.0543475 -0.3609369
1.372 0.0991466 0.0540123 -0.3621362
1.373 0.0993965 0.0536796 -0.3633273
1.374 0.0996548 0.0533496 -0.3645088
1.375 0.0999216 0.0530225 -0.3656807
1.376 0.1001978 0.0526975 -0.3668456
1.377 0.1004819 0.0523754 -0.3679996
1.378 0.1007753 0.0520556 -0.3691465
1.379 0.1010766 0.0517386 -0.3702827
1.380 0.1013873 0.0514238 -0.3714117
1.381 0.1017062 0.0511115 -0.3725311
1.382 0.1020333 0.0508019 -0.3736411
1.383 0.102369 0.0504946 -0.3747428
1.384 0.1027135 0.0501895 -0.3758361
1.385 0.103066 0.049887 -0.3769201
1.386 0.103427 0.0495867 -0.3779958
1.387 0.103796 0.0492889 -0.3790622
1.388 0.1041734 0.0489933 -0.3801205
1.389 0.1045591 0.0486999 -0.3811706
1.390 0.1049526 0.0484088 -0.3822116
1.391 0.1053536 0.0481202 -0.3832434
1.392 0.1057628 0.0478336 -0.3842673
1.393 0.10618 0.0475492 -0.3852833
1.394 0.1066046 0.047267 -0.3862903
1.395 0.1070371 0.046987 -0.3872896
1.396 0.1074774 0.0467089 -0.388281
1.397 0.1079248 0.0464331 -0.3892638
1.398 0.1083792 0.0461594 -0.390238
1.399 0.1088418 0.0458876 -0.3912056
1.400 0.1093104 0.0456181 -0.3921637
1.401 0.1097872 0.0453503 -0.3931154
1.402 0.1102705 0.0450846 -0.3940588
1.403 0.1107603 0.044821 -0.3949939
1.404 0.1112571 0.0445593 -0.3959219
1.405 0.1117609 0.0442994 -0.3968427
1.406 0.1122709 0.0440415 -0.3977555
1.407 0.1127877 0.0437855 -0.3986614
1.408 0.1133112 0.0435312 -0.3995604
1.409 0.1138404 0.0432788 -0.4004517
1.410 0.1143754 0.0430284 -0.4013353
1.411 0.1149167 0.0427798 -0.4022122
1.412 0.1154644 0.0425328 -0.4030826
1.413 0.1160182 0.0422875 -0.4039465
1.414 0.1165774 0.042044 -0.4048031
1.415 0.1171416 0.0418024 -0.4056525
1.416 0.1177118 0.0415624 -0.4064956
1.417 0.1182877 0.0413241 -0.4073325
1.418 0.1188685 0.0410874 -0.4081625
1.419 0.1194549 0.0408524 -0.4089865
1.420 0.1200467 0.0406189 -0.4098045
1.421 0.1206431 0.0403871 -0.4106158
1.422 0.1212448 0.0401569 -0.4114213
1.423 0.1218508 0.0399283 -0.4122202
1.424 0.1224619 0.0397012 -0.4130135
1.425 0.1230771 0.0394758 -0.4138005
1.426 0.1236982 0.0392516 -0.4145828
1.427 0.1243222 0.0390292 -0.415358
1.428 0.1249519 0.0388081 -0.4161287
1.429 0.1255843 0.0385886 -0.4168925
1.430 0.1262223 0.0383705 -0.417652
1.431 0.1268638 0.0381538 -0.4184055
1.432 0.1275097 0.0379385 -0.4191539
1.433 0.1281589 0.0377248 -0.4198966
1.434 0.1288123 0.0375123 -0.4206344
1.435 0.1294698 0.0373012 -0.4213673
1.436 0.1301304 0.0370915 -0.4220947
1.437 0.1307949 0.0368832 -0.4228173
1.438 0.1314623 0.0366762 -0.4235345
1.439 0.1321336 0.0364706 -0.4242472
1.440 0.1328085 0.0362661 -0.4249553
1.441 0.1334861 0.0360631 -0.4256581
1.442 0.1341672 0.0358613 -0.4263566
1.443 0.1348508 0.0356608 -0.42705
1.444 0.1355378 0.0354616 -0.4277391
1.445 0.1362282 0.0352635 -0.4284239
1.446 0.1369208 0.0350668 -0.4291039
1.447 0.1376166 0.0348712 -0.4297797
1.448 0.1383156 0.0346768 -0.4304515
1.449 0.1390165 0.0344836 -0.4311185
1.450 0.1397205 0.0342916 -0.4317816
1.451 0.1404263 0.0341009 -0.4324401
1.452 0.1411349 0.0339112 -0.4330947
1.453 0.1418464 0.0337227 -0.4337455
1.454 0.1425596 0.0335354 -0.4343918
1.455 0.1432754 0.0333492 -0.4350345
1.456 0.1439939 0.033164 -0.4356734
1.457 0.1447138 0.03298 -0.4363081
1.458 0.1454363 0.0327971 -0.4369392
1.459 0.14616 0.0326154 -0.4375661
1.460 0.1468862 0.0324346 -0.4381895
1.461 0.1476147 0.0322549 -0.4388095
1.462 0.1483444 0.0320764 -0.4394254
1.463 0.1490763 0.0318988 -0.440038
1.464 0.1498104 0.0317223 -0.4406472
1.465 0.1505454 0.0315469 -0.4412525
1.466 0.1512826 0.0313724 -0.4418546
1.467 0.1520206 0.031199 -0.4424528
1.468 0.1527606 0.0310266 -0.4430479
1.469 0.1535026 0.0308552 -0.4436399
1.470 0.1542453 0.0306848 -0.4442281
1.471 0.1549898 0.0305153 -0.4448133
1.472 0.1557362 0.0303468 -0.4453955
1.473 0.1564831 0.0301793 -0.445974
1.474 0.1572317 0.0300128 -0.4465496
1.475 0.157982 0.0298471 -0.4471223
1.476 0.1587328 0.0296825 -0.4476915
1.477 0.1594851 0.0295188 -0.4482579
1.478 0.1602378 0.029356 -0.4488208
1.479 0.160992 0.0291942 -0.4493809
1.480 0.1617477 0.0290332 -0.4499383
1.481 0.1625036 0.0288732 -0.4504923
1.482 0.163261 0.028714 -0.4510436
1.483 0.1640197 0.0285557 -0.4515923
1.484 0.1647785 0.0283984 -0.4521377
1.485 0.1655386 0.0282419 -0.4526805
1.486 0.1662999 0.0280862 -0.4532207
1.487 0.1670613 0.0279315 -0.4537577
1.488 0.1678238 0.0277776 -0.4542922
1.489 0.1685875 0.0276245 -0.4548242
1.490 0.1693512 0.0274723 -0.4553532
1.491 0.1701159 0.027321 -0.4558796
1.492 0.1708804 0.0271705 -0.4564031
1.493 0.1716473 0.0270207 -0.4569246
1.494 0.1724138 0.0268718 -0.4574433
1.495 0.1731802 0.0267238 -0.4579589
1.496 0.1739474 0.0265766 -0.4584723
1.497 0.1747157 0.0264302 -0.4589833
1.498 0.1754835 0.0262846 -0.4594914
1.499 0.1762535 0.0261397 -0.4599978
1.500 0.1770218 0.0259957 -0.4605008
1.501 0.1777922 0.0258524 -0.4610021
1.502 0.1785621 0.0257099 -0.4615007
1.503 0.1793328 0.0255682 -0.461997
1.504 0.180103 0.0254273 -0.4624906
1.505 0.1808739 0.0252871 -0.462982
1.506 0.1816455 0.0251477 -0.4634713
1.507 0.1824165 0.0250091 -0.4639579
1.508 0.1831881 0.0248712 -0.4644423
1.509 0.1839604 0.024734 -0.4649247
1.510 0.184732 0.0245976 -0.4654045
1.511 0.1855042 0.0244619 -0.4658821
1.512 0.186277 0.0243269 -0.4663578
1.513 0.187049 0.0241927 -0.4668308
1.514 0.1878216 0.0240592 -0.4673019
1.515 0.1885946 0.0239264 -0.4677709
1.516 0.1893682 0.0237942 -0.468238
1.517 0.1901409 0.0236629 -0.4687025
1.518 0.1909128 0.0235323 -0.4691646
1.519 0.1916865 0.0234022 -0.4696252
1.520 0.1924592 0.023273 -0.4700835
1.521 0.1932323 0.0231443 -0.4705397
1.522 0.1940045 0.0230165 -0.4709936
1.523 0.1947771 0.0228893 -0.4714456
1.524 0.19555 0.0227627 -0.4718957
1.525 0.196322 0.0226369 -0.4723434
1.526 0.1970942 0.0225117 -0.4727893
1.527 0.1978668 0.0223871 -0.4732334
1.528 0.1986383 0.0222633 -0.4736751
1.529 0.1994115 0.02214 -0.4741155
1.530 0.2001822 0.0220175 -0.4745531
1.531 0.2009545 0.0218956 -0.4749894
1.532 0.2017256 0.0217743 -0.4754235
1.533 0.202497 0.0216537 -0.4758557
1.534 0.2032673 0.0215338 -0.4762858
1.535 0.2040391 0.0214144 -0.4767145
1.536 0.2048084 0.0212958 -0.4771406
1.537 0.2055792 0.0211776 -0.4775654
1.538 0.2063487 0.0210602 -0.4779881
1.539 0.2071185 0.0209434 -0.478409
1.540 0.2078883 0.0208271 -0.4788282
1.541 0.2086569 0.0207116 -0.4792453
1.542 0.2094256 0.0205966 -0.4796607
1.543 0.2101944 0.0204822 -0.4800745
1.544 0.2109619 0.0203684 -0.4804861
1.545 0.2117295 0.0202553 -0.4808961
1.546 0.2124971 0.0201427 -0.4813044
1.547 0.2132634 0.0200307 -0.4817107
1.548 0.2140297 0.0199193 -0.4821154
1.549 0.2147961 0.0198085 -0.4825184
1.550 0.215561 0.0196984 -0.4829194
1.551 0.2163274 0.0195887 -0.4833192
1.552 0.217091 0.0194797 -0.4837166
1.553 0.2178559 0.0193712 -0.4841128
1.554 0.2186195 0.0192633 -0.484507
1.555 0.219383 0.019156 -0.4848997
1.556 0.2201465 0.0190492 -0.4852908
1.557 0.2209085 0.018943 -0.4856799
1.558 0.2216704 0.0188373 -0.4860675
1.559 0.2224323 0.0187322 -0.4864536
1.560 0.2231927 0.0186277 -0.4868377
1.561 0.223953 0.0185238 -0.4872203
1.562 0.2247132 0.0184203 -0.4876014
1.563 0.2254733 0.0183174 -0.487981
1.564 0.2262318 0.0182151 -0.4883587
1.565 0.2269903 0.0181133 -0.4887349
1.566 0.2277472 0.0180121 -0.4891092
1.567 0.228504 0.0179114 -0.489482
1.568 0.2292606 0.0178112 -0.4898534
1.569 0.230017 0.0177115 -0.4902233
1.570 0.2307719 0.0176124 -0.4905914
1.571 0.231528 0.0175137 -0.4909584
1.572 0.2322812 0.0174157 -0.4913232
1.573 0.2330355 0.017318 -0.4916869
1.574 0.2337882 0.017221 -0.4920488
1.575 0.2345407 0.0171245 -0.4924094
1.576 0.2352917 0.0170285 -0.4927681
1.577 0.2360438 0.0169329 -0.4931257
1.578 0.2367942 0.0168379 -0.4934816
1.579 0.237543 0.0167434 -0.4938358
1.580 0.238293 0.0166493 -0.4941889
1.581 0.2390414 0.0165558 -0.4945402
1.582 0.2397894 0.0164628 -0.4948902
1.583 0.2405358 0.0163703 -0.4952384
1.584 0.2412834 0.0162782 -0.4955857
1.585 0.2420293 0.0161866 -0.4959312
1.586 0.2427734 0.0160956 -0.4962749
1.587 0.2435187 0.016005 -0.4966178
1.588 0.2442623 0.0159149 -0.4969588
1.589 0.2450056 0.0158253 -0.4972986
1.590 0.2457472 0.0157361 -0.4976366
1.591 0.2464885 0.0156475 -0.4979734
1.592 0.2472294 0.0155593 -0.4983088
1.593 0.2479701 0.0154715 -0.4986429
1.594 0.248709 0.0153843 -0.4989753
1.595 0.2494475 0.0152974 -0.4993064
1.596 0.2501857 0.0152111 -0.4996362
1.597 0.2509236 0.0151252 -0.4999648
1.598 0.2516597 0.0150397 -0.5002917
1.599 0.2523955 0.0149548 -0.5006173
1.600 0.2531308 0.0148702 -0.5009416
1.601 0.2538644 0.0147862 -0.5012643
1.602 0.2545977 0.0147025 -0.5015857
1.603 0.2553305 0.0146194 -0.5019059
1.604 0.2560616 0.0145366 -0.5022245
1.605 0.2567937 0.0144543 -0.5025421
1.606 0.2575239 0.0143724 -0.5028582
1.607 0.2582524 0.0142911 -0.5031727
1.608 0.2589818 0.01421 -0.5034863
1.609 0.2597095 0.0141295 -0.5037983
1.610 0.2604367 0.0140494 -0.5041091
1.611 0.261162 0.0139697 -0.5044183
1.612 0.2618884 0.0138904 -0.5047266
1.613 0.2626129 0.0138116 -0.5050334
1.614 0.263337 0.0137331 -0.505339
1.615 0.2640592 0.0136552 -0.5056431
1.616 0.264781 0.0135776 -0.5059459
1.617 0.2655023 0.0135004 -0.5062475
1.618 0.2662232 0.0134236 -0.506548
1.619 0.2669422 0.0133473 -0.5068469
1.620 0.2676607 0.0132714 -0.5071447
1.621 0.2683787 0.0131959 -0.5074413
1.622 0.2690963 0.0131207 -0.5077367
1.623 0.2698119 0.013046 -0.5080306
1.624 0.2705271 0.0129717 -0.5083233
1.625 0.2712418 0.0128978 -0.5086149
1.626 0.271956 0.0128242 -0.5089054
1.627 0.2726682 0.0127511 -0.5091943
1.628 0.2733799 0.0126784 -0.5094821
1.629 0.2740897 0.0126061 -0.5097685
1.630 0.2748004 0.0125341 -0.510054
1.631 0.2755091 0.0124626 -0.5103381
1.632 0.2762173 0.0123914 -0.5106211
1.633 0.2769249 0.0123206 -0.5109029
1.634 0.2776306 0.0122502 -0.5111833
1.635 0.2783357 0.0121802 -0.5114626
1.636 0.2790402 0.0121105 -0.5117407
1.637 0.2797428 0.0120413 -0.5120175
1.638 0.2804462 0.0119724 -0.5122934
1.639 0.2811476 0.0119038 -0.512568
1.640 0.2818484 0.0118357 -0.5128414
1.641 0.2825472 0.0117679 -0.5131134
1.642 0.2832453 0.0117005 -0.5133844
1.643 0.2839429 0.0116335 -0.5136542
1.644 0.2846398 0.0115668 -0.513923
1.645 0.2853361 0.0115004 -0.5141908
1.646 0.2860304 0.0114345 -0.5144571
1.647 0.2867239 0.0113689 -0.5147224
1.648 0.2874169 0.0113036 -0.5149866
1.649 0.2881076 0.0112388 -0.5152494
1.650 0.2887978 0.0111743 -0.5155112
1.651 0.2894872 0.0111101 -0.5157719
1.652 0.2901759 0.0110462 -0.5160316
1.653 0.2908625 0.0109827 -0.51629
1.654 0.2915484 0.0109196 -0.5165473
1.655 0.2922335 0.0108568 -0.5168035
1.656 0.2929178 0.0107943 -0.5170588
1.657 0.2936 0.0107323 -0.5173127
1.658 0.2942828 0.0106704 -0.5175659
1.659 0.2949619 0.0106091 -0.5178174
1.660 0.2956416 0.0105479 -0.5180683
1.661 0.2963205 0.0104871 -0.5183181
1.662 0.2969971 0.0104267 -0.5185667
1.663 0.2976728 0.0103666 -0.5188142
1.664 0.2983461 0.0103069 -0.5190604
1.665 0.29902 0.0102474 -0.519306
1.666 0.2996915 0.0101883 -0.5195502
1.667 0.300362 0.0101295 -0.5197935
1.668 0.30103 0.0100711 -0.5200354
1.669 0.3016985 0.0100129 -0.5202767
1.670 0.3023644 0.0099551 -0.5205167
1.671 0.3030293 0.0098976 -0.5207558
1.672 0.3036915 0.0098404 -0.5209936
1.673 0.304354 0.0097835 -0.5212307
1.674 0.3050138 0.009727 -0.5214665
1.675 0.3056724 0.0096707 -0.5217014
1.676 0.3063282 0.0096148 -0.521935
1.677 0.306984 0.0095591 -0.522168
1.678 0.307637 0.0095038 -0.5223998
1.679 0.3082884 0.0094488 -0.5226306
1.680 0.3089383 0.0093941 -0.5228604
1.681 0.309585 0.0093397 -0.5230891
1.682 0.31023 0.0092856 -0.5233168
1.683 0.3108732 0.0092318 -0.5235435
1.684 0.3115145 0.0091783 -0.5237694
1.685 0.3121523 0.0091251 -0.523994
1.686 0.3127893 0.0090721 -0.524218
1.687 0.3134227 0.0090195 -0.5244408
1.688 0.3140521 0.0089672 -0.5246624
1.689 0.3146804 0.0089151 -0.5248834
1.690 0.3153045 0.0088634 -0.5251032
1.691 0.3159256 0.0088119 -0.5253221
1.692 0.3165435 0.0087607 -0.5255401
1.693 0.3171566 0.0087099 -0.5257569
1.694 0.3177674 0.0086592 -0.5259731
1.695 0.3183729 0.0086089 -0.5261881
1.696 0.318974 0.0085588 -0.5264023
1.697 0.319569 0.0085091 -0.5266153
1.698 0.3201604 0.0084596 -0.5268276
1.699 0.3207449 0.0084104 -0.5270389
1.700 0.3213234 0.0083614 -0.5272493
1.701 0.3218939 0.0083128 -0.5274585
1.702 0.3224586 0.0082644 -0.5276671
1.703 0.3230141 0.0082163 -0.5278746
1.704 0.323561 0.0081684 -0.5280813
1.705 0.3240985 0.0081208 -0.5282871
1.706 0.3246243 0.0080735 -0.5284917
1.707 0.3251389 0.0080265 -0.5286956
1.708 0.3256412 0.0079797 -0.5288985
1.709 0.3261301 0.0079331 -0.5291007
1.710 0.3266044 0.0078869 -0.529302
1.711 0.3270617 0.0078409 -0.5295022
1.712 0.3275022 0.0077951 -0.5297015
1.713 0.3279247 0.0077496 -0.5299001
1.714 0.328328 0.0077044 -0.5300978
1.715 0.3287103 0.0076594 -0.5302944
1.716 0.3290718 0.0076147 -0.5304902
1.717 0.3294121 0.0075702 -0.5306852
1.718 0.3297307 0.007526 -0.5308794
1.719 0.3300268 0.0074821 -0.5310725
1.720 0.3303024 0.0074383 -0.5312651
1.721 0.3305563 0.0073948 -0.5314566
1.722 0.3307901 0.0073516 -0.5316473
1.723 0.3310039 0.0073086 -0.531837
1.724 0.3312004 0.0072658 -0.5320261
1.725 0.3313793 0.0072233 -0.5322142
1.726 0.3315425 0.0071811 -0.5324015
1.727 0.3316907 0.0071391 -0.5325877
1.728 0.3318265 0.0070973 -0.5327734
1.729 0.3319497 0.0070557 -0.5329581
1.730 0.3320622 0.0070144 -0.5331421
1.731 0.3321649 0.0069733 -0.5333252
1.732 0.3322584 0.0069325 -0.5335074
1.733 0.3323446 0.0068919 -0.533689
1.734 0.3324234 0.0068515 -0.5338696
1.735 0.3324959 0.0068113 -0.5340494
1.736 0.3325623 0.0067714 -0.5342283
1.737 0.3326244 0.0067317 -0.5344066
1.738 0.3326816 0.0066923 -0.534584
1.739 0.3327349 0.006653 -0.5347606
1.740 0.3327849 0.006614 -0.5349364
1.741 0.3328318 0.0065752 -0.5351115
1.742 0.3328755 0.0065366 -0.5352857
1.743 0.3329169 0.0064982 -0.5354591
1.744 0.3329563 0.0064601 -0.5356318
1.745 0.3329939 0.0064222 -0.5358037
1.746 0.3330294 0.0063845 -0.5359747
1.747 0.3330641 0.006347 -0.5361452
1.748 0.3330971 0.0063097 -0.5363148
1.749 0.3331287 0.0062726 -0.5364834
1.750 0.3331599 0.0062358 -0.5366515
1.751 0.3331899 0.0061991 -0.5368187
1.752 0.3332199 0.0061627 -0.5369853
1.753 0.333249 0.0061265 -0.5371511
1.754 0.3332772 0.0060905 -0.5373159
1.755 0.3333056 0.0060546 -0.5374803
1.756 0.3333334 0.0060191 -0.5376437
1.757 0.3333612 0.0059837 -0.5378065
1.758 0.3333889 0.0059485 -0.5379685
1.759 0.3334167 0.0059135 -0.5381299
1.760 0.3334446 0.0058786 -0.5382906
1.761 0.3334722 0.0058441 -0.5384504
1.762 0.3335 0.0058097 -0.5386095
1.763 0.3335281 0.0057755 -0.5387679
1.764 0.333556 0.0057415 -0.5389254
1.765 0.3335848 0.0057077 -0.5390825
1.766 0.3336134 0.0056741 -0.5392387
1.767 0.3336425 0.0056406 -0.5393942
1.768 0.3336721 0.0056074 -0.5395491
1.769 0.3337016 0.0055744 -0.5397031
1.770 0.3337321 0.0055415 -0.5398566
1.771 0.3337627 0.0055089 -0.5400093
1.772 0.3337938 0.0054764 -0.5401613
1.773 0.3338255 0.0054441 -0.5403127
1.774 0.3338573 0.0054121 -0.5404633
1.775 0.3338902 0.0053801 -0.5406133
1.776 0.3339233 0.0053484 -0.5407626
1.777 0.3339569 0.0053169 -0.5409112
1.778 0.3339913 0.0052855 -0.5410592
1.779 0.3340258 0.0052543 -0.5412063
1.780 0.3340609 0.0052234 -0.5413528
1.781 0.3340973 0.0051925 -0.5414989
1.782 0.3341334 0.0051619 -0.541644
1.783 0.3341706 0.0051314 -0.5417886
1.784 0.3342086 0.0051011 -0.5419326
1.785 0.3342469 0.005071 -0.5420759
1.786 0.3342858 0.0050411 -0.5422184
1.787 0.3343255 0.0050114 -0.5423604
1.788 0.3343659 0.0049818 -0.5425018
1.789 0.3344066 0.0049524 -0.5426424
1.790 0.334448 0.0049231 -0.5427824
1.791 0.3344907 0.004894 -0.5429219
1.792 0.3345331 0.0048651 -0.5430605
1.793 0.3345768 0.0048364 -0.5431987
1.794 0.3346213 0.0048078 -0.5433363
1.795 0.3346661 0.0047794 -0.5434731
1.796 0.3347116 0.0047512 -0.5436093
1.797 0.3347579 0.0047231 -0.5437449
1.798 0.3348049 0.0046952 -0.54388
1.799 0.3348523 0.0046674 -0.5440143
1.800 0.3349004 0.0046399 -0.544148
1.801 0.3349492 0.0046124 -0.5442811
1.802 0.3349989 0.0045852 -0.5444137
1.803 0.3350494 0.0045581 -0.5445457
1.804 0.3351007 0.0045311 -0.5446771
1.805 0.3351522 0.0045043 -0.5448078
1.806 0.3352045 0.0044777 -0.544938
1.807 0.3352575 0.0044512 -0.5450675
1.808 0.3353114 0.0044249 -0.5451965
1.809 0.3353655 0.0043987 -0.5453248
1.810 0.3354204 0.0043727 -0.5454525
1.811 0.3354767 0.0043468 -0.5455799
1.812 0.3355331 0.0043211 -0.5457065
1.813 0.3355898 0.0042955 -0.5458324
1.814 0.3356479 0.0042701 -0.545958
1.815 0.3357062 0.0042449 -0.5460828
1.816 0.3357652 0.0042197 -0.5462071
1.817 0.3358251 0.0041948 -0.5463309
1.818 0.3358857 0.0041699 -0.5464541
1.819 0.3359471 0.0041453 -0.5465768
1.820 0.3360087 0.0041207 -0.5466988
1.821 0.3360711 0.0040963 -0.5468203
1.822 0.3361343 0.0040721 -0.5469413
1.823 0.3361982 0.004048 -0.5470617
1.824 0.3362629 0.004024 -0.5471816
1.825 0.3363278 0.0040002 -0.5473009
1.826 0.3363935 0.0039765 -0.5474196
1.827 0.3364599 0.003953 -0.5475378
1.828 0.3365271 0.0039296 -0.5476555
1.829 0.3365951 0.0039063 -0.5477727
1.830 0.3366638 0.0038831 -0.5478894
1.831 0.3367327 0.0038601 -0.5480055
1.832 0.3368024 0.0038373 -0.548121
1.833 0.3368728 0.0038146 -0.548236
1.834 0.3369439 0.003792 -0.5483506
1.835 0.3370152 0.0037695 -0.5484645
1.836 0.3370879 0.0037472 -0.5485781
1.837 0.3371607 0.003725 -0.548691
1.838 0.3372342 0.0037029 -0.5488034
1.839 0.3373085 0.003681 -0.5489154
1.840 0.3373829 0.0036592 -0.5490267
1.841 0.3374587 0.0036375 -0.5491377
1.842 0.3375346 0.0036159 -0.549248
1.843 0.3376112 0.0035945 -0.5493579
1.844 0.3376885 0.0035732 -0.5494674
1.845 0.3377666 0.003552 -0.5495763
1.846 0.3378447 0.003531 -0.5496846
1.847 0.3379236 0.0035101 -0.5497925
1.848 0.3380038 0.0034892 -0.5499001
1.849 0.3380835 0.0034686 -0.5500069
1.850 0.3381645 0.003448 -0.5501134
1.851 0.3382463 0.0034276 -0.5502194
1.852 0.3383281 0.0034073 -0.5503248
1.853 0.3384112 0.0033871 -0.5504299
1.854 0.3384945 0.003367 -0.5505345
1.855 0.3385777 0.003347 -0.5506384
1.856 0.3386623 0.0033272 -0.550742
1.857 0.3387476 0.0033075 -0.5508452
1.858 0.338833 0.0032879 -0.5509478
1.859 0.338919 0.0032684 -0.55105
1.860 0.3390058 0.003249 -0.5511517
1.861 0.3390932 0.0032297 -0.551253
1.862 0.3391812 0.0032106 -0.5513539
1.863 0.3392693 0.0031916 -0.5514542
1.864 0.3393581 0.0031727 -0.5515541
1.865 0.3394476 0.0031538 -0.5516535
1.866 0.3395377 0.0031351 -0.5517525
1.867 0.3396285 0.0031166 -0.5518511
1.868 0.3397193 0.0030981 -0.5519491
1.869 0.3398113 0.0030797 -0.5520469
1.870 0.3399034 0.0030615 -0.5521441
1.871 0.3399962 0.0030433 -0.5522409
1.872 0.3400896 0.0030253 -0.5523372
1.873 0.3401836 0.0030073 -0.5524332
1.874 0.3402776 0.0029895 -0.5525286
1.875 0.3403723 0.0029718 -0.5526236
1.876 0.3404676 0.0029542 -0.5527183
1.877 0.3405635 0.0029367 -0.5528125
1.878 0.3406601 0.0029192 -0.5529063
1.879 0.3407573 0.0029019 -0.5529997
1.880 0.3408544 0.0028847 -0.5530926
1.881 0.3409528 0.0028676 -0.5531852
1.882 0.3410512 0.0028506 -0.5532773
1.883 0.3411502 0.0028337 -0.553369
1.884 0.3412492 0.0028169 -0.5534602
1.885 0.3413494 0.0028002 -0.5535511
1.886 0.3414495 0.0027836 -0.5536415
1.887 0.3415503 0.0027671 -0.5537315
1.888 0.3416523 0.0027507 -0.5538213
1.889 0.3417536 0.0027344 -0.5539104
1.890 0.3418561 0.0027182 -0.5539993
1.891 0.3419593 0.0027021 -0.5540878
1.892 0.3420623 0.0026861 -0.5541759
1.893 0.3421659 0.0026702 -0.5542635
1.894 0.3422701 0.0026543 -0.5543508
1.895 0.3423749 0.0026386 -0.5544377
1.896 0.3424803 0.0026229 -0.5545242
1.897 0.3425856 0.0026074 -0.5546103
1.898 0.3426921 0.0025919 -0.5546961
1.899 0.3427984 0.0025766 -0.5547814
1.900 0.3429054 0.0025613 -0.5548664
1.901 0.3430129 0.0025461 -0.554951
1.902 0.3431203 0.002531 -0.5550352
1.903 0.3432289 0.002516 -0.5551191
1.904 0.3433374 0.0025011 -0.5552025
1.905 0.3434465 0.0024863 -0.5552856
1.906 0.3435561 0.0024716 -0.5553683
1.907 0.3436662 0.0024569 -0.5554507
1.908 0.3437769 0.0024424 -0.5555328
1.909 0.3438881 0.0024279 -0.5556145
1.910 0.3439991 0.0024135 -0.5556957
1.911 0.3441107 0.0023992 -0.5557766
1.912 0.3442228 0.002385 -0.5558572
1.913 0.3443354 0.0023708 -0.5559374
1.914 0.3444486 0.0023568 -0.5560173
1.915 0.3445616 0.0023428 -0.5560967
1.916 0.3446751 0.002329 -0.5561759
1.917 0.3447898 0.0023152 -0.5562548
1.918 0.3449043 0.0023014 -0.5563332
1.919 0.3450193 0.0022878 -0.5564113
1.920 0.3451342 0.0022743 -0.556489
1.921 0.3452502 0.0022608 -0.5565665
1.922 0.345366 0.0022474 -0.5566436
1.923 0.3454824 0.0022341 -0.5567203
1.924 0.3455992 0.0022208 -0.5567967
1.925 0.3457165 0.0022077 -0.5568728
1.926 0.3458343 0.0021946 -0.5569486
1.927 0.3459526 0.0021816 -0.557024
1.928 0.3460707 0.0021687 -0.5570991
1.929 0.3461893 0.0021559 -0.5571738
1.930 0.3463083 0.0021431 -0.5572483
1.931 0.3464278 0.0021304 -0.5573224
1.932 0.3465478 0.0021178 -0.5573962
1.933 0.3466682 0.0021052 -0.5574697
1.934 0.3467884 0.0020928 -0.5575428
1.935 0.3469091 0.0020804 -0.5576156
1.936 0.3470302 0.0020681 -0.5576881
1.937 0.3471518 0.0020558 -0.5577603
1.938 0.3472738 0.0020437 -0.5578322
1.939 0.3473963 0.0020316 -0.5579038
1.940 0.3475185 0.0020195 -0.557975
1.941 0.3476419 0.0020076 -0.5580461
1.942 0.347765 0.0019957 -0.5581167
1.943 0.3478886 0.0019839 -0.558187
1.944 0.3480126 0.0019721 -0.5582571
1.945 0.3481363 0.0019605 -0.5583268
1.946 0.3482612 0.0019489 -0.5583963
1.947 0.3483858 0.0019373 -0.5584654
1.948 0.3485108 0.0019259 -0.5585342
1.949 0.348637 0.0019145 -0.5586028
1.950 0.3487621 0.0019032 -0.558671
1.951 0.3488884 0.0018919 -0.558739
1.952 0.3490151 0.0018807 -0.5588067
1.953 0.3491415 0.0018696 -0.558874
1.954 0.3492691 0.0018585 -0.5589412
1.955 0.3493963 0.0018475 -0.559008
1.956 0.3495239 0.0018366 -0.5590745
1.957 0.3496512 0.0018257 -0.5591407
1.958 0.3497797 0.0018149 -0.5592066
1.959 0.3499085 0.0018042 -0.5592724
1.960 0.3500371 0.0017935 -0.5593377
1.961 0.350166 0.0017829 -0.5594028
1.962 0.3502953 0.0017724 -0.5594676
1.963 0.350425 0.0017619 -0.5595322
1.964 0.3505551 0.0017515 -0.5595965
1.965 0.3506855 0.0017411 -0.5596606
1.966 0.3508157 0.0017308 -0.5597243
1.967 0.3509462 0.0017206 -0.5597877
1.968 0.3510771 0.0017104 -0.5598509
1.969 0.3512083 0.0017003 -0.5599139
1.970 0.35134 0.0016903 -0.5599766
1.971 0.351472 0.0016803 -0.560039
1.972 0.3516044 0.0016704 -0.5601012
1.973 0.3517364 0.0016605 -0.5601631
1.974 0.3518688 0.0016507 -0.5602247
1.975 0.3520015 0.0016409 -0.560286
1.976 0.3521346 0.0016312 -0.5603472
1.977 0.3522681 0.0016216 -0.560408
1.978 0.3524019 0.001612 -0.5604687
1.979 0.3525354 0.0016025 -0.560529
1.980 0.3526691 0.001593 -0.5605891
1.981 0.352804 0.0015836 -0.560649
1.982 0.3529385 0.0015743 -0.5607086
1.983 0.3530733 0.001565 -0.5607679
1.984 0.3532077 0.0015557 -0.560827
1.985 0.3533433 0.0015466 -0.5608859
1.986 0.3534784 0.0015374 -0.5609444
1.987 0.3536145 0.0015283 -0.5610029
1.988 0.3537503 0.0015193 -0.561061
1.989 0.3538864 0.0015104 -0.5611189
1.990 0.3540228 0.0015014 -0.5611765
1.991 0.3541589 0.0014926 -0.5612339
1.992 0.3542959 0.0014838 -0.5612911
1.993 0.3544326 0.001475 -0.561348
1.994 0.3545703 0.0014663 -0.5614048
1.995 0.3547076 0.0014577 -0.5614613
1.996 0.3548452 0.0014491 -0.5615175
1.997 0.3549832 0.0014405 -0.5615735
1.998 0.3551206 0.001432 -0.5616293
1.999 0.3552592 0.0014236 -0.5616848
2.000 0.3553973 0.0014152 -0.5617401
2.001 0.3555365 0.0014068 -0.5617953
2.002 0.3556752 0.0013985 -0.5618502
2.003 0.3558142 0.0013903 -0.5619048
2.004 0.3559535 0.0013821 -0.5619593
2.005 0.3560924 0.0013739 -0.5620134
2.006 0.3562323 0.0013658 -0.5620675
2.007 0.3563717 0.0013578 -0.5621212
2.008 0.3565115 0.0013498 -0.5621748
2.009 0.3566523 0.0013418 -0.5622282
2.010 0.3567926 0.0013339 -0.5622813
2.011 0.3569324 0.0013261 -0.5623341
2.012 0.3570733 0.0013182 -0.5623869
2.013 0.3572145 0.0013105 -0.5624394
2.014 0.3573551 0.0013027 -0.5624916
2.015 0.3574961 0.0012951 -0.5625437
2.016 0.3576373 0.0012874 -0.5625955
2.017 0.3577789 0.0012799 -0.5626472
2.018 0.3579206 0.0012723 -0.5626986
2.019 0.3580627 0.0012648 -0.5627499
2.020 0.358205 0.0012574 -0.562801
2.021 0.3583468 0.00125 -0.5628518
2.022 0.3584889 0.0012426 -0.5629024
2.023 0.3586313 0.0012353 -0.5629528
2.024 0.3587739 0.001228 -0.563003
2.025 0.3589168 0.0012208 -0.5630531
2.026 0.3590599 0.0012136 -0.5631029
2.027 0.3592033 0.0012064 -0.5631526
2.028 0.3593461 0.0011994 -0.563202
2.029 0.3594893 0.0011923 -0.5632512
2.030 0.3596326 0.0011853 -0.5633003
2.031 0.359777 0.0011783 -0.5633492
2.032 0.3599201 0.0011714 -0.5633978
2.033 0.3600642 0.0011645 -0.5634463
2.034 0.3602086 0.0011576 -0.5634946
2.035 0.3603524 0.0011508 -0.5635427
2.036 0.3604972 0.001144 -0.5635906
2.037 0.3606415 0.0011373 -0.5636383
2.038 0.360786 0.0011306 -0.5636859
2.039 0.3609308 0.001124 -0.5637332
2.040 0.3610758 0.0011174 -0.5637804
2.041 0.3612203 0.0011108 -0.5638274
2.042 0.3613657 0.0011043 -0.5638742
2.043 0.3615106 0.0010978 -0.5639208
2.044 0.3616557 0.0010913 -0.5639672
2.045 0.3618019 0.0010849 -0.5640135
2.046 0.3619475 0.0010785 -0.5640596
2.047 0.3620925 0.0010722 -0.5641055
2.048 0.3622385 0.0010659 -0.5641512
2.049 0.3623847 0.0010596 -0.5641968
2.050 0.3625304 0.0010534 -0.5642422
2.051 0.3626771 0.0010472 -0.5642874
2.052 0.3628231 0.0010411 -0.5643325
2.053 0.3629695 0.0010349 -0.5643773
2.054 0.363116 0.0010289 -0.564422
2.055 0.3632619 0.0010228 -0.5644665
2.056 0.3634088 0.0010168 -0.5645109
2.057 0.363556 0.0010108 -0.5645551
2.058 0.3637025 0.0010049 -0.5645991
2.059 0.3638493 0.000999 -0.564643
2.060 0.3639962 0.0009931 -0.5646867
2.061 0.3641433 0.0009873 -0.5647302
2.062 0.3642907 0.0009815 -0.5647736
2.063 0.3644382 0.0009757 -0.5648168
2.064 0.364586 0.00097 -0.5648598
2.065 0.3647331 0.0009643 -0.5649027
2.066 0.3648804 0.0009587 -0.5649454
2.067 0.3650287 0.000953 -0.564988
2.068 0.3651764 0.0009474 -0.5650304
2.069 0.3653243 0.0009419 -0.5650726
2.070 0.3654716 0.0009364 -0.5651147
2.071 0.3656199 0.0009309 -0.5651566
2.072 0.3657683 0.0009254 -0.5651984
2.073 0.3659161 0.00092 -0.56524
2.074 0.3660641 0.0009146 -0.5652815
2.075 0.3662123 0.0009092 -0.5653228
2.076 0.3663607 0.0009039 -0.565364
2.077 0.3665092 0.0008986 -0.565405
2.078 0.3666579 0.0008933 -0.5654459
2.079 0.3668068 0.0008881 -0.5654866
2.080 0.366955 0.0008829 -0.5655271
2.081 0.3671042 0.0008777 -0.5655676
2.082 0.3672528 0.0008726 -0.5656078
2.083 0.3674016 0.0008674 -0.5656479
2.084 0.3675505 0.0008624 -0.5656879
2.085 0.3676996 0.0008573 -0.5657278
2.086 0.3678488 0.0008523 -0.5657675
2.087 0.3679974 0.0008473 -0.565807
2.088 0.368147 0.0008423 -0.5658464
2.089 0.3682959 0.0008374 -0.5658856
2.090 0.368445 0.0008325 -0.5659248
2.091 0.3685942 0.0008276 -0.5659637
2.092 0.3687436 0.0008228 -0.5660026
2.093 0.3688931 0.000818 -0.5660413
2.094 0.3690428 0.0008132 -0.5660799
2.095 0.3691927 0.0008084 -0.5661183
2.096 0.3693419 0.0008037 -0.5661566
2.097 0.3694912 0.000799 -0.5661947
2.098 0.3696415 0.0007943 -0.5662328
2.099 0.3697911 0.0007896 -0.5662706
2.100 0.3699409 0.000785 -0.5663084
2.101 0.3700908 0.0007804 -0.566346
2.102 0.37024 0.0007759 -0.5663835
2.103 0.3703902 0.0007713 -0.5664208
2.104 0.3705397 0.0007668 -0.566458
2.105 0.3706902 0.0007623 -0.5664952
2.106 0.37084 0.0007579 -0.5665321
2.107 0.3709899 0.0007534 -0.5665689
2.108 0.37114 0.000749 -0.5666057
2.109 0.3712902 0.0007446 -0.5666422
2.110 0.3714405 0.0007403 -0.5666787
2.111 0.3715902 0.000736 -0.566715
2.112 0.3717408 0.0007317 -0.5667512
2.113 0.3718907 0.0007274 -0.5667873
2.114 0.3720415 0.0007231 -0.5668233
2.115 0.3721917 0.0007189 -0.5668591
2.116 0.372342 0.0007147 -0.5668948
2.117 0.3724924 0.0007105 -0.5669304
2.118 0.3726421 0.0007064 -0.5669658
2.119 0.3727927 0.0007022 -0.5670012
2.120 0.3729427 0.0006981 -0.5670364
2.121 0.3730936 0.0006941 -0.5670715
2.122 0.3732438 0.00069 -0.5671065
2.123 0.3733941 0.000686 -0.5671413
2.124 0.3735445 0.000682 -0.5671761
2.125 0.3736951 0.000678 -0.5672107
2.126 0.3738457 0.000674 -0.5672452
2.127 0.3739965 0.0006701 -0.5672796
2.128 0.3741465 0.0006662 -0.5673139
2.129 0.3742975 0.0006623 -0.5673481
2.130 0.3744478 0.0006584 -0.5673821
2.131 0.3745982 0.0006546 -0.567416
2.132 0.3747487 0.0006508 -0.5674499
2.133 0.3748993 0.000647 -0.5674836
2.134 0.37505 0.0006432 -0.5675172
2.135 0.3752008 0.0006394 -0.5675507
2.136 0.3753509 0.0006357 -0.567584
2.137 0.3755019 0.000632 -0.5676173
2.138 0.3756522 0.0006283 -0.5676505
2.139 0.3758034 0.0006246 -0.5676835
2.140 0.3759539 0.000621 -0.5677165
2.141 0.3761045 0.0006174 -0.5677493
2.142 0.3762552 0.0006138 -0.5677821
2.143 0.3764052 0.0006102 -0.5678146
2.144 0.376556 0.0006066 -0.5678472
2.145 0.376707 0.0006031 -0.5678796
2.146 0.3768573 0.0005996 -0.5679119
2.147 0.3770076 0.0005961 -0.5679441
2.148 0.377158 0.0005926 -0.5679762
2.149 0.3773094 0.0005892 -0.5680082
2.150 0.3774591 0.0005857 -0.5680401
2.151 0.3776098 0.0005823 -0.5680719
2.152 0.3777606 0.0005789 -0.5681036
2.153 0.3779115 0.0005755 -0.5681352
2.154 0.3780616 0.0005722 -0.5681666
2.155 0.3782126 0.0005689 -0.568198
2.156 0.3783629 0.0005655 -0.5682293
2.157 0.3785133 0.0005622 -0.5682605
2.158 0.3786637 0.000559 -0.5682916
2.159 0.3788143 0.0005557 -0.5683226
2.160 0.3789649 0.0005525 -0.5683535
2.161 0.3791148 0.0005493 -0.5683843
2.162 0.3792655 0.0005461 -0.568415
2.163 0.3794155 0.0005429 -0.5684456
2.164 0.3795665 0.0005397 -0.5684761
2.165 0.3797166 0.0005366 -0.5685065
2.166 0.3798669 0.0005335 -0.5685368
2.167 0.3800172 0.0005304 -0.5685671
2.168 0.3801676 0.0005273 -0.5685972
2.169 0.3803181 0.0005242 -0.5686273
2.170 0.3804678 0.0005211 -0.5686572
2.171 0.3806184 0.0005181 -0.5686871
2.172 0.3807682 0.0005151 -0.5687168
2.173 0.380919 0.0005121 -0.5687465
2.174 0.3810689 0.0005091 -0.5687761
2.175 0.381219 0.0005062 -0.5688056
2.176 0.3813691 0.0005032 -0.568835
2.177 0.3815193 0.0005003 -0.5688643
2.178 0.3816695 0.0004974 -0.5688936
2.179 0.381819 0.0004945 -0.5689227
2.180 0.3819693 0.0004916 -0.5689518
2.181 0.3821189 0.0004888 -0.5689807
2.182 0.3822694 0.0004859 -0.5690096
2.183 0.3824192 0.0004831 -0.5690384
2.184 0.3825689 0.0004803 -0.5690671
2.185 0.3827188 0.0004775 -0.5690957
2.186 0.3828687 0.0004747 -0.5691243
2.187 0.3830186 0.0004719 -0.5691527
2.188 0.3831678 0.0004692 -0.5691811
2.189 0.3833178 0.0004665 -0.5692094
2.190 0.3834671 0.0004638 -0.5692376
2.191 0.3836173 0.0004611 -0.5692657
2.192 0.3837667 0.0004584 -0.5692937
2.193 0.3839161 0.0004557 -0.5693217
2.194 0.3840656 0.0004531 -0.5693496
2.195 0.3842152 0.0004504 -0.5693774
2.196 0.3843647 0.0004478 -0.5694051
2.197 0.3845136 0.0004452 -0.5694327
2.198 0.3846632 0.0004426 -0.5694603
2.199 0.3848121 0.0004401 -0.5694877
2.200 0.3849619 0.0004375 -0.5695152
2.201 0.3851109 0.000435 -0.5695425
2.202 0.38526 0.0004325 -0.5695697
2.203 0.3854091 0.0004299 -0.5695969
2.204 0.3855582 0.0004274 -0.569624
2.205 0.3857074 0.000425 -0.569651
2.206 0.3858558 0.0004225 -0.5696779
2.207 0.386005 0.00042 -0.5697048
2.208 0.3861535 0.0004176 -0.5697315
2.209 0.3863028 0.0004152 -0.5697582
2.210 0.3864514 0.0004128 -0.5697849
2.211 0.3866 0.0004104 -0.5698114
2.212 0.3867486 0.000408 -0.5698379
2.213 0.3868973 0.0004056 -0.5698643
2.214 0.387046 0.0004033 -0.5698907
2.215 0.3871947 0.0004009 -0.5699169
2.216 0.3873426 0.0003986 -0.5699431
2.217 0.3874914 0.0003963 -0.5699692
2.218 0.3876395 0.000394 -0.5699953
2.219 0.3877883 0.0003917 -0.5700213
2.220 0.3879364 0.0003894 -0.5700472
2.221 0.3880845 0.0003872 -0.570073
2.222 0.3882327 0.0003849 -0.5700988
2.223 0.3883808 0.0003827 -0.5701245
2.224 0.388529 0.0003805 -0.5701501
2.225 0.3886764 0.0003783 -0.5701756
2.226 0.3888247 0.0003761 -0.5702011
2.227 0.3889721 0.0003739 -0.5702265
2.228 0.3891205 0.0003717 -0.5702519
2.229 0.389268 0.0003696 -0.5702772
2.230 0.3894155 0.0003674 -0.5703024
2.231 0.3895631 0.0003653 -0.5703275
2.232 0.3897107 0.0003632 -0.5703526
2.233 0.3898583 0.0003611 -0.5703776
2.234 0.3900059 0.000359 -0.5704026
2.235 0.3901527 0.0003569 -0.5704275
2.236 0.3903004 0.0003549 -0.5704523
2.237 0.3904473 0.0003528 -0.570477
2.238 0.3905942 0.0003508 -0.5705017
2.239 0.390742 0.0003487 -0.5705264
2.240 0.3908889 0.0003467 -0.5705509
2.241 0.3910359 0.0003447 -0.5705754
2.242 0.3911828 0.0003427 -0.5705999
2.243 0.3913298 0.0003407 -0.5706242
2.244 0.391476 0.0003387 -0.5706485
2.245 0.3916231 0.0003368 -0.5706728
2.246 0.3917693 0.0003348 -0.570697
2.247 0.3919163 0.0003329 -0.5707211
2.248 0.3920626 0.000331 -0.5707452
2.249 0.3922089 0.0003291 -0.5707692
2.250 0.3923551 0.0003272 -0.5707931
2.251 0.3925014 0.0003253 -0.570817
2.252 0.3926478 0.0003234 -0.5708408
2.253 0.3927941 0.0003215 -0.5708646
2.254 0.3929404 0.0003196 -0.5708883
2.255 0.3930859 0.0003178 -0.5709119
2.256 0.3932323 0.000316 -0.5709355
2.257 0.3933778 0.0003141 -0.570959
2.258 0.3935234 0.0003123 -0.5709825
2.259 0.3936698 0.0003105 -0.5710059
2.260 0.3938154 0.0003087 -0.5710293
2.261 0.393961 0.0003069 -0.5710526
2.262 0.3941065 0.0003051 -0.5710758
2.263 0.3942513 0.0003034 -0.571099
2.264 0.3943969 0.0003016 -0.5711221
2.265 0.3945425 0.0002999 -0.5711452
2.266 0.3946873 0.0002981 -0.5711682
2.267 0.394833 0.0002964 -0.5711912
2.268 0.3949777 0.0002947 -0.5712141
2.269 0.3951225 0.000293 -0.5712369
2.270 0.3952674 0.0002913 -0.5712597
2.271 0.3954122 0.0002896 -0.5712824
2.272 0.395557 0.000288 -0.5713051
2.273 0.3957018 0.0002863 -0.5713278
2.274 0.3958467 0.0002846 -0.5713503
2.275 0.3959906 0.000283 -0.5713729
2.276 0.3961355 0.0002814 -0.5713953
2.277 0.3962795 0.0002797 -0.5714178
2.278 0.3964235 0.0002781 -0.5714401
2.279 0.3965683 0.0002765 -0.5714624
2.280 0.3967123 0.0002749 -0.5714847
2.281 0.3968563 0.0002733 -0.5715069
2.282 0.3970003 0.0002717 -0.5715291
2.283 0.3971435 0.0002702 -0.5715512
2.284 0.3972875 0.0002686 -0.5715732
2.285 0.3974315 0.0002671 -0.5715953
2.286 0.3975747 0.0002655 -0.5716172
2.287 0.3977187 0.000264 -0.5716391
2.288 0.3978618 0.0002625 -0.571661
2.289 0.398005 0.0002609 -0.5716828
2.290 0.3981481 0.0002594 -0.5717045
2.291 0.3982921 0.0002579 -0.5717263
2.292 0.3984344 0.0002564 -0.5717479
2.293 0.3985776 0.000255 -0.5717695
2.294 0.3987207 0.0002535 -0.5717911
2.295 0.3988638 0.000252 -0.5718126
2.296 0.3990061 0.0002506 -0.5718341
2.297 0.3991492 0.0002491 -0.5718555
2.298 0.3992915 0.0002477 -0.5718769
2.299 0.3994337 0.0002463 -0.5718982
2.300 0.3995769 0.0002448 -0.5719195
2.301 0.3997191 0.0002434 -0.5719407
2.302 0.3998613 0.000242 -0.5719619
2.303 0.4000036 0.0002406 -0.5719831
2.304 0.400145 0.0002392 -0.5720042
2.305 0.4002872 0.0002378 -0.5720252
2.306 0.4004294 0.0002365 -0.5720462
2.307 0.4005707 0.0002351 -0.5720672
2.308 0.4007129 0.0002338 -0.5720881
2.309 0.4008543 0.0002324 -0.572109
2.310 0.4009956 0.0002311 -0.5721298
2.311 0.4011369 0.0002297 -0.5721506
2.312 0.401279 0.0002284 -0.5721713
2.313 0.4014195 0.0002271 -0.572192
2.314 0.4015608 0.0002258 -0.5722127
2.315 0.401702 0.0002245 -0.5722333
2.316 0.4018433 0.0002232 -0.5722538
2.317 0.4019837 0.0002219 -0.5722744
2.318 0.4021249 0.0002206 -0.5722949
2.319 0.4022653 0.0002193 -0.5723153
2.320 0.4024065 0.0002181 -0.5723357
2.321 0.4025468 0.0002168 -0.572356
2.322 0.4026871 0.0002156 -0.5723764
2.323 0.4028275 0.0002143 -0.5723966
2.324 0.4029677 0.0002131 -0.5724169
2.325 0.403108 0.0002119 -0.572437
2.326 0.4032483 0.0002106 -0.5724572
2.327 0.4033877 0.0002094 -0.5724773
2.328 0.4035279 0.0002082 -0.5724974
2.329 0.4036673 0.000207 -0.5725174
2.330 0.4038075 0.0002058 -0.5725374
2.331 0.4039468 0.0002046 -0.5725573
2.332 0.4040861 0.0002035 -0.5725772
2.333 0.4042254 0.0002023 -0.5725971
2.334 0.4043647 0.0002011 -0.5726169
2.335 0.404504 0.0002 -0.5726367
2.336 0.4046432 0.0001988 -0.5726565
2.337 0.4047825 0.0001977 -0.5726762
2.338 0.4049217 0.0001965 -0.5726959
2.339 0.40506 0.0001954 -0.5727155
2.340 0.4051992 0.0001943 -0.5727351
2.341 0.4053375 0.0001931 -0.5727547
2.342 0.4054757 0.000192 -0.5727742
2.343 0.4056148 0.0001909 -0.5727937
2.344 0.4057531 0.0001898 -0.5728131
2.345 0.4058913 0.0001887 -0.5728325
2.346 0.4060295 0.0001876 -0.5728519
2.347 0.4061668 0.0001866 -0.5728712
2.348 0.406305 0.0001855 -0.5728905
2.349 0.4064431 0.0001844 -0.5729098
2.350 0.4065812 0.0001834 -0.572929
2.351 0.4067184 0.0001823 -0.5729482
2.352 0.4068556 0.0001812 -0.5729674
2.353 0.4069937 0.0001802 -0.5729865
2.354 0.4071308 0.0001792 -0.5730056
2.355 0.407268 0.0001781 -0.5730246
2.356 0.4074051 0.0001771 -0.5730436
2.357 0.4075422 0.0001761 -0.5730626
2.358 0.4076792 0.0001751 -0.5730816
2.359 0.4078163 0.0001741 -0.5731005
2.360 0.4079533 0.0001731 -0.5731194
2.361 0.4080894 0.0001721 -0.5731382
2.362 0.4082264 0.0001711 -0.573157
2.363 0.4083625 0.0001701 -0.5731758
2.364 0.4084985 0.0001691 -0.5731945
2.365 0.4086354 0.0001681 -0.5732132
2.366 0.4087714 0.0001672 -0.5732319
2.367 0.4089074 0.0001662 -0.5732505
2.368 0.4090434 0.0001652 -0.5732692
2.369 0.4091793 0.0001643 -0.5732877
2.370 0.4093152 0.0001633 -0.5733063
2.371 0.4094511 0.0001624 -0.5733248
2.372 0.4095861 0.0001615 -0.5733433
2.373 0.4097219 0.0001605 -0.5733617
2.374 0.4098568 0.0001596 -0.5733801
2.375 0.4099926 0.0001587 -0.5733985
2.376 0.4101275 0.0001578 -0.5734169
2.377 0.4102623 0.0001569 -0.5734352
2.378 0.4103971 0.000156 -0.5734535
2.379 0.4105319 0.0001551 -0.5734717
2.380 0.4106667 0.0001542 -0.5734899
2.381 0.4108014 0.0001533 -0.5735081
2.382 0.4109361 0.0001524 -0.5735263
2.383 0.4110708 0.0001515 -0.5735444
2.384 0.4112046 0.0001507 -0.5735625
2.385 0.4113392 0.0001498 -0.5735806
2.386 0.4114729 0.0001489 -0.5735987
2.387 0.4116075 0.0001481 -0.5736167
2.388 0.4117412 0.0001472 -0.5736347
2.389 0.4118748 0.0001464 -0.5736526
2.390 0.4120084 0.0001455 -0.5736705
2.391 0.412142 0.0001447 -0.5736884
2.392 0.4122755 0.0001439 -0.5737063
2.393 0.412409 0.000143 -0.5737241
2.394 0.4125425 0.0001422 -0.5737419
2.395 0.412676 0.0001414 -0.5737597
2.396 0.4128085 0.0001406 -0.5737775
2.397 0.4129419 0.0001398 -0.5737952
2.398 0.4130744 0.000139 -0.5738129
2.399 0.4132077 0.0001382 -0.5738306
2.400 0.4133401 0.0001374 -0.5738482
2.401 0.4134725 0.0001366 -0.5738658
2.402 0.4136049 0.0001358 -0.5738834
2.403 0.4137372 0.000135 -0.5739009
2.404 0.4138695 0.0001342 -0.5739185
2.405 0.4140018 0.0001335 -0.573936
2.406 0.414134 0.0001327 -0.5739534
2.407 0.4142653 0.0001319 -0.5739709
2.408 0.4143975 0.0001312 -0.5739883
2.409 0.4145296 0.0001304 -0.5740057
2.410 0.4146608 0.0001297 -0.5740231
2.411 0.414792 0.0001289 -0.5740404
2.412 0.4149241 0.0001282 -0.5740577
2.413 0.4150552 0.0001274 -0.574075
2.414 0.4151863 0.0001267 -0.5740922
2.415 0.4153173 0.000126 -0.5741095
2.416 0.4154484 0.0001253 -0.5741267
2.417 0.4155794 0.0001245 -0.5741439
2.418 0.4157103 0.0001238 -0.574161
2.419 0.4158404 0.0001231 -0.5741782
2.420 0.4159712 0.0001224 -0.5741953
2.421 0.4161021 0.0001217 -0.5742123
2.422 0.416232 0.000121 -0.5742294
2.423 0.4163619 0.0001203 -0.5742464
2.424 0.4164927 0.0001196 -0.5742634
2.425 0.4166225 0.0001189 -0.5742804
2.426 0.4167523 0.0001182 -0.5742974
2.427 0.4168821 0.0001176 -0.5743143
2.428 0.4170118 0.0001169 -0.5743312
2.429 0.4171415 0.0001162 -0.5743481
2.430 0.4172712 0.0001155 -0.574365
2.431 0.4174008 0.0001149 -0.5743818
2.432 0.4175295 0.0001142 -0.5743986
2.433 0.417659 0.0001136 -0.5744154
2.434 0.4177877 0.0001129 -0.5744321
2.435 0.4179171 0.0001123 -0.5744489
2.436 0.4180457 0.0001116 -0.5744656
2.437 0.4181742 0.000111 -0.5744823
2.438 0.4183027 0.0001103 -0.574499
2.439 0.418432 0.0001097 -0.5745156
2.440 0.4185605 0.0001091 -0.5745322
2.441 0.418688 0.0001084 -0.5745488
2.442 0.4188163 0.0001078 -0.5745654
2.443 0.4189446 0.0001072 -0.574582
2.444 0.4190729 0.0001066 -0.5745985
2.445 0.4192002 0.000106 -0.574615
2.446 0.4193284 0.0001054 -0.5746315
2.447 0.4194557 0.0001048 -0.574648
2.448 0.4195838 0.0001041 -0.5746644
2.449 0.419711 0.0001035 -0.5746808
2.450 0.4198382 0.000103 -0.5746972
2.451 0.4199653 0.0001024 -0.5747136
2.452 0.4200933 0.0001018 -0.57473
2.453 0.4202203 0.0001012 -0.5747463
2.454 0.4203464 0.0001006 -0.5747626
2.455 0.4204734 0.0001 -0.5747789
2.456 0.4206003 0.0000995 -0.5747952
2.457 0.4207272 0.0000989 -0.5748114
2.458 0.4208532 0.0000983 -0.5748276
2.459 0.42098 0.0000977 -0.5748439
2.460 0.4211059 0.0000972 -0.57486
2.461 0.4212326 0.0000966 -0.5748762
2.462 0.4213585 0.0000961 -0.5748924
2.463 0.4214842 0.0000955 -0.5749085
2.464 0.42161 0.000095 -0.5749246
2.465 0.4217357 0.0000944 -0.5749407
2.466 0.4218614 0.0000939 -0.5749567
2.467 0.421987 0.0000933 -0.5749728
2.468 0.4221126 0.0000928 -0.5749888
2.469 0.4222381 0.0000923 -0.5750048
2.470 0.4223627 0.0000917 -0.5750208
2.471 0.4224882 0.0000912 -0.5750367
2.472 0.4226136 0.0000907 -0.5750527
2.473 0.4227381 0.0000902 -0.5750686
2.474 0.4228626 0.0000896 -0.5750845
2.475 0.4229879 0.0000891 -0.5751004
2.476 0.4231123 0.0000886 -0.5751163
2.477 0.4232366 0.0000881 -0.5751321
2.478 0.4233609 0.0000876 -0.5751479
2.479 0.4234852 0.0000871 -0.5751638
2.480 0.4236094 0.0000866 -0.5751795
2.481 0.4237336 0.0000862 -0.5751953
2.482 0.4217035 -0.0000856 -0.5754091
2.483 0.4239809 0.0000851 -0.5752268
2.484 0.4219676 -0.0000846 -0.5754382
2.485 0.4220992 -0.0000842 -0.5754527
2.486 0.4243521 0.0000837 -0.5752739
2.487
2.488 0.424599 0.0000827 -0.5753052
2.489 0.4226263 -0.0000822 -0.5755106
2.490 0.424845 0.0000817 -0.5753364
2.491 0.4228885 -0.0000813 -0.5755395
2.492 0.4250907 0.0000808 -0.5753676
2.493 0.4252135 0.0000803 -0.5753831
2.494 0.4253363 0.0000799 -0.5753987
2.495 0.425459 0.0000794 -0.5754142
2.496 0.4255808 0.000079 -0.5754297
2.497 0.4257035 0.0000785 -0.5754452
2.498 0.4258252 0.0000781 -0.5754606
2.499 0.4259477 0.0000776 -0.5754761
2.500 0.4260694 0.0000772 -0.5754915
2.501
2.502 0.4263134 0.0000763 -0.5755223
2.503 0.4264349 0.0000758 -0.5755377
2.504 0.4265564 0.0000754 -0.5755531
2.505 0.4266778 0.000075 -0.5755684
2.506 0.4267992 0.0000745 -0.5755837
2.507 0.4269206 0.0000741 -0.5755991
2.508 0.4270419 0.0000737 -0.5756144
2.509 0.4271631 0.0000733 -0.5756296
2.510 0.4272835 0.0000728 -0.5756449
2.511 0.4274047 0.0000724 -0.5756601
2.512 0.4275258 0.000072 -0.5756754
2.513 0.427646 0.0000716 -0.5756906
2.514 0.4277662 0.0000712 -0.5757058
2.515 0.4278872 0.0000708 -0.575721
2.516 0.4280073 0.0000704 -0.5757361
2.517 0.4281274 0.00007 -0.5757513
2.518 0.4282474 0.0000696 -0.5757664
2.519 0.4283673 0.0000692 -0.5757815
2.520 0.4284872 0.0000688 -0.5757966
2.521 0.4286071 0.0000684 -0.5758117
2.522 0.428727 0.000068 -0.5758268
2.523 0.4288467 0.0000676 -0.5758419
2.524 0.4289656 0.0000672 -0.5758569
2.525 0.4290853 0.0000668 -0.5758719
2.526 0.4292041 0.0000664 -0.5758869
2.527 0.4293237 0.000066 -0.5759019
2.528 0.4294424 0.0000657 -0.5759169
2.529 0.429562 0.0000653 -0.5759319
2.530 0.4296806 0.0000649 -0.5759468
2.531 0.4297992 0.0000645 -0.5759618
2.532 0.4299177 0.0000642 -0.5759767
2.533 0.4300362 0.0000638 -0.5759916
2.534 0.4301546 0.0000634 -0.5760065
2.535 0.430273 0.0000631 -0.5760214
2.536 0.4303914 0.0000627 -0.5760362
2.537 0.4305088 0.0000623 -0.5760511
2.538 0.4306271 0.000062 -0.5760659
2.539 0.4307453 0.0000616 -0.5760807
2.540 0.4308627 0.0000613 -0.5760955
2.541 0.4309808 0.0000609 -0.5761103
2.542 0.431098 0.0000606 -0.5761251
2.543 0.4312152 0.0000602 -0.5761399
2.544 0.4296445 -0.0000599 -0.5762903
2.545 0.4314503 0.0000595 -0.5761694
2.546 0.4315674 0.0000592 -0.5761841
2.547 0.4316844 0.0000588 -0.5761988
2.548 0.4318014 0.0000585 -0.5762135
2.549 0.4319183 0.0000582 -0.5762282
2.550 0.4320352 0.0000578 -0.5762428
2.551 0.4321512 0.0000575 -0.5762575
2.552 0.4322679 0.0000572 -0.5762721
2.553 0.4323847 0.0000568 -0.5762867
2.554 0.4325005 0.0000565 -0.5763014
2.555 0.4326172 0.0000562 -0.576316
2.556 0.432733 0.0000559 -0.5763305
2.557 0.4328487 0.0000555 -0.5763451
2.558 0.4329652 0.0000552 -0.5763597
2.559 0.4330808 0.0000549 -0.5763742
2.560 0.4331964 0.0000546 -0.5763887
2.561 0.4333119 0.0000543 -0.5764033
2.562 0.4334274 0.000054 -0.5764178
2.563 0.4319755 -0.0000537 -0.5765531
2.564 0.4336583 0.0000533 -0.5764468
2.565 0.4337736 0.000053 -0.5764612
2.566 0.4338881 0.0000527 -0.5764757
2.567 0.4340034 0.0000524 -0.5764901
2.568 0.4341186 0.0000521 -0.5765046
2.569 0.4342329 0.0000518 -0.576519
2.570 0.4343481 0.0000515 -0.5765334
2.571 0.4344623 0.0000512 -0.5765478
2.572 0.4345765 0.0000509 -0.5765621
2.573 0.4346915 0.0000506 -0.5765765
2.574 0.4348056 0.0000503 -0.5765909
2.575 0.4349197 0.0000501 -0.5766052
2.576 0.4350337 0.0000498 -0.5766196
2.577 0.4351477 0.0000495 -0.5766339
2.578 0.4352616 0.0000492 -0.5766482
2.579 0.4339037 -0.0000489 -0.5767721
2.580 0.4354885 0.0000486 -0.5766768
2.581 0.434142 -0.0000484 -0.5767993
2.582 0.435716 0.0000481 -0.5767053
2.583 0.4358289 0.0000478 -0.5767195
2.584 0.4359425 0.0000475 -0.5767338
2.585 0.4360553 0.0000472 -0.576748
2.586 0.4361689 0.000047 -0.5767622
2.587 0.4362816 0.0000467 -0.5767764
2.588 0.4363942 0.0000464 -0.5767906
2.589 0.4365068 0.0000462 -0.5768048
2.590 0.4366193 0.0000459 -0.576819
2.591 0.4367318 0.0000456 -0.5768331
2.592 0.4368443 0.0000454 -0.5768473
2.593 0.4369567 0.0000451 -0.5768614
2.594 0.4370691 0.0000448 -0.5768755
2.595 0.4371814 0.0000446 -0.5768896
2.596 0.4372937 0.0000443 -0.5769037
2.597 0.4374051 0.0000441 -0.5769178
2.598 0.4375173 0.0000438 -0.5769319
2.599 0.4376286 0.0000436 -0.576946
2.600 0.4377407 0.0000433 -0.57696
2.601 0.4378519 0.0000431 -0.5769741
2.602 0.4379631 0.0000428 -0.5769881
2.603 0.438075 0.0000426 -0.5770021
2.604 0.4381861 0.0000423 -0.5770161
2.605 0.4382972 0.0000421 -0.5770301
2.606 0.4384082 0.0000418 -0.5770441
2.607 0.4385191 0.0000416 -0.5770581
2.608 0.43863 0.0000414 -0.5770721
2.609 0.4387409 0.0000411 -0.5770861
2.610 0.4388508 0.0000409 -0.5771
2.611 0.4389616 0.0000407 -0.5771139
2.612 0.4390724 0.0000404 -0.5771279
2.613 0.4391822 0.0000402 -0.5771418
2.614 0.4392928 0.00004 -0.5771557
2.615 0.4394026 0.0000397 -0.5771696
2.616 0.4395132 0.0000395 -0.5771835
2.617 0.4396228 0.0000393 -0.5771974
2.618 0.4397325 0.000039 -0.5772112
2.619 0.4398429 0.0000388 -0.5772251
2.620 0.4399524 0.0000386 -0.5772389
2.621 0.4400619 0.0000384 -0.5772528
2.622 0.4401714 0.0000381 -0.5772666
2.623 0.4402808 0.0000379 -0.5772804
2.624 0.4403902 0.0000377 -0.5772942
2.625 0.4404995 0.0000375 -0.577308
2.626 0.4406079 0.0000373 -0.5773218
2.627 0.4407171 0.0000371 -0.5773356
2.628 0.4408263 0.0000368 -0.5773494
2.629 0.4409346 0.0000366 -0.5773631
2.630 0.4410438 0.0000364 -0.5773769
2.631 0.441152 0.0000362 -0.5773906
2.632 0.4412601 0.000036 -0.5774043
2.633 0.4413691 0.0000358 -0.5774181
2.634 0.4414772 0.0000356 -0.5774318
2.635 0.4415853 0.0000354 -0.5774455
2.636 0.4416933 0.0000352 -0.5774592
2.637 0.4418012 0.000035 -0.5774728
2.638 0.4419092 0.0000348 -0.5774865
2.639 0.442017 0.0000346 -0.5775002
2.640 0.4421249 0.0000344 -0.5775138
2.641 0.4422327 0.0000342 -0.5775275
2.642 0.4423404 0.000034 -0.5775411
2.643 0.4424473 0.0000338 -0.5775547
2.644 0.442555 0.0000336 -0.5775684
2.645 0.4426626 0.0000334 -0.577582
2.646 0.4427693 0.0000332 -0.5775956
2.647 0.4428769 0.000033 -0.5776092
2.648 0.4429835 0.0000328 -0.5776227
2.649 0.4430901 0.0000326 -0.5776363
2.650 0.4431967 0.0000324 -0.5776499
2.651 0.4433041 0.0000323 -0.5776634
2.652 0.4434106 0.0000321 -0.577677
2.653 0.443517 0.0000319 -0.5776905
2.654 0.4436234 0.0000317 -0.5777041
2.655 0.4437298 0.0000315 -0.5777176
2.656 0.4438361 0.0000313 -0.5777311
2.657 0.4439415 0.0000311 -0.5777446
2.658 0.4440478 0.000031 -0.5777581
2.659 0.444154 0.0000308 -0.5777716
2.660 0.4442601 0.0000306 -0.577785
2.661 0.4443654 0.0000304 -0.5777985
2.662 0.4444715 0.0000303 -0.577812
2.663 0.4445766 0.0000301 -0.5778254
2.664 0.4446818 0.0000299 -0.5778389
2.665 0.4447877 0.0000297 -0.5778523
2.666 0.4448928 0.0000296 -0.5778657
2.667 0.4449978 0.0000294 -0.5778791
2.668 0.4451028 0.0000292 -0.5778926
2.669 0.4452077 0.0000291 -0.577906
2.670 0.4453126 0.0000289 -0.5779194
2.671 0.4454175 0.0000287 -0.5779327
2.672 0.4455223 0.0000286 -0.5779461
2.673 0.4456271 0.0000284 -0.5779595
2.674 0.4457318 0.0000282 -0.5779728
2.675 0.4458365 0.0000281 -0.5779862
2.676 0.4459403 0.0000279 -0.5779995
2.677 0.446045 0.0000277 -0.5780129
2.678 0.4461487 0.0000276 -0.5780262
2.679 0.4462532 0.0000274 -0.5780395
2.680 0.4463569 0.0000273 -0.5780528
2.681 0.4464614 0.0000271 -0.5780661
2.682 0.4465649 0.0000269 -0.5780794
2.683 0.4466685 0.0000268 -0.5780927
2.684 0.4467719 0.0000266 -0.578106
2.685 0.4468754 0.0000265 -0.5781193
2.686 0.4469797 0.0000263 -0.5781326
2.687 0.447083 0.0000262 -0.5781458
2.688 0.4471855 0.000026 -0.5781591
2.689 0.4472888 0.0000259 -0.5781723
2.690 0.4473921 0.0000257 -0.5781855
2.691 0.4474953 0.0000256 -0.5781988
2.692 0.4475985 0.0000254 -0.578212
2.693 0.4477008 0.0000253 -0.5782252
2.694 0.4478039 0.0000251 -0.5782384
2.695 0.4479061 0.000025 -0.5782516
2.696 0.4480091 0.0000248 -0.5782648
2.697 0.4481112 0.0000247 -0.578278
2.698 0.4482142 0.0000246 -0.5782912
2.699 0.4483162 0.0000244 -0.5783043
2.700 0.4484183 0.0000243 -0.5783175
2.701 0.4485202 0.0000241 -0.5783306
2.702 0.4486222 0.000024 -0.5783438
2.703 0.4487241 0.0000239 -0.5783569
2.704 0.448826 0.0000237 -0.57837
2.705 0.4489278 0.0000236 -0.5783832
2.706 0.4490296 0.0000234 -0.5783963
2.707 0.4491313 0.0000233 -0.5784094
2.708 0.4492331 0.0000232 -0.5784225
2.709 0.4493339 0.000023 -0.5784356
2.710 0.4494355 0.0000229 -0.5784487
2.711 0.4495371 0.0000228 -0.5784618
2.712 0.4496378 0.0000226 -0.5784748
2.713 0.4497394 0.0000225 -0.5784879
2.714 0.44984 0.0000224 -0.578501
2.715 0.4499406 0.0000222 -0.578514
2.716 0.450042 0.0000221 -0.5785271
2.717 0.4501426 0.000022 -0.5785401
2.718 0.450243 0.0000219 -0.5785531
2.719 0.4503435 0.0000217 -0.5785661
2.720 0.4504439 0.0000216 -0.5785792
2.721 0.4505443 0.0000215 -0.5785922
2.722 0.4506446 0.0000214 -0.5786052
2.723 0.4507449 0.0000212 -0.5786182
2.724 0.4508452 0.0000211 -0.5786312
2.725 0.4509455 0.000021 -0.5786442
2.726 0.4510457 0.0000209 -0.5786571
2.727 0.451145 0.0000207 -0.5786701
2.728 0.4512451 0.0000206 -0.5786831
2.729 0.4513443 0.0000205 -0.578696
2.730 0.4514444 0.0000204 -0.578709
2.731 0.4515435 0.0000203 -0.5787219
2.732 0.4516435 0.0000202 -0.5787349
2.733 0.4517426 0.00002 -0.5787478
2.734 0.4518417 0.0000199 -0.5787607
2.735 0.4519407 0.0000198 -0.5787736
2.736 0.4520405 0.0000197 -0.5787865
2.737 0.4521395 0.0000196 -0.5787994
2.738 0.4522384 0.0000195 -0.5788123
2.739 0.4523373 0.0000193 -0.5788252
2.740 0.4524361 0.0000192 -0.5788381
2.741 0.4525349 0.0000191 -0.578851
2.742 0.4526329 0.000019 -0.5788639
2.743 0.4527316 0.0000189 -0.5788767
2.744 0.4528303 0.0000188 -0.5788896
2.745 0.452929 0.0000187 -0.5789024
2.746 0.4530267 0.0000186 -0.5789153
2.747 0.4531253 0.0000185 -0.5789281
2.748 0.4532231 0.0000184 -0.578941
2.749 0.4533216 0.0000183 -0.5789538
2.750 0.4534192 0.0000181 -0.5789666
2.751 0.4535168 0.000018 -0.5789794
2.752 0.4536153 0.0000179 -0.5789922
2.753 0.4537128 0.0000178 -0.579005
2.754 0.4538103 0.0000177 -0.5790178
2.755 0.4539078 0.0000176 -0.5790306
2.756 0.4540052 0.0000175 -0.5790434
2.757 0.4541026 0.0000174 -0.5790562
2.758 0.4542 0.0000173 -0.579069
2.759 0.4542973 0.0000172 -0.5790817
2.760 0.4543946 0.0000171 -0.5790945
2.761 0.454491 0.000017 -0.5791072
2.762 0.4545883 0.0000169 -0.57912
2.763 0.4546855 0.0000168 -0.5791327
2.764 0.4547818 0.0000167 -0.5791455
2.765 0.4548789 0.0000166 -0.5791582
2.766
2.767
2.768 0.4551684 0.0000163 -0.5791963
2.769 0.4552654 0.0000162 -0.5792091
2.770 0.4553615 0.0000162 -0.5792218
2.771
2.772 0.4555537 0.000016 -0.5792471
2.773 0.4556497 0.0000159 -0.5792598
2.774 0.4557457 0.0000158 -0.5792725
2.775 0.4558416 0.0000157 -0.5792852
2.776 0.4559375 0.0000156 -0.5792978
2.777 0.4560334 0.0000155 -0.5793105
2.778 0.4561293 0.0000154 -0.5793231
2.779 0.4562251 0.0000153 -0.5793358
2.780 0.4563209 0.0000152 -0.5793484
2.781 0.4564158 0.0000151 -0.5793611
2.782 0.4565115 0.0000151 -0.5793737
2.783 0.4566064 0.000015 -0.5793863
2.784 0.456702 0.0000149 -0.5793989
2.785 0.4567968 0.0000148 -0.5794116
2.786 0.4568924 0.0000147 -0.5794242
2.787 0.4569871 0.0000146 -0.5794368
2.788 0.4570818 0.0000145 -0.5794494
2.789 0.4571773 0.0000145 -0.579462
2.790 0.4572719 0.0000144 -0.5794745
2.791 0.4573665 0.0000143 -0.5794871
2.792 0.457461 0.0000142 -0.5794997
2.793 0.4575556 0.0000141 -0.5795123
2.794 0.4576501 0.000014 -0.5795248
2.795 0.4577445 0.000014 -0.5795374
2.796 0.4578389 0.0000139 -0.5795499
2.797 0.4579333 0.0000138 -0.5795625
2.798 0.4580277 0.0000137 -0.579575
2.799 0.4581212 0.0000136 -0.5795876
2.800 0.4582155 0.0000136 -0.5796001
2.801 0.4583098 0.0000135 -0.5796126
2.802 0.4584032 0.0000134 -0.5796252
2.803 0.4584974 0.0000133 -0.5796377
2.804 0.4585907 0.0000132 -0.5796502
2.805 0.4586849 0.0000132 -0.5796627
2.806 0.4587781 0.0000131 -0.5796752
2.807
2.808
2.809 0.4590586 0.0000129 -0.5797126
2.810 0.4591518 0.0000128 -0.5797251
2.811 0.4592449 0.0000127 -0.5797376
2.812 0.459338 0.0000126 -0.5797501
2.813 0.4594311 0.0000126 -0.5797625
2.814 0.4595241 0.0000125 -0.579775
2.815 0.4596171 0.0000124 -0.5797874
2.816 0.4597101 0.0000123 -0.5797999
2.817 0.4598021 0.0000123 -0.5798123
2.818 0.4598951 0.0000122 -0.5798248
2.819 0.4594271 -0.0000121 -0.5798628
2.820 0.4595214 -0.0000121 -0.5798751
2.821 0.4601728 0.000012 -0.579862
2.822 0.4597108 -0.0000119 -0.5798996
2.823 0.4603575 0.0000118 -0.5798869
2.824 0.4604494 0.0000118 -0.5798993
2.825
2.826 0.4606339 0.0000116 -0.5799241
2.827 0.4607257 0.0000116 -0.5799365
2.828
2.829
2.830 0.4610018 0.0000114 -0.5799736
2.831
2.832 0.4611851 0.0000112 -0.5799983
2.833 0.4612767 0.0000112 -0.5800107
2.834 0.4613683 0.0000111 -0.580023
2.835 0.4614599 0.000011 -0.5800354
2.836 0.4615506 0.000011 -0.5800477
2.837
2.838 0.4617336 0.0000109 -0.5800724
2.839
2.840 0.4619157 0.0000107 -0.5800971
2.841 0.4620071 0.0000107 -0.5801094
2.842 0.4620976 0.0000106 -0.5801217
2.843 0.4621889 0.0000105 -0.580134
2.844
2.845 0.4623698 0.0000104 -0.5801586
2.846 0.4624611 0.0000104 -0.5801709
2.847 0.4625515 0.0000103 -0.5801832
2.848 0.4621449 -0.0000102 -0.580217
2.849
2.850
2.851 0.4624229 -0.0000101 -0.5802534
2.852 0.4625152 -0.00001 -0.5802656
2.853 0.4630933 0.0000099 -0.5802568
2.854 0.4631834 0.0000099 -0.5802691
2.855 0.4632736 0.0000098 -0.5802814
2.856
2.857 0.4634539 0.0000097 -0.5803059
2.858 0.4635431 0.0000097 -0.5803181
2.859 0.4636332 0.0000096 -0.5803303
2.860 0.4637232 0.0000095 -0.5803426
2.861 0.4638124 0.0000095 -0.5803548
2.862 0.4639024 0.0000094 -0.580367
2.863 0.4639915 0.0000094 -0.5803792
2.864 0.4640814 0.0000093 -0.5803914
2.865 0.4641705 0.0000093 -0.5804036
2.866 0.4642595 0.0000092 -0.5804158
2.867 0.4643493 0.0000092 -0.580428
2.868 0.4644383 0.0000091 -0.5804402
2.869 0.4645273 0.000009 -0.5804524
2.870 0.4646162 0.000009 -0.5804646
2.871 0.4647051 0.0000089 -0.5804768
2.872 0.464794 0.0000089 -0.5804889
2.873
2.874
2.875 0.4650605 0.0000087 -0.5805254
2.876 0.4651492 0.0000087 -0.5805376
2.877 0.465238 0.0000086 -0.5805497
2.878 0.4653259 0.0000086 -0.5805619
2.879
2.880
2.881 0.4651585 -0.0000084 -0.5806159
2.882 0.465249 -0.0000084 -0.5806279
2.883 0.4657674 0.0000083 -0.5806225
2.884
2.885 0.4659437 0.0000082 -0.5806468
2.886
2.887 0.4661198 0.0000081 -0.580671
2.888 0.4662075 0.0000081 -0.5806831
2.889 0.4662951 0.000008 -0.5806952
2.890 0.4663826 0.000008 -0.5807073
2.891 0.4664702 0.0000079 -0.5807194
2.892 0.4665577 0.0000079 -0.5807314
2.893 0.4666452 0.0000079 -0.5807435
2.894 0.4667327 0.0000078 -0.5807556
2.895 0.4668201 0.0000078 -0.5807677
2.896 0.4669076 0.0000077 -0.5807797
2.897 0.466995 0.0000077 -0.5807918
2.898 0.4670824 0.0000076 -0.5808038
2.899 0.4671697 0.0000076 -0.5808159
2.900 0.4672562 0.0000075 -0.5808279
2.901 0.4673435 0.0000075 -0.58084
2.902 0.4674299 0.0000074 -0.580852
2.903 0.4675172 0.0000074 -0.5808641
2.904 0.4676036 0.0000074 -0.5808761
2.905 0.4676908 0.0000073 -0.5808881
2.906 0.4677772 0.0000073 -0.5809001
2.907 0.4678643 0.0000072 -0.5809122
2.908 0.4679506 0.0000072 -0.5809242
2.909 0.4680369 0.0000071 -0.5809362
2.910 0.4681231 0.0000071 -0.5809482
2.911 0.4682094 0.0000071 -0.5809602
2.912 0.4682964 0.000007 -0.5809722
2.913 0.4683826 0.000007 -0.5809842
2.914 0.4684688 0.0000069 -0.5809961
2.915 0.4681807 -0.0000069 -0.5810225
2.916
2.917 0.4687262 0.0000068 -0.5810321
2.918 0.4688123 0.0000068 -0.5810441
2.919 0.4685305 -0.0000067 -0.58107
2.920 0.4689844 0.0000067 -0.581068
2.921
2.922
2.923 0.4692415 0.0000066 -0.5811038
2.924 0.4693265 0.0000065 -0.5811158
2.925 0.4694124 0.0000065 -0.5811277
2.926
2.927
2.928 0.4696683 0.0000064 -0.5811635
2.929 0.4697533 0.0000064 -0.5811754
2.930
2.931 0.4695747 -0.0000063 -0.5812123
2.932
2.933
2.934
2.935 0.4702589 0.0000061 -0.5812469
2.936 0.4700065 -0.0000061 -0.5812714
2.937 0.4700927 -0.0000061 -0.5812832
2.938
2.939 0.4705884 0.000006 -0.5812944
2.940
2.941 0.4704376 -0.0000059 -0.5813304
2.942 0.4708346 0.0000059 -0.5813301
2.943
2.944
2.945 0.4710808 0.0000058 -0.5813656
2.946
2.947 0.4712447 0.0000057 -0.5813893
2.948 0.471327 0.0000057 -0.5814012
2.949 0.4714085 0.0000056 -0.581413
2.950 0.4714909 0.0000056 -0.5814249
2.951 0.4715724 0.0000056 -0.5814367
2.952
2.953 0.4717354 0.0000055 -0.5814603
2.954 0.4718177 0.0000055 -0.5814722
2.955
2.956 0.4719807 0.0000054 -0.5814958
2.957
2.958
2.959 0.4722251 0.0000053 -0.5815312
2.960 0.4723066 0.0000053 -0.581543
2.961
2.962
2.963
2.964 0.4726316 0.0000052 -0.5815901
2.965 0.472713 0.0000051 -0.5816019
2.966 0.4727936 0.0000051 -0.5816137
2.967 0.4728751 0.0000051 -0.5816254
2.968
2.969 0.4730371 0.000005 -0.581649
2.970
2.971 0.4731992 0.000005 -0.5816725
2.972
2.973
2.974
2.975 0.4735224 0.0000048 -0.5817194
2.976
2.977 0.4736843 0.0000048 -0.5817429
2.978 0.4737649 0.0000048 -0.5817546
2.979 0.4738455 0.0000047 -0.5817663
2.980 0.473926 0.0000047 -0.5817781
2.981
2.982
2.983
2.984
2.985
2.986
2.987 0.474489 0.0000045 -0.58186
2.988
2.989 0.4746493 0.0000045 -0.5818833
2.990 0.4747298 0.0000044 -0.581895
2.991
2.992 0.47489 0.0000044 -0.5819183
2.993 0.4748197 -0.0000043 -0.5819389
2.994
2.995 0.4751298 0.0000043 -0.5819533
2.996
2.997
2.998 0.4753696 0.0000042 -0.5819883
2.999
