#HF isntabilities: hessian eigenvalues
#y,rrhf,crhf,ruhf
0.25 0.4009107 0.0002319 -0.5721173
.26 0.3880215 0.0003881 -0.5700621
.27 0.3757024 0.0006271 -0.5676615
.28 0.3642853 0.0009817 -0.564772
.29 0.3541401 0.0014938 -0.561226
.30 0.3456578 0.0022143 -0.5568349
.31 0.3392177 0.0032026 -0.551396
.32 0.3351115 0.0045252 -0.5447057
.33 0.3331457 0.0062525 -0.5365752
.34 0.3202116 0.0084552 -0.5268463
.35 0.2885021 0.0112018 -0.5153992
.36 0.2558788 0.0145573 -0.5021449
.37 0.2235011 0.0185855 -0.4869931
.38 0.19195 0.023358 -0.4697819
.39 0.1620383 0.0289715 -0.4501517
.40 0.1351082 0.0355859 -0.427309
.41 0.1134006 0.043488 -0.3997126
.42 0.0998253 0.053139 -0.3652632
.43 0.0955485 0.0563889 -0.3235894
.44 0.0976207 0.0468907 -0.2786401
.45 0.1016718 0.0422292 -0.2356137
.46 0.1048671 0.0411459 -0.1966652
.47 0.1061831 0.0430485 -0.1613855
.48 0.1064445 0.0478559 -0.1290537
.49 0.1078513 0.0556312 -0.0999967
.50 0.1123342 0.0661631 -0.0756588
.51 0.1202784 0.0788041 -0.0573622
.52 0.1308285 0.0926782 -0.0448264
.53 0.1427826 0.1069464 -0.0363087
.54 0.1550677 0.1208921 -0.0300726
.55 0.1668161 0.1338705 -0.0250853
.56 0.1773217 0.1452225 -0.0208545
.57 0.1860408 0.1542486 -0.0171615
.58 0.1926703 0.1603547 -0.0139091
.59 0.1972332 0.1633844 -0.0110524
.60 0.1986184 0.1637905 -0.0085672
.61 0.1978171 0.1623593 -0.0064362
.62 0.1968911 0.1598284 -0.0046431
.63 0.195874 0.1567324 -0.0031684
.64 0.1947988 0.1534192 -0.0019891
.65 0.1936969 0.1501073 -0.0081191
.66 0.1925989 0.146933 -0.015256
.67 0.1915327 0.1439811 -0.0220602
.68 0.190523 0.1413035 -0.0283999
.69 0.1895918 0.1389309 -0.0341677
.70 0.1887575 0.1368797 -0.039278
.71 0.1880348 0.135157 -0.0436649
.72 0.1874349 0.1337633 -0.0472811
.73 0.1869655 0.1326947 -0.0500959
.74 0.1866307 0.1319442 -0.052095
.75 0.1864322 0.1315035 -0.0532782
.76 0.1863682 0.1313621 -0.053659
.77 0.1864348 0.1315092 -0.0532628
.78 0.1866257 0.131933 -0.0521252
.79 0.1869327 0.1326209 -0.0502914
.80 0.1873465 0.1335604 -0.0478126
.81 0.1878554 0.1347369 -0.0447485
.82 0.1884482 0.1361362 -0.0411605
.83 0.1891116 0.1377416 -0.0371161
.84 0.1898326 0.1395355 -0.0326838
.85 0.1905978 0.1414979 -0.0279339
.86 0.1913939 0.1436064 -0.0229374
.87 0.1922077 0.1458351 -0.0177657
.88 0.1930273 0.148155 -0.012489
.89 0.1938396 0.1505298 -0.0071807
.90 0.1946343 0.1529183 -0.0019107
.91 0.1954009 0.1552695 -0.0026084
.92 0.1961296 0.1575205 -0.0035007
.93 0.1968122 0.1595942 -0.0045125
.94 0.1974412 0.1613941 -0.0056426
.95 0.1980104 0.1628029 -0.0068884
.96 0.1985145 0.1636816 -0.0082465
.97 0.1988894 0.163876 -0.0097134
.98 0.1969127 0.1632357 -0.0112851
.99 0.1943358 0.1616421 -0.0129587
1.00 0.1911218 0.1590409 -0.0147311
1.01 0.1872703 0.1554572 -0.0166015
1.02 0.1828187 0.1509869 -0.0185713
1.03 0.1778363 0.1457694 -0.020645
1.04 0.1724141 0.1399569 -0.0228323
1.05 0.1666553 0.1336947 -0.0251505
1.06 0.1606672 0.1271122 -0.0276272
1.07 0.1545564 0.1203206 -0.0303047
1.08 0.1484289 0.1134178 -0.0332458
1.09 0.1423886 0.1064899 -0.0365391
1.10 0.1365387 0.0996155 -0.040304
1.11 0.1309835 0.0928703 -0.0446889
1.12 0.1258262 0.0863264 -0.04986
1.13 0.1211672 0.0800551 -0.0559746
1.14 0.117098 0.0741253 -0.0631451
1.15 0.1136921 0.068602 -0.0714085
1.16 0.1109924 0.0635417 -0.0807167
1.17 0.1089996 0.0589892 -0.0909515
1.18 0.1076625 0.0549736 -0.1019535
1.19 0.1068779 0.0515066 -0.1135537
1.20 0.1065003 0.0485827 -0.1256014
1.21 0.1063612 0.0461838 -0.137978
1.22 0.1062931 0.0442827 -0.1506073
1.23 0.1061505 0.0428501 -0.1634491
1.24 0.1058266 0.0418578 -0.1765005
1.25 0.105259 0.0412834 -0.1897815
1.26 0.1044284 0.0411117 -0.2033238
1.27 0.1033531 0.0413368 -0.2171591
1.28 0.1020814 0.0419621 -0.2313085
1.29 0.1006847 0.0430001 -0.2457662
1.30 0.099253 0.0444727 -0.2604945
1.31 0.0978932 0.0464087 -0.2754078
1.32 0.0967285 0.0488427 -0.2903775
1.33 0.0958964 0.0518106 -0.305233
1.34 0.0955432 0.0553445 -0.3197773
1.35 0.0958125 0.0594678 -0.3338163
1.36 0.0968273 0.0582138 -0.3471746
1.37 0.0986737 0.0546852 -0.3597293
1.38 0.1013873 0.0514238 -0.3714117
1.39 0.1049526 0.0484088 -0.3822116
1.40 0.1093104 0.0456181 -0.3921637
1.41 0.1143754 0.0430284 -0.4013353
1.42 0.1200467 0.0406189 -0.4098045
1.43 0.1262223 0.0383705 -0.417652
1.44 0.1328085 0.0362661 -0.4249553
1.45 0.1397205 0.0342916 -0.4317816
1.46 0.1468862 0.0324346 -0.4381895
1.47 0.1542453 0.0306848 -0.4442281
1.48 0.1617477 0.0290332 -0.4499383
1.49 0.1693512 0.0274723 -0.4553532
1.50 0.1770218 0.0259957 -0.4605008
1.51 0.184732 0.0245976 -0.4654045
1.52 0.1924592 0.023273 -0.4700835
1.53 0.2001822 0.0220175 -0.4745531
1.54 0.2078883 0.0208271 -0.4788282
1.55 0.215561 0.0196984 -0.4829194
1.56 0.2231927 0.0186277 -0.4868377
1.57 0.2307719 0.0176124 -0.4905914
1.58 0.238293 0.0166493 -0.4941889
1.59 0.2457472 0.0157361 -0.4976366
1.60 0.2531308 0.0148702 -0.5009416
1.61 0.2604367 0.0140494 -0.5041091
1.62 0.2676607 0.0132714 -0.5071447
1.63 0.2748004 0.0125341 -0.510054
1.64 0.2818484 0.0118357 -0.5128414
1.65 0.2887978 0.0111743 -0.5155112
1.66 0.2956416 0.0105479 -0.5180683
1.67 0.3023644 0.0099551 -0.5205167
1.68 0.3089383 0.0093941 -0.5228604
1.69 0.3153045 0.0088634 -0.5251032
1.70 0.3213234 0.0083614 -0.5272493
1.71 0.3266044 0.0078869 -0.529302
1.72 0.3303024 0.0074383 -0.5312651
1.73 0.3320622 0.0070144 -0.5331421
1.74 0.3327849 0.006614 -0.5349364
1.75 0.3331599 0.0062358 -0.5366515
1.76 0.3334446 0.0058786 -0.5382906
1.77 0.3337321 0.0055415 -0.5398566
1.78 0.3340609 0.0052234 -0.5413528
1.79 0.334448 0.0049231 -0.5427824
1.80 0.3349004 0.0046399 -0.544148
1.81 0.3354204 0.0043727 -0.5454525
1.82 0.3360087 0.0041207 -0.5466988
1.83 0.3366638 0.0038831 -0.5478894
1.84 0.3373829 0.0036592 -0.5490267
1.85 0.3381645 0.003448 -0.5501134
1.86 0.3390058 0.003249 -0.5511517
1.87 0.3399034 0.0030615 -0.5521441
1.88 0.3408544 0.0028847 -0.5530926
1.89 0.3418561 0.0027182 -0.5539993
1.90 0.3429054 0.0025613 -0.5548664
1.91 0.3439991 0.0024135 -0.5556957
1.92 0.3451342 0.0022743 -0.556489
1.93 0.3463083 0.0021431 -0.5572483
1.94 0.3475185 0.0020195 -0.557975
1.95 0.3487621 0.0019032 -0.558671
1.96 0.3500371 0.0017935 -0.5593377
1.97 0.35134 0.0016903 -0.5599766
1.98 0.3526691 0.001593 -0.5605891
1.99 0.3540228 0.0015014 -0.5611765
2.00 0.3553973 0.0014152 -0.5617401
2.01 0.3567926 0.0013339 -0.5622813
2.02 0.358205 0.0012574 -0.562801
2.03 0.3596326 0.0011853 -0.5633003
2.04 0.3610758 0.0011174 -0.5637804
2.05 0.3625304 0.0010534 -0.5642422
2.06 0.3639962 0.0009931 -0.5646867
2.07 0.3654716 0.0009364 -0.5651147
2.08 0.366955 0.0008829 -0.5655271
2.09 0.368445 0.0008325 -0.5659248
2.10 0.3699409 0.000785 -0.5663084
2.11 0.3714405 0.0007403 -0.5666787
2.12 0.3729427 0.0006981 -0.5670364
2.13 0.3744478 0.0006584 -0.5673821
2.14 0.3759539 0.000621 -0.5677165
2.15 0.3774591 0.0005857 -0.5680401
2.16 0.3789649 0.0005525 -0.5683535
2.17 0.3804678 0.0005211 -0.5686572
2.18 0.3819693 0.0004916 -0.5689518
2.19 0.3834671 0.0004638 -0.5692376
2.20 0.3849619 0.0004375 -0.5695152
2.21 0.3864514 0.0004128 -0.5697849
2.22 0.3879364 0.0003894 -0.5700472
2.23 0.3894155 0.0003674 -0.5703024
2.24 0.3908889 0.0003467 -0.5705509
2.25 0.3923551 0.0003272 -0.5707931
2.26 0.3938154 0.0003087 -0.5710293
2.27 0.3952674 0.0002913 -0.5712597
2.28 0.3967123 0.0002749 -0.5714847
2.29 0.3981481 0.0002594 -0.5717045
2.30 0.3995769 0.0002448 -0.5719195
2.31 0.4009956 0.0002311 -0.5721298
2.32 0.4024065 0.0002181 -0.5723357
2.33 0.4038075 0.0002058 -0.5725374
2.34 0.4051992 0.0001943 -0.5727351
2.35 0.4065812 0.0001834 -0.572929
2.36 0.4079533 0.0001731 -0.5731194
2.37 0.4093152 0.0001633 -0.5733063
2.38 0.4106667 0.0001542 -0.5734899
2.39 0.4120084 0.0001455 -0.5736705
2.40 0.4133401 0.0001374 -0.5738482
2.41 0.4146608 0.0001297 -0.5740231
2.42 0.4159712 0.0001224 -0.5741953
2.43 0.4172712 0.0001155 -0.574365
2.44 0.4185605 0.0001091 -0.5745322
2.45 0.4198382 0.000103 -0.5746972
2.46 0.4211059 0.0000972 -0.57486
2.47 0.4223627 0.0000917 -0.5750208
2.48 0.4236094 0.0000866 -0.5751795
2.49 0.424845 0.0000817 -0.5753364
2.50 0.4260694 0.0000772 -0.5754915
2.51 0.4272835 0.0000728 -0.5756449
2.52 0.4284872 0.0000688 -0.5757966
2.53 0.4296806 0.0000649 -0.5759468
2.54 0.4308627 0.0000613 -0.5760955
2.55 0.4320352 0.0000578 -0.5762428
2.56 0.4331964 0.0000546 -0.5763887
2.57 0.4343481 0.0000515 -0.5765334
2.58 0.4354885 0.0000486 -0.5766768
2.59 0.4366193 0.0000459 -0.576819
2.60 0.4377407 0.0000433 -0.57696
2.61 0.4388508 0.0000409 -0.5771
2.62 0.4399524 0.0000386 -0.5772389
2.63 0.4410438 0.0000364 -0.5773769
2.64 0.4421249 0.0000344 -0.5775138
2.65 0.4431967 0.0000324 -0.5776499
2.66 0.4442601 0.0000306 -0.577785
2.67 0.4453126 0.0000289 -0.5779194
2.68 0.4463569 0.0000273 -0.5780528
2.69 0.4473921 0.0000257 -0.5781855
2.70 0.4484183 0.0000243 -0.5783175
2.71 0.4494355 0.0000229 -0.5784487
2.72 0.4504439 0.0000216 -0.5785792
2.73 0.4514444 0.0000204 -0.578709
2.74 0.4524361 0.0000192 -0.5788381
2.75 0.4534192 0.0000181 -0.5789666
2.76 0.4543946 0.0000171 -0.5790945
2.77 0.4553615 0.0000162 -0.5792218
2.78 0.4563209 0.0000152 -0.5793484
2.79 0.4572719 0.0000144 -0.5794745
2.80 0.4582155 0.0000136 -0.5796001
2.81 0.4591518 0.0000128 -0.5797251
2.82 0.4600799 0.0000121 -0.5798496
2.83 0.4610018 0.0000114 -0.5799736
2.84 0.4619157 0.0000107 -0.5800971
2.85 0.4628225 0.0000101 -0.58022
2.86 0.4637232 0.0000095 -0.5803426
2.87 0.4646162 0.000009 -0.5804646
2.88 0.4655032 0.0000085 -0.5805862
2.89 0.4663826 0.000008 -0.5807073
2.90 0.4672562 0.0000075 -0.5808279
2.91 0.4681231 0.0000071 -0.5809482
2.92 0.4689844 0.0000067 -0.581068
2.93 0.4698391 0.0000063 -0.5811874
2.94 0.4706707 0.000006 -0.5813063
2.95 0.4714909 0.0000056 -0.5814249
2.96 0.4723066 0.0000053 -0.581543
2.97 0.4731177 0.000005 -0.5816607
2.98 0.473926 0.0000047 -0.5817781
2.99 0.4747298 0.0000044 -0.581895
