#RHF MO Energies
#y,E of SHOMO, E of HOMO, E of LUMO, E of SLUMO
0.25 -0.68914 -0.21058 -0.15307 0.53572
.26 -0.67626 -0.21004 -0.15004 0.50760
.27 -0.66312 -0.20916 -0.14655 0.48024
.28 -0.64982 -0.20788 -0.14250 0.45357
.29 -0.63647 -0.20617 -0.13780 0.42751
.30 -0.62321 -0.20400 -0.13234 0.40194
.31 -0.61017 -0.20136 -0.12603 0.37676
.32 -0.59748 -0.19825 -0.11877 0.35186
.33 -0.58527 -0.19468 -0.11047 0.32715
.34 -0.57361 -0.19070 -0.10107 0.30257
.35 -0.56256 -0.18639 -0.09053 0.27810
.36 -0.55213 -0.18184 -0.07887 0.25379
.37 -0.54226 -0.17720 -0.06610 0.22973
.38 -0.53286 -0.17265 -0.05229 0.20609
.39 -0.52375 -0.16849 -0.03751 0.18309
.40 -0.51463 -0.16518 -0.02181 0.16107
.41 -0.50499 -0.16356 -0.00521 0.14054
.42 -0.49408 -0.16493 0.01248 0.12215
.43 -0.48154 -0.17044 0.03165 0.10642
.44 -0.46814 -0.17994 0.05245 0.09339
.45 -0.45542 -0.19198 0.07397 0.08295
.46 -0.44450 -0.20501 0.07518 0.09416
.47 -0.43576 -0.21809 0.07028 0.11047
.48 -0.42913 -0.23083 0.06841 0.12106
.49 -0.42428 -0.24324 0.06955 0.12581
.50 -0.42083 -0.25547 0.07339 0.12604
.51 -0.41834 -0.26754 0.07937 0.12338
.52 -0.41645 -0.27940 0.08683 0.11905
.53 -0.41491 -0.29095 0.09527 0.11381
.54 -0.41356 -0.30207 0.10431 0.10812
.55 -0.41232 -0.31271 0.10226 0.11372
.56 -0.41112 -0.32279 0.09640 0.12333
.57 -0.40996 -0.33230 0.09066 0.13305
.58 -0.40881 -0.34122 0.08512 0.14280
.59 -0.40768 -0.34953 0.07984 0.15250
.60 -0.40656 -0.35725 0.07484 0.16213
.61 -0.40547 -0.36439 0.07017 0.17162
.62 -0.40442 -0.37094 0.06582 0.18095
.63 -0.40340 -0.37693 0.06182 0.19007
.64 -0.40244 -0.38236 0.05817 0.19895
.65 -0.40153 -0.38726 0.05486 0.20755
.66 -0.40069 -0.39165 0.05189 0.21583
.67 -0.39992 -0.39554 0.04926 0.22373
.68 -0.39923 -0.39895 0.04696 0.23119
.69 -0.40189 -0.39862 0.04497 0.23815
.70 -0.40439 -0.39808 0.04329 0.24453
.71 -0.40646 -0.39764 0.04189 0.25023
.72 -0.40812 -0.39727 0.04078 0.25513
.73 -0.40939 -0.39700 0.03993 0.25911
.74 -0.41027 -0.39680 0.03934 0.26205
.75 -0.41079 -0.39668 0.03900 0.26383
.76 -0.41095 -0.39665 0.03889 0.26442
.77 -0.41078 -0.39669 0.03900 0.26381
.78 -0.41028 -0.39680 0.03934 0.26209
.79 -0.40947 -0.39698 0.03988 0.25940
.80 -0.40836 -0.39722 0.04062 0.25587
.81 -0.40696 -0.39753 0.04156 0.25168
.82 -0.40529 -0.39789 0.04268 0.24695
.83 -0.40335 -0.39831 0.04399 0.24181
.84 -0.40115 -0.39877 0.04547 0.23634
.85 -0.39928 -0.39870 0.04712 0.23064
.86 -0.39982 -0.39602 0.04893 0.22475
.87 -0.40040 -0.39312 0.05090 0.21873
.88 -0.40101 -0.38999 0.05301 0.21263
.89 -0.40164 -0.38666 0.05526 0.20646
.90 -0.40230 -0.38313 0.05765 0.20026
.91 -0.40297 -0.37941 0.06015 0.19406
.92 -0.40365 -0.37551 0.06277 0.18786
.93 -0.40433 -0.37144 0.06549 0.18169
.94 -0.40503 -0.36721 0.06830 0.17556
.95 -0.40572 -0.36282 0.07120 0.16949
.96 -0.40641 -0.35829 0.07417 0.16347
.97 -0.40710 -0.35363 0.07720 0.15753
.98 -0.40778 -0.34884 0.08029 0.15166
.99 -0.40845 -0.34393 0.08341 0.14589
1.00 -0.40911 -0.33891 0.08657 0.14022
1.01 -0.40977 -0.33380 0.08974 0.13464
1.02 -0.41042 -0.32859 0.09292 0.12919
1.03 -0.41106 -0.32331 0.09609 0.12385
1.04 -0.41170 -0.31796 0.09923 0.11865
1.05 -0.41233 -0.31256 0.10234 0.11358
1.06 -0.41297 -0.30710 0.10539 0.10867
1.07 -0.41362 -0.30162 0.10392 0.10836
1.08 -0.41427 -0.29610 0.09935 0.11124
1.09 -0.41495 -0.29058 0.09499 0.11399
1.10 -0.41567 -0.28506 0.09084 0.11658
1.11 -0.41643 -0.27956 0.08694 0.11898
1.12 -0.41724 -0.27408 0.08332 0.12115
1.13 -0.41814 -0.26865 0.08001 0.12304
1.14 -0.41914 -0.26327 0.07704 0.12457
1.15 -0.42025 -0.25795 0.07446 0.12569
1.16 -0.42152 -0.25269 0.07230 0.12630
1.17 -0.42295 -0.24749 0.07060 0.12631
1.18 -0.42458 -0.24236 0.06937 0.12563
1.19 -0.42643 -0.23728 0.06863 0.12418
1.20 -0.42850 -0.23224 0.06839 0.12187
1.21 -0.43082 -0.22723 0.06863 0.11866
1.22 -0.43340 -0.22225 0.06934 0.11457
1.23 -0.43623 -0.21730 0.07049 0.10962
1.24 -0.43933 -0.21237 0.07207 0.10393
1.25 -0.44269 -0.20749 0.07403 0.09759
1.26 -0.44629 -0.20266 0.07636 0.09076
1.27 -0.45013 -0.19793 0.07903 0.08359
1.28 -0.45417 -0.19333 0.07621 0.08200
1.29 -0.45839 -0.18889 0.06875 0.08526
1.30 -0.46274 -0.18468 0.06132 0.08878
1.31 -0.46717 -0.18074 0.05401 0.09255
1.32 -0.47164 -0.17714 0.04689 0.09655
1.33 -0.47606 -0.17391 0.04000 0.10076
1.34 -0.48040 -0.17111 0.03338 0.10520
1.35 -0.48459 -0.16876 0.02703 0.10984
1.36 -0.48860 -0.16687 0.02094 0.11469
1.37 -0.49240 -0.16544 0.01511 0.11974
1.38 -0.49598 -0.16444 0.00951 0.12497
1.39 -0.49935 -0.16383 0.00411 0.13037
1.40 -0.50252 -0.16356 -0.00109 0.13592
1.41 -0.50553 -0.16359 -0.00612 0.14158
1.42 -0.50839 -0.16385 -0.01099 0.14734
1.43 -0.51112 -0.16432 -0.01571 0.15318
1.44 -0.51376 -0.16494 -0.02030 0.15907
1.45 -0.51632 -0.16569 -0.02475 0.16500
1.46 -0.51882 -0.16654 -0.02907 0.17095
1.47 -0.52126 -0.16746 -0.03327 0.17691
1.48 -0.52366 -0.16845 -0.03735 0.18286
1.49 -0.52603 -0.16948 -0.04132 0.18880
1.50 -0.52838 -0.17054 -0.04517 0.19472
1.51 -0.53070 -0.17162 -0.04890 0.20061
1.52 -0.53301 -0.17272 -0.05253 0.20647
1.53 -0.53531 -0.17383 -0.05605 0.21229
1.54 -0.53760 -0.17494 -0.05946 0.21808
1.55 -0.53989 -0.17605 -0.06277 0.22381
1.56 -0.54217 -0.17715 -0.06598 0.22950
1.57 -0.54444 -0.17825 -0.06908 0.23514
1.58 -0.54672 -0.17933 -0.07210 0.24073
1.59 -0.54900 -0.18040 -0.07501 0.24626
1.60 -0.55127 -0.18145 -0.07783 0.25175
1.61 -0.55355 -0.18248 -0.08057 0.25717
1.62 -0.55582 -0.18350 -0.08321 0.26254
1.63 -0.55810 -0.18450 -0.08577 0.26786
1.64 -0.56038 -0.18547 -0.08824 0.27312
1.65 -0.56266 -0.18643 -0.09064 0.27832
1.66 -0.56494 -0.18736 -0.09295 0.28347
1.67 -0.56721 -0.18827 -0.09518 0.28856
1.68 -0.56949 -0.18915 -0.09734 0.29360
1.69 -0.57177 -0.19002 -0.09943 0.29858
1.70 -0.57404 -0.19086 -0.10145 0.30351
1.71 -0.57632 -0.19168 -0.10340 0.30838
1.72 -0.57858 -0.19247 -0.10528 0.31320
1.73 -0.58085 -0.19324 -0.10710 0.31797
1.74 -0.58311 -0.19399 -0.10885 0.32269
1.75 -0.58537 -0.19471 -0.11055 0.32736
1.76 -0.58762 -0.19541 -0.11218 0.33198
1.77 -0.58986 -0.19609 -0.11376 0.33656
1.78 -0.59210 -0.19675 -0.11529 0.34108
1.79 -0.59433 -0.19738 -0.11676 0.34557
1.80 -0.59655 -0.19800 -0.11819 0.35000
1.81 -0.59876 -0.19859 -0.11956 0.35440
1.82 -0.60096 -0.19916 -0.12089 0.35875
1.83 -0.60315 -0.19971 -0.12217 0.36306
1.84 -0.60533 -0.20024 -0.12341 0.36733
1.85 -0.60750 -0.20075 -0.12460 0.37156
1.86 -0.60965 -0.20125 -0.12576 0.37575
1.87 -0.61179 -0.20172 -0.12688 0.37991
1.88 -0.61392 -0.20218 -0.12796 0.38403
1.89 -0.61603 -0.20262 -0.12900 0.38811
1.90 -0.61813 -0.20304 -0.13001 0.39216
1.91 -0.62022 -0.20344 -0.13098 0.39618
1.92 -0.62228 -0.20383 -0.13193 0.40016
1.93 -0.62434 -0.20421 -0.13284 0.40411
1.94 -0.62637 -0.20456 -0.13372 0.40803
1.95 -0.62839 -0.20491 -0.13458 0.41192
1.96 -0.63040 -0.20524 -0.13541 0.41578
1.97 -0.63238 -0.20555 -0.13621 0.41961
1.98 -0.63435 -0.20586 -0.13698 0.42341
1.99 -0.63630 -0.20614 -0.13773 0.42718
2.00 -0.63824 -0.20642 -0.13846 0.43093
2.01 -0.64015 -0.20669 -0.13916 0.43465
2.02 -0.64205 -0.20694 -0.13985 0.43835
2.03 -0.64393 -0.20718 -0.14051 0.44201
2.04 -0.64579 -0.20741 -0.14115 0.44566
2.05 -0.64763 -0.20763 -0.14178 0.44928
2.06 -0.64946 -0.20784 -0.14238 0.45287
2.07 -0.65127 -0.20804 -0.14297 0.45644
2.08 -0.65305 -0.20823 -0.14354 0.45999
2.09 -0.65482 -0.20841 -0.14409 0.46351
2.10 -0.65657 -0.20858 -0.14463 0.46702
2.11 -0.65831 -0.20874 -0.14515 0.47050
2.12 -0.66002 -0.20890 -0.14566 0.47396
2.13 -0.66172 -0.20904 -0.14615 0.47739
2.14 -0.66340 -0.20918 -0.14663 0.48081
2.15 -0.66505 -0.20931 -0.14709 0.48420
2.16 -0.66670 -0.20943 -0.14755 0.48758
2.17 -0.66832 -0.20955 -0.14799 0.49093
2.18 -0.66993 -0.20966 -0.14842 0.49427
2.19 -0.67151 -0.20977 -0.14883 0.49758
2.20 -0.67308 -0.20986 -0.14924 0.50088
2.21 -0.67464 -0.20995 -0.14964 0.50416
2.22 -0.67617 -0.21004 -0.15002 0.50741
2.23 -0.67769 -0.21012 -0.15040 0.51065
2.24 -0.67919 -0.21019 -0.15077 0.51387
2.25 -0.68067 -0.21026 -0.15112 0.51707
2.26 -0.68214 -0.21033 -0.15147 0.52026
2.27 -0.68359 -0.21039 -0.15181 0.52342
2.28 -0.68502 -0.21044 -0.15214 0.52657
2.29 -0.68644 -0.21049 -0.15247 0.52970
2.30 -0.68784 -0.21054 -0.15278 0.53281
2.31 -0.68922 -0.21058 -0.15309 0.53591
2.32 -0.69059 -0.21062 -0.15339 0.53898
2.33 -0.69195 -0.21065 -0.15368 0.54204
2.34 -0.69328 -0.21068 -0.15397 0.54509
2.35 -0.69461 -0.21071 -0.15425 0.54812
2.36 -0.69591 -0.21073 -0.15453 0.55112
2.37 -0.69720 -0.21075 -0.15479 0.55412
2.38 -0.69848 -0.21077 -0.15506 0.55709
2.39 -0.69974 -0.21078 -0.15531 0.56005
2.40 -0.70099 -0.21079 -0.15556 0.56300
2.41 -0.70222 -0.21080 -0.15581 0.56593
2.42 -0.70344 -0.21080 -0.15605 0.56884
2.43 -0.70465 -0.21080 -0.15629 0.57174
2.44 -0.70584 -0.21080 -0.15652 0.57462
2.45 -0.70701 -0.21080 -0.15674 0.57748
2.46 -0.70818 -0.21080 -0.15696 0.58033
2.47 -0.70933 -0.21079 -0.15718 0.58317
2.48 -0.71046 -0.21078 -0.15739 0.58599
2.49 -0.71159 -0.21077 -0.15760 0.58879
2.50 -0.71270 -0.21075 -0.15780 0.59158
2.51 -0.71379 -0.21074 -0.15800 0.59435
2.52 -0.71488 -0.21072 -0.15820 0.59711
2.53 -0.71595 -0.21070 -0.15839 0.59986
2.54 -0.71701 -0.21068 -0.15858 0.60258
2.55 -0.71806 -0.21066 -0.15877 0.60530
2.56 -0.71910 -0.21064 -0.15895 0.60800
2.57 -0.72012 -0.21061 -0.15913 0.61069
2.58 -0.72114 -0.21058 -0.15930 0.61336
2.59 -0.72214 -0.21055 -0.15948 0.61601
2.60 -0.72313 -0.21053 -0.15965 0.61866
2.61 -0.72411 -0.21049 -0.15981 0.62128
2.62 -0.72508 -0.21046 -0.15998 0.62390
2.63 -0.72604 -0.21043 -0.16014 0.62650
2.64 -0.72698 -0.21040 -0.16029 0.62909
2.65 -0.72792 -0.21036 -0.16045 0.63166
2.66 -0.72884 -0.21032 -0.16060 0.63422
2.67 -0.72976 -0.21029 -0.16075 0.63677
2.68 -0.73066 -0.21025 -0.16090 0.63930
2.69 -0.73156 -0.21021 -0.16105 0.64182
2.70 -0.73245 -0.21017 -0.16119 0.64433
2.71 -0.73332 -0.21013 -0.16133 0.64682
2.72 -0.73419 -0.21009 -0.16147 0.64930
2.73 -0.73504 -0.21004 -0.16161 0.65177
2.74 -0.73589 -0.21000 -0.16174 0.65422
2.75 -0.73673 -0.20996 -0.16187 0.65666
2.76 -0.73756 -0.20991 -0.16200 0.65909
2.77 -0.73838 -0.20987 -0.16213 0.66150
2.78 -0.73919 -0.20982 -0.16226 0.66391
2.79 -0.73999 -0.20978 -0.16239 0.66630
2.80 -0.74078 -0.20973 -0.16251 0.66867
2.81 -0.74157 -0.20968 -0.16263 0.67104
2.82 -0.74235 -0.20964 -0.16275 0.67339
2.83 -0.74311 -0.20959 -0.16287 0.67573
2.84 -0.74387 -0.20954 -0.16298 0.67806
2.85 -0.74463 -0.20949 -0.16310 0.68037
2.86 -0.74537 -0.20944 -0.16321 0.68268
2.87 -0.74611 -0.20939 -0.16333 0.68497
2.88 -0.74684 -0.20934 -0.16344 0.68725
2.89 -0.74756 -0.20929 -0.16354 0.68952
2.90 -0.74827 -0.20924 -0.16365 0.69178
2.91 -0.74898 -0.20919 -0.16376 0.69402
2.92 -0.74967 -0.20914 -0.16386 0.69625
2.93 -0.75037 -0.20909 -0.16397 0.69848
2.94 -0.75105 -0.20904 -0.16407 0.70069
2.95 -0.75173 -0.20899 -0.16417 0.70289
2.96 -0.75240 -0.20894 -0.16427 0.70507
2.97 -0.75306 -0.20889 -0.16437 0.70725
2.98 -0.75372 -0.20884 -0.16447 0.70942
2.99 -0.75437 -0.20878 -0.16456 0.71157
