#RHF Energy of H8
0.25 -3.57976052158
.26 -3.64550522147
.27 -3.70137953269
.28 -3.74828702022
.29 -3.78703175299
.30 -3.81834548580
.31 -3.84290782617
.32 -3.86136005641
.33 -3.87431316524
.34 -3.88235091508
.35 -3.88603076693
.36 -3.88588467204
.37 -3.88242381144
.38 -3.87614955188
.39 -3.86758478758
.40 -3.85733020511
.41 -3.84618222950
.42 -3.83530585724
.43 -3.82630757996
.44 -3.82084176601
.45 -3.81992542278
.46 -3.82367113435
.47 -3.83150926570
.48 -3.84249737107
.49 -3.85553658715
.50 -3.86953847759
.51 -3.88358718714
.52 -3.89703499718
.53 -3.90949417253
.54 -3.92076992960
.55 -3.93079248428
.56 -3.93956749285
.57 -3.94714539435
.58 -3.95360232745
.59 -3.95902875639
.60 -3.96352248761
.61 -3.96718380440
.62 -3.97011290112
.63 -3.97240685565
.64 -3.97415862207
.65 -3.97545632706
.66 -3.97638075965
.67 -3.97700596987
.68 -3.97739901799
.69 -3.97761818813
.70 -3.97771434626
.71 -3.97772969847
.72 -3.97769933592
.73 -3.97765014660
.74 -3.97760268855
.75 -3.97756943002
.76 -3.97755798032
.77 -3.97756980468
.78 -3.97760164398
.79 -3.97764618897
.80 -3.97769153451
.81 -3.97772465863
.82 -3.97772799887
.83 -3.97768411201
.84 -3.97757337358
.85 -3.97737571146
.86 -3.97707064864
.87 -3.97663813639
.88 -3.97605759767
.89 -3.97531131298
.90 -3.97438024622
.91 -3.97324779638
.92 -3.97189913597
.93 -3.97031988036
.94 -3.96849811512
.95 -3.96642298649
.96 -3.96408520866
.97 -3.96147824172
.98 -3.95859609384
.99 -3.95543625365
1.00 -3.95199548878
1.01 -3.94827412939
1.02 -3.94427507510
1.03 -3.94000181187
1.04 -3.93545976810
1.05 -3.93065803240
1.06 -3.92560739088
1.07 -3.92032045383
1.08 -3.91481533560
1.09 -3.90911199390
1.10 -3.90323336828
1.11 -3.89721053602
1.12 -3.89107599057
1.13 -3.88486961292
1.14 -3.87863717949
1.15 -3.87243032636
1.16 -3.86630601676
1.17 -3.86032540135
1.18 -3.85455208042
1.19 -3.84905092733
1.20 -3.84388279788
1.21 -3.83910643065
1.22 -3.83477294069
1.23 -3.83093026985
1.24 -3.82761512324
1.25 -3.82485727507
1.26 -3.82267903445
1.27 -3.82109392984
1.28 -3.82010559490
1.29 -3.81970919209
1.30 -3.81988782995
1.31 -3.82061583446
1.32 -3.82185602972
1.33 -3.82356199669
1.34 -3.82567921841
1.35 -3.82814582407
1.36 -3.83089772268
1.37 -3.83386908998
1.38 -3.83699748463
1.39 -3.84022510514
1.40 -3.84350097572
1.41 -3.84678057764
1.42 -3.85002736786
1.43 -3.85321146007
1.44 -3.85630812781
1.45 -3.85929812978
1.46 -3.86216590227
1.47 -3.86489908834
1.48 -3.86748789096
1.49 -3.86992505758
1.50 -3.87220454888
1.51 -3.87432160352
1.52 -3.87627246774
1.53 -3.87805554845
1.54 -3.87966732530
1.55 -3.88110828856
1.56 -3.88237575597
1.57 -3.88347046336
1.58 -3.88439098985
1.59 -3.88513882795
1.60 -3.88571290604
1.61 -3.88611530075
1.62 -3.88634628515
1.63 -3.88640494932
1.64 -3.88629395167
1.65 -3.88601507206
1.66 -3.88556751480
1.67 -3.88495308657
1.68 -3.88417377020
1.69 -3.88323171853
1.70 -3.88212595628
1.71 -3.88086027471
1.72 -3.87943531829
1.73 -3.87785345280
1.74 -3.87611526280
1.75 -3.87422317419
1.76 -3.87217767839
1.77 -3.86998336536
1.78 -3.86764082147
1.79 -3.86515045474
1.80 -3.86251483766
1.81 -3.85973664476
1.82 -3.85681614383
1.83 -3.85375597430
1.84 -3.85056152764
1.85 -3.84723037616
1.86 -3.84376518578
1.87 -3.84016870109
1.88 -3.83644374327
1.89 -3.83259014330
1.90 -3.82861062095
1.91 -3.82450796217
1.92 -3.82028501732
1.93 -3.81594129871
1.94 -3.81147952295
1.95 -3.80690246172
1.96 -3.80220928021
1.97 -3.79740634019
1.98 -3.79249273140
1.99 -3.78746723610
2.00 -3.78234036823
2.01 -3.77710287460
2.02 -3.77176544048
2.03 -3.76633094100
2.04 -3.76078914655
2.05 -3.75515559852
2.06 -3.74942414782
2.07 -3.74359725439
2.08 -3.73767740815
2.09 -3.73166712852
2.10 -3.72556401408
2.11 -3.71937539812
2.12 -3.71310388417
2.13 -3.70674161928
2.14 -3.70029601160
2.15 -3.69377488661
2.16 -3.68716433302
2.17 -3.68048310380
2.18 -3.67371673227
2.19 -3.66687877434
2.20 -3.65995983928
2.21 -3.65297392910
2.22 -3.64591128428
2.23 -3.63878010266
2.24 -3.63157629768
2.25 -3.62430831159
2.26 -3.61696531615
2.27 -3.60956235839
2.28 -3.60208822200
2.29 -3.59455841282
2.30 -3.58695432512
2.31 -3.57929870955
2.32 -3.57157234598
2.33 -3.56379134332
2.34 -3.55595039952
2.35 -3.54805133356
2.36 -3.54009597978
2.37 -3.53208618811
2.38 -3.52402382428
2.39 -3.51590277822
2.40 -3.50772460845
2.41 -3.49949910562
2.42 -3.49121986480
2.43 -3.48288848677
2.44 -3.47450658631
2.45 -3.46608447155
2.46 -3.45760654431
2.47 -3.44908302611
2.48 -3.44050656045
2.49 -3.43188762963
2.50 -3.42322793601
2.51 -3.41451981232
2.52 -3.40576463382
2.53 -3.39696378871
2.54 -3.38812842386
2.55 -3.37924058423
2.56 -3.37032131138
2.57 -3.36135219320
2.58 -3.35235478569
2.59 -3.34331021640
2.60 -3.33421960067
2.61 -3.32510527390
2.62 -3.31593693619
2.63 -3.30673707387
2.64 -3.29750722851
2.65 -3.28823785057
2.66 -3.27891889877
2.67 -3.26958527748
2.68 -3.26020450431
2.69 -3.25078904284
2.70 -3.24134013655
2.71 -3.23185904217
2.72 -3.22234702992
2.73 -3.21279324805
2.74 -3.20321086764
2.75 -3.19360119857
2.76 -3.18395303470
2.77 -3.17427997904
2.78 -3.16457058682
2.79 -3.15483875166
2.80 -3.14507278867
2.81 -3.13527368702
2.82 -3.12545578014
2.83 -3.11559355118
2.84 -3.10571482643
2.85 -3.09580731148
2.86 -3.08585817889
2.87 -3.07589610925
2.88 -3.06589428319
2.89 -3.05588195656
2.90 -3.04583178252
2.91 -3.03575902558
2.92 -3.02565009844
2.93 -3.01552056731
2.94 -3.00537158011
2.95 -2.99518916310
2.96 -2.98498934037
2.97 -2.97477329733
2.98 -2.96451110764
2.99 -2.95423453345
